Begin IJ Block
1   1   -41.4852705632
1   2   0.0281695955
1   3   0.7509516546
1   4   0.0627888321
2   2   -7.6490544452
2   3   -0.1464666256
2   4   0.1122340916
3   3   -9.8882639216
3   4   0.1080538002
4   4   -8.8832501348
5   5   -8.6425954571
6   6   -8.6425954571

End IJ Block
Begin IA Block
1   1   -0.0170256578
2   1   0.1192341707
3   1   0.0990300270
4   1   -0.0860507257
5   2   0.1084152976
5   3   0.3570948606
6   2   0.3570948606
6   3   -0.1084152976

End IA Block
Begin AB Block
1   1   -1.9420734424
2   2   -1.5575118616
3   3   -1.5575118616

End AB Block
Begin IJKL Block
1   7   1   7   5.3556732705
1   7   1   8   -0.0193483092
1   7   1   9   -0.5317478504
1   7   1   10   -0.0345173979
1   7   2   7   -0.0193483092
1   7   2   8   0.0001287629
1   7   2   9   0.0031197946
1   7   2   10   -0.0005824308
1   7   3   7   -0.5317478504
1   7   3   8   0.0031197946
1   7   3   9   0.0855301939
1   7   3   10   0.0042513998
1   7   4   7   -0.0345173979
1   7   4   8   -0.0005824308
1   7   4   9   0.0042513998
1   7   4   10   0.0367121015
1   7   5   11   0.0350549031
1   7   6   12   0.0350549031
1   8   1   7   -0.0193483092
1   8   1   8   0.3577499327
1   8   1   9   0.0416806704
1   8   1   10   -0.0299517850
1   8   2   7   0.0001287629
1   8   2   8   0.0001673942
1   8   2   9   -0.0000075127
1   8   2   10   -0.0000323617
1   8   3   7   0.0031197946
1   8   3   8   0.0002316762
1   8   3   9   -0.0007953813
1   8   3   10   0.0001917410
1   8   4   7   -0.0005824308
1   8   4   8   -0.0067239165
1   8   4   9   -0.0011125606
1   8   4   10   0.0018364001
1   8   5   11   0.0014645121
1   8   6   12   0.0014645121
1   9   1   7   -0.5317478504
1   9   1   8   0.0416806704
1   9   1   9   1.2614414182
1   9   1   10   0.0193104747
1   9   2   7   0.0031197946
1   9   2   8   -0.0000075127
1   9   2   9   -0.0007944302
1   9   2   10   -0.0009066818
1   9   3   7   0.0855301939
1   9   3   8   -0.0007953813
1   9   3   9   -0.0228535408
1   9   3   10   -0.0024667591
1   9   4   7   0.0042513998
1   9   4   8   -0.0011125606
1   9   4   9   -0.0047779642
1   9   4   10   0.0377999845
1   9   5   11   0.0364694683
1   9   6   12   0.0364694683
1   10   1   7   -0.0345173979
1   10   1   8   -0.0299517850
1   10   1   9   0.0193104747
1   10   1   10   1.1816807616
1   10   2   7   -0.0005824308
1   10   2   8   -0.0000323617
1   10   2   9   -0.0009066818
1   10   2   10   -0.0006237315
1   10   3   7   0.0042513998
1   10   3   8   0.0001917410
1   10   3   9   -0.0024667591
1   10   3   10   -0.0148547221
1   10   4   7   0.0367121015
1   10   4   8   0.0018364001
1   10   4   9   0.0377999845
1   10   4   10   0.0027303405
1   10   5   11   0.0018733380
1   10   6   12   0.0018733380
1   11   1   11   1.1510258723
1   11   2   11   -0.0005455786
1   11   3   11   -0.0140931908
1   11   4   11   -0.0016876146
1   11   5   7   0.0350549031
1   11   5   8   0.0014645121
1   11   5   9   0.0364694683
1   11   5   10   0.0018733380
1   12   1   12   1.1510258723
1   12   2   12   -0.0005455786
1   12   3   12   -0.0140931908
1   12   4   12   -0.0016876146
1   12   6   7   0.0350549031
1   12   6   8   0.0014645121
1   12   6   9   0.0364694683
1   12   6   10   0.0018733380
2   7   1   7   -0.0193483092
2   7   1   8   0.0001287629
2   7   1   9   0.0031197946
2   7   1   10   -0.0005824308
2   7   2   7   0.3577499327
2   7   2   8   0.0001673942
2   7   2   9   0.0002316762
2   7   2   10   -0.0067239165
2   7   3   7   0.0416806704
2   7   3   8   -0.0000075127
2   7   3   9   -0.0007953813
2   7   3   10   -0.0011125606
2   7   4   7   -0.0299517850
2   7   4   8   -0.0000323617
2   7   4   9   0.0001917410
2   7   4   10   0.0018364001
2   7   5   11   0.0014645121
2   7   6   12   0.0014645121
2   8   1   7   0.0001287629
2   8   1   8   0.0001673942
2   8   1   9   -0.0000075127
2   8   1   10   -0.0000323617
2   8   2   7   0.0001673942
2   8   2   8   1.6352222489
2   8   2   9   -0.0819383587
2   8   2   10   0.0840706382
2   8   3   7   -0.0000075127
2   8   3   8   -0.0819383587
2   8   3   9   0.0078505534
2   8   3   10   -0.0087293157
2   8   4   7   -0.0000323617
2   8   4   8   0.0840706382
2   8   4   9   -0.0087293157
2   8   4   10   0.0105884356
2   8   5   11   0.0009383990
2   8   6   12   0.0009383990
2   9   1   7   0.0031197946
2   9   1   8   -0.0000075127
2   9   1   9   -0.0007944302
2   9   1   10   -0.0009066818
2   9   2   7   0.0002316762
2   9   2   8   -0.0819383587
2   9   2   9   0.3701365379
2   9   2   10   -0.0836761218
2   9   3   7   -0.0007953813
2   9   3   8   0.0078505534
2   9   3   9   0.0270384879
2   9   3   10   -0.0033410304
2   9   4   7   0.0001917410
2   9   4   8   -0.0087293157
2   9   4   9   -0.0225139061
2   9   4   10   0.0086615302
2   9   5   11   0.0078136746
2   9   6   12   0.0078136746
2   10   1   7   -0.0005824308
2   10   1   8   -0.0000323617
2   10   1   9   -0.0009066818
2   10   1   10   -0.0006237315
2   10   2   7   -0.0067239165
2   10   2   8   0.0840706382
2   10   2   9   -0.0836761218
2   10   2   10   0.3844700113
2   10   3   7   -0.0011125606
2   10   3   8   -0.0087293157
2   10   3   9   -0.0033410304
2   10   3   10   0.0243043473
2   10   4   7   0.0018364001
2   10   4   8   0.0105884356
2   10   4   9   0.0086615302
2   10   4   10   -0.0216975736
2   10   5   11   -0.0017750034
2   10   6   12   -0.0017750034
2   11   1   11   -0.0005455786
2   11   2   11   0.3457136427
2   11   3   11   0.0242012837
2   11   4   11   -0.0192873106
2   11   5   7   0.0014645121
2   11   5   8   0.0009383990
2   11   5   9   0.0078136746
2   11   5   10   -0.0017750034
2   12   1   12   -0.0005455786
2   12   2   12   0.3457136427
2   12   3   12   0.0242012837
2   12   4   12   -0.0192873106
2   12   6   7   0.0014645121
2   12   6   8   0.0009383990
2   12   6   9   0.0078136746
2   12   6   10   -0.0017750034
3   7   1   7   -0.5317478504
3   7   1   8   0.0031197946
3   7   1   9   0.0855301939
3   7   1   10   0.0042513998
3   7   2   7   0.0416806704
3   7   2   8   -0.0000075127
3   7   2   9   -0.0007953813
3   7   2   10   -0.0011125606
3   7   3   7   1.2614414182
3   7   3   8   -0.0007944302
3   7   3   9   -0.0228535408
3   7   3   10   -0.0047779642
3   7   4   7   0.0193104747
3   7   4   8   -0.0009066818
3   7   4   9   -0.0024667591
3   7   4   10   0.0377999845
3   7   5   11   0.0364694683
3   7   6   12   0.0364694683
3   8   1   7   0.0031197946
3   8   1   8   0.0002316762
3   8   1   9   -0.0007953813
3   8   1   10   0.0001917410
3   8   2   7   -0.0000075127
3   8   2   8   -0.0819383587
3   8   2   9   0.0078505534
3   8   2   10   -0.0087293157
3   8   3   7   -0.0007944302
3   8   3   8   0.3701365379
3   8   3   9   0.0270384879
3   8   3   10   -0.0225139061
3   8   4   7   -0.0009066818
3   8   4   8   -0.0836761218
3   8   4   9   -0.0033410304
3   8   4   10   0.0086615302
3   8   5   11   0.0078136746
3   8   6   12   0.0078136746
3   9   1   7   0.0855301939
3   9   1   8   -0.0007953813
3   9   1   9   -0.0228535408
3   9   1   10   -0.0024667591
3   9   2   7   -0.0007953813
3   9   2   8   0.0078505534
3   9   2   9   0.0270384879
3   9   2   10   -0.0033410304
3   9   3   7   -0.0228535408
3   9   3   8   0.0270384879
3   9   3   9   0.8818066718
3   9   3   10   -0.0069824629
3   9   4   7   -0.0024667591
3   9   4   8   -0.0033410304
3   9   4   9   -0.0069824629
3   9   4   10   0.1681821349
3   9   5   11   0.1618923093
3   9   6   12   0.1618923093
3   10   1   7   0.0042513998
3   10   1   8   0.0001917410
3   10   1   9   -0.0024667591
3   10   1   10   -0.0148547221
3   10   2   7   -0.0011125606
3   10   2   8   -0.0087293157
3   10   2   9   -0.0033410304
3   10   2   10   0.0243043473
3   10   3   7   -0.0047779642
3   10   3   8   -0.0225139061
3   10   3   9   -0.0069824629
3   10   3   10   0.8345694577
3   10   4   7   0.0377999845
3   10   4   8   0.0086615302
3   10   4   9   0.1681821349
3   10   4   10   0.0175707318
3   10   5   11   0.0038359190
3   10   6   12   0.0038359190
3   11   1   11   -0.0140931908
3   11   2   11   0.0242012837
3   11   3   11   0.8181531329
3   11   4   11   0.0033207868
3   11   5   7   0.0364694683
3   11   5   8   0.0078136746
3   11   5   9   0.1618923093
3   11   5   10   0.0038359190
3   12   1   12   -0.0140931908
3   12   2   12   0.0242012837
3   12   3   12   0.8181531329
3   12   4   12   0.0033207868
3   12   6   7   0.0364694683
3   12   6   8   0.0078136746
3   12   6   9   0.1618923093
3   12   6   10   0.0038359190
4   7   1   7   -0.0345173979
4   7   1   8   -0.0005824308
4   7   1   9   0.0042513998
4   7   1   10   0.0367121015
4   7   2   7   -0.0299517850
4   7   2   8   -0.0000323617
4   7   2   9   0.0001917410
4   7   2   10   0.0018364001
4   7   3   7   0.0193104747
4   7   3   8   -0.0009066818
4   7   3   9   -0.0024667591
4   7   3   10   0.0377999845
4   7   4   7   1.1816807616
4   7   4   8   -0.0006237315
4   7   4   9   -0.0148547221
4   7   4   10   0.0027303405
4   7   5   11   0.0018733380
4   7   6   12   0.0018733380
4   8   1   7   -0.0005824308
4   8   1   8   -0.0067239165
4   8   1   9   -0.0011125606
4   8   1   10   0.0018364001
4   8   2   7   -0.0000323617
4   8   2   8   0.0840706382
4   8   2   9   -0.0087293157
4   8   2   10   0.0105884356
4   8   3   7   -0.0009066818
4   8   3   8   -0.0836761218
4   8   3   9   -0.0033410304
4   8   3   10   0.0086615302
4   8   4   7   -0.0006237315
4   8   4   8   0.3844700113
4   8   4   9   0.0243043473
4   8   4   10   -0.0216975736
4   8   5   11   -0.0017750034
4   8   6   12   -0.0017750034
4   9   1   7   0.0042513998
4   9   1   8   -0.0011125606
4   9   1   9   -0.0047779642
4   9   1   10   0.0377999845
4   9   2   7   0.0001917410
4   9   2   8   -0.0087293157
4   9   2   9   -0.0225139061
4   9   2   10   0.0086615302
4   9   3   7   -0.0024667591
4   9   3   8   -0.0033410304
4   9   3   9   -0.0069824629
4   9   3   10   0.1681821349
4   9   4   7   -0.0148547221
4   9   4   8   0.0243043473
4   9   4   9   0.8345694577
4   9   4   10   0.0175707318
4   9   5   11   0.0038359190
4   9   6   12   0.0038359190
4   10   1   7   0.0367121015
4   10   1   8   0.0018364001
4   10   1   9   0.0377999845
4   10   1   10   0.0027303405
4   10   2   7   0.0018364001
4   10   2   8   0.0105884356
4   10   2   9   0.0086615302
4   10   2   10   -0.0216975736
4   10   3   7   0.0377999845
4   10   3   8   0.0086615302
4   10   3   9   0.1681821349
4   10   3   10   0.0175707318
4   10   4   7   0.0027303405
4   10   4   8   -0.0216975736
4   10   4   9   0.0175707318
4   10   4   10   0.8532145103
4   10   5   11   0.0410769984
4   10   6   12   0.0410769984
4   11   1   11   -0.0016876146
4   11   2   11   -0.0192873106
4   11   3   11   0.0033207868
4   11   4   11   0.7545900184
4   11   5   7   0.0018733380
4   11   5   8   -0.0017750034
4   11   5   9   0.0038359190
4   11   5   10   0.0410769984
4   12   1   12   -0.0016876146
4   12   2   12   -0.0192873106
4   12   3   12   0.0033207868
4   12   4   12   0.7545900184
4   12   6   7   0.0018733380
4   12   6   8   -0.0017750034
4   12   6   9   0.0038359190
4   12   6   10   0.0410769984
5   7   1   11   0.0350549031
5   7   2   11   0.0014645121
5   7   3   11   0.0364694683
5   7   4   11   0.0018733380
5   7   5   7   1.1510258723
5   7   5   8   -0.0005455786
5   7   5   9   -0.0140931908
5   7   5   10   -0.0016876146
5   8   1   11   0.0014645121
5   8   2   11   0.0009383990
5   8   3   11   0.0078136746
5   8   4   11   -0.0017750034
5   8   5   7   -0.0005455786
5   8   5   8   0.3457136427
5   8   5   9   0.0242012837
5   8   5   10   -0.0192873106
5   9   1   11   0.0364694683
5   9   2   11   0.0078136746
5   9   3   11   0.1618923093
5   9   4   11   0.0038359190
5   9   5   7   -0.0140931908
5   9   5   8   0.0242012837
5   9   5   9   0.8181531329
5   9   5   10   0.0033207868
5   10   1   11   0.0018733380
5   10   2   11   -0.0017750034
5   10   3   11   0.0038359190
5   10   4   11   0.0410769984
5   10   5   7   -0.0016876146
5   10   5   8   -0.0192873106
5   10   5   9   0.0033207868
5   10   5   10   0.7545900184
5   11   1   7   0.0350549031
5   11   1   8   0.0014645121
5   11   1   9   0.0364694683
5   11   1   10   0.0018733380
5   11   2   7   0.0014645121
5   11   2   8   0.0009383990
5   11   2   9   0.0078136746
5   11   2   10   -0.0017750034
5   11   3   7   0.0364694683
5   11   3   8   0.0078136746
5   11   3   9   0.1618923093
5   11   3   10   0.0038359190
5   11   4   7   0.0018733380
5   11   4   8   -0.0017750034
5   11   4   9   0.0038359190
5   11   4   10   0.0410769984
5   11   5   11   0.8187963446
5   11   6   12   0.0393676021
5   12   5   12   0.7400611404
5   12   6   11   0.0393676021
6   7   1   12   0.0350549031
6   7   2   12   0.0014645121
6   7   3   12   0.0364694683
6   7   4   12   0.0018733380
6   7   6   7   1.1510258723
6   7   6   8   -0.0005455786
6   7   6   9   -0.0140931908
6   7   6   10   -0.0016876146
6   8   1   12   0.0014645121
6   8   2   12   0.0009383990
6   8   3   12   0.0078136746
6   8   4   12   -0.0017750034
6   8   6   7   -0.0005455786
6   8   6   8   0.3457136427
6   8   6   9   0.0242012837
6   8   6   10   -0.0192873106
6   9   1   12   0.0364694683
6   9   2   12   0.0078136746
6   9   3   12   0.1618923093
6   9   4   12   0.0038359190
6   9   6   7   -0.0140931908
6   9   6   8   0.0242012837
6   9   6   9   0.8181531329
6   9   6   10   0.0033207868
6   10   1   12   0.0018733380
6   10   2   12   -0.0017750034
6   10   3   12   0.0038359190
6   10   4   12   0.0410769984
6   10   6   7   -0.0016876146
6   10   6   8   -0.0192873106
6   10   6   9   0.0033207868
6   10   6   10   0.7545900184
6   11   5   12   0.0393676021
6   11   6   11   0.7400611404
6   12   1   7   0.0350549031
6   12   1   8   0.0014645121
6   12   1   9   0.0364694683
6   12   1   10   0.0018733380
6   12   2   7   0.0014645121
6   12   2   8   0.0009383990
6   12   2   9   0.0078136746
6   12   2   10   -0.0017750034
6   12   3   7   0.0364694683
6   12   3   8   0.0078136746
6   12   3   9   0.1618923093
6   12   3   10   0.0038359190
6   12   4   7   0.0018733380
6   12   4   8   -0.0017750034
6   12   4   9   0.0038359190
6   12   4   10   0.0410769984
6   12   5   11   0.0393676021
6   12   6   12   0.8187963446

End IJKL Block
Begin IJAB Block
1   7   1   4   0.0000676904
1   7   2   5   0.0002145729
1   7   3   6   0.0002145729
1   8   1   4   0.0000048371
1   8   2   5   0.0000040002
1   8   3   6   0.0000040002
1   9   1   4   0.0000027604
1   9   2   5   0.0002054226
1   9   3   6   0.0002054226
1   10   1   4   -0.0000114082
1   10   2   5   0.0000191702
1   10   3   6   0.0000191702
1   11   1   5   -0.0000080334
1   11   1   6   -0.0000264602
1   11   2   4   0.0000118277
1   11   3   4   0.0000389577
1   12   1   5   -0.0000264602
1   12   1   6   0.0000080334
1   12   2   4   0.0000389577
1   12   3   4   -0.0000118277
2   7   1   4   0.0000048371
2   7   2   5   0.0000040002
2   7   3   6   0.0000040002
2   8   1   4   0.0035762535
2   8   2   5   0.0001761681
2   8   3   6   0.0001761681
2   9   1   4   -0.0001308778
2   9   2   5   0.0000105324
2   9   3   6   0.0000105324
2   10   1   4   0.0001548734
2   10   2   5   -0.0000265661
2   10   3   6   -0.0000265661
2   11   1   5   0.0000706943
2   11   1   6   0.0002328505
2   11   2   4   0.0000343916
2   11   3   4   0.0001132779
2   12   1   5   0.0002328505
2   12   1   6   -0.0000706943
2   12   2   4   0.0001132779
2   12   3   4   -0.0000343916
3   7   1   4   0.0000027604
3   7   2   5   0.0002054226
3   7   3   6   0.0002054226
3   8   1   4   -0.0001308778
3   8   2   5   0.0000105324
3   8   3   6   0.0000105324
3   9   1   4   0.0002943168
3   9   2   5   0.0007378510
3   9   3   6   0.0007378510
3   10   1   4   -0.0002852083
3   10   2   5   0.0000696480
3   10   3   6   0.0000696480
3   11   1   5   0.0001808922
3   11   1   6   0.0005958169
3   11   2   4   0.0000309396
3   11   3   4   0.0001019080
3   12   1   5   0.0005958169
3   12   1   6   -0.0001808922
3   12   2   4   0.0001019080
3   12   3   4   -0.0000309396
4   7   1   4   -0.0000114082
4   7   2   5   0.0000191702
4   7   3   6   0.0000191702
4   8   1   4   0.0001548734
4   8   2   5   -0.0000265661
4   8   3   6   -0.0000265661
4   9   1   4   -0.0002852083
4   9   2   5   0.0000696480
4   9   3   6   0.0000696480
4   10   1   4   0.0003529852
4   10   2   5   0.0002194085
4   10   3   6   0.0002194085
4   11   1   5   -0.0001621362
4   11   1   6   -0.0005340392
4   11   2   4   -0.0000318661
4   11   3   4   -0.0001049594
4   12   1   5   -0.0005340392
4   12   1   6   0.0001621362
4   12   2   4   -0.0001049594
4   12   3   4   0.0000318661
5   7   1   5   0.0000118277
5   7   1   6   0.0000389577
5   7   2   4   -0.0000080334
5   7   3   4   -0.0000264602
5   8   1   5   0.0000343916
5   8   1   6   0.0001132779
5   8   2   4   0.0000706943
5   8   3   4   0.0002328505
5   9   1   5   0.0000309396
5   9   1   6   0.0001019080
5   9   2   4   0.0001808922
5   9   3   4   0.0005958169
5   10   1   5   -0.0000318661
5   10   1   6   -0.0001049594
5   10   2   4   -0.0001621362
5   10   3   4   -0.0005340392
5   11   1   4   0.0004120694
5   11   2   5   0.0004174543
5   11   2   6   0.0006716005
5   11   3   5   0.0006716005
5   11   3   6   0.0024256502
5   12   2   5   0.0006716005
5   12   2   6   0.0000096536
5   12   3   5   0.0019985424
5   12   3   6   -0.0006716005
6   7   1   5   0.0000389577
6   7   1   6   -0.0000118277
6   7   2   4   -0.0000264602
6   7   3   4   0.0000080334
6   8   1   5   0.0001132779
6   8   1   6   -0.0000343916
6   8   2   4   0.0002328505
6   8   3   4   -0.0000706943
6   9   1   5   0.0001019080
6   9   1   6   -0.0000309396
6   9   2   4   0.0005958169
6   9   3   4   -0.0001808922
6   10   1   5   -0.0001049594
6   10   1   6   0.0000318661
6   10   2   4   -0.0005340392
6   10   3   4   0.0001621362
6   11   2   5   0.0006716005
6   11   2   6   0.0019985424
6   11   3   5   0.0000096536
6   11   3   6   -0.0006716005
6   12   1   4   0.0004120694
6   12   2   5   0.0024256502
6   12   2   6   -0.0006716005
6   12   3   5   -0.0006716005
6   12   3   6   0.0004174543

End IJAB Block
Begin ABCD Block
1   4   1   4   0.1988893942
1   4   2   5   0.0198843425
1   4   3   6   0.0198843425
1   5   1   5   0.1317874164
1   5   2   4   0.0198843425
1   6   1   6   0.1317874164
1   6   3   4   0.0198843425
2   4   1   5   0.0198843425
2   4   2   4   0.1317874164
2   5   1   4   0.0198843425
2   5   2   5   0.1253823178
2   5   3   6   0.0078560069
2   6   2   6   0.1096703041
2   6   3   5   0.0078560069
3   4   1   6   0.0198843425
3   4   3   4   0.1317874164
3   5   2   6   0.0078560069
3   5   3   5   0.1096703041
3   6   1   4   0.0198843425
3   6   2   5   0.0078560069
3   6   3   6   0.1253823178

End ABCD Block
Begin AIJB Block
1   7   1   4   0.0000676904
1   7   2   4   0.0000048371
1   7   3   4   0.0000027604
1   7   4   4   -0.0000114082
1   7   5   5   0.0000118277
1   7   5   6   0.0000389577
1   7   6   5   0.0000389577
1   7   6   6   -0.0000118277
1   8   1   4   0.0000048371
1   8   2   4   0.0035762535
1   8   3   4   -0.0001308778
1   8   4   4   0.0001548734
1   8   5   5   0.0000343916
1   8   5   6   0.0001132779
1   8   6   5   0.0001132779
1   8   6   6   -0.0000343916
1   9   1   4   0.0000027604
1   9   2   4   -0.0001308778
1   9   3   4   0.0002943168
1   9   4   4   -0.0002852083
1   9   5   5   0.0000309396
1   9   5   6   0.0001019080
1   9   6   5   0.0001019080
1   9   6   6   -0.0000309396
1   10   1   4   -0.0000114082
1   10   2   4   0.0001548734
1   10   3   4   -0.0002852083
1   10   4   4   0.0003529852
1   10   5   5   -0.0000318661
1   10   5   6   -0.0001049594
1   10   6   5   -0.0001049594
1   10   6   6   0.0000318661
1   11   1   5   -0.0000080334
1   11   1   6   -0.0000264602
1   11   2   5   0.0000706943
1   11   2   6   0.0002328505
1   11   3   5   0.0001808922
1   11   3   6   0.0005958169
1   11   4   5   -0.0001621362
1   11   4   6   -0.0005340392
1   11   5   4   0.0004120694
1   12   1   5   -0.0000264602
1   12   1   6   0.0000080334
1   12   2   5   0.0002328505
1   12   2   6   -0.0000706943
1   12   3   5   0.0005958169
1   12   3   6   -0.0001808922
1   12   4   5   -0.0005340392
1   12   4   6   0.0001621362
1   12   6   4   0.0004120694
2   7   1   5   0.0002145729
2   7   2   5   0.0000040002
2   7   3   5   0.0002054226
2   7   4   5   0.0000191702
2   7   5   4   -0.0000080334
2   7   6   4   -0.0000264602
2   8   1   5   0.0000040002
2   8   2   5   0.0001761681
2   8   3   5   0.0000105324
2   8   4   5   -0.0000265661
2   8   5   4   0.0000706943
2   8   6   4   0.0002328505
2   9   1   5   0.0002054226
2   9   2   5   0.0000105324
2   9   3   5   0.0007378510
2   9   4   5   0.0000696480
2   9   5   4   0.0001808922
2   9   6   4   0.0005958169
2   10   1   5   0.0000191702
2   10   2   5   -0.0000265661
2   10   3   5   0.0000696480
2   10   4   5   0.0002194085
2   10   5   4   -0.0001621362
2   10   6   4   -0.0005340392
2   11   1   4   0.0000118277
2   11   2   4   0.0000343916
2   11   3   4   0.0000309396
2   11   4   4   -0.0000318661
2   11   5   5   0.0004174543
2   11   5   6   0.0006716005
2   11   6   5   0.0006716005
2   11   6   6   0.0019985424
2   12   1   4   0.0000389577
2   12   2   4   0.0001132779
2   12   3   4   0.0001019080
2   12   4   4   -0.0001049594
2   12   5   5   0.0006716005
2   12   5   6   0.0000096536
2   12   6   5   0.0024256502
2   12   6   6   -0.0006716005
3   7   1   6   0.0002145729
3   7   2   6   0.0000040002
3   7   3   6   0.0002054226
3   7   4   6   0.0000191702
3   7   5   4   -0.0000264602
3   7   6   4   0.0000080334
3   8   1   6   0.0000040002
3   8   2   6   0.0001761681
3   8   3   6   0.0000105324
3   8   4   6   -0.0000265661
3   8   5   4   0.0002328505
3   8   6   4   -0.0000706943
3   9   1   6   0.0002054226
3   9   2   6   0.0000105324
3   9   3   6   0.0007378510
3   9   4   6   0.0000696480
3   9   5   4   0.0005958169
3   9   6   4   -0.0001808922
3   10   1   6   0.0000191702
3   10   2   6   -0.0000265661
3   10   3   6   0.0000696480
3   10   4   6   0.0002194085
3   10   5   4   -0.0005340392
3   10   6   4   0.0001621362
3   11   1   4   0.0000389577
3   11   2   4   0.0001132779
3   11   3   4   0.0001019080
3   11   4   4   -0.0001049594
3   11   5   5   0.0006716005
3   11   5   6   0.0024256502
3   11   6   5   0.0000096536
3   11   6   6   -0.0006716005
3   12   1   4   -0.0000118277
3   12   2   4   -0.0000343916
3   12   3   4   -0.0000309396
3   12   4   4   0.0000318661
3   12   5   5   0.0019985424
3   12   5   6   -0.0006716005
3   12   6   5   -0.0006716005
3   12   6   6   0.0004174543

1   7   7   1   -0.1496937447
1   7   8   1   -0.0000250355
1   7   9   1   -0.0000205581
1   7   10   1   0.0010235583
1   7   11   2   -0.0001250895
1   7   11   3   -0.0004120158
1   7   12   2   -0.0004120158
1   7   12   3   0.0001250895
1   8   7   1   -0.0000250355
1   8   8   1   -0.2224167754
1   8   9   1   0.0040015745
1   8   10   1   -0.0037444598
1   8   11   2   -0.0002214006
1   8   11   3   -0.0007292424
1   8   12   2   -0.0007292424
1   8   12   3   0.0002214006
1   9   7   1   -0.0000205581
1   9   8   1   0.0040015745
1   9   9   1   -0.1507705606
1   9   10   1   0.0119892926
1   9   11   2   -0.0013695896
1   9   11   3   -0.0045111108
1   9   12   2   -0.0045111108
1   9   12   3   0.0013695896
1   10   7   1   0.0010235583
1   10   8   1   -0.0037444598
1   10   9   1   0.0119892926
1   10   10   1   -0.1504528130
1   10   11   2   0.0002445161
1   10   11   3   0.0008053794
1   10   12   2   0.0008053794
1   10   12   3   -0.0002445161
1   11   7   2   -0.0001250895
1   11   7   3   -0.0004120158
1   11   8   2   -0.0002214006
1   11   8   3   -0.0007292424
1   11   9   2   -0.0013695896
1   11   9   3   -0.0045111108
1   11   10   2   0.0002445161
1   11   10   3   0.0008053794
1   11   11   1   -0.1498436005
1   12   7   2   -0.0004120158
1   12   7   3   0.0001250895
1   12   8   2   -0.0007292424
1   12   8   3   0.0002214006
1   12   9   2   -0.0045111108
1   12   9   3   0.0013695896
1   12   10   2   0.0008053794
1   12   10   3   -0.0002445161
1   12   12   1   -0.1498436005
2   7   7   2   -0.1329538482
2   7   8   2   -0.0000042857
2   7   9   2   0.0000737994
2   7   10   2   0.0003178649
2   7   11   1   -0.0001250895
2   7   12   1   -0.0004120158
2   8   7   2   -0.0000042857
2   8   8   2   -0.1433163786
2   8   9   2   0.0005512271
2   8   10   2   -0.0004046853
2   8   11   1   -0.0002214006
2   8   12   1   -0.0007292424
2   9   7   2   0.0000737994
2   9   8   2   0.0005512271
2   9   9   2   -0.1313800139
2   9   10   2   0.0036591530
2   9   11   1   -0.0013695896
2   9   12   1   -0.0045111108
2   10   7   2   0.0003178649
2   10   8   2   -0.0004046853
2   10   9   2   0.0036591530
2   10   10   2   -0.1304427659
2   10   11   1   0.0002445161
2   10   12   1   0.0008053794
2   11   7   1   -0.0001250895
2   11   8   1   -0.0002214006
2   11   9   1   -0.0013695896
2   11   10   1   0.0002445161
2   11   11   2   -0.1305735718
2   11   11   3   -0.0004433365
2   11   12   2   -0.0004433365
2   11   12   3   -0.0006628245
2   12   7   1   -0.0004120158
2   12   8   1   -0.0007292424
2   12   9   1   -0.0045111108
2   12   10   1   0.0008053794
2   12   11   2   -0.0004433365
2   12   11   3   -0.0006628245
2   12   12   2   -0.1318992208
2   12   12   3   0.0004433365
3   7   7   3   -0.1329538482
3   7   8   3   -0.0000042857
3   7   9   3   0.0000737994
3   7   10   3   0.0003178649
3   7   11   1   -0.0004120158
3   7   12   1   0.0001250895
3   8   7   3   -0.0000042857
3   8   8   3   -0.1433163786
3   8   9   3   0.0005512271
3   8   10   3   -0.0004046853
3   8   11   1   -0.0007292424
3   8   12   1   0.0002214006
3   9   7   3   0.0000737994
3   9   8   3   0.0005512271
3   9   9   3   -0.1313800139
3   9   10   3   0.0036591530
3   9   11   1   -0.0045111108
3   9   12   1   0.0013695896
3   10   7   3   0.0003178649
3   10   8   3   -0.0004046853
3   10   9   3   0.0036591530
3   10   10   3   -0.1304427659
3   10   11   1   0.0008053794
3   10   12   1   -0.0002445161
3   11   7   1   -0.0004120158
3   11   8   1   -0.0007292424
3   11   9   1   -0.0045111108
3   11   10   1   0.0008053794
3   11   11   2   -0.0004433365
3   11   11   3   -0.1318992208
3   11   12   2   -0.0006628245
3   11   12   3   0.0004433365
3   12   7   1   0.0001250895
3   12   8   1   0.0002214006
3   12   9   1   0.0013695896
3   12   10   1   -0.0002445161
3   12   11   2   -0.0006628245
3   12   11   3   0.0004433365
3   12   12   2   0.0004433365
3   12   12   3   -0.1305735718

End AIJB Block
Begin IJKA Block
1   7   1   4   0.0130200713
1   7   2   4   -0.0000924899
1   7   3   4   -0.0021324485
1   7   4   4   0.0006215789
1   7   5   5   -0.0007967424
1   7   5   6   -0.0026242849
1   7   6   5   -0.0026242849
1   7   6   6   0.0007967424
1   8   1   4   -0.0067460542
1   8   2   4   -0.0000050660
1   8   3   4   0.0000169233
1   8   4   4   0.0002582671
1   8   5   5   -0.0000146932
1   8   5   6   -0.0000483958
1   8   6   5   -0.0000483958
1   8   6   6   0.0000146932
1   9   1   4   -0.0195172746
1   9   2   4   0.0000040393
1   9   3   4   0.0005493985
1   9   4   4   0.0008092903
1   9   5   5   -0.0007658029
1   9   5   6   -0.0025223772
1   9   6   5   -0.0025223772
1   9   6   6   0.0007658029
1   10   1   4   0.0156858363
1   10   2   4   0.0000087153
1   10   3   4   -0.0002362537
1   10   4   4   -0.0008280477
1   10   5   5   -0.0000693944
1   10   5   6   -0.0002285691
1   10   6   5   -0.0002285691
1   10   6   6   0.0000693944
1   11   1   5   -0.0188453597
1   11   1   6   -0.0620722466
1   11   2   5   0.0000134450
1   11   2   6   0.0000442849
1   11   3   5   0.0003219677
1   11   3   6   0.0010604871
1   11   4   5   -0.0000075374
1   11   4   6   -0.0000248265
1   11   5   4   -0.0005211737
1   12   1   5   -0.0620722466
1   12   1   6   0.0188453597
1   12   2   5   0.0000442849
1   12   2   6   -0.0000134450
1   12   3   5   0.0010604871
1   12   3   6   -0.0003219677
1   12   4   5   -0.0000248265
1   12   4   6   0.0000075374
1   12   6   4   -0.0005211737
2   7   1   4   -0.0000924899
2   7   2   4   -0.0001402945
2   7   3   4   -0.0000031228
2   7   4   4   0.0000331536
2   7   5   5   -0.0000330080
2   7   5   6   -0.0001087207
2   7   6   5   -0.0001087207
2   7   6   6   0.0000330080
2   8   1   4   -0.0000050660
2   8   2   4   -0.0571606392
2   8   3   4   0.0032493733
2   8   4   4   -0.0032285364
2   8   5   5   0.0000805920
2   8   5   6   0.0002654514
2   8   6   5   0.0002654514
2   8   6   6   -0.0000805920
2   9   1   4   0.0000040393
2   9   2   4   0.0012092761
2   9   3   4   -0.0007618607
2   9   4   4   0.0007586151
2   9   5   5   -0.0001314352
2   9   5   6   -0.0004329171
2   9   6   5   -0.0004329171
2   9   6   6   0.0001314352
2   10   1   4   0.0000087153
2   10   2   4   -0.0013707644
2   10   3   4   0.0007287244
2   10   4   4   -0.0007466575
2   10   5   5   -0.0000079094
2   10   5   6   -0.0000260516
2   10   6   5   -0.0000260516
2   10   6   6   0.0000079094
2   11   1   5   0.0000134450
2   11   1   6   0.0000442849
2   11   2   5   -0.0010042717
2   11   2   6   -0.0033078382
2   11   3   5   -0.0004948704
2   11   3   6   -0.0016299884
2   11   4   5   0.0003588020
2   11   4   6   0.0011818106
2   11   5   4   0.0001600032
2   12   1   5   0.0000442849
2   12   1   6   -0.0000134450
2   12   2   5   -0.0033078382
2   12   2   6   0.0010042717
2   12   3   5   -0.0016299884
2   12   3   6   0.0004948704
2   12   4   5   0.0011818106
2   12   4   6   -0.0003588020
2   12   6   4   0.0001600032
3   7   1   4   -0.0021324485
3   7   2   4   -0.0000031228
3   7   3   4   0.0004654823
3   7   4   4   0.0008193263
3   7   5   5   -0.0008250788
3   7   5   6   -0.0027176185
3   7   6   5   -0.0027176185
3   7   6   6   0.0008250788
3   8   1   4   0.0000169233
3   8   2   4   0.0032493733
3   8   3   4   -0.0066758326
3   8   4   4   0.0027270040
3   8   5   5   0.0000341852
3   8   5   6   0.0001125982
3   8   6   5   0.0001125982
3   8   6   6   -0.0000341852
3   9   1   4   0.0005493985
3   9   2   4   -0.0007618607
3   9   3   4   -0.0103806758
3   9   4   4   0.0028168297
3   9   5   5   -0.0030944668
3   9   5   6   -0.0101924565
3   9   6   5   -0.0101924565
3   9   6   6   0.0030944668
3   10   1   4   -0.0002362537
3   10   2   4   0.0007287244
3   10   3   4   0.0093021650
3   10   4   4   -0.0026159316
3   10   5   5   -0.0003320098
3   10   5   6   -0.0010935633
3   10   6   5   -0.0010935633
3   10   6   6   0.0003320098
3   11   1   5   0.0003219677
3   11   1   6   0.0010604871
3   11   2   5   -0.0004948704
3   11   2   6   -0.0016299884
3   11   3   5   -0.0113524924
3   11   3   6   -0.0373924786
3   11   4   5   -0.0004904743
3   11   4   6   -0.0016155086
3   11   5   4   -0.0001700022
3   12   1   5   0.0010604871
3   12   1   6   -0.0003219677
3   12   2   5   -0.0016299884
3   12   2   6   0.0004948704
3   12   3   5   -0.0373924786
3   12   3   6   0.0113524924
3   12   4   5   -0.0016155086
3   12   4   6   0.0004904743
3   12   6   4   -0.0001700022
4   7   1   4   0.0006215789
4   7   2   4   0.0000331536
4   7   3   4   0.0008193263
4   7   4   4   0.0003936040
4   7   5   5   -0.0000449122
4   7   5   6   -0.0001479302
4   7   6   5   -0.0001479302
4   7   6   6   0.0000449122
4   8   1   4   0.0002582671
4   8   2   4   -0.0032285364
4   8   3   4   0.0027270040
4   8   4   4   -0.0072888053
4   8   5   5   -0.0000589047
4   8   5   6   -0.0001940183
4   8   6   5   -0.0001940183
4   8   6   6   0.0000589047
4   9   1   4   0.0008092903
4   9   2   4   0.0007586151
4   9   3   4   0.0028168297
4   9   4   4   -0.0094564999
4   9   5   5   -0.0001661242
4   9   5   6   -0.0005471747
4   9   6   5   -0.0005471747
4   9   6   6   0.0001661242
4   10   1   4   -0.0008280477
4   10   2   4   -0.0007466575
4   10   3   4   -0.0026159316
4   10   4   4   0.0093199448
4   10   5   5   -0.0007080852
4   10   5   6   -0.0023322686
4   10   6   5   -0.0023322686
4   10   6   6   0.0007080852
4   11   1   5   -0.0000075374
4   11   1   6   -0.0000248265
4   11   2   5   0.0003588020
4   11   2   6   0.0011818106
4   11   3   5   -0.0004904743
4   11   3   6   -0.0016155086
4   11   4   5   -0.0101073834
4   11   4   6   -0.0332913781
4   11   5   4   0.0002260139
4   12   1   5   -0.0000248265
4   12   1   6   0.0000075374
4   12   2   5   0.0011818106
4   12   2   6   -0.0003588020
4   12   3   5   -0.0016155086
4   12   3   6   0.0004904743
4   12   4   5   -0.0332913781
4   12   4   6   0.0101073834
4   12   6   4   0.0002260139
5   7   1   5   -0.0007967424
5   7   1   6   -0.0026242849
5   7   2   5   -0.0000330080
5   7   2   6   -0.0001087207
5   7   3   5   -0.0008250788
5   7   3   6   -0.0027176185
5   7   4   5   -0.0000449122
5   7   4   6   -0.0001479302
5   7   5   4   0.0003104851
5   8   1   5   -0.0000146932
5   8   1   6   -0.0000483958
5   8   2   5   0.0000805920
5   8   2   6   0.0002654514
5   8   3   5   0.0000341852
5   8   3   6   0.0001125982
5   8   4   5   -0.0000589047
5   8   4   6   -0.0001940183
5   8   5   4   -0.0054832873
5   9   1   5   -0.0007658029
5   9   1   6   -0.0025223772
5   9   2   5   -0.0001314352
5   9   2   6   -0.0004329171
5   9   3   5   -0.0030944668
5   9   3   6   -0.0101924565
5   9   4   5   -0.0001661242
5   9   4   6   -0.0005471747
5   9   5   4   -0.0087398414
5   10   1   5   -0.0000693944
5   10   1   6   -0.0002285691
5   10   2   5   -0.0000079094
5   10   2   6   -0.0000260516
5   10   3   5   -0.0003320098
5   10   3   6   -0.0010935633
5   10   4   5   -0.0007080852
5   10   4   6   -0.0023322686
5   10   5   4   0.0075395517
5   11   1   4   -0.0005211737
5   11   2   4   0.0001600032
5   11   3   4   -0.0001700022
5   11   4   4   0.0002260139
5   11   5   5   -0.0112853275
5   11   5   6   -0.0371712529
5   11   6   5   -0.0023326445
5   11   6   6   0.0007081994
5   12   5   5   -0.0325059639
5   12   5   6   0.0098689288
5   12   6   5   -0.0007081994
5   12   6   6   -0.0023326445
6   7   1   5   -0.0026242849
6   7   1   6   0.0007967424
6   7   2   5   -0.0001087207
6   7   2   6   0.0000330080
6   7   3   5   -0.0027176185
6   7   3   6   0.0008250788
6   7   4   5   -0.0001479302
6   7   4   6   0.0000449122
6   7   6   4   0.0003104851
6   8   1   5   -0.0000483958
6   8   1   6   0.0000146932
6   8   2   5   0.0002654514
6   8   2   6   -0.0000805920
6   8   3   5   0.0001125982
6   8   3   6   -0.0000341852
6   8   4   5   -0.0001940183
6   8   4   6   0.0000589047
6   8   6   4   -0.0054832873
6   9   1   5   -0.0025223772
6   9   1   6   0.0007658029
6   9   2   5   -0.0004329171
6   9   2   6   0.0001314352
6   9   3   5   -0.0101924565
6   9   3   6   0.0030944668
6   9   4   5   -0.0005471747
6   9   4   6   0.0001661242
6   9   6   4   -0.0087398414
6   10   1   5   -0.0002285691
6   10   1   6   0.0000693944
6   10   2   5   -0.0000260516
6   10   2   6   0.0000079094
6   10   3   5   -0.0010935633
6   10   3   6   0.0003320098
6   10   4   5   -0.0023322686
6   10   4   6   0.0007080852
6   10   6   4   0.0075395517
6   11   5   5   -0.0023326445
6   11   5   6   0.0007081994
6   11   6   5   -0.0098689288
6   11   6   6   -0.0325059639
6   12   1   4   -0.0005211737
6   12   2   4   0.0001600032
6   12   3   4   -0.0001700022
6   12   4   4   0.0002260139
6   12   5   5   -0.0007081994
6   12   5   6   -0.0023326445
6   12   6   5   -0.0371712529
6   12   6   6   0.0112853275

End IJKA Block
Begin IABC Block
1   4   1   4   -0.0000223829
1   4   2   5   -0.0000319177
1   4   3   6   -0.0000319177
1   5   1   5   -0.0000043502
1   5   2   4   -0.0000319177
1   6   1   6   -0.0000043502
1   6   3   4   -0.0000319177
2   4   1   4   0.0009275089
2   4   2   5   0.0004199133
2   4   3   6   0.0004199133
2   5   1   5   0.0000803869
2   5   2   4   0.0004199133
2   6   1   6   0.0000803869
2   6   3   4   0.0004199133
3   4   1   4   -0.0002004602
3   4   2   5   -0.0000733980
3   4   3   6   -0.0000733980
3   5   1   5   -0.0000111185
3   5   2   4   -0.0000733980
3   6   1   6   -0.0000111185
3   6   3   4   -0.0000733980
4   4   1   4   -0.0000088889
4   4   2   5   -0.0003056587
4   4   3   6   -0.0003056587
4   5   1   5   -0.0002676289
4   5   2   4   -0.0003056587
4   6   1   6   -0.0002676289
4   6   3   4   -0.0003056587
5   4   1   5   0.0004589134
5   4   1   6   0.0015115542
5   4   2   4   0.0002000170
5   4   3   4   0.0006588097
5   5   1   4   0.0004589134
5   5   2   5   0.0001204305
5   5   2   6   0.0002749193
5   5   3   5   -0.0001531683
5   5   3   6   0.0000834665
5   6   1   4   0.0015115542
5   6   2   5   0.0002749193
5   6   2   6   -0.0000465025
5   6   3   5   0.0000834665
5   6   3   6   0.0003966703
6   4   1   5   0.0015115542
6   4   1   6   -0.0004589134
6   4   2   4   0.0006588097
6   4   3   4   -0.0002000170
6   5   1   4   0.0015115542
6   5   2   5   0.0003966703
6   5   2   6   -0.0000834665
6   5   3   5   0.0000465025
6   5   3   6   0.0002749193
6   6   1   4   -0.0004589134
6   6   2   5   -0.0000834665
6   6   2   6   -0.0001531683
6   6   3   5   0.0002749193
6   6   3   6   -0.0001204305

End IABC Block
