Begin IJ Block
1   1   -6.1326272655
1   2   -0.0024593092
1   3   -0.0138034955
2   2   -7.0933014665
2   3   0.0157634739
3   3   -6.0260847349
4   4   -6.0678701646
4   5   -0.0000000000
5   5   -6.0678701646

End IJ Block
Begin IA Block
1   1   0.0945511699
2   1   0.0421575395
3   1   -0.1269736481
4   2   0.1746121660
4   3   0.0483870680
5   2   -0.0483870680
5   3   0.1746121660

End IA Block
Begin AB Block
1   1   -1.6179767146
2   2   -1.3407943236
3   3   -1.3407943236

End AB Block
Begin IJKL Block
1   6   1   6   1.6336769342
1   6   1   7   -0.0118003979
1   6   1   8   0.0392927669
1   6   2   6   -0.0118003979
1   6   2   7   0.0000584703
1   6   2   8   -0.0003714994
1   6   3   6   0.0392927669
1   6   3   7   -0.0003714994
1   6   3   8   0.0010990846
1   6   4   9   -0.0000504052
1   6   5   10   -0.0000504052
1   7   1   6   -0.0118003979
1   7   1   7   0.2433655078
1   7   1   8   -0.0382077955
1   7   2   6   0.0001566900
1   7   2   7   0.0025545864
1   7   2   8   -0.0004702744
1   7   3   6   -0.0005249954
1   7   3   7   -0.0039723565
1   7   3   8   0.0011735275
1   7   4   9   0.0005930224
1   7   5   10   0.0005930224
1   8   1   6   0.0392927669
1   8   1   7   -0.0382077955
1   8   1   8   0.2658439238
1   8   2   6   -0.0005249954
1   8   2   7   -0.0004272365
1   8   2   8   0.0023695396
1   8   3   6   0.0020002245
1   8   3   7   0.0011851834
1   8   3   8   -0.0040393713
1   8   4   9   -0.0001527187
1   8   5   10   -0.0001527187
1   9   1   9   0.2390342820
1   9   2   9   0.0023183983
1   9   3   9   -0.0035759886
1   9   4   6   0.0000569639
1   9   4   7   0.0006238019
1   9   4   8   -0.0001973169
1   10   1   10   0.2390342820
1   10   2   10   0.0023183983
1   10   3   10   -0.0035759886
1   10   5   6   0.0000569639
1   10   5   7   0.0006238019
1   10   5   8   -0.0001973169
2   6   1   6   -0.0118003979
2   6   1   7   0.0001566900
2   6   1   8   -0.0005249954
2   6   2   6   0.2433655078
2   6   2   7   0.0025545864
2   6   2   8   -0.0039723565
2   6   3   6   -0.0382077955
2   6   3   7   -0.0004702744
2   6   3   8   0.0011735275
2   6   4   9   0.0005930224
2   6   5   10   0.0005930224
2   7   1   6   0.0000584703
2   7   1   7   0.0025545864
2   7   1   8   -0.0004272365
2   7   2   6   0.0025545864
2   7   2   7   0.8698413172
2   7   2   8   0.0096368745
2   7   3   6   -0.0004272365
2   7   3   7   0.0096368745
2   7   3   8   0.1460790647
2   7   4   9   0.1502294836
2   7   5   10   0.1502294836
2   8   1   6   -0.0003714994
2   8   1   7   -0.0004702744
2   8   1   8   0.0023695396
2   8   2   6   -0.0039723565
2   8   2   7   0.0096368745
2   8   2   8   0.7897367850
2   8   3   6   0.0011851834
2   8   3   7   0.1512503772
2   8   3   8   0.0138713221
2   8   4   9   0.0028709260
2   8   5   10   0.0028709260
2   9   1   9   0.0023183983
2   9   2   9   0.8079463469
2   9   2   10   0.0000000000
2   9   3   9   0.0101565182
2   9   4   6   0.0006238019
2   9   4   7   0.1549705928
2   9   4   8   0.0030312491
2   10   1   10   0.0023183983
2   10   2   9   0.0000000000
2   10   2   10   0.8079463469
2   10   3   10   0.0101565182
2   10   5   6   0.0006238019
2   10   5   7   0.1549705928
2   10   5   8   0.0030312491
3   6   1   6   0.0392927669
3   6   1   7   -0.0005249954
3   6   1   8   0.0020002245
3   6   2   6   -0.0382077955
3   6   2   7   -0.0004272365
3   6   2   8   0.0011851834
3   6   3   6   0.2658439238
3   6   3   7   0.0023695396
3   6   3   8   -0.0040393713
3   6   4   9   -0.0001527187
3   6   5   10   -0.0001527187
3   7   1   6   -0.0003714994
3   7   1   7   -0.0039723565
3   7   1   8   0.0011851834
3   7   2   6   -0.0004702744
3   7   2   7   0.0096368745
3   7   2   8   0.1512503772
3   7   3   6   0.0023695396
3   7   3   7   0.7897367850
3   7   3   8   0.0138713221
3   7   4   9   0.0028709260
3   7   5   10   0.0028709260
3   8   1   6   0.0010990846
3   8   1   7   0.0011735275
3   8   1   8   -0.0040393713
3   8   2   6   0.0011735275
3   8   2   7   0.1460790647
3   8   2   8   0.0138713221
3   8   3   6   -0.0040393713
3   8   3   7   0.0138713221
3   8   3   8   0.7632640811
3   8   4   9   0.0297936822
3   8   5   10   0.0297936822
3   9   1   9   -0.0035759886
3   9   2   9   0.0101565182
3   9   3   9   0.7146568319
3   9   3   10   0.0000000000
3   9   4   6   -0.0001973169
3   9   4   7   0.0030312491
3   9   4   8   0.0357416344
3   10   1   10   -0.0035759886
3   10   2   10   0.0101565182
3   10   3   9   0.0000000000
3   10   3   10   0.7146568319
3   10   5   6   -0.0001973169
3   10   5   7   0.0030312491
3   10   5   8   0.0357416344
4   6   1   9   0.0000569639
4   6   2   9   0.0006238019
4   6   3   9   -0.0001973169
4   6   4   6   0.2390342820
4   6   4   7   0.0023183983
4   6   4   8   -0.0035759886
4   7   1   9   0.0006238019
4   7   2   9   0.1549705928
4   7   3   9   0.0030312491
4   7   4   6   0.0023183983
4   7   4   7   0.8079463469
4   7   4   8   0.0101565182
4   7   5   7   0.0000000000
4   8   1   9   -0.0001973169
4   8   2   9   0.0030312491
4   8   3   9   0.0357416344
4   8   4   6   -0.0035759886
4   8   4   7   0.0101565182
4   8   4   8   0.7146568319
4   8   5   8   0.0000000000
4   9   1   6   -0.0000504052
4   9   1   7   0.0005930224
4   9   1   8   -0.0001527187
4   9   2   6   0.0005930224
4   9   2   7   0.1502294836
4   9   2   8   0.0028709260
4   9   3   6   -0.0001527187
4   9   3   7   0.0028709260
4   9   3   8   0.0297936822
4   9   4   9   0.7975025943
4   9   4   10   0.0000000000
4   9   5   9   0.0000000000
4   9   5   10   0.0306176508
4   10   4   9   0.0000000000
4   10   4   10   0.7303294984
4   10   5   9   0.0365554451
4   10   5   10   0.0000000000
5   6   1   10   0.0000569639
5   6   2   10   0.0006238019
5   6   3   10   -0.0001973169
5   6   5   6   0.2390342820
5   6   5   7   0.0023183983
5   6   5   8   -0.0035759886
5   7   1   10   0.0006238019
5   7   2   10   0.1549705928
5   7   3   10   0.0030312491
5   7   4   7   0.0000000000
5   7   5   6   0.0023183983
5   7   5   7   0.8079463469
5   7   5   8   0.0101565182
5   8   1   10   -0.0001973169
5   8   2   10   0.0030312491
5   8   3   10   0.0357416344
5   8   4   8   0.0000000000
5   8   5   6   -0.0035759886
5   8   5   7   0.0101565182
5   8   5   8   0.7146568319
5   9   4   9   0.0000000000
5   9   4   10   0.0365554451
5   9   5   9   0.7303294984
5   9   5   10   0.0000000000
5   10   1   6   -0.0000504052
5   10   1   7   0.0005930224
5   10   1   8   -0.0001527187
5   10   2   6   0.0005930224
5   10   2   7   0.1502294836
5   10   2   8   0.0028709260
5   10   3   6   -0.0001527187
5   10   3   7   0.0028709260
5   10   3   8   0.0297936822
5   10   4   9   0.0306176508
5   10   4   10   0.0000000000
5   10   5   9   0.0000000000
5   10   5   10   0.7975025944

End IJKL Block
Begin IJAB Block
1   6   1   4   0.0072223249
1   6   2   5   0.0006140334
1   6   3   6   0.0006140334
1   7   1   4   -0.0000398870
1   7   2   5   0.0000184723
1   7   3   6   0.0000184723
1   8   1   4   0.0002572062
1   8   2   5   -0.0001886534
1   8   3   6   -0.0001886534
1   9   1   5   0.0000828301
1   9   1   6   0.0000229532
1   9   2   4   0.0001444861
1   9   3   4   0.0000400388
1   10   1   5   -0.0000229532
1   10   1   6   0.0000828301
1   10   2   4   -0.0000400388
1   10   3   4   0.0001444861
2   6   1   4   -0.0000398870
2   6   2   5   0.0000184723
2   6   3   6   0.0000184723
2   7   1   4   0.0007881730
2   7   2   5   0.0009840086
2   7   3   6   0.0009840086
2   8   1   4   -0.0007352374
2   8   2   5   0.0000133531
2   8   3   6   0.0000133531
2   9   1   5   0.0006047002
2   9   1   6   0.0001675695
2   9   2   4   0.0002872534
2   9   3   4   0.0000796013
2   10   1   5   -0.0001675695
2   10   1   6   0.0006047002
2   10   2   4   -0.0000796013
2   10   3   4   0.0002872534
3   6   1   4   0.0002572062
3   6   2   5   -0.0001886534
3   6   3   6   -0.0001886534
3   7   1   4   -0.0007352374
3   7   2   5   0.0000133531
3   7   3   6   0.0000133531
3   8   1   4   0.0024278024
3   8   2   5   0.0005858765
3   8   3   6   0.0005858765
3   9   1   5   -0.0018418220
3   9   1   6   -0.0005103904
3   9   2   4   -0.0005441974
3   9   3   4   -0.0001508035
3   10   1   5   0.0005103904
3   10   1   6   -0.0018418220
3   10   2   4   0.0001508035
3   10   3   4   -0.0005441974
4   6   1   5   0.0001444861
4   6   1   6   0.0000400388
4   6   2   4   0.0000828301
4   6   3   4   0.0000229532
4   7   1   5   0.0002872534
4   7   1   6   0.0000796013
4   7   2   4   0.0006047002
4   7   3   4   0.0001675695
4   8   1   5   -0.0005441974
4   8   1   6   -0.0001508035
4   8   2   4   -0.0018418220
4   8   3   4   -0.0005103904
4   9   1   4   0.0005546853
4   9   2   5   0.0030134405
4   9   2   6   0.0007145033
4   9   3   5   0.0007145033
4   9   3   6   0.0006330426
4   10   2   5   -0.0007145033
4   10   2   6   0.0020634047
4   10   3   5   0.0003169932
4   10   3   6   0.0007145033
5   6   1   5   -0.0000400388
5   6   1   6   0.0001444861
5   6   2   4   -0.0000229532
5   6   3   4   0.0000828301
5   7   1   5   -0.0000796013
5   7   1   6   0.0002872534
5   7   2   4   -0.0001675695
5   7   3   4   0.0006047002
5   8   1   5   0.0001508035
5   8   1   6   -0.0005441974
5   8   2   4   0.0005103904
5   8   3   4   -0.0018418220
5   9   2   5   -0.0007145033
5   9   2   6   0.0003169932
5   9   3   5   0.0020634047
5   9   3   6   0.0007145033
5   10   1   4   0.0005546853
5   10   2   5   0.0006330426
5   10   2   6   -0.0007145033
5   10   3   5   -0.0007145033
5   10   3   6   0.0030134405

End IJAB Block
Begin ABCD Block
1   4   1   4   0.2171425540
1   4   2   5   0.0243548386
1   4   3   6   0.0243548386
1   5   1   5   0.1479067129
1   5   2   4   0.0243549139
1   6   1   6   0.1479067129
1   6   3   4   0.0243549139
2   4   1   5   0.0243549139
2   4   2   4   0.1479067129
2   5   1   4   0.0243548386
2   5   2   5   0.1360287265
2   5   3   6   0.0079004911
2   6   2   6   0.1202277813
2   6   3   5   0.0079004541
3   4   1   6   0.0243549139
3   4   3   4   0.1479067129
3   5   2   6   0.0079004541
3   5   3   5   0.1202277813
3   6   1   4   0.0243548386
3   6   2   5   0.0079004911
3   6   3   6   0.1360287265

End ABCD Block
Begin AIJB Block
1   6   1   4   0.0054459053
1   6   2   4   -0.0000165295
1   6   3   4   0.0001406907
1   6   4   5   0.0001159457
1   6   4   6   0.0000321299
1   6   5   5   -0.0000321299
1   6   5   6   0.0001159457
1   7   1   4   -0.0000165295
1   7   2   4   0.0005925345
1   7   3   4   -0.0003907839
1   7   4   5   0.0001186621
1   7   4   6   0.0000328827
1   7   5   5   -0.0000328827
1   7   5   6   0.0001186621
1   8   1   4   0.0001406907
1   8   2   4   -0.0003907839
1   8   3   4   0.0016453845
1   8   4   5   -0.0003127616
1   8   4   6   -0.0000866699
1   8   5   5   0.0000866699
1   8   5   6   -0.0003127616
1   9   1   5   0.0000660445
1   9   1   6   0.0000183017
1   9   2   5   0.0003690373
1   9   2   6   0.0001022646
1   9   3   5   -0.0014988708
1   9   3   6   -0.0004153546
1   9   4   4   0.0003382164
1   10   1   5   -0.0000183017
1   10   1   6   0.0000660445
1   10   2   5   -0.0001022646
1   10   2   6   0.0003690373
1   10   3   5   0.0004153546
1   10   3   6   -0.0014988708
1   10   5   4   0.0003382164
2   6   1   5   0.0005447527
2   6   2   5   0.0000095325
2   6   3   5   -0.0001477537
2   6   4   4   0.0000660445
2   6   5   4   -0.0000183017
2   7   1   5   0.0000095325
2   7   2   5   0.0007699423
2   7   3   5   0.0000400027
2   7   4   4   0.0003690373
2   7   5   4   -0.0001022646
2   8   1   5   -0.0001477537
2   8   2   5   0.0000400027
2   8   3   5   0.0004124190
2   8   4   4   -0.0014988708
2   8   5   4   0.0004153546
2   9   1   4   0.0001159457
2   9   2   4   0.0001186621
2   9   3   4   -0.0003127616
2   9   4   5   0.0022649233
2   9   4   6   0.0005559288
2   9   5   5   -0.0005559288
2   9   5   6   0.0001049169
2   10   1   4   -0.0000321299
2   10   2   4   -0.0000328827
2   10   3   4   0.0000866699
2   10   4   5   -0.0005559288
2   10   4   6   0.0017471831
2   10   5   5   0.0004128233
2   10   5   6   -0.0005559288
3   6   1   6   0.0005447527
3   6   2   6   0.0000095325
3   6   3   6   -0.0001477537
3   6   4   4   0.0000183017
3   6   5   4   0.0000660445
3   7   1   6   0.0000095325
3   7   2   6   0.0007699423
3   7   3   6   0.0000400027
3   7   4   4   0.0001022646
3   7   5   4   0.0003690373
3   8   1   6   -0.0001477537
3   8   2   6   0.0000400027
3   8   3   6   0.0004124190
3   8   4   4   -0.0004153546
3   8   5   4   -0.0014988708
3   9   1   4   0.0000321299
3   9   2   4   0.0000328827
3   9   3   4   -0.0000866699
3   9   4   5   0.0005559288
3   9   4   6   0.0004128233
3   9   5   5   0.0017471831
3   9   5   6   0.0005559288
3   10   1   4   0.0001159457
3   10   2   4   0.0001186621
3   10   3   4   -0.0003127616
3   10   4   5   0.0001049169
3   10   4   6   0.0005559288
3   10   5   5   -0.0005559288
3   10   5   6   0.0022649233

1   6   6   1   -0.2491299838
1   6   7   1   0.0007315642
1   6   8   1   -0.0019846107
1   6   9   2   -0.0002980769
1   6   9   3   -0.0000826006
1   6   10   2   0.0000826006
1   6   10   3   -0.0002980769
1   7   6   1   0.0007315642
1   7   7   1   -0.1376658787
1   7   8   1   0.0106286866
1   7   9   2   -0.0038187545
1   7   9   3   -0.0010582214
1   7   10   2   0.0010582214
1   7   10   3   -0.0038187545
1   8   6   1   -0.0019846107
1   8   7   1   0.0106286866
1   8   8   1   -0.1416691460
1   8   9   2   0.0013886187
1   8   9   3   0.0003848025
1   8   10   2   -0.0003848025
1   8   10   3   0.0013886187
1   9   6   2   -0.0002993427
1   9   6   3   -0.0000829514
1   9   7   2   -0.0038189451
1   9   7   3   -0.0010582742
1   9   8   2   0.0013719449
1   9   8   3   0.0003801819
1   9   9   1   -0.1373683871
1   10   6   2   0.0000829514
1   10   6   3   -0.0002993427
1   10   7   2   0.0010582742
1   10   7   3   -0.0038189451
1   10   8   2   -0.0003801819
1   10   8   3   0.0013719449
1   10   10   1   -0.1373683871
2   6   6   2   -0.1648163103
2   6   7   2   0.0001676766
2   6   8   2   -0.0003523720
2   6   9   1   -0.0002993427
2   6   10   1   0.0000829514
2   7   6   2   0.0001676766
2   7   7   2   -0.1306111710
2   7   8   2   0.0055198601
2   7   9   1   -0.0038189451
2   7   10   1   0.0010582742
2   8   6   2   -0.0003523720
2   8   7   2   0.0055198601
2   8   8   2   -0.1316089865
2   8   9   1   0.0013719449
2   8   10   1   -0.0003801819
2   9   6   1   -0.0002980769
2   9   7   1   -0.0038187545
2   9   8   1   0.0013886187
2   9   9   2   -0.1312941179
2   9   9   3   -0.0003967626
2   9   10   2   0.0003967626
2   9   10   3   -0.0006713818
2   10   6   1   0.0000826006
2   10   7   1   0.0010582214
2   10   8   1   -0.0003848025
2   10   9   2   0.0003967626
2   10   9   3   -0.0006504496
2   10   10   2   -0.1299722866
2   10   10   3   0.0003967626
3   6   6   3   -0.1648163103
3   6   7   3   0.0001676766
3   6   8   3   -0.0003523720
3   6   9   1   -0.0000829514
3   6   10   1   -0.0002993427
3   7   6   3   0.0001676766
3   7   7   3   -0.1306111710
3   7   8   3   0.0055198601
3   7   9   1   -0.0010582742
3   7   10   1   -0.0038189451
3   8   6   3   -0.0003523720
3   8   7   3   0.0055198601
3   8   8   3   -0.1316089865
3   8   9   1   0.0003801819
3   8   10   1   0.0013719449
3   9   6   1   -0.0000826006
3   9   7   1   -0.0010582214
3   9   8   1   0.0003848025
3   9   9   2   -0.0003967626
3   9   9   3   -0.1299722866
3   9   10   2   -0.0006504496
3   9   10   3   -0.0003967626
3   10   6   1   -0.0002980769
3   10   7   1   -0.0038187545
3   10   8   1   0.0013886187
3   10   9   2   -0.0006713818
3   10   9   3   -0.0003967626
3   10   10   2   0.0003967626
3   10   10   3   -0.1312941179

End AIJB Block
Begin IJKA Block
1   6   1   4   -0.0738710970
1   6   2   4   0.0006591864
1   6   3   4   -0.0023301846
1   6   4   5   0.0001418875
1   6   4   6   0.0000393187
1   6   5   5   -0.0000393187
1   6   5   6   0.0001418875
1   7   1   4   -0.0002229261
1   7   2   4   -0.0000438609
1   7   3   4   0.0001006797
1   7   4   5   -0.0000212437
1   7   4   6   -0.0000058869
1   7   5   5   0.0000058869
1   7   5   6   -0.0000212437
1   8   1   4   -0.0062520755
1   8   2   4   0.0001315666
1   8   3   4   -0.0002354511
1   8   4   5   -0.0000481223
1   8   4   6   -0.0000133352
1   8   5   5   0.0000133352
1   8   5   6   -0.0000481223
1   9   1   5   0.0009485358
1   9   1   6   0.0002628503
1   9   2   5   -0.0001134880
1   9   2   6   -0.0000314488
1   9   3   5   0.0001546902
1   9   3   6   0.0000428665
1   9   4   4   0.0000317441
1   10   1   5   -0.0002628503
1   10   1   6   0.0009485358
1   10   2   5   0.0000314488
1   10   2   6   -0.0001134880
1   10   3   5   -0.0000428665
1   10   3   6   0.0001546902
1   10   5   4   0.0000317441
2   6   1   4   0.0006671976
2   6   2   4   -0.0028395783
2   6   3   4   0.0008459458
2   6   4   5   0.0003087655
2   6   4   6   0.0000855625
2   6   5   5   -0.0000855625
2   6   5   6   0.0003087655
2   7   1   4   -0.0000357993
2   7   2   4   -0.0073478884
2   7   3   4   0.0085713527
2   7   4   5   -0.0105200321
2   7   4   6   -0.0029152236
2   7   5   5   0.0029152236
2   7   5   6   -0.0105200321
2   8   1   4   0.0000779152
2   8   2   4   0.0237249820
2   8   3   4   -0.0003810655
2   8   4   5   -0.0010680433
2   8   4   6   -0.0002959673
2   8   5   5   0.0002959673
2   8   5   6   -0.0010680433
2   9   1   5   -0.0000678709
2   9   1   6   -0.0000188078
2   9   2   5   -0.0303224176
2   9   2   6   -0.0084026956
2   9   3   5   -0.0013168511
2   9   3   6   -0.0003649148
2   9   4   4   -0.0011014193
2   10   1   5   0.0000188078
2   10   1   6   -0.0000678709
2   10   2   5   0.0084026956
2   10   2   6   -0.0303224176
2   10   3   5   0.0003649148
2   10   3   6   -0.0013168511
2   10   5   4   -0.0011014193
3   6   1   4   -0.0024478870
3   6   2   4   0.0007965539
3   6   3   4   -0.0034844560
3   6   4   5   -0.0001940811
3   6   4   6   -0.0000537821
3   6   5   5   0.0000537821
3   6   5   6   -0.0001940811
3   7   1   4   0.0000646042
3   7   2   4   0.0086794392
3   7   3   4   -0.0058231476
3   7   4   5   -0.0003809162
3   7   4   6   -0.0001055563
3   7   5   5   0.0001055563
3   7   5   6   -0.0003809162
3   8   1   4   -0.0000934406
3   8   2   4   -0.0007405439
3   8   3   4   0.0254373786
3   8   4   5   -0.0028580790
3   8   4   6   -0.0007920070
3   8   5   5   0.0007920070
3   8   5   6   -0.0028580790
3   9   1   5   0.0000587633
3   9   1   6   0.0000162840
3   9   2   5   -0.0009388590
3   9   2   6   -0.0002601688
3   9   3   5   -0.0258331567
3   9   3   6   -0.0071586691
3   9   4   4   0.0025416926
3   10   1   5   -0.0000162840
3   10   1   6   0.0000587633
3   10   2   5   0.0002601688
3   10   2   6   -0.0009388590
3   10   3   5   0.0071586691
3   10   3   6   -0.0258331567
3   10   5   4   0.0025416926
4   6   1   5   0.0001409301
4   6   1   6   0.0000390534
4   6   2   5   0.0002911242
4   6   2   6   0.0000806739
4   6   3   5   -0.0001988483
4   6   3   6   -0.0000551032
4   6   4   4   -0.0026611317
4   7   1   5   -0.0000069480
4   7   1   6   -0.0000019254
4   7   2   5   -0.0105181643
4   7   2   6   -0.0029147060
4   7   3   5   -0.0003413409
4   7   3   6   -0.0000945896
4   7   4   4   -0.0062657799
4   8   1   5   -0.0000522409
4   8   1   6   -0.0000144766
4   8   2   5   -0.0008786801
4   8   2   6   -0.0002434925
4   8   3   5   -0.0030531103
4   8   3   6   -0.0008460525
4   8   4   4   0.0205005401
4   9   1   4   0.0000306556
4   9   2   4   -0.0011419593
4   9   3   4   0.0024968871
4   9   4   5   -0.0326358425
4   9   4   6   -0.0090437727
4   9   5   5   0.0008431412
4   9   5   6   -0.0030426047
4   10   4   5   0.0073198683
4   10   4   6   -0.0264148691
4   10   5   5   -0.0031783687
4   10   5   6   -0.0008807631
5   6   1   5   -0.0000390534
5   6   1   6   0.0001409301
5   6   2   5   -0.0000806739
5   6   2   6   0.0002911242
5   6   3   5   0.0000551032
5   6   3   6   -0.0001988483
5   6   5   4   -0.0026611317
5   7   1   5   0.0000019254
5   7   1   6   -0.0000069480
5   7   2   5   0.0029147060
5   7   2   6   -0.0105181643
5   7   3   5   0.0000945896
5   7   3   6   -0.0003413409
5   7   5   4   -0.0062657799
5   8   1   5   0.0000144766
5   8   1   6   -0.0000522409
5   8   2   5   0.0002434925
5   8   2   6   -0.0008786801
5   8   3   5   0.0008460525
5   8   3   6   -0.0030531103
5   8   5   4   0.0205005401
5   9   4   5   0.0008807631
5   9   4   6   -0.0031783687
5   9   5   5   -0.0264148691
5   9   5   6   -0.0073198683
5   10   1   4   0.0000306556
5   10   2   4   -0.0011419593
5   10   3   4   0.0024968871
5   10   4   5   -0.0030426047
5   10   4   6   -0.0008431412
5   10   5   5   0.0090437727
5   10   5   6   -0.0326358425

End IJKA Block
Begin IABC Block
1   4   1   4   0.0009776303
1   4   2   5   0.0009814806
1   4   3   6   0.0009814806
1   5   1   5   0.0001568386
1   5   2   4   0.0009865984
1   6   1   6   0.0001568386
1   6   3   4   0.0009865984
2   4   1   4   -0.0002268259
2   4   2   5   0.0000283491
2   4   3   6   0.0000283491
2   5   1   5   -0.0001219402
2   5   2   4   0.0000268468
2   6   1   6   -0.0001219402
2   6   3   4   0.0000268468
3   4   1   4   -0.0021646992
3   4   2   5   -0.0011861051
3   4   3   6   -0.0011861051
3   5   1   5   -0.0011305515
3   5   2   4   -0.0011882333
3   6   1   6   -0.0011305515
3   6   3   4   -0.0011882333
4   4   1   5   0.0010741407
4   4   1   6   0.0002976569
4   4   2   4   0.0010204845
4   4   3   4   0.0002827882
4   5   1   4   0.0010707221
4   5   2   5   0.0008673489
4   5   2   6   0.0000853811
4   5   3   5   0.0000700203
4   5   3   6   0.0003065589
4   6   1   4   0.0002967096
4   6   2   5   0.0000849510
4   6   2   6   0.0002526791
4   6   3   5   0.0003081109
4   6   3   6   0.0002403525
5   4   1   5   -0.0002976569
5   4   1   6   0.0010741407
5   4   2   4   -0.0002827882
5   4   3   4   0.0010204845
5   5   1   4   -0.0002967096
5   5   2   5   -0.0002403525
5   5   2   6   0.0003081109
5   5   3   5   0.0002526791
5   5   3   6   -0.0000849510
5   6   1   4   0.0010707221
5   6   2   5   0.0003065589
5   6   2   6   -0.0000700203
5   6   3   5   -0.0000853811
5   6   3   6   0.0008673489

End IABC Block
