Begin IJ Block
1   1   -40.7610286773
1   2   0.0000048861
1   3   0.7525368132
1   6   0.0103664087
2   2   -5.4762211938
2   3   -0.0000101780
2   6   -0.0071758026
3   3   -9.1554373916
3   6   -0.0231550632
4   4   -8.0459642246
5   5   -8.0459642246
6   6   -7.8776531590

End IJ Block
Begin IA Block
1   1   -0.0017926063
1   4   -0.0195397134
2   1   0.1130379892
2   4   0.0517243883
3   1   0.0153482632
3   4   0.1212118075
4   2   -0.0191058346
4   3   0.1822085054
5   2   0.1822085054
5   3   0.0191058346
6   1   -0.3782723204
6   4   -0.5420161186

End IA Block
Begin AB Block
1   1   -1.6731095957
1   4   -0.3219690711
2   2   -1.5088109226
3   3   -1.5088109226
4   4   -1.7886454620

End AB Block
Begin IJKL Block
1   7   1   7   5.3560622349
1   7   1   8   -0.0000042479
1   7   1   9   -0.5330135332
1   7   1   12   -0.0070982042
1   7   2   7   -0.0000042479
1   7   2   8   0.0000000000
1   7   2   9   0.0000007808
1   7   2   12   -0.0000003869
1   7   3   7   -0.5330135332
1   7   3   8   0.0000007808
1   7   3   9   0.0859602644
1   7   3   12   0.0011137019
1   7   4   10   0.0360135281
1   7   5   11   0.0360135281
1   7   6   7   -0.0070982042
1   7   6   8   -0.0000003869
1   7   6   9   0.0011137019
1   7   6   12   0.0345018480
1   8   1   7   -0.0000042479
1   8   1   8   0.1146908131
1   8   1   9   0.0000068686
1   8   1   12   -0.0000631600
1   8   2   7   0.0000000000
1   8   2   8   0.0000012072
1   8   2   9   -0.0000000002
1   8   2   12   0.0000000134
1   8   3   7   0.0000007808
1   8   3   8   0.0000010446
1   8   3   9   -0.0000002188
1   8   3   12   0.0000001656
1   8   4   10   0.0000001753
1   8   5   11   0.0000001753
1   8   6   7   -0.0000003869
1   8   6   8   -0.0006735106
1   8   6   9   -0.0000007386
1   8   6   12   0.0000008153
1   9   1   7   -0.5330135332
1   9   1   8   0.0000068686
1   9   1   9   1.2634020244
1   9   1   12   0.0092169119
1   9   2   7   0.0000007808
1   9   2   8   -0.0000000002
1   9   2   9   -0.0000002021
1   9   2   12   -0.0000005508
1   9   3   7   0.0859602644
1   9   3   8   -0.0000002188
1   9   3   9   -0.0231508498
1   9   3   12   -0.0003515719
1   9   4   10   0.0373386111
1   9   5   11   0.0373386111
1   9   6   7   0.0011137019
1   9   6   8   -0.0000007386
1   9   6   9   -0.0004453746
1   9   6   12   0.0359049626
1   10   1   10   1.1685270115
1   10   2   10   -0.0000000879
1   10   3   10   -0.0144997324
1   10   4   7   0.0360135281
1   10   4   8   0.0000001753
1   10   4   9   0.0373386111
1   10   4   12   0.0003942386
1   10   6   10   -0.0002494310
1   11   1   11   1.1685270115
1   11   2   11   -0.0000000879
1   11   3   11   -0.0144997324
1   11   5   7   0.0360135281
1   11   5   8   0.0000001753
1   11   5   9   0.0373386111
1   11   5   12   0.0003942386
1   11   6   11   -0.0002494310
1   12   1   7   -0.0070982042
1   12   1   8   -0.0000631600
1   12   1   9   0.0092169119
1   12   1   12   1.1359000497
1   12   2   7   -0.0000003869
1   12   2   8   0.0000000134
1   12   2   9   -0.0000005508
1   12   2   12   -0.0000000714
1   12   3   7   0.0011137019
1   12   3   8   0.0000001656
1   12   3   9   -0.0003515719
1   12   3   12   -0.0138967026
1   12   4   10   0.0003942386
1   12   5   11   0.0003942386
1   12   6   7   0.0345018480
1   12   6   8   0.0000008153
1   12   6   9   0.0359049626
1   12   6   12   0.0004042087
2   7   1   7   -0.0000042479
2   7   1   8   0.0000000000
2   7   1   9   0.0000007808
2   7   1   12   -0.0000003869
2   7   2   7   0.1146908131
2   7   2   8   0.0000012072
2   7   2   9   0.0000010446
2   7   2   12   -0.0006735106
2   7   3   7   0.0000068686
2   7   3   8   -0.0000000002
2   7   3   9   -0.0000002188
2   7   3   12   -0.0000007386
2   7   4   10   0.0000001753
2   7   5   11   0.0000001753
2   7   6   7   -0.0000631600
2   7   6   8   0.0000000134
2   7   6   9   0.0000001656
2   7   6   12   0.0000008153
2   8   1   7   0.0000000000
2   8   1   8   0.0000012072
2   8   1   9   -0.0000000002
2   8   1   12   0.0000000134
2   8   2   7   0.0000012072
2   8   2   8   1.6516444123
2   8   2   9   -0.0000242418
2   8   2   12   0.0076951108
2   8   3   7   -0.0000000002
2   8   3   8   -0.0000242418
2   8   3   9   0.0000000055
2   8   3   12   -0.0000002319
2   8   4   10   0.0000001649
2   8   5   11   0.0000001649
2   8   6   7   0.0000000134
2   8   6   8   0.0076951108
2   8   6   9   -0.0000002319
2   8   6   12   0.0000564602
2   9   1   7   0.0000007808
2   9   1   8   -0.0000000002
2   9   1   9   -0.0000002021
2   9   1   12   -0.0000005508
2   9   2   7   0.0000010446
2   9   2   8   -0.0000242418
2   9   2   9   0.1147652634
2   9   2   12   -0.0081648120
2   9   3   7   -0.0000002188
2   9   3   8   0.0000000055
2   9   3   9   0.0000048494
2   9   3   12   -0.0000030608
2   9   4   10   0.0000010214
2   9   5   11   0.0000010214
2   9   6   7   0.0000001656
2   9   6   8   -0.0000002319
2   9   6   9   -0.0000577463
2   9   6   12   0.0000083703
2   10   1   10   -0.0000000879
2   10   2   10   0.1142175112
2   10   3   10   0.0000044265
2   10   4   7   0.0000001753
2   10   4   8   0.0000001649
2   10   4   9   0.0000010214
2   10   4   12   -0.0000008088
2   10   6   10   -0.0000555846
2   11   1   11   -0.0000000879
2   11   2   11   0.1142175112
2   11   3   11   0.0000044265
2   11   5   7   0.0000001753
2   11   5   8   0.0000001649
2   11   5   9   0.0000010214
2   11   5   12   -0.0000008088
2   11   6   11   -0.0000555846
2   12   1   7   -0.0000003869
2   12   1   8   0.0000000134
2   12   1   9   -0.0000005508
2   12   1   12   -0.0000000714
2   12   2   7   -0.0006735106
2   12   2   8   0.0076951108
2   12   2   9   -0.0081648120
2   12   2   12   0.1184679310
2   12   3   7   -0.0000007386
2   12   3   8   -0.0000002319
2   12   3   9   -0.0000030608
2   12   3   12   0.0000046606
2   12   4   10   -0.0000008088
2   12   5   11   -0.0000008088
2   12   6   7   0.0000008153
2   12   6   8   0.0000564602
2   12   6   9   0.0000083703
2   12   6   12   -0.0000602223
3   7   1   7   -0.5330135332
3   7   1   8   0.0000007808
3   7   1   9   0.0859602644
3   7   1   12   0.0011137019
3   7   2   7   0.0000068686
3   7   2   8   -0.0000000002
3   7   2   9   -0.0000002188
3   7   2   12   -0.0000007386
3   7   3   7   1.2634020244
3   7   3   8   -0.0000002021
3   7   3   9   -0.0231508498
3   7   3   12   -0.0004453746
3   7   4   10   0.0373386111
3   7   5   11   0.0373386111
3   7   6   7   0.0092169119
3   7   6   8   -0.0000005508
3   7   6   9   -0.0003515719
3   7   6   12   0.0359049626
3   8   1   7   0.0000007808
3   8   1   8   0.0000010446
3   8   1   9   -0.0000002188
3   8   1   12   0.0000001656
3   8   2   7   -0.0000000002
3   8   2   8   -0.0000242418
3   8   2   9   0.0000000055
3   8   2   12   -0.0000002319
3   8   3   7   -0.0000002021
3   8   3   8   0.1147652634
3   8   3   9   0.0000048494
3   8   3   12   -0.0000577463
3   8   4   10   0.0000010214
3   8   5   11   0.0000010214
3   8   6   7   -0.0000005508
3   8   6   8   -0.0081648120
3   8   6   9   -0.0000030608
3   8   6   12   0.0000083703
3   9   1   7   0.0859602644
3   9   1   8   -0.0000002188
3   9   1   9   -0.0231508498
3   9   1   12   -0.0003515719
3   9   2   7   -0.0000002188
3   9   2   8   0.0000000055
3   9   2   9   0.0000048494
3   9   2   12   -0.0000030608
3   9   3   7   -0.0231508498
3   9   3   8   0.0000048494
3   9   3   9   0.8830106767
3   9   3   12   0.0038407644
3   9   4   10   0.1658452890
3   9   5   11   0.1658452890
3   9   6   7   -0.0003515719
3   9   6   8   -0.0000030608
3   9   6   9   0.0038407644
3   9   6   12   0.1609070450
3   10   1   10   -0.0144997324
3   10   2   10   0.0000044265
3   10   3   10   0.8293818986
3   10   4   7   0.0373386111
3   10   4   8   0.0000010214
3   10   4   9   0.1658452890
3   10   4   12   0.0010233666
3   10   6   10   0.0039322265
3   11   1   11   -0.0144997324
3   11   2   11   0.0000044265
3   11   3   11   0.8293818986
3   11   5   7   0.0373386111
3   11   5   8   0.0000010214
3   11   5   9   0.1658452890
3   11   5   12   0.0010233666
3   11   6   11   0.0039322265
3   12   1   7   0.0011137019
3   12   1   8   0.0000001656
3   12   1   9   -0.0003515719
3   12   1   12   -0.0138967026
3   12   2   7   -0.0000007386
3   12   2   8   -0.0000002319
3   12   2   9   -0.0000030608
3   12   2   12   0.0000046606
3   12   3   7   -0.0004453746
3   12   3   8   -0.0000577463
3   12   3   9   0.0038407644
3   12   3   12   0.8102782692
3   12   4   10   0.0010233666
3   12   5   11   0.0010233666
3   12   6   7   0.0359049626
3   12   6   8   0.0000083703
3   12   6   9   0.1609070450
3   12   6   12   0.0046413960
4   7   1   10   0.0360135281
4   7   2   10   0.0000001753
4   7   3   10   0.0373386111
4   7   4   7   1.1685270115
4   7   4   8   -0.0000000879
4   7   4   9   -0.0144997324
4   7   4   12   -0.0002494310
4   7   6   10   0.0003942386
4   8   1   10   0.0000001753
4   8   2   10   0.0000001649
4   8   3   10   0.0000010214
4   8   4   7   -0.0000000879
4   8   4   8   0.1142175112
4   8   4   9   0.0000044265
4   8   4   12   -0.0000555846
4   8   6   10   -0.0000008088
4   9   1   10   0.0373386111
4   9   2   10   0.0000010214
4   9   3   10   0.1658452890
4   9   4   7   -0.0144997324
4   9   4   8   0.0000044265
4   9   4   9   0.8293818986
4   9   4   12   0.0039322265
4   9   6   10   0.0010233666
4   10   1   7   0.0360135281
4   10   1   8   0.0000001753
4   10   1   9   0.0373386111
4   10   1   12   0.0003942386
4   10   2   7   0.0000001753
4   10   2   8   0.0000001649
4   10   2   9   0.0000010214
4   10   2   12   -0.0000008088
4   10   3   7   0.0373386111
4   10   3   8   0.0000010214
4   10   3   9   0.1658452890
4   10   3   12   0.0010233666
4   10   4   10   0.8393886988
4   10   5   11   0.0408285757
4   10   6   7   0.0003942386
4   10   6   8   -0.0000008088
4   10   6   9   0.0010233666
4   10   6   12   0.0396585296
4   11   4   11   0.7577315474
4   11   5   10   0.0408285757
4   12   1   10   0.0003942386
4   12   2   10   -0.0000008088
4   12   3   10   0.0010233666
4   12   4   7   -0.0002494310
4   12   4   8   -0.0000555846
4   12   4   9   0.0039322265
4   12   4   12   0.7408558116
4   12   6   10   0.0396585296
5   7   1   11   0.0360135281
5   7   2   11   0.0000001753
5   7   3   11   0.0373386111
5   7   5   7   1.1685270115
5   7   5   8   -0.0000000879
5   7   5   9   -0.0144997324
5   7   5   12   -0.0002494310
5   7   6   11   0.0003942386
5   8   1   11   0.0000001753
5   8   2   11   0.0000001649
5   8   3   11   0.0000010214
5   8   5   7   -0.0000000879
5   8   5   8   0.1142175112
5   8   5   9   0.0000044265
5   8   5   12   -0.0000555846
5   8   6   11   -0.0000008088
5   9   1   11   0.0373386111
5   9   2   11   0.0000010214
5   9   3   11   0.1658452890
5   9   5   7   -0.0144997324
5   9   5   8   0.0000044265
5   9   5   9   0.8293818986
5   9   5   12   0.0039322265
5   9   6   11   0.0010233666
5   10   4   11   0.0408285757
5   10   5   10   0.7577315474
5   11   1   7   0.0360135281
5   11   1   8   0.0000001753
5   11   1   9   0.0373386111
5   11   1   12   0.0003942386
5   11   2   7   0.0000001753
5   11   2   8   0.0000001649
5   11   2   9   0.0000010214
5   11   2   12   -0.0000008088
5   11   3   7   0.0373386111
5   11   3   8   0.0000010214
5   11   3   9   0.1658452890
5   11   3   12   0.0010233666
5   11   4   10   0.0408285757
5   11   5   11   0.8393886988
5   11   6   7   0.0003942386
5   11   6   8   -0.0000008088
5   11   6   9   0.0010233666
5   11   6   12   0.0396585296
5   12   1   11   0.0003942386
5   12   2   11   -0.0000008088
5   12   3   11   0.0010233666
5   12   5   7   -0.0002494310
5   12   5   8   -0.0000555846
5   12   5   9   0.0039322265
5   12   5   12   0.7408558116
5   12   6   11   0.0396585296
6   7   1   7   -0.0070982042
6   7   1   8   -0.0000003869
6   7   1   9   0.0011137019
6   7   1   12   0.0345018480
6   7   2   7   -0.0000631600
6   7   2   8   0.0000000134
6   7   2   9   0.0000001656
6   7   2   12   0.0000008153
6   7   3   7   0.0092169119
6   7   3   8   -0.0000005508
6   7   3   9   -0.0003515719
6   7   3   12   0.0359049626
6   7   4   10   0.0003942386
6   7   5   11   0.0003942386
6   7   6   7   1.1359000497
6   7   6   8   -0.0000000714
6   7   6   9   -0.0138967026
6   7   6   12   0.0004042087
6   8   1   7   -0.0000003869
6   8   1   8   -0.0006735106
6   8   1   9   -0.0000007386
6   8   1   12   0.0000008153
6   8   2   7   0.0000000134
6   8   2   8   0.0076951108
6   8   2   9   -0.0000002319
6   8   2   12   0.0000564602
6   8   3   7   -0.0000005508
6   8   3   8   -0.0081648120
6   8   3   9   -0.0000030608
6   8   3   12   0.0000083703
6   8   4   10   -0.0000008088
6   8   5   11   -0.0000008088
6   8   6   7   -0.0000000714
6   8   6   8   0.1184679310
6   8   6   9   0.0000046606
6   8   6   12   -0.0000602223
6   9   1   7   0.0011137019
6   9   1   8   -0.0000007386
6   9   1   9   -0.0004453746
6   9   1   12   0.0359049626
6   9   2   7   0.0000001656
6   9   2   8   -0.0000002319
6   9   2   9   -0.0000577463
6   9   2   12   0.0000083703
6   9   3   7   -0.0003515719
6   9   3   8   -0.0000030608
6   9   3   9   0.0038407644
6   9   3   12   0.1609070450
6   9   4   10   0.0010233666
6   9   5   11   0.0010233666
6   9   6   7   -0.0138967026
6   9   6   8   0.0000046606
6   9   6   9   0.8102782692
6   9   6   12   0.0046413960
6   10   1   10   -0.0002494310
6   10   2   10   -0.0000555846
6   10   3   10   0.0039322265
6   10   4   7   0.0003942386
6   10   4   8   -0.0000008088
6   10   4   9   0.0010233666
6   10   4   12   0.0396585296
6   10   6   10   0.7408558116
6   11   1   11   -0.0002494310
6   11   2   11   -0.0000555846
6   11   3   11   0.0039322265
6   11   5   7   0.0003942386
6   11   5   8   -0.0000008088
6   11   5   9   0.0010233666
6   11   5   12   0.0396585296
6   11   6   11   0.7408558116
6   12   1   7   0.0345018480
6   12   1   8   0.0000008153
6   12   1   9   0.0359049626
6   12   1   12   0.0004042087
6   12   2   7   0.0000008153
6   12   2   8   0.0000564602
6   12   2   9   0.0000083703
6   12   2   12   -0.0000602223
6   12   3   7   0.0359049626
6   12   3   8   0.0000083703
6   12   3   9   0.1609070450
6   12   3   12   0.0046413960
6   12   4   10   0.0396585296
6   12   5   11   0.0396585296
6   12   6   7   0.0004042087
6   12   6   8   -0.0000602223
6   12   6   9   0.0046413960
6   12   6   12   0.8019301080

End IJKL Block
Begin IJAB Block
1   7   1   5   0.0001518350
1   7   1   8   0.0002436865
1   7   2   6   0.0000360715
1   7   3   7   0.0000360715
1   7   4   5   0.0002436865
1   7   4   8   0.0004414841
1   8   1   5   0.0000003602
1   8   1   8   -0.0000008506
1   8   2   6   -0.0000002249
1   8   3   7   -0.0000002249
1   8   4   5   0.0000004919
1   8   4   8   -0.0000012318
1   9   1   5   0.0001552841
1   9   1   8   0.0002377524
1   9   2   6   0.0000352144
1   9   3   7   0.0000352144
1   9   4   5   0.0002414453
1   9   4   8   0.0003566158
1   10   1   6   0.0000003905
1   10   1   7   -0.0000037240
1   10   2   5   -0.0000002750
1   10   2   8   -0.0000025351
1   10   3   5   0.0000026226
1   10   3   8   0.0000241768
1   10   4   6   0.0000016079
1   10   4   7   -0.0000153346
1   11   1   6   -0.0000037240
1   11   1   7   -0.0000003905
1   11   2   5   0.0000026226
1   11   2   8   0.0000241768
1   11   3   5   0.0000002750
1   11   3   8   0.0000025351
1   11   4   6   -0.0000153346
1   11   4   7   -0.0000016079
1   12   1   5   0.0000025091
1   12   1   8   -0.0000340899
1   12   2   6   0.0000022748
1   12   3   7   0.0000022748
1   12   4   5   0.0000232055
1   12   4   8   -0.0000234096
2   7   1   5   0.0000003602
2   7   1   8   0.0000004919
2   7   2   6   -0.0000002249
2   7   3   7   -0.0000002249
2   7   4   5   -0.0000008506
2   7   4   8   -0.0000012318
2   8   1   5   0.0114272730
2   8   1   8   0.0057736426
2   8   2   6   0.0022714188
2   8   3   7   0.0022714188
2   8   4   5   0.0057736426
2   8   4   8   0.0058364666
2   9   1   5   0.0000015626
2   9   1   8   0.0000026056
2   9   2   6   0.0000024885
2   9   3   7   0.0000024885
2   9   4   5   -0.0000054310
2   9   4   8   -0.0000081929
2   10   1   6   0.0000002344
2   10   1   7   -0.0000022351
2   10   2   5   -0.0000037889
2   10   2   8   -0.0000041046
2   10   3   5   0.0000361342
2   10   3   8   0.0000391452
2   10   4   6   0.0000012707
2   10   4   7   -0.0000121186
2   11   1   6   -0.0000022351
2   11   1   7   -0.0000002344
2   11   2   5   0.0000361342
2   11   2   8   0.0000391452
2   11   3   5   0.0000037889
2   11   3   8   0.0000041046
2   11   4   6   -0.0000121186
2   11   4   7   -0.0000012707
2   12   1   5   0.0001467698
2   12   1   8   0.0002125707
2   12   2   6   -0.0002542753
2   12   3   7   -0.0002542753
2   12   4   5   0.0000320743
2   12   4   8   -0.0002589460
3   7   1   5   0.0001552841
3   7   1   8   0.0002414453
3   7   2   6   0.0000352144
3   7   3   7   0.0000352144
3   7   4   5   0.0002377524
3   7   4   8   0.0003566158
3   8   1   5   0.0000015626
3   8   1   8   -0.0000054310
3   8   2   6   0.0000024885
3   8   3   7   0.0000024885
3   8   4   5   0.0000026056
3   8   4   8   -0.0000081929
3   9   1   5   0.0006800925
3   9   1   8   0.0010584452
3   9   2   6   0.0001436657
3   9   3   7   0.0001436657
3   9   4   5   0.0010584452
3   9   4   8   0.0018319383
3   10   1   6   -0.0000018490
3   10   1   7   0.0000176339
3   10   2   5   -0.0000006707
3   10   2   8   -0.0000073003
3   10   3   5   0.0000063959
3   10   3   8   0.0000696217
3   10   4   6   -0.0000327249
3   10   4   7   0.0003120910
3   11   1   6   0.0000176339
3   11   1   7   0.0000018490
3   11   2   5   0.0000063959
3   11   2   8   0.0000696217
3   11   3   5   0.0000006707
3   11   3   8   0.0000073003
3   11   4   6   0.0003120910
3   11   4   7   0.0000327249
3   12   1   5   -0.0000643136
3   12   1   8   -0.0001812199
3   12   2   6   0.0000064942
3   12   3   7   0.0000064942
3   12   4   5   -0.0007047775
3   12   4   8   -0.0012175333
4   7   1   6   -0.0000002750
4   7   1   7   0.0000026226
4   7   2   5   0.0000003905
4   7   2   8   0.0000016079
4   7   3   5   -0.0000037240
4   7   3   8   -0.0000153346
4   7   4   6   -0.0000025351
4   7   4   7   0.0000241768
4   8   1   6   -0.0000037889
4   8   1   7   0.0000361342
4   8   2   5   0.0000002344
4   8   2   8   0.0000012707
4   8   3   5   -0.0000022351
4   8   3   8   -0.0000121186
4   8   4   6   -0.0000041046
4   8   4   7   0.0000391452
4   9   1   6   -0.0000006707
4   9   1   7   0.0000063959
4   9   2   5   -0.0000018490
4   9   2   8   -0.0000327249
4   9   3   5   0.0000176339
4   9   3   8   0.0003120910
4   9   4   6   -0.0000073003
4   9   4   7   0.0000696217
4   10   1   5   0.0001746201
4   10   1   8   0.0002702288
4   10   2   6   0.0000466175
4   10   2   7   -0.0000589038
4   10   3   6   -0.0000589038
4   10   3   7   0.0006021947
4   10   4   5   0.0002702288
4   10   4   8   0.0005130546
4   11   2   6   -0.0000589038
4   11   2   7   0.0000342646
4   11   3   6   0.0005213127
4   11   3   7   0.0000589038
4   12   1   6   0.0000114744
4   12   1   7   -0.0001094291
4   12   2   5   0.0001230986
4   12   2   8   0.0001793770
4   12   3   5   -0.0011739665
4   12   3   8   -0.0017106829
4   12   4   6   0.0000193880
4   12   4   7   -0.0001848991
5   7   1   6   0.0000026226
5   7   1   7   0.0000002750
5   7   2   5   -0.0000037240
5   7   2   8   -0.0000153346
5   7   3   5   -0.0000003905
5   7   3   8   -0.0000016079
5   7   4   6   0.0000241768
5   7   4   7   0.0000025351
5   8   1   6   0.0000361342
5   8   1   7   0.0000037889
5   8   2   5   -0.0000022351
5   8   2   8   -0.0000121186
5   8   3   5   -0.0000002344
5   8   3   8   -0.0000012707
5   8   4   6   0.0000391452
5   8   4   7   0.0000041046
5   9   1   6   0.0000063959
5   9   1   7   0.0000006707
5   9   2   5   0.0000176339
5   9   2   8   0.0003120910
5   9   3   5   0.0000018490
5   9   3   8   0.0000327249
5   9   4   6   0.0000696217
5   9   4   7   0.0000073003
5   10   2   6   -0.0000589038
5   10   2   7   0.0005213127
5   10   3   6   0.0000342646
5   10   3   7   0.0000589038
5   11   1   5   0.0001746201
5   11   1   8   0.0002702288
5   11   2   6   0.0006021947
5   11   2   7   0.0000589038
5   11   3   6   0.0000589038
5   11   3   7   0.0000466175
5   11   4   5   0.0002702288
5   11   4   8   0.0005130546
5   12   1   6   -0.0001094291
5   12   1   7   -0.0000114744
5   12   2   5   -0.0011739665
5   12   2   8   -0.0017106829
5   12   3   5   -0.0001230986
5   12   3   8   -0.0001793770
5   12   4   6   -0.0001848991
5   12   4   7   -0.0000193880
6   7   1   5   0.0000025091
6   7   1   8   0.0000232055
6   7   2   6   0.0000022748
6   7   3   7   0.0000022748
6   7   4   5   -0.0000340899
6   7   4   8   -0.0000234096
6   8   1   5   0.0001467698
6   8   1   8   0.0000320743
6   8   2   6   -0.0002542753
6   8   3   7   -0.0002542753
6   8   4   5   0.0002125707
6   8   4   8   -0.0002589460
6   9   1   5   -0.0000643136
6   9   1   8   -0.0007047775
6   9   2   6   0.0000064942
6   9   3   7   0.0000064942
6   9   4   5   -0.0001812199
6   9   4   8   -0.0012175333
6   10   1   6   0.0001230986
6   10   1   7   -0.0011739665
6   10   2   5   0.0000114744
6   10   2   8   0.0000193880
6   10   3   5   -0.0001094291
6   10   3   8   -0.0001848991
6   10   4   6   0.0001793770
6   10   4   7   -0.0017106829
6   11   1   6   -0.0011739665
6   11   1   7   -0.0001230986
6   11   2   5   -0.0001094291
6   11   2   8   -0.0001848991
6   11   3   5   -0.0000114744
6   11   3   8   -0.0000193880
6   11   4   6   -0.0017106829
6   11   4   7   -0.0001793770
6   12   1   5   0.0031240745
6   12   1   8   0.0045607571
6   12   2   6   0.0002690685
6   12   3   7   0.0002690685
6   12   4   5   0.0045607571
6   12   4   8   0.0071106213

End IJAB Block
Begin ABCD Block
1   5   1   5   0.2356802679
1   5   1   8   -0.0056094762
1   5   2   6   0.0395493624
1   5   3   7   0.0395493624
1   5   4   5   -0.0056094762
1   5   4   8   0.0332455933
1   6   1   6   0.1954936223
1   6   2   5   0.0395493624
1   6   2   8   0.0078942488
1   6   4   6   0.0089908148
1   7   1   7   0.1954936223
1   7   3   5   0.0395493624
1   7   3   8   0.0078942488
1   7   4   7   0.0089908148
1   8   1   5   -0.0056094762
1   8   1   8   0.1969404453
1   8   2   6   0.0078942488
1   8   3   7   0.0078942488
1   8   4   5   0.0332455933
1   8   4   8   0.0155808942
2   5   1   6   0.0395493624
2   5   2   5   0.1954936223
2   5   2   8   0.0089908148
2   5   4   6   0.0078942488
2   6   1   5   0.0395493624
2   6   1   8   0.0078942488
2   6   2   6   0.1868635327
2   6   3   7   0.0099480930
2   6   4   5   0.0078942488
2   6   4   8   0.0123470755
2   7   2   7   0.1669673468
2   7   3   6   0.0099480930
2   8   1   6   0.0078942488
2   8   2   5   0.0089908148
2   8   2   8   0.1735960258
2   8   4   6   0.0123470755
3   5   1   7   0.0395493624
3   5   3   5   0.1954936223
3   5   3   8   0.0089908148
3   5   4   7   0.0078942488
3   6   2   7   0.0099480930
3   6   3   6   0.1669673468
3   7   1   5   0.0395493624
3   7   1   8   0.0078942488
3   7   2   6   0.0099480930
3   7   3   7   0.1868635327
3   7   4   5   0.0078942488
3   7   4   8   0.0123470755
3   8   1   7   0.0078942488
3   8   3   5   0.0089908148
3   8   3   8   0.1735960258
3   8   4   7   0.0123470755
4   5   1   5   -0.0056094762
4   5   1   8   0.0332455933
4   5   2   6   0.0078942488
4   5   3   7   0.0078942488
4   5   4   5   0.1969404453
4   5   4   8   0.0155808942
4   6   1   6   0.0089908148
4   6   2   5   0.0078942488
4   6   2   8   0.0123470755
4   6   4   6   0.1735960258
4   7   1   7   0.0089908148
4   7   3   5   0.0078942488
4   7   3   8   0.0123470755
4   7   4   7   0.1735960258
4   8   1   5   0.0332455933
4   8   1   8   0.0155808942
4   8   2   6   0.0123470755
4   8   3   7   0.0123470755
4   8   4   5   0.0155808942
4   8   4   8   0.2020288866

End ABCD Block
Begin AIJB Block
1   7   1   5   0.0001518350
1   7   1   8   0.0002436865
1   7   2   5   0.0000003602
1   7   2   8   0.0000004919
1   7   3   5   0.0001552841
1   7   3   8   0.0002414453
1   7   4   6   -0.0000002750
1   7   4   7   0.0000026226
1   7   5   6   0.0000026226
1   7   5   7   0.0000002750
1   7   6   5   0.0000025091
1   7   6   8   0.0000232055
1   8   1   5   0.0000003602
1   8   1   8   -0.0000008506
1   8   2   5   0.0114272730
1   8   2   8   0.0057736426
1   8   3   5   0.0000015626
1   8   3   8   -0.0000054310
1   8   4   6   -0.0000037889
1   8   4   7   0.0000361342
1   8   5   6   0.0000361342
1   8   5   7   0.0000037889
1   8   6   5   0.0001467698
1   8   6   8   0.0000320743
1   9   1   5   0.0001552841
1   9   1   8   0.0002377524
1   9   2   5   0.0000015626
1   9   2   8   0.0000026056
1   9   3   5   0.0006800925
1   9   3   8   0.0010584452
1   9   4   6   -0.0000006707
1   9   4   7   0.0000063959
1   9   5   6   0.0000063959
1   9   5   7   0.0000006707
1   9   6   5   -0.0000643136
1   9   6   8   -0.0007047775
1   10   1   6   0.0000003905
1   10   1   7   -0.0000037240
1   10   2   6   0.0000002344
1   10   2   7   -0.0000022351
1   10   3   6   -0.0000018490
1   10   3   7   0.0000176339
1   10   4   5   0.0001746201
1   10   4   8   0.0002702288
1   10   6   6   0.0001230986
1   10   6   7   -0.0011739665
1   11   1   6   -0.0000037240
1   11   1   7   -0.0000003905
1   11   2   6   -0.0000022351
1   11   2   7   -0.0000002344
1   11   3   6   0.0000176339
1   11   3   7   0.0000018490
1   11   5   5   0.0001746201
1   11   5   8   0.0002702288
1   11   6   6   -0.0011739665
1   11   6   7   -0.0001230986
1   12   1   5   0.0000025091
1   12   1   8   -0.0000340899
1   12   2   5   0.0001467698
1   12   2   8   0.0002125707
1   12   3   5   -0.0000643136
1   12   3   8   -0.0001812199
1   12   4   6   0.0000114744
1   12   4   7   -0.0001094291
1   12   5   6   -0.0001094291
1   12   5   7   -0.0000114744
1   12   6   5   0.0031240745
1   12   6   8   0.0045607571
2   7   1   6   0.0000360715
2   7   2   6   -0.0000002249
2   7   3   6   0.0000352144
2   7   4   5   0.0000003905
2   7   4   8   0.0000016079
2   7   5   5   -0.0000037240
2   7   5   8   -0.0000153346
2   7   6   6   0.0000022748
2   8   1   6   -0.0000002249
2   8   2   6   0.0022714188
2   8   3   6   0.0000024885
2   8   4   5   0.0000002344
2   8   4   8   0.0000012707
2   8   5   5   -0.0000022351
2   8   5   8   -0.0000121186
2   8   6   6   -0.0002542753
2   9   1   6   0.0000352144
2   9   2   6   0.0000024885
2   9   3   6   0.0001436657
2   9   4   5   -0.0000018490
2   9   4   8   -0.0000327249
2   9   5   5   0.0000176339
2   9   5   8   0.0003120910
2   9   6   6   0.0000064942
2   10   1   5   -0.0000002750
2   10   1   8   -0.0000025351
2   10   2   5   -0.0000037889
2   10   2   8   -0.0000041046
2   10   3   5   -0.0000006707
2   10   3   8   -0.0000073003
2   10   4   6   0.0000466175
2   10   4   7   -0.0000589038
2   10   5   6   -0.0000589038
2   10   5   7   0.0005213127
2   10   6   5   0.0000114744
2   10   6   8   0.0000193880
2   11   1   5   0.0000026226
2   11   1   8   0.0000241768
2   11   2   5   0.0000361342
2   11   2   8   0.0000391452
2   11   3   5   0.0000063959
2   11   3   8   0.0000696217
2   11   4   6   -0.0000589038
2   11   4   7   0.0000342646
2   11   5   6   0.0006021947
2   11   5   7   0.0000589038
2   11   6   5   -0.0001094291
2   11   6   8   -0.0001848991
2   12   1   6   0.0000022748
2   12   2   6   -0.0002542753
2   12   3   6   0.0000064942
2   12   4   5   0.0001230986
2   12   4   8   0.0001793770
2   12   5   5   -0.0011739665
2   12   5   8   -0.0017106829
2   12   6   6   0.0002690685
3   7   1   7   0.0000360715
3   7   2   7   -0.0000002249
3   7   3   7   0.0000352144
3   7   4   5   -0.0000037240
3   7   4   8   -0.0000153346
3   7   5   5   -0.0000003905
3   7   5   8   -0.0000016079
3   7   6   7   0.0000022748
3   8   1   7   -0.0000002249
3   8   2   7   0.0022714188
3   8   3   7   0.0000024885
3   8   4   5   -0.0000022351
3   8   4   8   -0.0000121186
3   8   5   5   -0.0000002344
3   8   5   8   -0.0000012707
3   8   6   7   -0.0002542753
3   9   1   7   0.0000352144
3   9   2   7   0.0000024885
3   9   3   7   0.0001436657
3   9   4   5   0.0000176339
3   9   4   8   0.0003120910
3   9   5   5   0.0000018490
3   9   5   8   0.0000327249
3   9   6   7   0.0000064942
3   10   1   5   0.0000026226
3   10   1   8   0.0000241768
3   10   2   5   0.0000361342
3   10   2   8   0.0000391452
3   10   3   5   0.0000063959
3   10   3   8   0.0000696217
3   10   4   6   -0.0000589038
3   10   4   7   0.0006021947
3   10   5   6   0.0000342646
3   10   5   7   0.0000589038
3   10   6   5   -0.0001094291
3   10   6   8   -0.0001848991
3   11   1   5   0.0000002750
3   11   1   8   0.0000025351
3   11   2   5   0.0000037889
3   11   2   8   0.0000041046
3   11   3   5   0.0000006707
3   11   3   8   0.0000073003
3   11   4   6   0.0005213127
3   11   4   7   0.0000589038
3   11   5   6   0.0000589038
3   11   5   7   0.0000466175
3   11   6   5   -0.0000114744
3   11   6   8   -0.0000193880
3   12   1   7   0.0000022748
3   12   2   7   -0.0002542753
3   12   3   7   0.0000064942
3   12   4   5   -0.0011739665
3   12   4   8   -0.0017106829
3   12   5   5   -0.0001230986
3   12   5   8   -0.0001793770
3   12   6   7   0.0002690685
4   7   1   5   0.0002436865
4   7   1   8   0.0004414841
4   7   2   5   -0.0000008506
4   7   2   8   -0.0000012318
4   7   3   5   0.0002377524
4   7   3   8   0.0003566158
4   7   4   6   -0.0000025351
4   7   4   7   0.0000241768
4   7   5   6   0.0000241768
4   7   5   7   0.0000025351
4   7   6   5   -0.0000340899
4   7   6   8   -0.0000234096
4   8   1   5   0.0000004919
4   8   1   8   -0.0000012318
4   8   2   5   0.0057736426
4   8   2   8   0.0058364666
4   8   3   5   0.0000026056
4   8   3   8   -0.0000081929
4   8   4   6   -0.0000041046
4   8   4   7   0.0000391452
4   8   5   6   0.0000391452
4   8   5   7   0.0000041046
4   8   6   5   0.0002125707
4   8   6   8   -0.0002589460
4   9   1   5   0.0002414453
4   9   1   8   0.0003566158
4   9   2   5   -0.0000054310
4   9   2   8   -0.0000081929
4   9   3   5   0.0010584452
4   9   3   8   0.0018319383
4   9   4   6   -0.0000073003
4   9   4   7   0.0000696217
4   9   5   6   0.0000696217
4   9   5   7   0.0000073003
4   9   6   5   -0.0001812199
4   9   6   8   -0.0012175333
4   10   1   6   0.0000016079
4   10   1   7   -0.0000153346
4   10   2   6   0.0000012707
4   10   2   7   -0.0000121186
4   10   3   6   -0.0000327249
4   10   3   7   0.0003120910
4   10   4   5   0.0002702288
4   10   4   8   0.0005130546
4   10   6   6   0.0001793770
4   10   6   7   -0.0017106829
4   11   1   6   -0.0000153346
4   11   1   7   -0.0000016079
4   11   2   6   -0.0000121186
4   11   2   7   -0.0000012707
4   11   3   6   0.0003120910
4   11   3   7   0.0000327249
4   11   5   5   0.0002702288
4   11   5   8   0.0005130546
4   11   6   6   -0.0017106829
4   11   6   7   -0.0001793770
4   12   1   5   0.0000232055
4   12   1   8   -0.0000234096
4   12   2   5   0.0000320743
4   12   2   8   -0.0002589460
4   12   3   5   -0.0007047775
4   12   3   8   -0.0012175333
4   12   4   6   0.0000193880
4   12   4   7   -0.0001848991
4   12   5   6   -0.0001848991
4   12   5   7   -0.0000193880
4   12   6   5   0.0045607571
4   12   6   8   0.0071106213

1   7   7   1   -0.1003188355
1   7   7   4   -0.0268945755
1   7   8   1   -0.0000000305
1   7   8   4   0.0000000060
1   7   9   1   0.0000603272
1   7   9   4   0.0000968217
1   7   10   2   0.0000130798
1   7   10   3   -0.0001247393
1   7   11   2   -0.0001247393
1   7   11   3   -0.0000130798
1   7   12   1   0.0004714402
1   7   12   4   0.0002504562
1   8   7   1   -0.0000000305
1   8   7   4   0.0000000060
1   8   8   1   -0.3029086033
1   8   8   4   -0.0419366853
1   8   9   1   0.0000025918
1   8   9   4   -0.0000016830
1   8   10   2   0.0000032391
1   8   10   3   -0.0000308903
1   8   11   2   -0.0000308903
1   8   11   3   -0.0000032391
1   8   12   1   -0.0002360135
1   8   12   4   0.0000327228
1   9   7   1   0.0000603272
1   9   7   4   0.0000968217
1   9   8   1   0.0000025918
1   9   8   4   -0.0000016830
1   9   9   1   -0.0989484960
1   9   9   4   -0.0246751020
1   9   10   2   0.0001529049
1   9   10   3   -0.0014582230
1   9   11   2   -0.0014582230
1   9   11   3   -0.0001529049
1   9   12   1   0.0055979342
1   9   12   4   0.0024714647
1   10   7   2   0.0000130798
1   10   7   3   -0.0001247393
1   10   8   2   0.0000032391
1   10   8   3   -0.0000308903
1   10   9   2   0.0001529049
1   10   9   3   -0.0014582230
1   10   10   1   -0.0983660074
1   10   10   4   -0.0240154935
1   10   12   2   -0.0000442610
1   10   12   3   0.0004221078
1   11   7   2   -0.0001247393
1   11   7   3   -0.0000130798
1   11   8   2   -0.0000308903
1   11   8   3   -0.0000032391
1   11   9   2   -0.0014582230
1   11   9   3   -0.0001529049
1   11   11   1   -0.0983660074
1   11   11   4   -0.0240154935
1   11   12   2   0.0004221078
1   11   12   3   0.0000442610
1   12   7   1   0.0004714402
1   12   7   4   0.0002504562
1   12   8   1   -0.0002360135
1   12   8   4   0.0000327228
1   12   9   1   0.0055979342
1   12   9   4   0.0024714647
1   12   10   2   -0.0000442610
1   12   10   3   0.0004221078
1   12   11   2   0.0004221078
1   12   11   3   0.0000442610
1   12   12   1   -0.1010451267
1   12   12   4   -0.0255356802
2   7   7   2   -0.1005910346
2   7   8   2   0.0000000196
2   7   9   2   0.0000137654
2   7   10   1   0.0000130798
2   7   10   4   0.0000155640
2   7   11   1   -0.0001247393
2   7   11   4   -0.0001484307
2   7   12   2   0.0004547104
2   8   7   2   0.0000000196
2   8   8   2   -0.2417659499
2   8   9   2   0.0000000234
2   8   10   1   0.0000032391
2   8   10   4   0.0000012603
2   8   11   1   -0.0000308903
2   8   11   4   -0.0000120190
2   8   12   2   -0.0000716977
2   9   7   2   0.0000137654
2   9   8   2   0.0000000234
2   9   9   2   -0.1003126568
2   9   10   1   0.0001529049
2   9   10   4   0.0001622721
2   9   11   1   -0.0014582230
2   9   11   4   -0.0015475566
2   9   12   2   0.0055032153
2   10   7   1   0.0000130798
2   10   7   4   0.0000155640
2   10   8   1   0.0000032391
2   10   8   4   0.0000012603
2   10   9   1   0.0001529049
2   10   9   4   0.0001622721
2   10   10   2   -0.0999127111
2   10   10   3   0.0000280349
2   10   11   2   0.0000280349
2   10   11   3   -0.0001322119
2   10   12   1   -0.0000442610
2   10   12   4   -0.0000507800
2   11   7   1   -0.0001247393
2   11   7   4   -0.0001484307
2   11   8   1   -0.0000308903
2   11   8   4   -0.0000120190
2   11   9   1   -0.0014582230
2   11   9   4   -0.0015475566
2   11   10   2   0.0000280349
2   11   10   3   -0.0001322119
2   11   11   2   -0.1001771349
2   11   11   3   -0.0000280349
2   11   12   1   0.0004221078
2   11   12   4   0.0004842785
2   12   7   2   0.0004547104
2   12   8   2   -0.0000716977
2   12   9   2   0.0055032153
2   12   10   1   -0.0000442610
2   12   10   4   -0.0000507800
2   12   11   1   0.0004221078
2   12   11   4   0.0004842785
2   12   12   2   -0.1021248164
3   7   7   3   -0.1005910346
3   7   8   3   0.0000000196
3   7   9   3   0.0000137654
3   7   10   1   -0.0001247393
3   7   10   4   -0.0001484307
3   7   11   1   -0.0000130798
3   7   11   4   -0.0000155640
3   7   12   3   0.0004547104
3   8   7   3   0.0000000196
3   8   8   3   -0.2417659499
3   8   9   3   0.0000000234
3   8   10   1   -0.0000308903
3   8   10   4   -0.0000120190
3   8   11   1   -0.0000032391
3   8   11   4   -0.0000012603
3   8   12   3   -0.0000716977
3   9   7   3   0.0000137654
3   9   8   3   0.0000000234
3   9   9   3   -0.1003126568
3   9   10   1   -0.0014582230
3   9   10   4   -0.0015475566
3   9   11   1   -0.0001529049
3   9   11   4   -0.0001622721
3   9   12   3   0.0055032153
3   10   7   1   -0.0001247393
3   10   7   4   -0.0001484307
3   10   8   1   -0.0000308903
3   10   8   4   -0.0000120190
3   10   9   1   -0.0014582230
3   10   9   4   -0.0015475566
3   10   10   2   0.0000280349
3   10   10   3   -0.1001771349
3   10   11   2   -0.0001322119
3   10   11   3   -0.0000280349
3   10   12   1   0.0004221078
3   10   12   4   0.0004842785
3   11   7   1   -0.0000130798
3   11   7   4   -0.0000155640
3   11   8   1   -0.0000032391
3   11   8   4   -0.0000012603
3   11   9   1   -0.0001529049
3   11   9   4   -0.0001622721
3   11   10   2   -0.0001322119
3   11   10   3   -0.0000280349
3   11   11   2   -0.0000280349
3   11   11   3   -0.0999127111
3   11   12   1   0.0000442610
3   11   12   4   0.0000507800
3   12   7   3   0.0004547104
3   12   8   3   -0.0000716977
3   12   9   3   0.0055032153
3   12   10   1   0.0004221078
3   12   10   4   0.0004842785
3   12   11   1   0.0000442610
3   12   11   4   0.0000507800
3   12   12   3   -0.1021248164
4   7   7   1   -0.0268945755
4   7   7   4   -0.1293483434
4   7   8   1   0.0000000060
4   7   8   4   -0.0000000426
4   7   9   1   0.0000968217
4   7   9   4   0.0001675780
4   7   10   2   0.0000155640
4   7   10   3   -0.0001484307
4   7   11   2   -0.0001484307
4   7   11   3   -0.0000155640
4   7   12   1   0.0002504562
4   7   12   4   0.0008421931
4   8   7   1   0.0000000060
4   8   7   4   -0.0000000426
4   8   8   1   -0.0419366853
4   8   8   4   -0.2702270689
4   8   9   1   -0.0000016830
4   8   9   4   0.0000012314
4   8   10   2   0.0000012603
4   8   10   3   -0.0000120190
4   8   11   2   -0.0000120190
4   8   11   3   -0.0000012603
4   8   12   1   0.0000327228
4   8   12   4   -0.0000345318
4   9   7   1   0.0000968217
4   9   7   4   0.0001675780
4   9   8   1   -0.0000016830
4   9   8   4   0.0000012314
4   9   9   1   -0.0246751020
4   9   9   4   -0.1256999977
4   9   10   2   0.0001622721
4   9   10   3   -0.0015475566
4   9   11   2   -0.0015475566
4   9   11   3   -0.0001622721
4   9   12   1   0.0024714647
4   9   12   4   0.0087176679
4   10   7   2   0.0000155640
4   10   7   3   -0.0001484307
4   10   8   2   0.0000012603
4   10   8   3   -0.0000120190
4   10   9   2   0.0001622721
4   10   9   3   -0.0015475566
4   10   10   1   -0.0240154935
4   10   10   4   -0.1244172285
4   10   12   2   -0.0000507800
4   10   12   3   0.0004842785
4   11   7   2   -0.0001484307
4   11   7   3   -0.0000155640
4   11   8   2   -0.0000120190
4   11   8   3   -0.0000012603
4   11   9   2   -0.0015475566
4   11   9   3   -0.0001622721
4   11   11   1   -0.0240154935
4   11   11   4   -0.1244172285
4   11   12   2   0.0004842785
4   11   12   3   0.0000507800
4   12   7   1   0.0002504562
4   12   7   4   0.0008421931
4   12   8   1   0.0000327228
4   12   8   4   -0.0000345318
4   12   9   1   0.0024714647
4   12   9   4   0.0087176679
4   12   10   2   -0.0000507800
4   12   10   3   0.0004842785
4   12   11   2   0.0004842785
4   12   11   3   0.0000507800
4   12   12   1   -0.0255356802
4   12   12   4   -0.1285324176

End AIJB Block
Begin IJKA Block
1   7   1   5   0.0013953469
1   7   1   8   0.0147582706
1   7   2   5   -0.0000000283
1   7   2   8   -0.0000000640
1   7   3   5   -0.0002283850
1   7   3   8   -0.0024375131
1   7   4   6   0.0001188565
1   7   4   7   -0.0011335109
1   7   5   6   -0.0011335109
1   7   5   7   -0.0001188565
1   7   6   5   0.0022807778
1   7   6   8   0.0035506419
1   8   1   5   -0.0004132146
1   8   1   8   0.0011038565
1   8   2   5   -0.0000001833
1   8   2   8   -0.0000001204
1   8   3   5   0.0000000040
1   8   3   8   0.0000000454
1   8   4   6   -0.0000007337
1   8   4   7   0.0000069967
1   8   5   6   0.0000069967
1   8   5   7   0.0000007337
1   8   6   5   0.0000048625
1   8   6   8   -0.0000129135
1   9   1   5   -0.0025269007
1   9   1   8   -0.0228573151
1   9   2   5   -0.0000000353
1   9   2   8   -0.0000000493
1   9   3   5   0.0000584931
1   9   3   8   0.0006587474
1   9   4   6   0.0001172519
1   9   4   7   -0.0011182077
1   9   5   6   -0.0011182077
1   9   5   7   -0.0001172519
1   9   6   5   0.0023517494
1   9   6   8   0.0036295618
1   10   1   6   0.0032142519
1   10   1   7   -0.0306536746
1   10   2   6   -0.0000000003
1   10   2   7   0.0000000032
1   10   3   6   -0.0000477695
1   10   3   7   0.0004555678
1   10   4   5   -0.0000890704
1   10   4   8   -0.0007826200
1   10   6   6   0.0000036145
1   10   6   7   -0.0000344704
1   11   1   6   -0.0306536746
1   11   1   7   -0.0032142519
1   11   2   6   0.0000000032
1   11   2   7   0.0000000003
1   11   3   6   0.0004555678
1   11   3   7   0.0000477695
1   11   5   5   -0.0000890704
1   11   5   8   -0.0007826200
1   11   6   6   -0.0000344704
1   11   6   7   -0.0000036145
1   12   1   5   0.0651823852
1   12   1   8   0.0954548875
1   12   2   5   -0.0000000056
1   12   2   8   -0.0000000010
1   12   3   5   -0.0009188710
1   12   3   8   -0.0014323224
1   12   4   6   0.0000072561
1   12   4   7   -0.0000692001
1   12   5   6   -0.0000692001
1   12   5   7   -0.0000072561
1   12   6   5   -0.0000078283
1   12   6   8   -0.0005869536
2   7   1   5   -0.0000000283
2   7   1   8   -0.0000000640
2   7   2   5   -0.0000435620
2   7   2   8   -0.0000679033
2   7   3   5   -0.0000000481
2   7   3   8   -0.0000000699
2   7   4   6   0.0000000006
2   7   4   7   -0.0000000055
2   7   5   6   -0.0000000055
2   7   5   7   -0.0000000006
2   7   6   5   0.0000000518
2   7   6   8   0.0000000755
2   8   1   5   -0.0000001833
2   8   1   8   -0.0000001204
2   8   2   5   -0.1088579753
2   8   2   8   -0.0628589294
2   8   3   5   0.0000030632
2   8   3   8   0.0000018831
2   8   4   6   -0.0000019829
2   8   4   7   0.0000189109
2   8   5   6   0.0000189109
2   8   5   7   0.0000019829
2   8   6   5   -0.0007711177
2   8   6   8   -0.0004992206
2   9   1   5   -0.0000000353
2   9   1   8   -0.0000000493
2   9   2   5   -0.0003536401
2   9   2   8   -0.0003627870
2   9   3   5   -0.0000002039
2   9   3   8   -0.0000003703
2   9   4   6   -0.0000000009
2   9   4   7   0.0000000081
2   9   5   6   0.0000000081
2   9   5   7   0.0000000009
2   9   6   5   0.0000004061
2   9   6   8   0.0000007362
2   10   1   6   -0.0000000003
2   10   1   7   0.0000000032
2   10   2   6   -0.0001472587
2   10   2   7   0.0014043765
2   10   3   6   0.0000000112
2   10   3   7   -0.0000001071
2   10   4   5   0.0000002616
2   10   4   8   0.0000002195
2   10   6   6   -0.0000001214
2   10   6   7   0.0000011574
2   11   1   6   0.0000000032
2   11   1   7   0.0000000003
2   11   2   6   0.0014043765
2   11   2   7   0.0001472587
2   11   3   6   -0.0000001071
2   11   3   7   -0.0000000112
2   11   5   5   0.0000002616
2   11   5   8   0.0000002195
2   11   6   6   0.0000011574
2   11   6   7   0.0000001214
2   12   1   5   -0.0000000056
2   12   1   8   -0.0000000010
2   12   2   5   -0.0111158138
2   12   2   8   -0.0141004678
2   12   3   5   0.0000003034
2   12   3   8   0.0000003864
2   12   4   6   0.0000002111
2   12   4   7   -0.0000020133
2   12   5   6   -0.0000020133
2   12   5   7   -0.0000002111
2   12   6   5   -0.0000092027
2   12   6   8   0.0000026479
3   7   1   5   -0.0002283850
3   7   1   8   -0.0024375131
3   7   2   5   -0.0000000481
3   7   2   8   -0.0000000699
3   7   3   5   0.0000470364
3   7   3   8   0.0006049987
3   7   4   6   0.0001219458
3   7   4   7   -0.0011629722
3   7   5   6   -0.0011629722
3   7   5   7   -0.0001219458
3   7   6   5   0.0023749203
3   7   6   8   0.0037209308
3   8   1   5   0.0000000040
3   8   1   8   0.0000000454
3   8   2   5   0.0000030632
3   8   2   8   0.0000018831
3   8   3   5   -0.0004133690
3   8   3   8   0.0011058613
3   8   4   6   -0.0000086847
3   8   4   7   0.0000828242
3   8   5   6   0.0000828242
3   8   5   7   0.0000086847
3   8   6   5   0.0000589202
3   8   6   8   -0.0001568247
3   9   1   5   0.0000584931
3   9   1   8   0.0006587474
3   9   2   5   -0.0000002039
3   9   2   8   -0.0000003703
3   9   3   5   -0.0015580363
3   9   3   8   -0.0128706489
3   9   4   6   0.0005049144
3   9   4   7   -0.0048152673
3   9   5   6   -0.0048152673
3   9   5   7   -0.0005049144
3   9   6   5   0.0104142114
3   9   6   8   0.0157280309
3   10   1   6   -0.0000477695
3   10   1   7   0.0004555678
3   10   2   6   0.0000000112
3   10   2   7   -0.0000001071
3   10   3   6   0.0021137621
3   10   3   7   -0.0201585249
3   10   4   5   -0.0003189576
3   10   4   8   -0.0021914078
3   10   6   6   0.0000557934
3   10   6   7   -0.0005320904
3   11   1   6   0.0004555678
3   11   1   7   0.0000477695
3   11   2   6   -0.0000001071
3   11   2   7   -0.0000000112
3   11   3   6   -0.0201585249
3   11   3   7   -0.0021137621
3   11   5   5   -0.0003189576
3   11   5   8   -0.0021914078
3   11   6   6   -0.0005320904
3   11   6   7   -0.0000557934
3   12   1   5   -0.0009188710
3   12   1   8   -0.0014323224
3   12   2   5   0.0000003034
3   12   2   8   0.0000003864
3   12   3   5   0.0436961064
3   12   3   8   0.0620515802
3   12   4   6   0.0000646896
3   12   4   7   -0.0006169318
3   12   5   6   -0.0006169318
3   12   5   7   -0.0000646896
3   12   6   5   0.0007588527
3   12   6   8   0.0000113789
4   7   1   6   0.0001188565
4   7   1   7   -0.0011335109
4   7   2   6   0.0000000006
4   7   2   7   -0.0000000055
4   7   3   6   0.0001219458
4   7   3   7   -0.0011629722
4   7   4   5   0.0000292975
4   7   4   8   0.0003499839
4   7   6   6   0.0000015278
4   7   6   7   -0.0000145703
4   8   1   6   -0.0000007337
4   8   1   7   0.0000069967
4   8   2   6   -0.0000019829
4   8   2   7   0.0000189109
4   8   3   6   -0.0000086847
4   8   3   7   0.0000828242
4   8   4   5   -0.0004069434
4   8   4   8   0.0010890108
4   8   6   6   0.0000025241
4   8   6   7   -0.0000240719
4   9   1   6   0.0001172519
4   9   1   7   -0.0011182077
4   9   2   6   -0.0000000009
4   9   2   7   0.0000000081
4   9   3   6   0.0005049144
4   9   3   7   -0.0048152673
4   9   4   5   -0.0014174120
4   9   4   8   -0.0116716694
4   9   6   6   0.0000123741
4   9   6   7   -0.0001180091
4   10   1   5   -0.0000890704
4   10   1   8   -0.0007826200
4   10   2   5   0.0000002616
4   10   2   8   0.0000002195
4   10   3   5   -0.0003189576
4   10   3   8   -0.0021914078
4   10   4   6   0.0021393176
4   10   4   7   -0.0204022425
4   10   5   6   -0.0011688345
4   10   5   7   -0.0001225605
4   10   6   5   0.0025519479
4   10   6   8   0.0038139051
4   11   4   6   -0.0180645736
4   11   4   7   -0.0018941967
4   11   5   6   0.0001225605
4   11   5   7   -0.0011688345
4   12   1   6   0.0000072561
4   12   1   7   -0.0000692001
4   12   2   6   0.0000002111
4   12   2   7   -0.0000020133
4   12   3   6   0.0000646896
4   12   3   7   -0.0006169318
4   12   4   5   0.0392290400
4   12   4   8   0.0552714426
4   12   6   6   0.0001088014
4   12   6   7   -0.0010376171
5   7   1   6   -0.0011335109
5   7   1   7   -0.0001188565
5   7   2   6   -0.0000000055
5   7   2   7   -0.0000000006
5   7   3   6   -0.0011629722
5   7   3   7   -0.0001219458
5   7   5   5   0.0000292975
5   7   5   8   0.0003499839
5   7   6   6   -0.0000145703
5   7   6   7   -0.0000015278
5   8   1   6   0.0000069967
5   8   1   7   0.0000007337
5   8   2   6   0.0000189109
5   8   2   7   0.0000019829
5   8   3   6   0.0000828242
5   8   3   7   0.0000086847
5   8   5   5   -0.0004069434
5   8   5   8   0.0010890108
5   8   6   6   -0.0000240719
5   8   6   7   -0.0000025241
5   9   1   6   -0.0011182077
5   9   1   7   -0.0001172519
5   9   2   6   0.0000000081
5   9   2   7   0.0000000009
5   9   3   6   -0.0048152673
5   9   3   7   -0.0005049144
5   9   5   5   -0.0014174120
5   9   5   8   -0.0116716694
5   9   6   6   -0.0001180091
5   9   6   7   -0.0000123741
5   10   4   6   -0.0011688345
5   10   4   7   -0.0001225605
5   10   5   6   0.0018941967
5   10   5   7   -0.0180645736
5   11   1   5   -0.0000890704
5   11   1   8   -0.0007826200
5   11   2   5   0.0000002616
5   11   2   8   0.0000002195
5   11   3   5   -0.0003189576
5   11   3   8   -0.0021914078
5   11   4   6   0.0001225605
5   11   4   7   -0.0011688345
5   11   5   6   -0.0204022425
5   11   5   7   -0.0021393176
5   11   6   5   0.0025519479
5   11   6   8   0.0038139051
5   12   1   6   -0.0000692001
5   12   1   7   -0.0000072561
5   12   2   6   -0.0000020133
5   12   2   7   -0.0000002111
5   12   3   6   -0.0006169318
5   12   3   7   -0.0000646896
5   12   5   5   0.0392290400
5   12   5   8   0.0552714426
5   12   6   6   -0.0010376171
5   12   6   7   -0.0001088014
6   7   1   5   0.0022807778
6   7   1   8   0.0035506419
6   7   2   5   0.0000000518
6   7   2   8   0.0000000755
6   7   3   5   0.0023749203
6   7   3   8   0.0037209308
6   7   4   6   0.0000015278
6   7   4   7   -0.0000145703
6   7   5   6   -0.0000145703
6   7   5   7   -0.0000015278
6   7   6   5   0.0000727306
6   7   6   8   0.0004068749
6   8   1   5   0.0000048625
6   8   1   8   -0.0000129135
6   8   2   5   -0.0007711177
6   8   2   8   -0.0004992206
6   8   3   5   0.0000589202
6   8   3   8   -0.0001568247
6   8   4   6   0.0000025241
6   8   4   7   -0.0000240719
6   8   5   6   -0.0000240719
6   8   5   7   -0.0000025241
6   8   6   5   -0.0004539924
6   8   6   8   0.0011808575
6   9   1   5   0.0023517494
6   9   1   8   0.0036295618
6   9   2   5   0.0000004061
6   9   2   8   0.0000007362
6   9   3   5   0.0104142114
6   9   3   8   0.0157280309
6   9   4   6   0.0000123741
6   9   4   7   -0.0001180091
6   9   5   6   -0.0001180091
6   9   5   7   -0.0000123741
6   9   6   5   -0.0012319409
6   9   6   8   -0.0110106718
6   10   1   6   0.0000036145
6   10   1   7   -0.0000344704
6   10   2   6   -0.0000001214
6   10   2   7   0.0000011574
6   10   3   6   0.0000557934
6   10   3   7   -0.0005320904
6   10   4   5   0.0025519479
6   10   4   8   0.0038139051
6   10   6   6   0.0018348813
6   10   6   7   -0.0174988943
6   11   1   6   -0.0000344704
6   11   1   7   -0.0000036145
6   11   2   6   0.0000011574
6   11   2   7   0.0000001214
6   11   3   6   -0.0005320904
6   11   3   7   -0.0000557934
6   11   5   5   0.0025519479
6   11   5   8   0.0038139051
6   11   6   6   -0.0174988943
6   11   6   7   -0.0018348813
6   12   1   5   -0.0000078283
6   12   1   8   -0.0005869536
6   12   2   5   -0.0000092027
6   12   2   8   0.0000026479
6   12   3   5   0.0007588527
6   12   3   8   0.0000113789
6   12   4   6   0.0001088014
6   12   4   7   -0.0010376171
6   12   5   6   -0.0010376171
6   12   5   7   -0.0001088014
6   12   6   5   0.0428585721
6   12   6   8   0.0605256109

End IJKA Block
Begin IABC Block
1   5   1   5   -0.0000304965
1   5   1   8   -0.0000160874
1   5   2   6   -0.0000039700
1   5   3   7   -0.0000039700
1   5   4   5   -0.0000461470
1   5   4   8   -0.0000230442
1   6   1   6   -0.0000296672
1   6   2   5   -0.0000039700
1   6   2   8   -0.0000048171
1   6   4   6   -0.0000459604
1   7   1   7   -0.0000296672
1   7   3   5   -0.0000039700
1   7   3   8   -0.0000048171
1   7   4   7   -0.0000459604
1   8   1   5   -0.0000160874
1   8   1   8   -0.0000549068
1   8   2   6   -0.0000048171
1   8   3   7   -0.0000048171
1   8   4   5   -0.0000230442
1   8   4   8   -0.0000811410
2   5   1   5   -0.0011545895
2   5   1   8   -0.0019619628
2   5   2   6   0.0037706052
2   5   3   7   0.0037706052
2   5   4   5   -0.0035709546
2   5   4   8   0.0023340056
2   6   1   6   -0.0005307448
2   6   2   5   0.0037706052
2   6   2   8   0.0016116799
2   6   4   6   -0.0008209970
2   7   1   7   -0.0005307448
2   7   3   5   0.0037706052
2   7   3   8   0.0016116799
2   7   4   7   -0.0008209970
2   8   1   5   -0.0019619628
2   8   1   8   -0.0020313854
2   8   2   6   0.0016116799
2   8   3   7   0.0016116799
2   8   4   5   0.0023340056
2   8   4   8   0.0012057469
3   5   1   5   -0.0002430361
3   5   1   8   -0.0001289612
3   5   2   6   0.0000227184
3   5   3   7   0.0000227184
3   5   4   5   -0.0003173399
3   5   4   8   -0.0002001007
3   6   1   6   -0.0002430462
3   6   2   5   0.0000227184
3   6   2   8   0.0000190878
3   6   4   6   -0.0002723469
3   7   1   7   -0.0002430462
3   7   3   5   0.0000227184
3   7   3   8   0.0000190878
3   7   4   7   -0.0002723469
3   8   1   5   -0.0001289612
3   8   1   8   -0.0004106829
3   8   2   6   0.0000190878
3   8   3   7   0.0000190878
3   8   4   5   -0.0002001007
3   8   4   8   -0.0006108588
4   5   1   6   -0.0000424909
4   5   1   7   0.0004052269
4   5   2   5   -0.0001140587
4   5   2   8   0.0000134432
4   5   3   5   0.0010877551
4   5   3   8   -0.0001282047
4   5   4   6   -0.0000483001
4   5   4   7   0.0004606283
4   6   1   5   -0.0000424909
4   6   1   8   -0.0000197980
4   6   2   6   -0.0001269128
4   6   2   7   0.0001677006
4   6   3   6   0.0008749411
4   6   3   7   -0.0000175846
4   6   4   5   -0.0000483001
4   6   4   8   -0.0000406634
4   7   1   5   0.0004052269
4   7   1   8   0.0001888095
4   7   2   6   0.0001677006
4   7   2   7   -0.0000917437
4   7   3   6   -0.0000175846
4   7   3   7   0.0012103423
4   7   4   5   0.0004606283
4   7   4   8   0.0003877989
4   8   1   6   -0.0000197980
4   8   1   7   0.0001888095
4   8   2   5   0.0000134432
4   8   2   8   -0.0000551745
4   8   3   5   -0.0001282047
4   8   3   8   0.0005261878
4   8   4   6   -0.0000406634
4   8   4   7   0.0003877989
5   5   1   6   0.0004052269
5   5   1   7   0.0000424909
5   5   2   5   0.0010877551
5   5   2   8   -0.0001282047
5   5   3   5   0.0001140587
5   5   3   8   -0.0000134432
5   5   4   6   0.0004606283
5   5   4   7   0.0000483001
5   6   1   5   0.0004052269
5   6   1   8   0.0001888095
5   6   2   6   0.0012103423
5   6   2   7   0.0000175846
5   6   3   6   0.0000917437
5   6   3   7   0.0001677006
5   6   4   5   0.0004606283
5   6   4   8   0.0003877989
5   7   1   5   0.0000424909
5   7   1   8   0.0000197980
5   7   2   6   0.0000175846
5   7   2   7   0.0008749411
5   7   3   6   0.0001677006
5   7   3   7   0.0001269128
5   7   4   5   0.0000483001
5   7   4   8   0.0000406634
5   8   1   6   0.0001888095
5   8   1   7   0.0000197980
5   8   2   5   -0.0001282047
5   8   2   8   0.0005261878
5   8   3   5   -0.0000134432
5   8   3   8   0.0000551745
5   8   4   6   0.0003877989
5   8   4   7   0.0000406634
6   5   1   5   -0.0062978799
6   5   1   8   -0.0003356962
6   5   2   6   -0.0023303687
6   5   3   7   -0.0023303687
6   5   4   5   -0.0066946488
6   5   4   8   -0.0027735633
6   6   1   6   -0.0051283485
6   6   2   5   -0.0023303687
6   6   2   8   -0.0012842610
6   6   4   6   -0.0064205989
6   7   1   7   -0.0051283485
6   7   3   5   -0.0023303687
6   7   3   8   -0.0012842610
6   7   4   7   -0.0064205989
6   8   1   5   -0.0003356962
6   8   1   8   -0.0050002305
6   8   2   6   -0.0012842610
6   8   3   7   -0.0012842610
6   8   4   5   -0.0027735633
6   8   4   8   -0.0079068041

End IABC Block
