Begin IJ Block
1   1   -40.8237377789
1   2   0.0000176915
1   3   0.7529825312
1   6   0.0190339835
2   2   -5.6869394973
2   3   0.0001599010
2   6   -0.0137807479
3   3   -9.2248478394
3   6   -0.0637530012
4   4   -8.1271623112
4   5   0.0000000000
5   5   -8.1271623113
6   6   -7.7009021664

End IJ Block
Begin IA Block
1   1   -0.0034658135
2   1   0.1080337841
3   1   0.0222459384
4   2   0.1570422785
4   3   -0.0636672467
5   2   0.0636672467
5   3   0.1570422785
6   1   -0.1497716582

End IA Block
Begin AB Block
1   1   -1.7632408073
2   2   -1.5827585087
3   3   -1.5827585087

End AB Block
Begin IJKL Block
1   7   1   7   5.3485150059
1   7   1   8   -0.0000104324
1   7   1   9   -0.5325449743
1   7   1   12   -0.0134270924
1   7   2   7   -0.0000104324
1   7   2   8   0.0000000422
1   7   2   9   0.0000013238
1   7   2   12   0.0000012771
1   7   3   7   -0.5325449743
1   7   3   8   0.0000013238
1   7   3   9   0.0816615532
1   7   3   12   0.0022230917
1   7   4   10   0.0319020936
1   7   5   11   0.0319020936
1   7   6   7   -0.0134270924
1   7   6   8   0.0000012771
1   7   6   9   0.0022230917
1   7   6   12   0.0282126675
1   8   1   7   -0.0000104324
1   8   1   8   0.1380697473
1   8   1   9   0.0000327520
1   8   1   12   -0.0003245281
1   8   2   7   0.0000003340
1   8   2   8   -0.0000002459
1   8   2   9   0.0000004086
1   8   2   12   -0.0000000496
1   8   3   7   0.0000015334
1   8   3   8   0.0000038025
1   8   3   9   -0.0000003619
1   8   3   12   0.0000009207
1   8   4   10   0.0000008812
1   8   5   11   0.0000008812
1   8   6   7   0.0000014349
1   8   6   8   -0.0009447578
1   8   6   9   -0.0000003036
1   8   6   12   0.0000057244
1   9   1   7   -0.5325449743
1   9   1   8   0.0000327520
1   9   1   9   1.2639571701
1   9   1   12   0.0190189782
1   9   2   7   0.0000015334
1   9   2   8   -0.0000000298
1   9   2   9   -0.0000004506
1   9   2   12   0.0000008494
1   9   3   7   0.0862328505
1   9   3   8   -0.0000005599
1   9   3   9   -0.0237978405
1   9   3   12   -0.0005396826
1   9   4   10   0.0362371599
1   9   5   11   0.0362371599
1   9   6   7   0.0021598158
1   9   6   8   -0.0000001148
1   9   6   9   -0.0006351372
1   9   6   12   0.0323993935
1   10   1   10   1.1716610128
1   10   1   11   0.0000000000
1   10   2   10   -0.0000002474
1   10   3   10   -0.0156112119
1   10   3   11   0.0000000000
1   10   4   7   0.0370857882
1   10   4   8   0.0000009038
1   10   4   9   0.0368693391
1   10   4   12   0.0007475208
1   10   6   10   -0.0004670393
1   11   1   10   0.0000000000
1   11   1   11   1.1716610128
1   11   2   11   -0.0000002474
1   11   3   10   0.0000000000
1   11   3   11   -0.0156112119
1   11   5   7   0.0370857882
1   11   5   8   0.0000009038
1   11   5   9   0.0368693391
1   11   5   12   0.0007475208
1   11   6   11   -0.0004670393
1   12   1   7   -0.0134270924
1   12   1   8   -0.0003245281
1   12   1   9   0.0190189782
1   12   1   12   1.0906103845
1   12   2   7   0.0000014349
1   12   2   8   -0.0000001081
1   12   2   9   0.0000005491
1   12   2   12   -0.0000000719
1   12   3   7   0.0021598158
1   12   3   8   0.0000006663
1   12   3   9   -0.0005801030
1   12   3   12   -0.0143859990
1   12   4   10   0.0006840961
1   12   5   11   0.0006840961
1   12   6   7   0.0334562818
1   12   6   8   0.0000053376
1   12   6   9   0.0334418016
1   12   6   12   0.0005534655
2   7   1   7   -0.0000104324
2   7   1   8   0.0000003340
2   7   1   9   0.0000015334
2   7   1   12   0.0000014349
2   7   2   7   0.1380697473
2   7   2   8   -0.0000002459
2   7   2   9   0.0000038025
2   7   2   12   -0.0009447578
2   7   3   7   0.0000327520
2   7   3   8   0.0000004086
2   7   3   9   -0.0000003619
2   7   3   12   -0.0000003036
2   7   4   10   0.0000008812
2   7   5   11   0.0000008812
2   7   6   7   -0.0003245281
2   7   6   8   -0.0000000496
2   7   6   9   0.0000009207
2   7   6   12   0.0000057244
2   8   1   7   0.0000000422
2   8   1   8   -0.0000002459
2   8   1   9   -0.0000000298
2   8   1   12   -0.0000001081
2   8   2   7   -0.0000002459
2   8   2   8   1.6354492212
2   8   2   9   -0.0003351316
2   8   2   12   0.0165446869
2   8   3   7   -0.0000000298
2   8   3   8   -0.0003351316
2   8   3   9   -0.0000035129
2   8   3   12   -0.0000031750
2   8   4   10   -0.0000044860
2   8   5   11   -0.0000044860
2   8   6   7   -0.0000001081
2   8   6   8   0.0165446869
2   8   6   9   -0.0000031750
2   8   6   12   0.0000414002
2   9   1   7   0.0000013238
2   9   1   8   0.0000004086
2   9   1   9   -0.0000004506
2   9   1   12   0.0000005491
2   9   2   7   0.0000038025
2   9   2   8   -0.0003351316
2   9   2   9   0.1383053309
2   9   2   12   -0.0119807859
2   9   3   7   -0.0000005599
2   9   3   8   0.0000030118
2   9   3   9   0.0000235256
2   9   3   12   -0.0000015113
2   9   4   10   0.0000045604
2   9   5   11   0.0000045604
2   9   6   7   0.0000006663
2   9   6   8   -0.0000036791
2   9   6   9   -0.0003137480
2   9   6   12   0.0000569522
2   10   1   10   -0.0000002474
2   10   2   10   0.1376766096
2   10   3   10   0.0000228795
2   10   4   7   0.0000009038
2   10   4   8   -0.0000009301
2   10   4   9   0.0000052984
2   10   4   12   -0.0000006643
2   10   6   10   -0.0003060466
2   11   1   11   -0.0000002474
2   11   2   11   0.1376766096
2   11   3   11   0.0000228795
2   11   5   7   0.0000009038
2   11   5   8   -0.0000009301
2   11   5   9   0.0000052984
2   11   5   12   -0.0000006643
2   11   6   11   -0.0003060466
2   12   1   7   0.0000012771
2   12   1   8   -0.0000000496
2   12   1   9   0.0000008494
2   12   1   12   -0.0000000719
2   12   2   7   -0.0009447578
2   12   2   8   0.0165446869
2   12   2   9   -0.0119807859
2   12   2   12   0.1519134461
2   12   3   7   -0.0000001148
2   12   3   8   -0.0000036791
2   12   3   9   0.0000008747
2   12   3   12   0.0000228911
2   12   4   10   0.0000007596
2   12   5   11   0.0000007596
2   12   6   7   0.0000053376
2   12   6   8   0.0003543019
2   12   6   9   0.0000566594
2   12   6   12   -0.0003274897
3   7   1   7   -0.5325449743
3   7   1   8   0.0000015334
3   7   1   9   0.0862328505
3   7   1   12   0.0021598158
3   7   2   7   0.0000327520
3   7   2   8   -0.0000000298
3   7   2   9   -0.0000005599
3   7   2   12   -0.0000001148
3   7   3   7   1.2639571701
3   7   3   8   -0.0000004506
3   7   3   9   -0.0237978405
3   7   3   12   -0.0006351372
3   7   4   10   0.0362371599
3   7   5   11   0.0362371599
3   7   6   7   0.0190189782
3   7   6   8   0.0000008494
3   7   6   9   -0.0005396826
3   7   6   12   0.0323993935
3   8   1   7   0.0000013238
3   8   1   8   0.0000038025
3   8   1   9   -0.0000005599
3   8   1   12   0.0000006663
3   8   2   7   0.0000004086
3   8   2   8   -0.0003351316
3   8   2   9   0.0000030118
3   8   2   12   -0.0000036791
3   8   3   7   -0.0000004506
3   8   3   8   0.1383053309
3   8   3   9   0.0000235256
3   8   3   12   -0.0003137480
3   8   4   10   0.0000045604
3   8   5   11   0.0000045604
3   8   6   7   0.0000005491
3   8   6   8   -0.0119807859
3   8   6   9   -0.0000015113
3   8   6   12   0.0000569522
3   9   1   7   0.0816615532
3   9   1   8   -0.0000003619
3   9   1   9   -0.0237978405
3   9   1   12   -0.0005801030
3   9   2   7   -0.0000003619
3   9   2   8   -0.0000035129
3   9   2   9   0.0000235256
3   9   2   12   0.0000008747
3   9   3   7   -0.0237978405
3   9   3   8   0.0000235256
3   9   3   9   0.8720539960
3   9   3   12   0.0097779602
3   9   4   10   0.1538160401
3   9   5   11   0.1538160401
3   9   6   7   -0.0005801030
3   9   6   8   0.0000008747
3   9   6   9   0.0097779602
3   9   6   12   0.1403818227
3   10   1   10   -0.0156112119
3   10   1   11   0.0000000000
3   10   2   10   0.0000228795
3   10   3   10   0.8192213248
3   10   4   7   0.0368693391
3   10   4   8   0.0000052984
3   10   4   9   0.1584680792
3   10   4   12   0.0019985171
3   10   6   10   0.0087663744
3   11   1   10   0.0000000000
3   11   1   11   -0.0156112119
3   11   2   11   0.0000228795
3   11   3   11   0.8192213248
3   11   5   7   0.0368693391
3   11   5   8   0.0000052984
3   11   5   9   0.1584680792
3   11   5   12   0.0019985171
3   11   6   11   0.0087663744
3   12   1   7   0.0022230917
3   12   1   8   0.0000009207
3   12   1   9   -0.0005396826
3   12   1   12   -0.0143859990
3   12   2   7   -0.0000003036
3   12   2   8   -0.0000031750
3   12   2   9   -0.0000015113
3   12   2   12   0.0000228911
3   12   3   7   -0.0006351372
3   12   3   8   -0.0003137480
3   12   3   9   0.0097779602
3   12   3   12   0.7689708610
3   12   4   10   0.0018930398
3   12   5   11   0.0018930398
3   12   6   7   0.0334418016
3   12   6   8   0.0000566594
3   12   6   9   0.1459241057
3   12   6   12   0.0085594964
4   7   1   10   0.0370857882
4   7   2   10   0.0000009038
4   7   3   10   0.0368693391
4   7   4   7   1.1716610128
4   7   4   8   -0.0000002474
4   7   4   9   -0.0156112119
4   7   4   12   -0.0004670393
4   7   5   7   0.0000000000
4   7   5   9   0.0000000000
4   7   6   10   0.0007475208
4   8   1   10   0.0000009038
4   8   2   10   -0.0000009301
4   8   3   10   0.0000052984
4   8   4   7   -0.0000002474
4   8   4   8   0.1376766096
4   8   4   9   0.0000228795
4   8   4   12   -0.0003060466
4   8   6   10   -0.0000006643
4   9   1   10   0.0368693391
4   9   2   10   0.0000052984
4   9   3   10   0.1584680792
4   9   4   7   -0.0156112119
4   9   4   8   0.0000228795
4   9   4   9   0.8192213248
4   9   4   12   0.0087663744
4   9   5   7   0.0000000000
4   9   6   10   0.0019985171
4   10   1   7   0.0319020936
4   10   1   8   0.0000008812
4   10   1   9   0.0362371599
4   10   1   12   0.0006840961
4   10   2   7   0.0000008812
4   10   2   8   -0.0000044860
4   10   2   9   0.0000045604
4   10   2   12   0.0000007596
4   10   3   7   0.0362371599
4   10   3   8   0.0000045604
4   10   3   9   0.1538160401
4   10   3   12   0.0018930398
4   10   4   10   0.8180591574
4   10   4   11   -0.0000000000
4   10   5   10   -0.0000000000
4   10   5   11   0.0319822526
4   10   6   7   0.0006840961
4   10   6   8   0.0000007596
4   10   6   9   0.0018930398
4   10   6   12   0.0291399132
4   11   4   10   -0.0000000000
4   11   4   11   0.7479769947
4   11   5   10   0.0380999102
4   11   5   11   -0.0000000000
4   12   1   10   0.0007475208
4   12   2   10   -0.0000006643
4   12   3   10   0.0019985171
4   12   4   7   -0.0004670393
4   12   4   8   -0.0003060466
4   12   4   9   0.0087663744
4   12   4   12   0.7035257446
4   12   5   12   -0.0000000000
4   12   6   10   0.0349651439
5   7   1   11   0.0370857882
5   7   2   11   0.0000009038
5   7   3   11   0.0368693391
5   7   4   7   0.0000000000
5   7   4   9   0.0000000000
5   7   5   7   1.1716610128
5   7   5   8   -0.0000002474
5   7   5   9   -0.0156112119
5   7   5   12   -0.0004670393
5   7   6   11   0.0007475208
5   8   1   11   0.0000009038
5   8   2   11   -0.0000009301
5   8   3   11   0.0000052984
5   8   5   7   -0.0000002474
5   8   5   8   0.1376766096
5   8   5   9   0.0000228795
5   8   5   12   -0.0003060466
5   8   6   11   -0.0000006643
5   9   1   11   0.0368693391
5   9   2   11   0.0000052984
5   9   3   11   0.1584680792
5   9   4   7   0.0000000000
5   9   5   7   -0.0156112119
5   9   5   8   0.0000228795
5   9   5   9   0.8192213248
5   9   5   12   0.0087663744
5   9   6   11   0.0019985171
5   10   4   10   -0.0000000000
5   10   4   11   0.0380999102
5   10   5   10   0.7479769947
5   10   5   11   -0.0000000000
5   11   1   7   0.0319020936
5   11   1   8   0.0000008812
5   11   1   9   0.0362371599
5   11   1   12   0.0006840961
5   11   2   7   0.0000008812
5   11   2   8   -0.0000044860
5   11   2   9   0.0000045604
5   11   2   12   0.0000007596
5   11   3   7   0.0362371599
5   11   3   8   0.0000045604
5   11   3   9   0.1538160401
5   11   3   12   0.0018930398
5   11   4   10   0.0319822526
5   11   4   11   -0.0000000000
5   11   5   10   -0.0000000000
5   11   5   11   0.8180591574
5   11   6   7   0.0006840961
5   11   6   8   0.0000007596
5   11   6   9   0.0018930398
5   11   6   12   0.0291399132
5   12   1   11   0.0007475208
5   12   2   11   -0.0000006643
5   12   3   11   0.0019985171
5   12   4   12   -0.0000000000
5   12   5   7   -0.0004670393
5   12   5   8   -0.0003060466
5   12   5   9   0.0087663744
5   12   5   12   0.7035257446
5   12   6   11   0.0349651439
6   7   1   7   -0.0134270924
6   7   1   8   0.0000014349
6   7   1   9   0.0021598158
6   7   1   12   0.0334562818
6   7   2   7   -0.0003245281
6   7   2   8   -0.0000001081
6   7   2   9   0.0000006663
6   7   2   12   0.0000053376
6   7   3   7   0.0190189782
6   7   3   8   0.0000005491
6   7   3   9   -0.0005801030
6   7   3   12   0.0334418016
6   7   4   10   0.0006840961
6   7   5   11   0.0006840961
6   7   6   7   1.0906103845
6   7   6   8   -0.0000000719
6   7   6   9   -0.0143859990
6   7   6   12   0.0005534655
6   8   1   7   0.0000012771
6   8   1   8   -0.0009447578
6   8   1   9   -0.0000001148
6   8   1   12   0.0000053376
6   8   2   7   -0.0000000496
6   8   2   8   0.0165446869
6   8   2   9   -0.0000036791
6   8   2   12   0.0003543019
6   8   3   7   0.0000008494
6   8   3   8   -0.0119807859
6   8   3   9   0.0000008747
6   8   3   12   0.0000566594
6   8   4   10   0.0000007596
6   8   5   11   0.0000007596
6   8   6   7   -0.0000000719
6   8   6   8   0.1519134461
6   8   6   9   0.0000228911
6   8   6   12   -0.0003274897
6   9   1   7   0.0022230917
6   9   1   8   -0.0000003036
6   9   1   9   -0.0006351372
6   9   1   12   0.0334418016
6   9   2   7   0.0000009207
6   9   2   8   -0.0000031750
6   9   2   9   -0.0003137480
6   9   2   12   0.0000566594
6   9   3   7   -0.0005396826
6   9   3   8   -0.0000015113
6   9   3   9   0.0097779602
6   9   3   12   0.1459241057
6   9   4   10   0.0018930398
6   9   5   11   0.0018930398
6   9   6   7   -0.0143859990
6   9   6   8   0.0000228911
6   9   6   9   0.7689708610
6   9   6   12   0.0085594964
6   10   1   10   -0.0004670393
6   10   2   10   -0.0003060466
6   10   3   10   0.0087663744
6   10   4   7   0.0007475208
6   10   4   8   -0.0000006643
6   10   4   9   0.0019985171
6   10   4   12   0.0349651439
6   10   6   10   0.7035257446
6   10   6   11   -0.0000000000
6   11   1   11   -0.0004670393
6   11   2   11   -0.0003060466
6   11   3   11   0.0087663744
6   11   5   7   0.0007475208
6   11   5   8   -0.0000006643
6   11   5   9   0.0019985171
6   11   5   12   0.0349651439
6   11   6   10   -0.0000000000
6   11   6   11   0.7035257446
6   12   1   7   0.0282126675
6   12   1   8   0.0000057244
6   12   1   9   0.0323993935
6   12   1   12   0.0005534655
6   12   2   7   0.0000057244
6   12   2   8   0.0000414002
6   12   2   9   0.0000569522
6   12   2   12   -0.0003274897
6   12   3   7   0.0323993935
6   12   3   8   0.0000569522
6   12   3   9   0.1403818227
6   12   3   12   0.0085594964
6   12   4   10   0.0291399132
6   12   5   11   0.0291399132
6   12   6   7   0.0005534655
6   12   6   8   -0.0003274897
6   12   6   9   0.0085594964
6   12   6   12   0.7237326753

End IJKL Block
Begin IJAB Block
1   7   1   4   0.0002078015
1   7   2   5   0.0000826258
1   7   3   6   0.0000826258
1   8   1   4   0.0000004707
1   8   2   5   -0.0000002452
1   8   3   6   -0.0000002452
1   9   1   4   0.0002141355
1   9   2   5   0.0000826996
1   9   3   6   0.0000826996
1   10   1   5   0.0000012965
1   10   1   6   -0.0000005256
1   10   2   4   0.0000097812
1   10   3   4   -0.0000039655
1   11   1   5   0.0000005256
1   11   1   6   0.0000012965
1   11   2   4   0.0000039655
1   11   3   4   0.0000097812
1   12   1   4   -0.0000321640
1   12   2   5   0.0000028616
1   12   3   6   0.0000028616
2   7   1   4   0.0000004707
2   7   2   5   -0.0000002452
2   7   3   6   -0.0000002452
2   8   1   4   0.0130680380
2   8   2   5   0.0020627203
2   8   3   6   0.0020627203
2   9   1   4   -0.0000081330
2   9   2   5   0.0000108733
2   9   3   6   0.0000108733
2   10   1   5   -0.0000029918
2   10   1   6   0.0000012129
2   10   2   4   0.0000522805
2   10   3   4   -0.0000211953
2   11   1   5   -0.0000012129
2   11   1   6   -0.0000029918
2   11   2   4   0.0000211953
2   11   3   4   0.0000522805
2   12   1   4   0.0005188881
2   12   2   5   -0.0004277615
2   12   3   6   -0.0004277615
3   7   1   4   0.0002141355
3   7   2   5   0.0000826996
3   7   3   6   0.0000826996
3   8   1   4   -0.0000081330
3   8   2   5   0.0000108733
3   8   3   6   0.0000108733
3   9   1   4   0.0011493192
3   9   2   5   0.0003737243
3   9   3   6   0.0003737243
3   10   1   5   0.0001362852
3   10   1   6   -0.0000552520
3   10   2   4   0.0000659007
3   10   3   4   -0.0000267171
3   11   1   5   0.0000552520
3   11   1   6   0.0001362852
3   11   2   4   0.0000267171
3   11   3   4   0.0000659007
3   12   1   4   -0.0005337028
3   12   2   5   -0.0000150542
3   12   3   6   -0.0000150542
4   7   1   5   0.0000097812
4   7   1   6   -0.0000039655
4   7   2   4   0.0000012965
4   7   3   4   -0.0000005256
4   8   1   5   0.0000522805
4   8   1   6   -0.0000211953
4   8   2   4   -0.0000029918
4   8   3   4   0.0000012129
4   9   1   5   0.0000659007
4   9   1   6   -0.0000267171
4   9   2   4   0.0001362852
4   9   3   4   -0.0000552520
4   10   1   4   0.0007514342
4   10   2   5   0.0010652245
4   10   2   6   -0.0003649838
4   10   3   5   -0.0003649838
4   10   3   6   0.0003129215
4   11   2   5   0.0003649838
4   11   2   6   0.0007147979
4   11   3   5   0.0000375052
4   11   3   6   -0.0003649838
4   12   1   5   -0.0004995587
4   12   1   6   0.0002025284
4   12   2   4   -0.0015763865
4   12   3   4   0.0006390902
5   7   1   5   0.0000039655
5   7   1   6   0.0000097812
5   7   2   4   0.0000005256
5   7   3   4   0.0000012965
5   8   1   5   0.0000211953
5   8   1   6   0.0000522805
5   8   2   4   -0.0000012129
5   8   3   4   -0.0000029918
5   9   1   5   0.0000267171
5   9   1   6   0.0000659007
5   9   2   4   0.0000552520
5   9   3   4   0.0001362852
5   10   2   5   0.0003649838
5   10   2   6   0.0000375052
5   10   3   5   0.0007147979
5   10   3   6   -0.0003649838
5   11   1   4   0.0007514342
5   11   2   5   0.0003129215
5   11   2   6   0.0003649838
5   11   3   5   0.0003649838
5   11   3   6   0.0010652245
5   12   1   5   -0.0002025284
5   12   1   6   -0.0004995587
5   12   2   4   -0.0006390902
5   12   3   4   -0.0015763865
6   7   1   4   -0.0000321640
6   7   2   5   0.0000028616
6   7   3   6   0.0000028616
6   8   1   4   0.0005188881
6   8   2   5   -0.0004277615
6   8   3   6   -0.0004277615
6   9   1   4   -0.0005337028
6   9   2   5   -0.0000150542
6   9   3   6   -0.0000150542
6   10   1   5   -0.0015763865
6   10   1   6   0.0006390902
6   10   2   4   -0.0004995587
6   10   3   4   0.0002025284
6   11   1   5   -0.0006390902
6   11   1   6   -0.0015763865
6   11   2   4   -0.0002025284
6   11   3   4   -0.0004995587
6   12   1   4   0.0061515072
6   12   2   5   0.0004838583
6   12   3   6   0.0004838583

End IJAB Block
Begin ABCD Block
1   4   1   4   0.2342423841
1   4   2   5   0.0363566205
1   4   3   6   0.0363566205
1   5   1   5   0.1859766890
1   5   2   4   0.0363599011
1   6   1   6   0.1859766890
1   6   3   4   0.0363599011
2   4   1   5   0.0363599011
2   4   2   4   0.1859766890
2   5   1   4   0.0363566205
2   5   2   5   0.1748793289
2   5   3   6   0.0093560190
2   6   2   6   0.1561673364
2   6   3   5   0.0093559735
3   4   1   6   0.0363599011
3   4   3   4   0.1859766890
3   5   2   6   0.0093559735
3   5   3   5   0.1561673364
3   6   1   4   0.0363566205
3   6   2   5   0.0093560190
3   6   3   6   0.1748793289

End ABCD Block
Begin AIJB Block
1   7   1   4   0.0002247660
1   7   2   4   0.0000006867
1   7   3   4   0.0002184471
1   7   4   5   0.0000062337
1   7   4   6   -0.0000025272
1   7   5   5   0.0000025272
1   7   5   6   0.0000062337
1   7   6   4   -0.0000059297
1   8   1   4   0.0000006867
1   8   2   4   0.0099671793
1   8   3   4   -0.0000024786
1   8   4   5   0.0000411374
1   8   4   6   -0.0000166777
1   8   5   5   0.0000166777
1   8   5   6   0.0000411374
1   8   6   4   0.0003176333
1   9   1   4   0.0002184471
1   9   2   4   -0.0000024786
1   9   3   4   0.0009662170
1   9   4   5   0.0000205536
1   9   4   6   -0.0000083327
1   9   5   5   0.0000083327
1   9   5   6   0.0000205536
1   9   6   4   -0.0000156605
1   10   1   5   -0.0000028683
1   10   1   6   0.0000011629
1   10   2   5   -0.0000010967
1   10   2   6   0.0000004446
1   10   3   5   0.0000289545
1   10   3   6   -0.0000117386
1   10   4   4   0.0001823375
1   10   6   5   -0.0015682524
1   10   6   6   0.0006357926
1   11   1   5   -0.0000011629
1   11   1   6   -0.0000028683
1   11   2   5   -0.0000004446
1   11   2   6   -0.0000010967
1   11   3   5   0.0000117386
1   11   3   6   0.0000289545
1   11   5   4   0.0001823375
1   11   6   5   -0.0006357926
1   11   6   6   -0.0015682524
1   12   1   4   -0.0000059297
1   12   2   4   0.0003176333
1   12   3   4   -0.0000156605
1   12   4   5   -0.0002037744
1   12   4   6   0.0000826131
1   12   5   5   -0.0000826131
1   12   5   6   -0.0002037744
1   12   6   4   0.0038352636
2   7   1   5   0.0000843055
2   7   2   5   -0.0000004571
2   7   3   5   0.0000775781
2   7   4   4   -0.0000028683
2   7   5   4   -0.0000011629
2   7   6   5   0.0000058878
2   8   1   5   -0.0000004571
2   8   2   5   0.0018551670
2   8   3   5   0.0000061243
2   8   4   4   -0.0000010967
2   8   5   4   -0.0000004446
2   8   6   5   -0.0003500534
2   9   1   5   0.0000775781
2   9   2   5   0.0000061243
2   9   3   5   0.0003171539
2   9   4   4   0.0000289545
2   9   5   4   0.0000117386
2   9   6   5   0.0000137248
2   10   1   4   0.0000062337
2   10   2   4   0.0000411374
2   10   3   4   0.0000205536
2   10   4   5   0.0009779463
2   10   4   6   -0.0003578074
2   10   5   5   0.0003578074
2   10   5   6   -0.0000451457
2   10   6   4   -0.0002037744
2   11   1   4   0.0000025272
2   11   2   4   0.0000166777
2   11   3   4   0.0000083327
2   11   4   5   0.0003578074
2   11   4   6   0.0007826566
2   11   5   5   0.0002404353
2   11   5   6   0.0003578074
2   11   6   4   -0.0000826131
2   12   1   5   0.0000058878
2   12   2   5   -0.0003500534
2   12   3   5   0.0000137248
2   12   4   4   -0.0015682524
2   12   5   4   -0.0006357926
2   12   6   5   0.0006472933
3   7   1   6   0.0000843055
3   7   2   6   -0.0000004571
3   7   3   6   0.0000775781
3   7   4   4   0.0000011629
3   7   5   4   -0.0000028683
3   7   6   6   0.0000058878
3   8   1   6   -0.0000004571
3   8   2   6   0.0018551670
3   8   3   6   0.0000061243
3   8   4   4   0.0000004446
3   8   5   4   -0.0000010967
3   8   6   6   -0.0003500534
3   9   1   6   0.0000775781
3   9   2   6   0.0000061243
3   9   3   6   0.0003171539
3   9   4   4   -0.0000117386
3   9   5   4   0.0000289545
3   9   6   6   0.0000137248
3   10   1   4   -0.0000025272
3   10   2   4   -0.0000166777
3   10   3   4   -0.0000083327
3   10   4   5   -0.0003578074
3   10   4   6   0.0002404353
3   10   5   5   0.0007826566
3   10   5   6   -0.0003578074
3   10   6   4   0.0000826131
3   11   1   4   0.0000062337
3   11   2   4   0.0000411374
3   11   3   4   0.0000205536
3   11   4   5   -0.0000451457
3   11   4   6   -0.0003578074
3   11   5   5   0.0003578074
3   11   5   6   0.0009779463
3   11   6   4   -0.0002037744
3   12   1   6   0.0000058878
3   12   2   6   -0.0003500534
3   12   3   6   0.0000137248
3   12   4   4   0.0006357926
3   12   5   4   -0.0015682524
3   12   6   6   0.0006472933

1   7   7   1   -0.1145462318
1   7   8   1   0.0000002775
1   7   9   1   0.0001271395
1   7   10   2   -0.0001650915
1   7   10   3   0.0000669305
1   7   11   2   -0.0000669305
1   7   11   3   -0.0001650915
1   7   12   1   0.0005722399
1   8   7   1   0.0000002775
1   8   8   1   -0.2918490975
1   8   9   1   0.0000166573
1   8   10   2   -0.0000321205
1   8   10   3   0.0000130221
1   8   11   2   -0.0000130221
1   8   11   3   -0.0000321205
1   8   12   1   -0.0007688617
1   9   7   1   0.0001271395
1   9   8   1   0.0000166573
1   9   9   1   -0.1117287591
1   9   10   2   -0.0019135908
1   9   10   3   0.0007757978
1   9   11   2   -0.0007757978
1   9   11   3   -0.0019135908
1   9   12   1   0.0067489093
1   10   7   2   -0.0001671689
1   10   7   3   0.0000677727
1   10   8   2   -0.0000325873
1   10   8   3   0.0000132114
1   10   9   2   -0.0019124263
1   10   9   3   0.0007753257
1   10   10   1   -0.1109202343
1   10   12   2   0.0007682867
1   10   12   3   -0.0003114747
1   11   7   2   -0.0000677727
1   11   7   3   -0.0001671689
1   11   8   2   -0.0000132114
1   11   8   3   -0.0000325873
1   11   9   2   -0.0007753257
1   11   9   3   -0.0019124263
1   11   11   1   -0.1109202343
1   11   12   2   0.0003114747
1   11   12   3   0.0007682867
1   12   7   1   0.0005722399
1   12   8   1   -0.0007688617
1   12   9   1   0.0067489093
1   12   10   2   0.0007975551
1   12   10   3   -0.0003233406
1   12   11   2   0.0003233406
1   12   11   3   0.0007975551
1   12   12   1   -0.1165123262
2   7   7   2   -0.1131540349
2   7   8   2   0.0000000960
2   7   9   2   0.0000341379
2   7   10   1   -0.0001671689
2   7   11   1   -0.0000677727
2   7   12   2   0.0005078085
2   8   7   2   0.0000000960
2   8   8   2   -0.2255639769
2   8   9   2   0.0000061107
2   8   10   1   -0.0000325873
2   8   11   1   -0.0000132114
2   8   12   2   -0.0001944310
2   9   7   2   0.0000341379
2   9   8   2   0.0000061107
2   9   9   2   -0.1124140684
2   9   10   1   -0.0019124263
2   9   11   1   -0.0007753257
2   9   12   2   0.0063472314
2   10   7   1   -0.0001650915
2   10   8   1   -0.0000321205
2   10   9   1   -0.0019135908
2   10   10   2   -0.1124436552
2   10   10   3   0.0001941167
2   10   11   2   -0.0001941167
2   10   11   3   -0.0002051536
2   10   12   1   0.0007975551
2   11   7   1   -0.0000669305
2   11   8   1   -0.0000130221
2   11   9   1   -0.0007757978
2   11   10   2   -0.0001941167
2   11   10   3   -0.0001949589
2   11   11   2   -0.1120435427
2   11   11   3   -0.0001941167
2   11   12   1   0.0003233406
2   12   7   2   0.0005078085
2   12   8   2   -0.0001944310
2   12   9   2   0.0063472314
2   12   10   1   0.0007682867
2   12   11   1   0.0003114747
2   12   12   2   -0.1172193536
3   7   7   3   -0.1131540349
3   7   8   3   0.0000000960
3   7   9   3   0.0000341379
3   7   10   1   0.0000677727
3   7   11   1   -0.0001671689
3   7   12   3   0.0005078085
3   8   7   3   0.0000000960
3   8   8   3   -0.2255639769
3   8   9   3   0.0000061107
3   8   10   1   0.0000132114
3   8   11   1   -0.0000325873
3   8   12   3   -0.0001944310
3   9   7   3   0.0000341379
3   9   8   3   0.0000061107
3   9   9   3   -0.1124140684
3   9   10   1   0.0007753257
3   9   11   1   -0.0019124263
3   9   12   3   0.0063472314
3   10   7   1   0.0000669305
3   10   8   1   0.0000130221
3   10   9   1   0.0007757978
3   10   10   2   0.0001941167
3   10   10   3   -0.1120435427
3   10   11   2   -0.0001949589
3   10   11   3   0.0001941167
3   10   12   1   -0.0003233406
3   11   7   1   -0.0001650915
3   11   8   1   -0.0000321205
3   11   9   1   -0.0019135908
3   11   10   2   -0.0002051536
3   11   10   3   0.0001941167
3   11   11   2   -0.0001941167
3   11   11   3   -0.1124436552
3   11   12   1   0.0007975551
3   12   7   3   0.0005078085
3   12   8   3   -0.0001944310
3   12   9   3   0.0063472314
3   12   10   1   -0.0003114747
3   12   11   1   0.0007682867
3   12   12   3   -0.1172193536

End AIJB Block
Begin IJKA Block
1   7   1   4   0.0027776399
1   7   2   4   -0.0000003547
1   7   3   4   -0.0004747334
1   7   4   5   -0.0015524889
1   7   4   6   0.0006294018
1   7   5   5   -0.0006294018
1   7   5   6   -0.0015524889
1   7   6   4   0.0025607269
1   8   1   4   -0.0007646053
1   8   2   4   -0.0000001640
1   8   3   4   0.0000026195
1   8   4   5   0.0000102001
1   8   4   6   -0.0000041353
1   8   5   5   0.0000041353
1   8   5   6   0.0000102001
1   8   6   4   0.0000097539
1   9   1   4   -0.0037841697
1   9   2   4   -0.0000003066
1   9   3   4   0.0000500042
1   9   4   5   -0.0014807978
1   9   4   6   0.0006003372
1   9   5   5   -0.0006003372
1   9   5   6   -0.0014807978
1   9   6   4   0.0024824830
1   10   1   5   -0.0233021786
1   10   1   6   0.0094470455
1   10   2   5   0.0000001120
1   10   2   6   -0.0000000454
1   10   3   5   -0.0002020025
1   10   3   6   0.0000818948
1   10   4   4   -0.0001578827
1   10   6   5   -0.0000639829
1   10   6   6   0.0000259396
1   11   1   5   -0.0094470455
1   11   1   6   -0.0233021786
1   11   2   5   0.0000000454
1   11   2   6   0.0000001120
1   11   3   5   -0.0000818948
1   11   3   6   -0.0002020025
1   11   5   4   -0.0001578827
1   11   6   5   -0.0000259396
1   11   6   6   -0.0000639829
1   12   1   4   0.0193791895
1   12   2   4   -0.0000004764
1   12   3   4   0.0014030835
1   12   4   5   -0.0001071571
1   12   4   6   0.0000434431
1   12   5   5   -0.0000434431
1   12   5   6   -0.0001071571
1   12   6   4   0.0000639124
2   7   1   4   0.0000020004
2   7   2   4   -0.0000621423
2   7   3   4   0.0000018041
2   7   4   5   -0.0000000692
2   7   4   6   0.0000000280
2   7   5   5   -0.0000000280
2   7   5   6   -0.0000000692
2   7   6   4   0.0000002977
2   8   1   4   -0.0000002904
2   8   2   4   -0.1030613237
2   8   3   4   0.0000312407
2   8   4   5   0.0000158375
2   8   4   6   -0.0000064207
2   8   5   5   0.0000064207
2   8   5   6   0.0000158375
2   8   6   4   -0.0013966036
2   9   1   4   0.0000019830
2   9   2   4   -0.0001438097
2   9   3   4   0.0000075252
2   9   4   5   -0.0000002997
2   9   4   6   0.0000001215
2   9   5   5   -0.0000001215
2   9   5   6   -0.0000002997
2   9   6   4   -0.0000005803
2   10   1   5   -0.0000000510
2   10   1   6   0.0000000207
2   10   2   5   0.0009140212
2   10   2   6   -0.0003705576
2   10   3   5   -0.0000006713
2   10   3   6   0.0000002721
2   10   4   4   0.0000042035
2   10   6   5   -0.0000018661
2   10   6   6   0.0000007566
2   11   1   5   -0.0000000207
2   11   1   6   -0.0000000510
2   11   2   5   0.0003705576
2   11   2   6   0.0009140212
2   11   3   5   -0.0000002721
2   11   3   6   -0.0000006713
2   11   5   4   0.0000042035
2   11   6   5   -0.0000007566
2   11   6   6   -0.0000018661
2   12   1   4   0.0000000688
2   12   2   4   -0.0124707085
2   12   3   4   0.0000009181
2   12   4   5   -0.0000101393
2   12   4   6   0.0000041106
2   12   5   5   -0.0000041106
2   12   5   6   -0.0000101393
2   12   6   4   0.0000302059
3   7   1   4   -0.0005366721
3   7   2   4   -0.0000003355
3   7   3   4   0.0000482732
3   7   4   5   -0.0016715527
3   7   4   6   0.0006776720
3   7   5   5   -0.0006776720
3   7   5   6   -0.0016715527
3   7   6   4   0.0028630744
3   8   1   4   0.0000027485
3   8   2   4   0.0000328998
3   8   3   4   -0.0007434373
3   8   4   5   0.0001126025
3   8   4   6   -0.0000456507
3   8   5   5   0.0000456507
3   8   5   6   0.0001126025
3   8   6   4   0.0001153305
3   9   1   4   -0.0000170657
3   9   2   4   0.0000032270
3   9   3   4   -0.0026887706
3   9   4   5   -0.0064301761
3   9   4   6   0.0026068878
3   9   5   5   -0.0026068878
3   9   5   6   -0.0064301761
3   9   6   4   0.0117927171
3   10   1   5   -0.0004425056
3   10   1   6   0.0001793983
3   10   2   5   0.0000010692
3   10   2   6   -0.0000004335
3   10   3   5   -0.0192983216
3   10   3   6   0.0078238231
3   10   4   4   -0.0005600436
3   10   6   5   -0.0005954088
3   10   6   6   0.0002413875
3   11   1   5   -0.0001793983
3   11   1   6   -0.0004425056
3   11   2   5   0.0000004335
3   11   2   6   0.0000010692
3   11   3   5   -0.0078238231
3   11   3   6   -0.0192983216
3   11   5   4   -0.0005600436
3   11   6   5   -0.0002413875
3   11   6   6   -0.0005954088
3   12   1   4   0.0020820012
3   12   2   4   -0.0000066942
3   12   3   4   0.0253866492
3   12   4   5   -0.0008081912
3   12   4   6   0.0003276526
3   12   5   5   -0.0003276526
3   12   5   6   -0.0008081912
3   12   6   4   0.0004324111
4   7   1   5   -0.0018743113
4   7   1   6   0.0007598733
4   7   2   5   -0.0000000463
4   7   2   6   0.0000000188
4   7   3   5   -0.0017412550
4   7   3   6   0.0007059303
4   7   4   4   0.0000550722
4   7   6   5   -0.0000274564
4   7   6   6   0.0000111312
4   8   1   5   0.0000090536
4   8   1   6   -0.0000036705
4   8   2   5   0.0000062153
4   8   2   6   -0.0000025198
4   8   3   5   0.0001072018
4   8   3   6   -0.0000434612
4   8   4   4   -0.0007343329
4   8   6   5   -0.0000494039
4   8   6   6   0.0000200290
4   9   1   5   -0.0015787836
4   9   1   6   0.0006400620
4   9   2   5   0.0000000373
4   9   2   6   -0.0000000151
4   9   3   5   -0.0063647497
4   9   3   6   0.0025803630
4   9   4   4   -0.0022005956
4   9   6   5   -0.0001003412
4   9   6   6   0.0000406798
4   10   1   4   -0.0001256505
4   10   2   4   0.0000104753
4   10   3   4   -0.0005624200
4   10   4   5   -0.0210548723
4   10   4   6   0.0085359545
4   10   5   5   -0.0007932237
4   10   5   6   -0.0019565737
4   10   6   4   0.0045478305
4   11   4   5   -0.0069398151
4   11   4   6   -0.0171178186
4   11   5   5   -0.0019804800
4   11   5   6   0.0008029157
4   12   1   5   -0.0001053071
4   12   1   6   0.0000426930
4   12   2   5   -0.0000079211
4   12   2   6   0.0000032113
4   12   3   5   -0.0006463534
4   12   3   6   0.0002620412
4   12   4   4   0.0221207140
4   12   6   5   -0.0021303440
4   12   6   6   0.0008636728
5   7   1   5   -0.0007598733
5   7   1   6   -0.0018743113
5   7   2   5   -0.0000000188
5   7   2   6   -0.0000000463
5   7   3   5   -0.0007059303
5   7   3   6   -0.0017412550
5   7   5   4   0.0000550722
5   7   6   5   -0.0000111312
5   7   6   6   -0.0000274564
5   8   1   5   0.0000036705
5   8   1   6   0.0000090536
5   8   2   5   0.0000025198
5   8   2   6   0.0000062153
5   8   3   5   0.0000434612
5   8   3   6   0.0001072018
5   8   5   4   -0.0007343329
5   8   6   5   -0.0000200290
5   8   6   6   -0.0000494039
5   9   1   5   -0.0006400620
5   9   1   6   -0.0015787836
5   9   2   5   0.0000000151
5   9   2   6   0.0000000373
5   9   3   5   -0.0025803630
5   9   3   6   -0.0063647497
5   9   5   4   -0.0022005956
5   9   6   5   -0.0000406798
5   9   6   6   -0.0001003412
5   10   4   5   -0.0008029157
5   10   4   6   -0.0019804800
5   10   5   5   -0.0171178186
5   10   5   6   0.0069398151
5   11   1   4   -0.0001256505
5   11   2   4   0.0000104753
5   11   3   4   -0.0005624200
5   11   4   5   -0.0019565737
5   11   4   6   0.0007932237
5   11   5   5   -0.0085359545
5   11   5   6   -0.0210548723
5   11   6   4   0.0045478305
5   12   1   5   -0.0000426930
5   12   1   6   -0.0001053071
5   12   2   5   -0.0000032113
5   12   2   6   -0.0000079211
5   12   3   5   -0.0002620412
5   12   3   6   -0.0006463534
5   12   5   4   0.0221207140
5   12   6   5   -0.0008636728
5   12   6   6   -0.0021303440
6   7   1   4   0.0035161729
6   7   2   4   -0.0000001544
6   7   3   4   0.0031969125
6   7   4   5   -0.0000234066
6   7   4   6   0.0000094894
6   7   5   5   -0.0000094894
6   7   5   6   -0.0000234066
6   7   6   4   0.0001126030
6   8   1   4   0.0000085494
6   8   2   4   -0.0016638895
6   8   3   4   0.0001074913
6   8   4   5   -0.0000568425
6   8   4   6   0.0000230448
6   8   5   5   -0.0000230448
6   8   5   6   -0.0000568425
6   8   6   4   -0.0009172753
6   9   1   4   0.0029649508
6   9   2   4   -0.0000054508
6   9   3   4   0.0119056890
6   9   4   5   -0.0001370846
6   9   4   6   0.0000555761
6   9   5   5   -0.0000555761
6   9   5   6   -0.0001370846
6   9   6   4   -0.0020665632
6   10   1   5   -0.0000694835
6   10   1   6   0.0000281696
6   10   2   5   -0.0000124214
6   10   2   6   0.0000050358
6   10   3   5   -0.0003617582
6   10   3   6   0.0001466621
6   10   4   4   0.0042038399
6   10   6   5   -0.0170961909
6   10   6   6   0.0069310470
6   11   1   5   -0.0000281696
6   11   1   6   -0.0000694835
6   11   2   5   -0.0000050358
6   11   2   6   -0.0000124214
6   11   3   5   -0.0001466621
6   11   3   6   -0.0003617582
6   11   5   4   0.0042038399
6   11   6   5   -0.0069310470
6   11   6   6   -0.0170961909
6   12   1   4   0.0001384415
6   12   2   4   0.0001214912
6   12   3   4   -0.0004397044
6   12   4   5   -0.0019386077
6   12   4   6   0.0007859400
6   12   5   5   -0.0007859400
6   12   5   6   -0.0019386077
6   12   6   4   0.0351493908

End IJKA Block
Begin IABC Block
1   4   1   4   -0.0000367201
1   4   2   5   -0.0000073397
1   4   3   6   -0.0000073397
1   5   1   5   -0.0000328957
1   5   2   4   -0.0000074181
1   6   1   6   -0.0000328957
1   6   3   4   -0.0000074181
2   4   1   4   -0.0004385074
2   4   2   5   0.0030490374
2   4   3   6   0.0030490374
2   5   1   5   -0.0002103871
2   5   2   4   0.0030705128
2   6   1   6   -0.0002103871
2   6   3   4   0.0030705128
3   4   1   4   -0.0001795177
3   4   2   5   0.0000300286
3   4   3   6   0.0000300286
3   5   1   5   -0.0001588484
3   5   2   4   0.0000309696
3   6   1   6   -0.0001588484
3   6   3   4   0.0000309696
4   4   1   5   0.0003324375
4   4   1   6   -0.0001347751
4   4   2   4   0.0004878323
4   4   3   4   -0.0001977744
4   5   1   4   0.0003273460
4   5   2   5   0.0009057107
4   5   2   6   -0.0000820705
4   5   3   5   -0.0002035852
4   5   3   6   0.0002011096
4   6   1   4   -0.0001327109
4   6   2   5   -0.0000815328
4   6   2   6   0.0005021652
4   6   3   5   0.0002024359
4   6   3   6   -0.0003671884
5   4   1   5   0.0001347751
5   4   1   6   0.0003324375
5   4   2   4   0.0001977744
5   4   3   4   0.0004878323
5   5   1   4   0.0001327109
5   5   2   5   0.0003671884
5   5   2   6   0.0002024359
5   5   3   5   0.0005021652
5   5   3   6   0.0000815328
5   6   1   4   0.0003273460
5   6   2   5   0.0002011096
5   6   2   6   0.0002035852
5   6   3   5   0.0000820705
5   6   3   6   0.0009057107
6   4   1   4   -0.0038336923
6   4   2   5   -0.0024559029
6   4   3   6   -0.0024559029
6   5   1   5   -0.0038445668
6   5   2   4   -0.0024959078
6   6   1   6   -0.0038445668
6   6   3   4   -0.0024959078

End IABC Block
