Begin IJ Block
1   1   -40.8230116731
1   2   0.0000106943
1   3   0.7525561714
1   6   0.0144108486
2   2   -5.6619072376
2   3   0.0001507217
2   6   -0.0098798693
3   3   -9.2205073371
3   6   -0.0354845024
4   4   -8.1103520276
4   5   0.0000000000
5   5   -8.1103520275
6   6   -7.8858899272

End IJ Block
Begin IA Block
1   1   -0.0034849117
1   4   -0.0296522007
2   1   0.1091244038
2   4   0.0628868313
3   1   0.0265752249
3   4   0.1790051240
4   2   0.2109695892
4   3   0.1362499152
5   2   -0.1362499152
5   3   0.2109695892
6   1   -0.3980886944
6   4   -0.5376386853

End IA Block
Begin AB Block
1   1   -1.7420383038
1   4   -0.3786299823
2   2   -1.5740529574
3   3   -1.5740529574
4   4   -1.8550796320

End AB Block
Begin IJKL Block
1   7   1   7   5.3561232410
1   7   1   8   -0.0000057023
1   7   1   9   -0.5334011096
1   7   1   12   -0.0099466202
1   7   2   7   -0.0000057023
1   7   2   8   0.0000000001
1   7   2   9   0.0000007270
1   7   2   12   -0.0000009734
1   7   3   7   -0.5334011096
1   7   3   8   0.0000007270
1   7   3   9   0.0860840442
1   7   3   12   0.0016046557
1   7   4   10   0.0361436138
1   7   5   11   0.0361436138
1   7   6   7   -0.0099466202
1   7   6   8   -0.0000009734
1   7   6   9   0.0016046557
1   7   6   12   0.0339923027
1   8   1   7   -0.0000057023
1   8   1   8   0.1353256346
1   8   1   9   0.0000224802
1   8   1   12   -0.0001786607
1   8   2   7   0.0000000001
1   8   2   8   0.0000006760
1   8   2   9   -0.0000000006
1   8   2   12   -0.0000000007
1   8   3   7   0.0000007270
1   8   3   8   0.0000010068
1   8   3   9   -0.0000001668
1   8   3   12   0.0000004261
1   8   4   10   0.0000007127
1   8   5   11   0.0000007127
1   8   6   7   -0.0000009734
1   8   6   8   -0.0009304956
1   8   6   9   -0.0000022206
1   8   6   12   0.0000026259
1   9   1   7   -0.5334011096
1   9   1   8   0.0000224802
1   9   1   9   1.2642410171
1   9   1   12   0.0136307336
1   9   2   7   0.0000007270
1   9   2   8   -0.0000000006
1   9   2   9   -0.0000002216
1   9   2   12   -0.0000015331
1   9   3   7   0.0860840442
1   9   3   8   -0.0000001668
1   9   3   9   -0.0231987091
1   9   3   12   -0.0004708229
1   9   4   10   0.0374488987
1   9   5   11   0.0374488987
1   9   6   7   0.0016046557
1   9   6   8   -0.0000022206
1   9   6   9   -0.0005446042
1   9   6   12   0.0354247678
1   10   1   10   1.1696847326
1   10   2   10   -0.0000002478
1   10   3   10   -0.0145592224
1   10   3   11   0.0000000000
1   10   4   7   0.0361436138
1   10   4   8   0.0000007127
1   10   4   9   0.0374488987
1   10   4   12   0.0005477009
1   10   6   10   -0.0003489868
1   11   1   11   1.1696847326
1   11   2   11   -0.0000002478
1   11   3   10   0.0000000000
1   11   3   11   -0.0145592224
1   11   5   7   0.0361436138
1   11   5   8   0.0000007127
1   11   5   9   0.0374488987
1   11   5   12   0.0005477009
1   11   6   11   -0.0003489868
1   12   1   7   -0.0099466202
1   12   1   8   -0.0001786607
1   12   1   9   0.0136307336
1   12   1   12   1.1247274665
1   12   2   7   -0.0000009734
1   12   2   8   -0.0000000007
1   12   2   9   -0.0000015331
1   12   2   12   -0.0000001746
1   12   3   7   0.0016046557
1   12   3   8   0.0000004261
1   12   3   9   -0.0004708229
1   12   3   12   -0.0136994560
1   12   4   10   0.0005477009
1   12   5   11   0.0005477009
1   12   6   7   0.0339923027
1   12   6   8   0.0000026259
1   12   6   9   0.0354247678
1   12   6   12   0.0005064965
2   7   1   7   -0.0000057023
2   7   1   8   0.0000000001
2   7   1   9   0.0000007270
2   7   1   12   -0.0000009734
2   7   2   7   0.1353256346
2   7   2   8   0.0000006760
2   7   2   9   0.0000010068
2   7   2   12   -0.0009304956
2   7   3   7   0.0000224802
2   7   3   8   -0.0000000006
2   7   3   9   -0.0000001668
2   7   3   12   -0.0000022206
2   7   4   10   0.0000007127
2   7   5   11   0.0000007127
2   7   6   7   -0.0001786607
2   7   6   8   -0.0000000007
2   7   6   9   0.0000004261
2   7   6   12   0.0000026259
2   8   1   7   0.0000000001
2   8   1   8   0.0000006760
2   8   1   9   -0.0000000006
2   8   1   12   -0.0000000007
2   8   2   7   0.0000006760
2   8   2   8   1.6516081581
2   8   2   9   -0.0002712300
2   8   2   12   0.0113481474
2   8   3   7   -0.0000000006
2   8   3   8   -0.0002712300
2   8   3   9   0.0000000726
2   8   3   12   -0.0000026559
2   8   4   10   0.0000002520
2   8   5   11   0.0000002520
2   8   6   7   -0.0000000007
2   8   6   8   0.0113481474
2   8   6   9   -0.0000026559
2   8   6   12   0.0001257637
2   9   1   7   0.0000007270
2   9   1   8   -0.0000000006
2   9   1   9   -0.0000002216
2   9   1   12   -0.0000015331
2   9   2   7   0.0000010068
2   9   2   8   -0.0002712300
2   9   2   9   0.1354556297
2   9   2   12   -0.0114595740
2   9   3   7   -0.0000001668
2   9   3   8   0.0000000726
2   9   3   9   0.0000169090
2   9   3   12   -0.0000093805
2   9   4   10   0.0000043243
2   9   5   11   0.0000043243
2   9   6   7   0.0000004261
2   9   6   8   -0.0000026559
2   9   6   9   -0.0001634624
2   9   6   12   0.0000267044
2   10   1   10   -0.0000002478
2   10   2   10   0.1346546517
2   10   3   10   0.0000156488
2   10   4   7   0.0000007127
2   10   4   8   0.0000002520
2   10   4   9   0.0000043243
2   10   4   12   -0.0000028759
2   10   6   10   -0.0001566947
2   11   1   11   -0.0000002478
2   11   2   11   0.1346546517
2   11   3   11   0.0000156488
2   11   5   7   0.0000007127
2   11   5   8   0.0000002520
2   11   5   9   0.0000043243
2   11   5   12   -0.0000028759
2   11   6   11   -0.0001566947
2   12   1   7   -0.0000009734
2   12   1   8   -0.0000000007
2   12   1   9   -0.0000015331
2   12   1   12   -0.0000001746
2   12   2   7   -0.0009304956
2   12   2   8   0.0113481474
2   12   2   9   -0.0114595740
2   12   2   12   0.1417893405
2   12   3   7   -0.0000022206
2   12   3   8   -0.0000026559
2   12   3   9   -0.0000093805
2   12   3   12   0.0000160620
2   12   4   10   -0.0000028759
2   12   5   11   -0.0000028759
2   12   6   7   0.0000026259
2   12   6   8   0.0001257637
2   12   6   9   0.0000267044
2   12   6   12   -0.0001733588
3   7   1   7   -0.5334011096
3   7   1   8   0.0000007270
3   7   1   9   0.0860840442
3   7   1   12   0.0016046557
3   7   2   7   0.0000224802
3   7   2   8   -0.0000000006
3   7   2   9   -0.0000001668
3   7   2   12   -0.0000022206
3   7   3   7   1.2642410171
3   7   3   8   -0.0000002216
3   7   3   9   -0.0231987091
3   7   3   12   -0.0005446042
3   7   4   10   0.0374488987
3   7   5   11   0.0374488987
3   7   6   7   0.0136307336
3   7   6   8   -0.0000015331
3   7   6   9   -0.0004708229
3   7   6   12   0.0354247678
3   8   1   7   0.0000007270
3   8   1   8   0.0000010068
3   8   1   9   -0.0000001668
3   8   1   12   0.0000004261
3   8   2   7   -0.0000000006
3   8   2   8   -0.0002712300
3   8   2   9   0.0000000726
3   8   2   12   -0.0000026559
3   8   3   7   -0.0000002216
3   8   3   8   0.1354556297
3   8   3   9   0.0000169090
3   8   3   12   -0.0001634624
3   8   4   10   0.0000043243
3   8   5   11   0.0000043243
3   8   6   7   -0.0000015331
3   8   6   8   -0.0114595740
3   8   6   9   -0.0000093805
3   8   6   12   0.0000267044
3   9   1   7   0.0860840442
3   9   1   8   -0.0000001668
3   9   1   9   -0.0231987091
3   9   1   12   -0.0004708229
3   9   2   7   -0.0000001668
3   9   2   8   0.0000000726
3   9   2   9   0.0000169090
3   9   2   12   -0.0000093805
3   9   3   7   -0.0231987091
3   9   3   8   0.0000169090
3   9   3   9   0.8834717405
3   9   3   12   0.0061355673
3   9   4   10   0.1658662837
3   9   5   11   0.1658662837
3   9   6   7   -0.0004708229
3   9   6   8   -0.0000093805
3   9   6   9   0.0061355673
3   9   6   12   0.1590966378
3   10   1   10   -0.0145592224
3   10   1   11   0.0000000000
3   10   2   10   0.0000156488
3   10   3   10   0.8296969609
3   10   4   7   0.0374488987
3   10   4   8   0.0000043243
3   10   4   9   0.1658662837
3   10   4   12   0.0014155339
3   10   6   10   0.0058025271
3   11   1   10   0.0000000000
3   11   1   11   -0.0145592224
3   11   2   11   0.0000156488
3   11   3   11   0.8296969609
3   11   5   7   0.0374488987
3   11   5   8   0.0000043243
3   11   5   9   0.1658662837
3   11   5   12   0.0014155339
3   11   6   11   0.0058025271
3   12   1   7   0.0016046557
3   12   1   8   0.0000004261
3   12   1   9   -0.0004708229
3   12   1   12   -0.0136994560
3   12   2   7   -0.0000022206
3   12   2   8   -0.0000026559
3   12   2   9   -0.0000093805
3   12   2   12   0.0000160620
3   12   3   7   -0.0005446042
3   12   3   8   -0.0001634624
3   12   3   9   0.0061355673
3   12   3   12   0.8038788009
3   12   4   10   0.0014155339
3   12   5   11   0.0014155339
3   12   6   7   0.0354247678
3   12   6   8   0.0000267044
3   12   6   9   0.1590966378
3   12   6   12   0.0062295749
4   7   1   10   0.0361436138
4   7   2   10   0.0000007127
4   7   3   10   0.0374488987
4   7   4   7   1.1696847326
4   7   4   8   -0.0000002478
4   7   4   9   -0.0145592224
4   7   4   12   -0.0003489868
4   7   5   9   0.0000000000
4   7   6   10   0.0005477009
4   8   1   10   0.0000007127
4   8   2   10   0.0000002520
4   8   3   10   0.0000043243
4   8   4   7   -0.0000002478
4   8   4   8   0.1346546517
4   8   4   9   0.0000156488
4   8   4   12   -0.0001566947
4   8   6   10   -0.0000028759
4   9   1   10   0.0374488987
4   9   2   10   0.0000043243
4   9   3   10   0.1658662837
4   9   4   7   -0.0145592224
4   9   4   8   0.0000156488
4   9   4   9   0.8296969609
4   9   4   12   0.0058025271
4   9   5   7   0.0000000000
4   9   6   10   0.0014155339
4   10   1   7   0.0361436138
4   10   1   8   0.0000007127
4   10   1   9   0.0374488987
4   10   1   12   0.0005477009
4   10   2   7   0.0000007127
4   10   2   8   0.0000002520
4   10   2   9   0.0000043243
4   10   2   12   -0.0000028759
4   10   3   7   0.0374488987
4   10   3   8   0.0000043243
4   10   3   9   0.1658662837
4   10   3   12   0.0014155339
4   10   4   10   0.8395111530
4   10   4   11   -0.0000000000
4   10   5   10   -0.0000000000
4   10   5   11   0.0408112808
4   10   6   7   0.0005477009
4   10   6   8   -0.0000028759
4   10   6   9   0.0014155339
4   10   6   12   0.0392216880
4   11   4   10   -0.0000000000
4   11   4   11   0.7578885913
4   11   5   10   0.0408112808
4   11   5   11   -0.0000000000
4   12   1   10   0.0005477009
4   12   2   10   -0.0000028759
4   12   3   10   0.0014155339
4   12   4   7   -0.0003489868
4   12   4   8   -0.0001566947
4   12   4   9   0.0058025271
4   12   4   12   0.7351671507
4   12   5   12   -0.0000000000
4   12   6   10   0.0392216880
5   7   1   11   0.0361436138
5   7   2   11   0.0000007127
5   7   3   11   0.0374488987
5   7   4   9   0.0000000000
5   7   5   7   1.1696847326
5   7   5   8   -0.0000002478
5   7   5   9   -0.0145592224
5   7   5   12   -0.0003489868
5   7   6   11   0.0005477009
5   8   1   11   0.0000007127
5   8   2   11   0.0000002520
5   8   3   11   0.0000043243
5   8   5   7   -0.0000002478
5   8   5   8   0.1346546517
5   8   5   9   0.0000156488
5   8   5   12   -0.0001566947
5   8   6   11   -0.0000028759
5   9   1   11   0.0374488987
5   9   2   11   0.0000043243
5   9   3   11   0.1658662837
5   9   4   7   0.0000000000
5   9   5   7   -0.0145592224
5   9   5   8   0.0000156488
5   9   5   9   0.8296969609
5   9   5   12   0.0058025271
5   9   6   11   0.0014155339
5   10   4   10   -0.0000000000
5   10   4   11   0.0408112808
5   10   5   10   0.7578885913
5   10   5   11   -0.0000000000
5   11   1   7   0.0361436138
5   11   1   8   0.0000007127
5   11   1   9   0.0374488987
5   11   1   12   0.0005477009
5   11   2   7   0.0000007127
5   11   2   8   0.0000002520
5   11   2   9   0.0000043243
5   11   2   12   -0.0000028759
5   11   3   7   0.0374488987
5   11   3   8   0.0000043243
5   11   3   9   0.1658662837
5   11   3   12   0.0014155339
5   11   4   10   0.0408112808
5   11   4   11   -0.0000000000
5   11   5   10   -0.0000000000
5   11   5   11   0.8395111530
5   11   6   7   0.0005477009
5   11   6   8   -0.0000028759
5   11   6   9   0.0014155339
5   11   6   12   0.0392216880
5   12   1   11   0.0005477009
5   12   2   11   -0.0000028759
5   12   3   11   0.0014155339
5   12   4   12   -0.0000000000
5   12   5   7   -0.0003489868
5   12   5   8   -0.0001566947
5   12   5   9   0.0058025271
5   12   5   12   0.7351671507
5   12   6   11   0.0392216880
6   7   1   7   -0.0099466202
6   7   1   8   -0.0000009734
6   7   1   9   0.0016046557
6   7   1   12   0.0339923027
6   7   2   7   -0.0001786607
6   7   2   8   -0.0000000007
6   7   2   9   0.0000004261
6   7   2   12   0.0000026259
6   7   3   7   0.0136307336
6   7   3   8   -0.0000015331
6   7   3   9   -0.0004708229
6   7   3   12   0.0354247678
6   7   4   10   0.0005477009
6   7   5   11   0.0005477009
6   7   6   7   1.1247274665
6   7   6   8   -0.0000001746
6   7   6   9   -0.0136994560
6   7   6   12   0.0005064965
6   8   1   7   -0.0000009734
6   8   1   8   -0.0009304956
6   8   1   9   -0.0000022206
6   8   1   12   0.0000026259
6   8   2   7   -0.0000000007
6   8   2   8   0.0113481474
6   8   2   9   -0.0000026559
6   8   2   12   0.0001257637
6   8   3   7   -0.0000015331
6   8   3   8   -0.0114595740
6   8   3   9   -0.0000093805
6   8   3   12   0.0000267044
6   8   4   10   -0.0000028759
6   8   5   11   -0.0000028759
6   8   6   7   -0.0000001746
6   8   6   8   0.1417893405
6   8   6   9   0.0000160620
6   8   6   12   -0.0001733588
6   9   1   7   0.0016046557
6   9   1   8   -0.0000022206
6   9   1   9   -0.0005446042
6   9   1   12   0.0354247678
6   9   2   7   0.0000004261
6   9   2   8   -0.0000026559
6   9   2   9   -0.0001634624
6   9   2   12   0.0000267044
6   9   3   7   -0.0004708229
6   9   3   8   -0.0000093805
6   9   3   9   0.0061355673
6   9   3   12   0.1590966378
6   9   4   10   0.0014155339
6   9   5   11   0.0014155339
6   9   6   7   -0.0136994560
6   9   6   8   0.0000160620
6   9   6   9   0.8038788009
6   9   6   12   0.0062295749
6   10   1   10   -0.0003489868
6   10   2   10   -0.0001566947
6   10   3   10   0.0058025271
6   10   4   7   0.0005477009
6   10   4   8   -0.0000028759
6   10   4   9   0.0014155339
6   10   4   12   0.0392216880
6   10   6   10   0.7351671507
6   10   6   11   -0.0000000000
6   11   1   11   -0.0003489868
6   11   2   11   -0.0001566947
6   11   3   11   0.0058025271
6   11   5   7   0.0005477009
6   11   5   8   -0.0000028759
6   11   5   9   0.0014155339
6   11   5   12   0.0392216880
6   11   6   10   -0.0000000000
6   11   6   11   0.7351671507
6   12   1   7   0.0339923027
6   12   1   8   0.0000026259
6   12   1   9   0.0354247678
6   12   1   12   0.0005064965
6   12   2   7   0.0000026259
6   12   2   8   0.0001257637
6   12   2   9   0.0000267044
6   12   2   12   -0.0001733588
6   12   3   7   0.0354247678
6   12   3   8   0.0000267044
6   12   3   9   0.1590966378
6   12   3   12   0.0062295749
6   12   4   10   0.0392216880
6   12   5   11   0.0392216880
6   12   6   7   0.0005064965
6   12   6   8   -0.0001733588
6   12   6   9   0.0062295749
6   12   6   12   0.7894915729

End IJKL Block
Begin IJAB Block
1   7   1   5   0.0001868055
1   7   1   8   0.0002971265
1   7   2   6   0.0000742422
1   7   3   7   0.0000742422
1   7   4   5   0.0002971265
1   7   4   8   0.0005784227
1   8   1   5   0.0000007479
1   8   1   8   -0.0000011146
1   8   2   6   -0.0000004836
1   8   3   7   -0.0000004836
1   8   4   5   0.0000009795
1   8   4   8   -0.0000016473
1   9   1   5   0.0001879241
1   9   1   8   0.0002776004
1   9   2   6   0.0000718140
1   9   3   7   0.0000718140
1   9   4   5   0.0002802012
1   9   4   8   0.0003862565
1   10   1   6   -0.0000059726
1   10   1   7   -0.0000038573
1   10   2   5   0.0000060006
1   10   2   8   0.0000436800
1   10   3   5   0.0000038753
1   10   3   8   0.0000282097
1   10   4   6   -0.0000259923
1   10   4   7   -0.0000167866
1   11   1   6   0.0000038573
1   11   1   7   -0.0000059726
1   11   2   5   -0.0000038753
1   11   2   8   -0.0000282097
1   11   3   5   0.0000060006
1   11   3   8   0.0000436800
1   11   4   6   0.0000167866
1   11   4   7   -0.0000259923
1   12   1   5   0.0000026722
1   12   1   8   -0.0000592647
1   12   2   6   0.0000046580
1   12   3   7   0.0000046580
1   12   4   5   0.0000346608
1   12   4   8   -0.0000440127
2   7   1   5   0.0000007479
2   7   1   8   0.0000009795
2   7   2   6   -0.0000004836
2   7   3   7   -0.0000004836
2   7   4   5   -0.0000011146
2   7   4   8   -0.0000016473
2   8   1   5   0.0101809460
2   8   1   8   0.0065579719
2   8   2   6   0.0018979918
2   8   3   7   0.0018979918
2   8   4   5   0.0065579719
2   8   4   8   0.0064501399
2   9   1   5   0.0000002845
2   9   1   8   0.0000014887
2   9   2   6   0.0000047167
2   9   3   7   0.0000047167
2   9   4   5   -0.0000093150
2   9   4   8   -0.0000082339
2   10   1   6   -0.0000000918
2   10   1   7   -0.0000000593
2   10   2   5   0.0000459726
2   10   2   8   0.0000669858
2   10   3   5   0.0000296904
2   10   3   8   0.0000432613
2   10   4   6   -0.0000116586
2   10   4   7   -0.0000075294
2   11   1   6   0.0000000593
2   11   1   7   -0.0000000918
2   11   2   5   -0.0000296904
2   11   2   8   -0.0000432613
2   11   3   5   0.0000459726
2   11   3   8   0.0000669858
2   11   4   6   0.0000075294
2   11   4   7   -0.0000116586
2   12   1   5   0.0001755504
2   12   1   8   0.0003214621
2   12   2   6   -0.0002678392
2   12   3   7   -0.0002678392
2   12   4   5   0.0000912801
2   12   4   8   -0.0001664024
3   7   1   5   0.0001879241
3   7   1   8   0.0002802012
3   7   2   6   0.0000718140
3   7   3   7   0.0000718140
3   7   4   5   0.0002776004
3   7   4   8   0.0003862565
3   8   1   5   0.0000002845
3   8   1   8   -0.0000093150
3   8   2   6   0.0000047167
3   8   3   7   0.0000047167
3   8   4   5   0.0000014887
3   8   4   8   -0.0000082339
3   9   1   5   0.0008170308
3   9   1   8   0.0012703901
3   9   2   6   0.0002863678
3   9   3   7   0.0002863678
3   9   4   5   0.0012703901
3   9   4   8   0.0023551065
3   10   1   6   0.0000578189
3   10   1   7   0.0000373410
3   10   2   5   0.0000180812
3   10   2   8   0.0001263985
3   10   3   5   0.0000116773
3   10   3   8   0.0000816316
3   10   4   6   0.0005690826
3   10   4   7   0.0003675291
3   11   1   6   -0.0000373410
3   11   1   7   0.0000578189
3   11   2   5   -0.0000116773
3   11   2   8   -0.0000816316
3   11   3   5   0.0000180812
3   11   3   8   0.0001263985
3   11   4   6   -0.0003675291
3   11   4   7   0.0005690826
3   12   1   5   -0.0001427706
3   12   1   8   -0.0003685837
3   12   2   6   0.0000154957
3   12   3   7   0.0000154957
3   12   4   5   -0.0011526907
3   12   4   8   -0.0019579415
4   7   1   6   0.0000060006
4   7   1   7   0.0000038753
4   7   2   5   -0.0000059726
4   7   2   8   -0.0000259923
4   7   3   5   -0.0000038573
4   7   3   8   -0.0000167866
4   7   4   6   0.0000436800
4   7   4   7   0.0000282097
4   8   1   6   0.0000459726
4   8   1   7   0.0000296904
4   8   2   5   -0.0000000918
4   8   2   8   -0.0000116586
4   8   3   5   -0.0000000593
4   8   3   8   -0.0000075294
4   8   4   6   0.0000669858
4   8   4   7   0.0000432613
4   9   1   6   0.0000180812
4   9   1   7   0.0000116773
4   9   2   5   0.0000578189
4   9   2   8   0.0005690826
4   9   3   5   0.0000373410
4   9   3   8   0.0003675291
4   9   4   6   0.0001263985
4   9   4   7   0.0000816316
4   10   1   5   0.0002185805
4   10   1   8   0.0003485473
4   10   2   6   0.0008502537
4   10   2   7   0.0004964315
4   10   3   6   0.0004964315
4   10   3   7   0.0004021873
4   10   4   5   0.0003485473
4   10   4   8   0.0007618181
4   11   2   6   -0.0004964315
4   11   2   7   0.0006870969
4   11   3   6   -0.0002390306
4   11   3   7   0.0004964315
4   12   1   6   -0.0001468776
4   12   1   7   -0.0000948576
4   12   2   5   -0.0014522606
4   12   2   8   -0.0020776203
4   12   3   5   -0.0009379095
4   12   3   8   -0.0013417839
4   12   4   6   -0.0002654507
4   12   4   7   -0.0001714353
5   7   1   6   -0.0000038753
5   7   1   7   0.0000060006
5   7   2   5   0.0000038573
5   7   2   8   0.0000167866
5   7   3   5   -0.0000059726
5   7   3   8   -0.0000259923
5   7   4   6   -0.0000282097
5   7   4   7   0.0000436800
5   8   1   6   -0.0000296904
5   8   1   7   0.0000459726
5   8   2   5   0.0000000593
5   8   2   8   0.0000075294
5   8   3   5   -0.0000000918
5   8   3   8   -0.0000116586
5   8   4   6   -0.0000432613
5   8   4   7   0.0000669858
5   9   1   6   -0.0000116773
5   9   1   7   0.0000180812
5   9   2   5   -0.0000373410
5   9   2   8   -0.0003675291
5   9   3   5   0.0000578189
5   9   3   8   0.0005690826
5   9   4   6   -0.0000816316
5   9   4   7   0.0001263985
5   10   2   6   -0.0004964315
5   10   2   7   -0.0002390306
5   10   3   6   0.0006870969
5   10   3   7   0.0004964315
5   11   1   5   0.0002185805
5   11   1   8   0.0003485473
5   11   2   6   0.0004021873
5   11   2   7   -0.0004964315
5   11   3   6   -0.0004964315
5   11   3   7   0.0008502537
5   11   4   5   0.0003485473
5   11   4   8   0.0007618181
5   12   1   6   0.0000948576
5   12   1   7   -0.0001468776
5   12   2   5   0.0009379095
5   12   2   8   0.0013417839
5   12   3   5   -0.0014522606
5   12   3   8   -0.0020776203
5   12   4   6   0.0001714353
5   12   4   7   -0.0002654507
6   7   1   5   0.0000026722
6   7   1   8   0.0000346608
6   7   2   6   0.0000046580
6   7   3   7   0.0000046580
6   7   4   5   -0.0000592647
6   7   4   8   -0.0000440127
6   8   1   5   0.0001755504
6   8   1   8   0.0000912801
6   8   2   6   -0.0002678392
6   8   3   7   -0.0002678392
6   8   4   5   0.0003214621
6   8   4   8   -0.0001664024
6   9   1   5   -0.0001427706
6   9   1   8   -0.0011526907
6   9   2   6   0.0000154957
6   9   3   7   0.0000154957
6   9   4   5   -0.0003685837
6   9   4   8   -0.0019579415
6   10   1   6   -0.0014522606
6   10   1   7   -0.0009379095
6   10   2   5   -0.0001468776
6   10   2   8   -0.0002654507
6   10   3   5   -0.0000948576
6   10   3   8   -0.0001714353
6   10   4   6   -0.0020776203
6   10   4   7   -0.0013417839
6   11   1   6   0.0009379095
6   11   1   7   -0.0014522606
6   11   2   5   0.0000948576
6   11   2   8   0.0001714353
6   11   3   5   -0.0001468776
6   11   3   8   -0.0002654507
6   11   4   6   0.0013417839
6   11   4   7   -0.0020776203
6   12   1   5   0.0035070027
6   12   1   8   0.0050756096
6   12   2   6   0.0003349020
6   12   3   7   0.0003349020
6   12   4   5   0.0050756096
6   12   4   8   0.0079575998

End IJAB Block
Begin ABCD Block
1   5   1   5   0.2348833961
1   5   1   8   -0.0006392637
1   5   2   6   0.0368258267
1   5   3   7   0.0368258267
1   5   4   5   -0.0006392637
1   5   4   8   0.0279973783
1   6   1   6   0.1873448451
1   6   2   5   0.0368258267
1   6   2   8   0.0083632130
1   6   4   6   0.0116569602
1   7   1   7   0.1873448451
1   7   3   5   0.0368258267
1   7   3   8   0.0083632130
1   7   4   7   0.0116569602
1   8   1   5   -0.0006392637
1   8   1   8   0.1841587928
1   8   2   6   0.0083632130
1   8   3   7   0.0083632130
1   8   4   5   0.0279973783
1   8   4   8   0.0136435042
2   5   1   6   0.0368258267
2   5   2   5   0.1873448451
2   5   2   8   0.0116569602
2   5   4   6   0.0083632130
2   6   1   5   0.0368258267
2   6   1   8   0.0083632130
2   6   2   6   0.1763850784
2   6   3   7   0.0094300689
2   6   4   5   0.0083632130
2   6   4   8   0.0120109098
2   7   2   7   0.1575249406
2   7   3   6   0.0094300689
2   8   1   6   0.0083632130
2   8   2   5   0.0116569602
2   8   2   8   0.1608144646
2   8   4   6   0.0120109098
3   5   1   7   0.0368258267
3   5   3   5   0.1873448451
3   5   3   8   0.0116569602
3   5   4   7   0.0083632130
3   6   2   7   0.0094300689
3   6   3   6   0.1575249406
3   7   1   5   0.0368258267
3   7   1   8   0.0083632130
3   7   2   6   0.0094300689
3   7   3   7   0.1763850784
3   7   4   5   0.0083632130
3   7   4   8   0.0120109098
3   8   1   7   0.0083632130
3   8   3   5   0.0116569602
3   8   3   8   0.1608144646
3   8   4   7   0.0120109098
4   5   1   5   -0.0006392637
4   5   1   8   0.0279973783
4   5   2   6   0.0083632130
4   5   3   7   0.0083632130
4   5   4   5   0.1841587928
4   5   4   8   0.0136435042
4   6   1   6   0.0116569602
4   6   2   5   0.0083632130
4   6   2   8   0.0120109098
4   6   4   6   0.1608144646
4   7   1   7   0.0116569602
4   7   3   5   0.0083632130
4   7   3   8   0.0120109098
4   7   4   7   0.1608144646
4   8   1   5   0.0279973783
4   8   1   8   0.0136435042
4   8   2   6   0.0120109098
4   8   3   7   0.0120109098
4   8   4   5   0.0136435042
4   8   4   8   0.1795535128

End ABCD Block
Begin AIJB Block
1   7   1   5   0.0001868055
1   7   1   8   0.0002971265
1   7   2   5   0.0000007479
1   7   2   8   0.0000009795
1   7   3   5   0.0001879241
1   7   3   8   0.0002802012
1   7   4   6   0.0000060006
1   7   4   7   0.0000038753
1   7   5   6   -0.0000038753
1   7   5   7   0.0000060006
1   7   6   5   0.0000026722
1   7   6   8   0.0000346608
1   8   1   5   0.0000007479
1   8   1   8   -0.0000011146
1   8   2   5   0.0101809460
1   8   2   8   0.0065579719
1   8   3   5   0.0000002845
1   8   3   8   -0.0000093150
1   8   4   6   0.0000459726
1   8   4   7   0.0000296904
1   8   5   6   -0.0000296904
1   8   5   7   0.0000459726
1   8   6   5   0.0001755504
1   8   6   8   0.0000912801
1   9   1   5   0.0001879241
1   9   1   8   0.0002776004
1   9   2   5   0.0000002845
1   9   2   8   0.0000014887
1   9   3   5   0.0008170308
1   9   3   8   0.0012703901
1   9   4   6   0.0000180812
1   9   4   7   0.0000116773
1   9   5   6   -0.0000116773
1   9   5   7   0.0000180812
1   9   6   5   -0.0001427706
1   9   6   8   -0.0011526907
1   10   1   6   -0.0000059726
1   10   1   7   -0.0000038573
1   10   2   6   -0.0000000918
1   10   2   7   -0.0000000593
1   10   3   6   0.0000578189
1   10   3   7   0.0000373410
1   10   4   5   0.0002185805
1   10   4   8   0.0003485473
1   10   6   6   -0.0014522606
1   10   6   7   -0.0009379095
1   11   1   6   0.0000038573
1   11   1   7   -0.0000059726
1   11   2   6   0.0000000593
1   11   2   7   -0.0000000918
1   11   3   6   -0.0000373410
1   11   3   7   0.0000578189
1   11   5   5   0.0002185805
1   11   5   8   0.0003485473
1   11   6   6   0.0009379095
1   11   6   7   -0.0014522606
1   12   1   5   0.0000026722
1   12   1   8   -0.0000592647
1   12   2   5   0.0001755504
1   12   2   8   0.0003214621
1   12   3   5   -0.0001427706
1   12   3   8   -0.0003685837
1   12   4   6   -0.0001468776
1   12   4   7   -0.0000948576
1   12   5   6   0.0000948576
1   12   5   7   -0.0001468776
1   12   6   5   0.0035070027
1   12   6   8   0.0050756096
2   7   1   6   0.0000742422
2   7   2   6   -0.0000004836
2   7   3   6   0.0000718140
2   7   4   5   -0.0000059726
2   7   4   8   -0.0000259923
2   7   5   5   0.0000038573
2   7   5   8   0.0000167866
2   7   6   6   0.0000046580
2   8   1   6   -0.0000004836
2   8   2   6   0.0018979918
2   8   3   6   0.0000047167
2   8   4   5   -0.0000000918
2   8   4   8   -0.0000116586
2   8   5   5   0.0000000593
2   8   5   8   0.0000075294
2   8   6   6   -0.0002678392
2   9   1   6   0.0000718140
2   9   2   6   0.0000047167
2   9   3   6   0.0002863678
2   9   4   5   0.0000578189
2   9   4   8   0.0005690826
2   9   5   5   -0.0000373410
2   9   5   8   -0.0003675291
2   9   6   6   0.0000154957
2   10   1   5   0.0000060006
2   10   1   8   0.0000436800
2   10   2   5   0.0000459726
2   10   2   8   0.0000669858
2   10   3   5   0.0000180812
2   10   3   8   0.0001263985
2   10   4   6   0.0008502537
2   10   4   7   0.0004964315
2   10   5   6   -0.0004964315
2   10   5   7   -0.0002390306
2   10   6   5   -0.0001468776
2   10   6   8   -0.0002654507
2   11   1   5   -0.0000038753
2   11   1   8   -0.0000282097
2   11   2   5   -0.0000296904
2   11   2   8   -0.0000432613
2   11   3   5   -0.0000116773
2   11   3   8   -0.0000816316
2   11   4   6   -0.0004964315
2   11   4   7   0.0006870969
2   11   5   6   0.0004021873
2   11   5   7   -0.0004964315
2   11   6   5   0.0000948576
2   11   6   8   0.0001714353
2   12   1   6   0.0000046580
2   12   2   6   -0.0002678392
2   12   3   6   0.0000154957
2   12   4   5   -0.0014522606
2   12   4   8   -0.0020776203
2   12   5   5   0.0009379095
2   12   5   8   0.0013417839
2   12   6   6   0.0003349020
3   7   1   7   0.0000742422
3   7   2   7   -0.0000004836
3   7   3   7   0.0000718140
3   7   4   5   -0.0000038573
3   7   4   8   -0.0000167866
3   7   5   5   -0.0000059726
3   7   5   8   -0.0000259923
3   7   6   7   0.0000046580
3   8   1   7   -0.0000004836
3   8   2   7   0.0018979918
3   8   3   7   0.0000047167
3   8   4   5   -0.0000000593
3   8   4   8   -0.0000075294
3   8   5   5   -0.0000000918
3   8   5   8   -0.0000116586
3   8   6   7   -0.0002678392
3   9   1   7   0.0000718140
3   9   2   7   0.0000047167
3   9   3   7   0.0002863678
3   9   4   5   0.0000373410
3   9   4   8   0.0003675291
3   9   5   5   0.0000578189
3   9   5   8   0.0005690826
3   9   6   7   0.0000154957
3   10   1   5   0.0000038753
3   10   1   8   0.0000282097
3   10   2   5   0.0000296904
3   10   2   8   0.0000432613
3   10   3   5   0.0000116773
3   10   3   8   0.0000816316
3   10   4   6   0.0004964315
3   10   4   7   0.0004021873
3   10   5   6   0.0006870969
3   10   5   7   0.0004964315
3   10   6   5   -0.0000948576
3   10   6   8   -0.0001714353
3   11   1   5   0.0000060006
3   11   1   8   0.0000436800
3   11   2   5   0.0000459726
3   11   2   8   0.0000669858
3   11   3   5   0.0000180812
3   11   3   8   0.0001263985
3   11   4   6   -0.0002390306
3   11   4   7   0.0004964315
3   11   5   6   -0.0004964315
3   11   5   7   0.0008502537
3   11   6   5   -0.0001468776
3   11   6   8   -0.0002654507
3   12   1   7   0.0000046580
3   12   2   7   -0.0002678392
3   12   3   7   0.0000154957
3   12   4   5   -0.0009379095
3   12   4   8   -0.0013417839
3   12   5   5   -0.0014522606
3   12   5   8   -0.0020776203
3   12   6   7   0.0003349020
4   7   1   5   0.0002971265
4   7   1   8   0.0005784227
4   7   2   5   -0.0000011146
4   7   2   8   -0.0000016473
4   7   3   5   0.0002776004
4   7   3   8   0.0003862565
4   7   4   6   0.0000436800
4   7   4   7   0.0000282097
4   7   5   6   -0.0000282097
4   7   5   7   0.0000436800
4   7   6   5   -0.0000592647
4   7   6   8   -0.0000440127
4   8   1   5   0.0000009795
4   8   1   8   -0.0000016473
4   8   2   5   0.0065579719
4   8   2   8   0.0064501399
4   8   3   5   0.0000014887
4   8   3   8   -0.0000082339
4   8   4   6   0.0000669858
4   8   4   7   0.0000432613
4   8   5   6   -0.0000432613
4   8   5   7   0.0000669858
4   8   6   5   0.0003214621
4   8   6   8   -0.0001664024
4   9   1   5   0.0002802012
4   9   1   8   0.0003862565
4   9   2   5   -0.0000093150
4   9   2   8   -0.0000082339
4   9   3   5   0.0012703901
4   9   3   8   0.0023551065
4   9   4   6   0.0001263985
4   9   4   7   0.0000816316
4   9   5   6   -0.0000816316
4   9   5   7   0.0001263985
4   9   6   5   -0.0003685837
4   9   6   8   -0.0019579415
4   10   1   6   -0.0000259923
4   10   1   7   -0.0000167866
4   10   2   6   -0.0000116586
4   10   2   7   -0.0000075294
4   10   3   6   0.0005690826
4   10   3   7   0.0003675291
4   10   4   5   0.0003485473
4   10   4   8   0.0007618181
4   10   6   6   -0.0020776203
4   10   6   7   -0.0013417839
4   11   1   6   0.0000167866
4   11   1   7   -0.0000259923
4   11   2   6   0.0000075294
4   11   2   7   -0.0000116586
4   11   3   6   -0.0003675291
4   11   3   7   0.0005690826
4   11   5   5   0.0003485473
4   11   5   8   0.0007618181
4   11   6   6   0.0013417839
4   11   6   7   -0.0020776203
4   12   1   5   0.0000346608
4   12   1   8   -0.0000440127
4   12   2   5   0.0000912801
4   12   2   8   -0.0001664024
4   12   3   5   -0.0011526907
4   12   3   8   -0.0019579415
4   12   4   6   -0.0002654507
4   12   4   7   -0.0001714353
4   12   5   6   0.0001714353
4   12   5   7   -0.0002654507
4   12   6   5   0.0050756096
4   12   6   8   0.0079575998

1   7   7   1   -0.1107444711
1   7   7   4   -0.0308251249
1   7   8   1   0.0000001614
1   7   8   4   -0.0000001307
1   7   9   1   0.0000743478
1   7   9   4   0.0001169379
1   7   10   2   -0.0001455427
1   7   10   3   -0.0000939954
1   7   11   2   0.0000939954
1   7   11   3   -0.0001455427
1   7   12   1   0.0005674981
1   7   12   4   0.0003302527
1   8   7   1   0.0000001614
1   8   7   4   -0.0000001307
1   8   8   1   -0.2931946528
1   8   8   4   -0.0531433987
1   8   9   1   0.0000113074
1   8   9   4   0.0000007094
1   8   10   2   -0.0000360531
1   8   10   3   -0.0000232840
1   8   11   2   0.0000232840
1   8   11   3   -0.0000360531
1   8   12   1   -0.0003990119
1   8   12   4   0.0000192128
1   9   7   1   0.0000743478
1   9   7   4   0.0001169379
1   9   8   1   0.0000113074
1   9   8   4   0.0000007094
1   9   9   1   -0.1090839059
1   9   9   4   -0.0281706452
1   9   10   2   -0.0016777577
1   9   10   3   -0.0010835417
1   9   11   2   0.0010835417
1   9   11   3   -0.0016777577
1   9   12   1   0.0067317460
1   9   12   4   0.0030637945
1   10   7   2   -0.0001455427
1   10   7   3   -0.0000939954
1   10   8   2   -0.0000360531
1   10   8   3   -0.0000232840
1   10   9   2   -0.0016777577
1   10   9   3   -0.0010835417
1   10   10   1   -0.1084336214
1   10   10   4   -0.0274116980
1   10   12   2   0.0005602812
1   10   12   3   0.0003618449
1   11   7   2   0.0000939954
1   11   7   3   -0.0001455427
1   11   8   2   0.0000232840
1   11   8   3   -0.0000360531
1   11   9   2   0.0010835417
1   11   9   3   -0.0016777577
1   11   11   1   -0.1084336214
1   11   11   4   -0.0274116980
1   11   12   2   -0.0003618449
1   11   12   3   0.0005602812
1   12   7   1   0.0005674981
1   12   7   4   0.0003302527
1   12   8   1   -0.0003990119
1   12   8   4   0.0000192128
1   12   9   1   0.0067317460
1   12   9   4   0.0030637945
1   12   10   2   0.0005602812
1   12   10   3   0.0003618449
1   12   11   2   -0.0003618449
1   12   11   3   0.0005602812
1   12   12   1   -0.1119846451
1   12   12   4   -0.0293015227
2   7   7   2   -0.1115993824
2   7   8   2   0.0000000504
2   7   9   2   0.0000292291
2   7   10   1   -0.0001455427
2   7   10   4   -0.0002045099
2   7   11   1   0.0000939954
2   7   11   4   0.0001320781
2   7   12   2   0.0005149071
2   8   7   2   0.0000000504
2   8   8   2   -0.2276319743
2   8   9   2   0.0000043658
2   8   10   1   -0.0000360531
2   8   10   4   -0.0000187818
2   8   11   1   0.0000232840
2   8   11   4   0.0000121298
2   8   12   2   -0.0001170110
2   9   7   2   0.0000292291
2   9   8   2   0.0000043658
2   9   9   2   -0.1109964577
2   9   10   1   -0.0016777577
2   9   10   4   -0.0020304439
2   9   11   1   0.0010835417
2   9   11   4   0.0013113160
2   9   12   2   0.0063006387
2   10   7   1   -0.0001455427
2   10   7   4   -0.0002045099
2   10   8   1   -0.0000360531
2   10   8   4   -0.0000187818
2   10   9   1   -0.0016777577
2   10   9   4   -0.0020304439
2   10   10   2   -0.1108387042
2   10   10   3   -0.0002255494
2   10   11   2   0.0002255494
2   10   11   3   -0.0001017876
2   10   12   1   0.0005602812
2   10   12   4   0.0006328959
2   11   7   1   0.0000939954
2   11   7   4   0.0001320781
2   11   8   1   0.0000232840
2   11   8   4   0.0000121298
2   11   9   1   0.0010835417
2   11   9   4   0.0013113160
2   11   10   2   0.0002255494
2   11   10   3   -0.0001017876
2   11   11   2   -0.1106351291
2   11   11   3   0.0002255494
2   11   12   1   -0.0003618449
2   11   12   4   -0.0004087414
2   12   7   2   0.0005149071
2   12   8   2   -0.0001170110
2   12   9   2   0.0063006387
2   12   10   1   0.0005602812
2   12   10   4   0.0006328959
2   12   11   1   -0.0003618449
2   12   11   4   -0.0004087414
2   12   12   2   -0.1132893599
3   7   7   3   -0.1115993824
3   7   8   3   0.0000000504
3   7   9   3   0.0000292291
3   7   10   1   -0.0000939954
3   7   10   4   -0.0001320781
3   7   11   1   -0.0001455427
3   7   11   4   -0.0002045099
3   7   12   3   0.0005149071
3   8   7   3   0.0000000504
3   8   8   3   -0.2276319743
3   8   9   3   0.0000043658
3   8   10   1   -0.0000232840
3   8   10   4   -0.0000121298
3   8   11   1   -0.0000360531
3   8   11   4   -0.0000187818
3   8   12   3   -0.0001170110
3   9   7   3   0.0000292291
3   9   8   3   0.0000043658
3   9   9   3   -0.1109964577
3   9   10   1   -0.0010835417
3   9   10   4   -0.0013113160
3   9   11   1   -0.0016777577
3   9   11   4   -0.0020304439
3   9   12   3   0.0063006387
3   10   7   1   -0.0000939954
3   10   7   4   -0.0001320781
3   10   8   1   -0.0000232840
3   10   8   4   -0.0000121298
3   10   9   1   -0.0010835417
3   10   9   4   -0.0013113160
3   10   10   2   -0.0002255494
3   10   10   3   -0.1106351291
3   10   11   2   -0.0001017876
3   10   11   3   -0.0002255494
3   10   12   1   0.0003618449
3   10   12   4   0.0004087414
3   11   7   1   -0.0001455427
3   11   7   4   -0.0002045099
3   11   8   1   -0.0000360531
3   11   8   4   -0.0000187818
3   11   9   1   -0.0016777577
3   11   9   4   -0.0020304439
3   11   10   2   -0.0001017876
3   11   10   3   -0.0002255494
3   11   11   2   0.0002255494
3   11   11   3   -0.1108387042
3   11   12   1   0.0005602812
3   11   12   4   0.0006328959
3   12   7   3   0.0005149071
3   12   8   3   -0.0001170110
3   12   9   3   0.0063006387
3   12   10   1   0.0003618449
3   12   10   4   0.0004087414
3   12   11   1   0.0005602812
3   12   11   4   0.0006328959
3   12   12   3   -0.1132893599
4   7   7   1   -0.0308251249
4   7   7   4   -0.1430323011
4   7   8   1   -0.0000001307
4   7   8   4   -0.0000002077
4   7   9   1   0.0001169379
4   7   9   4   0.0002120097
4   7   10   2   -0.0002045099
4   7   10   3   -0.0001320781
4   7   11   2   0.0001320781
4   7   11   3   -0.0002045099
4   7   12   1   0.0003302527
4   7   12   4   0.0009908654
4   8   7   1   -0.0000001307
4   8   7   4   -0.0000002077
4   8   8   1   -0.0531433987
4   8   8   4   -0.2503510047
4   8   9   1   0.0000007094
4   8   9   4   0.0000048623
4   8   10   2   -0.0000187818
4   8   10   3   -0.0000121298
4   8   11   2   0.0000121298
4   8   11   3   -0.0000187818
4   8   12   1   0.0000192128
4   8   12   4   -0.0000292682
4   9   7   1   0.0001169379
4   9   7   4   0.0002120097
4   9   8   1   0.0000007094
4   9   8   4   0.0000048623
4   9   9   1   -0.0281706452
4   9   9   4   -0.1385633721
4   9   10   2   -0.0020304439
4   9   10   3   -0.0013113160
4   9   11   2   0.0013113160
4   9   11   3   -0.0020304439
4   9   12   1   0.0030637945
4   9   12   4   0.0096677473
4   10   7   2   -0.0002045099
4   10   7   3   -0.0001320781
4   10   8   2   -0.0000187818
4   10   8   3   -0.0000121298
4   10   9   2   -0.0020304439
4   10   9   3   -0.0013113160
4   10   10   1   -0.0274116980
4   10   10   4   -0.1371780579
4   10   12   2   0.0006328959
4   10   12   3   0.0004087414
4   11   7   2   0.0001320781
4   11   7   3   -0.0002045099
4   11   8   2   0.0000121298
4   11   8   3   -0.0000187818
4   11   9   2   0.0013113160
4   11   9   3   -0.0020304439
4   11   11   1   -0.0274116980
4   11   11   4   -0.1371780579
4   11   12   2   -0.0004087414
4   11   12   3   0.0006328959
4   12   7   1   0.0003302527
4   12   7   4   0.0009908654
4   12   8   1   0.0000192128
4   12   8   4   -0.0000292682
4   12   9   1   0.0030637945
4   12   9   4   0.0096677473
4   12   10   2   0.0006328959
4   12   10   3   0.0004087414
4   12   11   2   -0.0004087414
4   12   11   3   0.0006328959
4   12   12   1   -0.0293015227
4   12   12   4   -0.1418986831

End AIJB Block
Begin IJKA Block
1   7   1   5   0.0026845503
1   7   1   8   0.0223979627
1   7   2   5   -0.0000000764
1   7   2   8   -0.0000001395
1   7   3   5   -0.0004362204
1   7   3   8   -0.0036877540
1   7   4   6   -0.0013760245
1   7   4   7   -0.0008886742
1   7   5   6   0.0008886742
1   7   5   7   -0.0013760245
1   7   6   5   0.0024957149
1   7   6   8   0.0037080631
1   8   1   5   -0.0006879656
1   8   1   8   0.0011330584
1   8   2   5   -0.0000001967
1   8   2   8   0.0000000902
1   8   3   5   0.0000000220
1   8   3   8   0.0000000722
1   8   4   6   0.0000088490
1   8   4   7   0.0000057149
1   8   5   6   -0.0000057149
1   8   5   7   0.0000088490
1   8   6   5   0.0000095056
1   8   6   8   -0.0000153318
1   9   1   5   -0.0045886642
1   9   1   8   -0.0342021625
1   9   2   5   -0.0000001078
1   9   2   8   -0.0000001495
1   9   3   5   0.0001155045
1   9   3   8   0.0010001049
1   9   4   6   -0.0013459573
1   9   4   7   -0.0008692559
1   9   5   6   0.0008692559
1   9   5   7   -0.0013459573
1   9   6   5   0.0025650200
1   9   6   8   0.0038584316
1   10   1   6   -0.0360056519
1   10   1   7   -0.0232534321
1   10   2   6   0.0000000145
1   10   2   7   0.0000000094
1   10   3   6   0.0005532176
1   10   3   7   0.0003572830
1   10   4   5   -0.0001640550
1   10   4   8   -0.0011655049
1   10   6   6   -0.0000373630
1   10   6   7   -0.0000241301
1   11   1   6   0.0232534321
1   11   1   7   -0.0360056519
1   11   2   6   -0.0000000094
1   11   2   7   0.0000000145
1   11   3   6   -0.0003572830
1   11   3   7   0.0005532176
1   11   5   5   -0.0001640550
1   11   5   8   -0.0011655049
1   11   6   6   0.0000241301
1   11   6   7   -0.0000373630
1   12   1   5   0.0694399313
1   12   1   8   0.0976391193
1   12   2   5   -0.0000000228
1   12   2   8   -0.0000000285
1   12   3   5   -0.0010066438
1   12   3   8   -0.0015027252
1   12   4   6   -0.0000847191
1   12   4   7   -0.0000547139
1   12   5   6   0.0000547139
1   12   5   7   -0.0000847191
1   12   6   5   -0.0000462289
1   12   6   8   -0.0009288325
2   7   1   5   -0.0000000764
2   7   1   8   -0.0000001395
2   7   2   5   -0.0000679368
2   7   2   8   -0.0001003974
2   7   3   5   -0.0000001624
2   7   3   8   -0.0000002406
2   7   4   6   -0.0000000268
2   7   4   7   -0.0000000173
2   7   5   6   0.0000000173
2   7   5   7   -0.0000000268
2   7   6   5   0.0000001874
2   7   6   8   0.0000002719
2   8   1   5   -0.0000001967
2   8   1   8   0.0000000902
2   8   2   5   -0.1021296300
2   8   2   8   -0.0743639543
2   8   3   5   0.0000255193
2   8   3   8   0.0000165695
2   8   4   6   0.0000177114
2   8   4   7   0.0000114385
2   8   5   6   -0.0000114385
2   8   5   7   0.0000177114
2   8   6   5   -0.0010365248
2   8   6   8   -0.0008763705
2   9   1   5   -0.0000001078
2   9   1   8   -0.0000001495
2   9   2   5   -0.0003769269
2   9   2   8   -0.0003844594
2   9   3   5   -0.0000007262
2   9   3   8   -0.0000013350
2   9   4   6   -0.0000000124
2   9   4   7   -0.0000000080
2   9   5   6   0.0000000080
2   9   5   7   -0.0000000124
2   9   6   5   0.0000017650
2   9   6   8   0.0000025801
2   10   1   6   0.0000000145
2   10   1   7   0.0000000094
2   10   2   6   0.0014564209
2   10   2   7   0.0009405964
2   10   3   6   -0.0000004860
2   10   3   7   -0.0000003139
2   10   4   5   0.0000006536
2   10   4   8   0.0000009698
2   10   6   6   0.0000030362
2   10   6   7   0.0000019608
2   11   1   6   -0.0000000094
2   11   1   7   0.0000000145
2   11   2   6   -0.0009405964
2   11   2   7   0.0014564209
2   11   3   6   0.0000003139
2   11   3   7   -0.0000004860
2   11   5   5   0.0000006536
2   11   5   8   0.0000009698
2   11   6   6   -0.0000019608
2   11   6   7   0.0000030362
2   12   1   5   -0.0000000228
2   12   1   8   -0.0000000285
2   12   2   5   -0.0116012081
2   12   2   8   -0.0179272900
2   12   3   5   0.0000015756
2   12   3   8   0.0000018338
2   12   4   6   -0.0000031312
2   12   4   7   -0.0000020222
2   12   5   6   0.0000020222
2   12   5   7   -0.0000031312
2   12   6   5   -0.0000199981
2   12   6   8   0.0000048065
3   7   1   5   -0.0004362204
3   7   1   8   -0.0036877540
3   7   2   5   -0.0000001624
3   7   2   8   -0.0000002406
3   7   3   5   0.0001007741
3   7   3   8   0.0009246296
3   7   4   6   -0.0014098149
3   7   4   7   -0.0009104969
3   7   5   6   0.0009104969
3   7   5   7   -0.0014098149
3   7   6   5   0.0026079709
3   7   6   8   0.0039572181
3   8   1   5   0.0000000220
3   8   1   8   0.0000000722
3   8   2   5   0.0000255193
3   8   2   8   0.0000165695
3   8   3   5   -0.0006881378
3   8   3   8   0.0011371488
3   8   4   6   0.0001051366
3   8   4   7   0.0000679001
3   8   5   6   -0.0000679001
3   8   5   7   0.0001051366
3   8   6   5   0.0001173104
3   8   6   8   -0.0001903328
3   9   1   5   0.0001155045
3   9   1   8   0.0010001049
3   9   2   5   -0.0000007262
3   9   2   8   -0.0000013350
3   9   3   5   -0.0027235428
3   9   3   8   -0.0189705513
3   9   4   6   -0.0057333299
3   9   4   7   -0.0037027408
3   9   5   6   0.0037027408
3   9   5   7   -0.0057333299
3   9   6   5   0.0112683135
3   9   6   8   0.0164170427
3   10   1   6   0.0005532176
3   10   1   7   0.0003572830
3   10   2   6   -0.0000004860
3   10   2   7   -0.0000003139
3   10   3   6   -0.0233011824
3   10   3   7   -0.0150485391
3   10   4   5   -0.0005384333
3   10   4   8   -0.0030222477
3   10   6   6   -0.0007143637
3   10   6   7   -0.0004613555
3   11   1   6   -0.0003572830
3   11   1   7   0.0005532176
3   11   2   6   0.0000003139
3   11   2   7   -0.0000004860
3   11   3   6   0.0150485391
3   11   3   7   -0.0233011824
3   11   5   5   -0.0005384333
3   11   5   8   -0.0030222477
3   11   6   6   0.0004613555
3   11   6   7   -0.0007143637
3   12   1   5   -0.0010066438
3   12   1   8   -0.0015027252
3   12   2   5   0.0000015756
3   12   2   8   0.0000018338
3   12   3   5   0.0459346038
3   12   3   8   0.0623562226
3   12   4   6   -0.0007149941
3   12   4   7   -0.0004617627
3   12   5   6   0.0004617627
3   12   5   7   -0.0007149941
3   12   6   5   0.0010304166
3   12   6   8   -0.0003640880
4   7   1   6   -0.0013760245
4   7   1   7   -0.0008886742
4   7   2   6   -0.0000000268
4   7   2   7   -0.0000000173
4   7   3   6   -0.0014098149
4   7   3   7   -0.0009104969
4   7   4   5   0.0000588534
4   7   4   8   0.0005365784
4   7   6   6   -0.0000231033
4   7   6   7   -0.0000149207
4   8   1   6   0.0000088490
4   8   1   7   0.0000057149
4   8   2   6   0.0000177114
4   8   2   7   0.0000114385
4   8   3   6   0.0001051366
4   8   3   7   0.0000679001
4   8   4   5   -0.0006739411
4   8   4   8   0.0011151199
4   8   6   6   -0.0000388813
4   8   6   7   -0.0000251106
4   9   1   6   -0.0013459573
4   9   1   7   -0.0008692559
4   9   2   6   -0.0000000124
4   9   2   7   -0.0000000080
4   9   3   6   -0.0057333299
4   9   3   7   -0.0037027408
4   9   4   5   -0.0025023634
4   9   4   8   -0.0171714590
4   9   6   6   -0.0001512948
4   9   6   7   -0.0000977103
4   10   1   5   -0.0001640550
4   10   1   8   -0.0011655049
4   10   2   5   0.0000006536
4   10   2   8   0.0000009698
4   10   3   5   -0.0005384333
4   10   3   8   -0.0030222477
4   10   4   6   -0.0235580405
4   10   4   7   -0.0152144251
4   10   5   6   0.0008914355
4   10   5   7   -0.0013803002
4   10   6   5   0.0027412647
4   10   6   8   0.0039241725
4   11   4   6   0.0134315540
4   11   4   7   -0.0207974400
4   11   5   6   -0.0013803002
4   11   5   7   -0.0008914355
4   12   1   6   -0.0000847191
4   12   1   7   -0.0000547139
4   12   2   6   -0.0000031312
4   12   2   7   -0.0000020222
4   12   3   6   -0.0007149941
4   12   3   7   -0.0004617627
4   12   4   5   0.0410911886
4   12   4   8   0.0552364610
4   12   6   6   -0.0012060153
4   12   6   7   -0.0007788776
5   7   1   6   0.0008886742
5   7   1   7   -0.0013760245
5   7   2   6   0.0000000173
5   7   2   7   -0.0000000268
5   7   3   6   0.0009104969
5   7   3   7   -0.0014098149
5   7   5   5   0.0000588534
5   7   5   8   0.0005365784
5   7   6   6   0.0000149207
5   7   6   7   -0.0000231033
5   8   1   6   -0.0000057149
5   8   1   7   0.0000088490
5   8   2   6   -0.0000114385
5   8   2   7   0.0000177114
5   8   3   6   -0.0000679001
5   8   3   7   0.0001051366
5   8   5   5   -0.0006739411
5   8   5   8   0.0011151199
5   8   6   6   0.0000251106
5   8   6   7   -0.0000388813
5   9   1   6   0.0008692559
5   9   1   7   -0.0013459573
5   9   2   6   0.0000000080
5   9   2   7   -0.0000000124
5   9   3   6   0.0037027408
5   9   3   7   -0.0057333299
5   9   5   5   -0.0025023634
5   9   5   8   -0.0171714590
5   9   6   6   0.0000977103
5   9   6   7   -0.0001512948
5   10   4   6   0.0008914355
5   10   4   7   -0.0013803002
5   10   5   6   -0.0207974400
5   10   5   7   -0.0134315540
5   11   1   5   -0.0001640550
5   11   1   8   -0.0011655049
5   11   2   5   0.0000006536
5   11   2   8   0.0000009698
5   11   3   5   -0.0005384333
5   11   3   8   -0.0030222477
5   11   4   6   -0.0013803002
5   11   4   7   -0.0008914355
5   11   5   6   0.0152144251
5   11   5   7   -0.0235580405
5   11   6   5   0.0027412647
5   11   6   8   0.0039241725
5   12   1   6   0.0000547139
5   12   1   7   -0.0000847191
5   12   2   6   0.0000020222
5   12   2   7   -0.0000031312
5   12   3   6   0.0004617627
5   12   3   7   -0.0007149941
5   12   5   5   0.0410911886
5   12   5   8   0.0552364610
5   12   6   6   0.0007788776
5   12   6   7   -0.0012060153
6   7   1   5   0.0024957149
6   7   1   8   0.0037080631
6   7   2   5   0.0000001874
6   7   2   8   0.0000002719
6   7   3   5   0.0026079709
6   7   3   8   0.0039572181
6   7   4   6   -0.0000231033
6   7   4   7   -0.0000149207
6   7   5   6   0.0000149207
6   7   5   7   -0.0000231033
6   7   6   5   0.0001201210
6   7   6   8   0.0005999065
6   8   1   5   0.0000095056
6   8   1   8   -0.0000153318
6   8   2   5   -0.0010365248
6   8   2   8   -0.0008763705
6   8   3   5   0.0001173104
6   8   3   8   -0.0001903328
6   8   4   6   -0.0000388813
6   8   4   7   -0.0000251106
6   8   5   6   0.0000251106
6   8   5   7   -0.0000388813
6   8   6   5   -0.0007831480
6   8   6   8   0.0012407503
6   9   1   5   0.0025650200
6   9   1   8   0.0038584316
6   9   2   5   0.0000017650
6   9   2   8   0.0000025801
6   9   3   5   0.0112683135
6   9   3   8   0.0164170427
6   9   4   6   -0.0001512948
6   9   4   7   -0.0000977103
6   9   5   6   0.0000977103
6   9   5   7   -0.0001512948
6   9   6   5   -0.0021840988
6   9   6   8   -0.0161276304
6   10   1   6   -0.0000373630
6   10   1   7   -0.0000241301
6   10   2   6   0.0000030362
6   10   2   7   0.0000019608
6   10   3   6   -0.0007143637
6   10   3   7   -0.0004613555
6   10   4   5   0.0027412647
6   10   4   8   0.0039241725
6   10   6   6   -0.0198969003
6   10   6   7   -0.0128499609
6   11   1   6   0.0000241301
6   11   1   7   -0.0000373630
6   11   2   6   -0.0000019608
6   11   2   7   0.0000030362
6   11   3   6   0.0004613555
6   11   3   7   -0.0007143637
6   11   5   5   0.0027412647
6   11   5   8   0.0039241725
6   11   6   6   0.0128499609
6   11   6   7   -0.0198969003
6   12   1   5   -0.0000462289
6   12   1   8   -0.0009288325
6   12   2   5   -0.0000199981
6   12   2   8   0.0000048065
6   12   3   5   0.0010304166
6   12   3   8   -0.0003640880
6   12   4   6   -0.0012060153
6   12   4   7   -0.0007788776
6   12   5   6   0.0007788776
6   12   5   7   -0.0012060153
6   12   6   5   0.0443873191
6   12   6   8   0.0596538178

End IJKA Block
Begin IABC Block
1   5   1   5   -0.0000405641
1   5   1   8   -0.0000234215
1   5   2   6   -0.0000075060
1   5   3   7   -0.0000075060
1   5   4   5   -0.0000586555
1   5   4   8   -0.0000320703
1   6   1   6   -0.0000371096
1   6   2   5   -0.0000075060
1   6   2   8   -0.0000110078
1   6   4   6   -0.0000551818
1   7   1   7   -0.0000371096
1   7   3   5   -0.0000075060
1   7   3   8   -0.0000110078
1   7   4   7   -0.0000551818
1   8   1   5   -0.0000234215
1   8   1   8   -0.0000714809
1   8   2   6   -0.0000110078
1   8   3   7   -0.0000110078
1   8   4   5   -0.0000320703
1   8   4   8   -0.0001000113
2   5   1   5   -0.0005135571
2   5   1   8   -0.0018649397
2   5   2   6   0.0031595361
2   5   3   7   0.0031595361
2   5   4   5   -0.0033027531
2   5   4   8   0.0007920660
2   6   1   6   -0.0003171794
2   6   2   5   0.0031595361
2   6   2   8   0.0016474183
2   6   4   6   -0.0007477028
2   7   1   7   -0.0003171794
2   7   3   5   0.0031595361
2   7   3   8   0.0016474183
2   7   4   7   -0.0007477028
2   8   1   5   -0.0018649397
2   8   1   8   -0.0019459028
2   8   2   6   0.0016474183
2   8   3   7   0.0016474183
2   8   4   5   0.0007920660
2   8   4   8   0.0003557923
3   5   1   5   -0.0002811284
3   5   1   8   -0.0001668209
3   5   2   6   0.0000166324
3   5   3   7   0.0000166324
3   5   4   5   -0.0003842005
3   5   4   8   -0.0002856431
3   6   1   6   -0.0002756123
3   6   2   5   0.0000166324
3   6   2   8   0.0000095473
3   6   4   6   -0.0003150959
3   7   1   7   -0.0002756123
3   7   3   5   0.0000166324
3   7   3   8   0.0000095473
3   7   4   7   -0.0003150959
3   8   1   5   -0.0001668209
3   8   1   8   -0.0004736891
3   8   2   6   0.0000095473
3   8   3   7   0.0000095473
3   8   4   5   -0.0002856431
3   8   4   8   -0.0007713397
4   5   1   6   0.0004588860
4   5   1   7   0.0002963611
4   5   2   5   0.0010362544
4   5   2   8   -0.0000728445
4   5   3   5   0.0006692413
4   5   3   8   -0.0000470450
4   5   4   6   0.0007561157
4   5   4   7   0.0004883201
4   6   1   5   0.0004588860
4   6   1   8   0.0002913303
4   6   2   6   0.0011621681
4   6   2   7   0.0001265773
4   6   3   6   0.0004974053
4   6   3   7   0.0001959925
4   6   4   5   0.0007561157
4   6   4   8   0.0006359814
4   7   1   5   0.0002963611
4   7   1   8   0.0001881490
4   7   2   6   0.0001265773
4   7   2   7   0.0007701832
4   7   3   6   0.0001959925
4   7   3   7   0.0007505599
4   7   4   5   0.0004883201
4   7   4   8   0.0004107341
4   8   1   6   0.0002913303
4   8   1   7   0.0001881490
4   8   2   5   -0.0000728445
4   8   2   8   0.0003097318
4   8   3   5   -0.0000470450
4   8   3   8   0.0002000332
4   8   4   6   0.0006359814
4   8   4   7   0.0004107341
5   5   1   6   -0.0002963611
5   5   1   7   0.0004588860
5   5   2   5   -0.0006692413
5   5   2   8   0.0000470450
5   5   3   5   0.0010362544
5   5   3   8   -0.0000728445
5   5   4   6   -0.0004883201
5   5   4   7   0.0007561157
5   6   1   5   -0.0002963611
5   6   1   8   -0.0001881490
5   6   2   6   -0.0007505599
5   6   2   7   0.0001959925
5   6   3   6   0.0007701832
5   6   3   7   -0.0001265773
5   6   4   5   -0.0004883201
5   6   4   8   -0.0004107341
5   7   1   5   0.0004588860
5   7   1   8   0.0002913303
5   7   2   6   0.0001959925
5   7   2   7   -0.0004974053
5   7   3   6   -0.0001265773
5   7   3   7   0.0011621681
5   7   4   5   0.0007561157
5   7   4   8   0.0006359814
5   8   1   6   -0.0001881490
5   8   1   7   0.0002913303
5   8   2   5   0.0000470450
5   8   2   8   -0.0002000332
5   8   3   5   -0.0000728445
5   8   3   8   0.0003097318
5   8   4   6   -0.0004107341
5   8   4   7   0.0006359814
6   5   1   5   -0.0058951183
6   5   1   8   -0.0003350252
6   5   2   6   -0.0022853590
6   5   3   7   -0.0022853590
6   5   4   5   -0.0073195344
6   5   4   8   -0.0028231996
6   6   1   6   -0.0044208088
6   6   2   5   -0.0022853590
6   6   2   8   -0.0014020572
6   6   4   6   -0.0065855020
6   7   1   7   -0.0044208088
6   7   3   5   -0.0022853590
6   7   3   8   -0.0014020572
6   7   4   7   -0.0065855020
6   8   1   5   -0.0003350252
6   8   1   8   -0.0038056567
6   8   2   6   -0.0014020572
6   8   3   7   -0.0014020572
6   8   4   5   -0.0028231996
6   8   4   8   -0.0073316120

End IABC Block
