Begin IJ Block
1   1   -5.3551101869
1   2   -0.0001156621
1   5   -0.0075789231
2   2   -6.7557106467
2   5   -0.0165733068
3   3   -5.7952925894
4   4   -5.7952925894
5   5   -5.5999248491

End IJ Block
Begin IA Block
1   1   0.1081248658
1   4   0.0621057852
2   1   0.0136393581
2   4   0.0868758458
3   2   0.0088809499
3   3   0.1161676028
4   2   0.1161676028
4   3   -0.0088809499
5   1   -0.1342336750
5   4   -0.2081627880

End IA Block
Begin AB Block
1   1   -1.5185263293
1   4   -0.3139169700
2   2   -1.3440805923
3   3   -1.3440805923
4   4   -1.5771341862

End AB Block
Begin IJKL Block
1   6   1   6   1.6357966630
1   6   1   7   -0.0000145385
1   6   1   10   0.0088994996
1   6   2   6   -0.0000145385
1   6   2   7   0.0000097500
1   6   2   10   -0.0000214864
1   6   3   8   0.0000154458
1   6   4   9   0.0000154458
1   6   5   6   0.0088994996
1   6   5   7   -0.0000214864
1   6   5   10   0.0001711269
1   7   1   6   -0.0000145385
1   7   1   7   0.1303339615
1   7   1   10   -0.0105899012
1   7   2   6   0.0000033530
1   7   2   7   0.0000260419
1   7   2   10   -0.0000205839
1   7   3   8   0.0000049987
1   7   4   9   0.0000049987
1   7   5   6   0.0000012427
1   7   5   7   -0.0002183721
1   7   5   10   0.0000292956
1   8   1   8   0.1297590544
1   8   2   8   0.0000239909
1   8   3   6   -0.0000011775
1   8   3   7   0.0000054937
1   8   3   10   -0.0000053072
1   8   5   8   -0.0002069549
1   9   1   9   0.1297590544
1   9   2   9   0.0000239909
1   9   4   6   -0.0000011775
1   9   4   7   0.0000054937
1   9   4   10   -0.0000053072
1   9   5   9   -0.0002069549
1   10   1   6   0.0088994996
1   10   1   7   -0.0105899012
1   10   1   10   0.1386618867
1   10   2   6   0.0000012427
1   10   2   7   -0.0000185669
1   10   2   10   0.0000240436
1   10   3   8   -0.0000044408
1   10   4   9   -0.0000044408
1   10   5   6   0.0001315282
1   10   5   7   0.0000303430
1   10   5   10   -0.0002344653
2   6   1   6   -0.0000145385
2   6   1   7   0.0000033530
2   6   1   10   0.0000012427
2   6   2   6   0.1303339615
2   6   2   7   0.0000260419
2   6   2   10   -0.0002183721
2   6   3   8   0.0000049987
2   6   4   9   0.0000049987
2   6   5   6   -0.0105899012
2   6   5   7   -0.0000205839
2   6   5   10   0.0000292956
2   7   1   6   0.0000097500
2   7   1   7   0.0000260419
2   7   1   10   -0.0000185669
2   7   2   6   0.0000260419
2   7   2   7   0.8718717152
2   7   2   10   0.0070903036
2   7   3   8   0.1539404944
2   7   4   9   0.1539404944
2   7   5   6   -0.0000185669
2   7   5   7   0.0070903036
2   7   5   10   0.1449487223
2   8   1   8   0.0000239909
2   8   2   8   0.8193647333
2   8   3   6   0.0000054937
2   8   3   7   0.1586781519
2   8   3   10   0.0015751645
2   8   5   8   0.0065719798
2   9   1   9   0.0000239909
2   9   2   9   0.8193647333
2   9   4   6   0.0000054937
2   9   4   7   0.1586781519
2   9   4   10   0.0015751645
2   9   5   9   0.0065719798
2   10   1   6   -0.0000214864
2   10   1   7   -0.0000205839
2   10   1   10   0.0000240436
2   10   2   6   -0.0002183721
2   10   2   7   0.0070903036
2   10   2   10   0.7829811592
2   10   3   8   0.0014813118
2   10   4   9   0.0014813118
2   10   5   6   0.0000303430
2   10   5   7   0.1501286235
2   10   5   10   0.0063001700
3   6   1   8   -0.0000011775
3   6   2   8   0.0000054937
3   6   3   6   0.1297590544
3   6   3   7   0.0000239909
3   6   3   10   -0.0002069549
3   6   5   8   -0.0000053072
3   7   1   8   0.0000054937
3   7   2   8   0.1586781519
3   7   3   6   0.0000239909
3   7   3   7   0.8193647333
3   7   3   10   0.0065719798
3   7   5   8   0.0015751645
3   8   1   6   0.0000154458
3   8   1   7   0.0000049987
3   8   1   10   -0.0000044408
3   8   2   6   0.0000049987
3   8   2   7   0.1539404944
3   8   2   10   0.0014813118
3   8   3   8   0.8183547619
3   8   4   9   0.0320286645
3   8   5   6   -0.0000044408
3   8   5   7   0.0014813118
3   8   5   10   0.0303423071
3   9   3   9   0.7481589569
3   9   4   8   0.0381671404
3   10   1   8   -0.0000053072
3   10   2   8   0.0015751645
3   10   3   6   -0.0002069549
3   10   3   7   0.0065719798
3   10   3   10   0.7162806020
3   10   5   8   0.0362036060
4   6   1   9   -0.0000011775
4   6   2   9   0.0000054937
4   6   4   6   0.1297590544
4   6   4   7   0.0000239909
4   6   4   10   -0.0002069549
4   6   5   9   -0.0000053072
4   7   1   9   0.0000054937
4   7   2   9   0.1586781519
4   7   4   6   0.0000239909
4   7   4   7   0.8193647333
4   7   4   10   0.0065719798
4   7   5   9   0.0015751645
4   8   3   9   0.0381671404
4   8   4   8   0.7481589569
4   9   1   6   0.0000154458
4   9   1   7   0.0000049987
4   9   1   10   -0.0000044408
4   9   2   6   0.0000049987
4   9   2   7   0.1539404944
4   9   2   10   0.0014813118
4   9   3   8   0.0320286645
4   9   4   9   0.8183547619
4   9   5   6   -0.0000044408
4   9   5   7   0.0014813118
4   9   5   10   0.0303423071
4   10   1   9   -0.0000053072
4   10   2   9   0.0015751645
4   10   4   6   -0.0002069549
4   10   4   7   0.0065719798
4   10   4   10   0.7162806020
4   10   5   9   0.0362036060
5   6   1   6   0.0088994996
5   6   1   7   0.0000012427
5   6   1   10   0.0001315282
5   6   2   6   -0.0105899012
5   6   2   7   -0.0000185669
5   6   2   10   0.0000303430
5   6   3   8   -0.0000044408
5   6   4   9   -0.0000044408
5   6   5   6   0.1386618867
5   6   5   7   0.0000240436
5   6   5   10   -0.0002344653
5   7   1   6   -0.0000214864
5   7   1   7   -0.0002183721
5   7   1   10   0.0000303430
5   7   2   6   -0.0000205839
5   7   2   7   0.0070903036
5   7   2   10   0.1501286235
5   7   3   8   0.0014813118
5   7   4   9   0.0014813118
5   7   5   6   0.0000240436
5   7   5   7   0.7829811592
5   7   5   10   0.0063001700
5   8   1   8   -0.0002069549
5   8   2   8   0.0065719798
5   8   3   6   -0.0000053072
5   8   3   7   0.0015751645
5   8   3   10   0.0362036060
5   8   5   8   0.7162806020
5   9   1   9   -0.0002069549
5   9   2   9   0.0065719798
5   9   4   6   -0.0000053072
5   9   4   7   0.0015751645
5   9   4   10   0.0362036060
5   9   5   9   0.7162806020
5   10   1   6   0.0001711269
5   10   1   7   0.0000292956
5   10   1   10   -0.0002344653
5   10   2   6   0.0000292956
5   10   2   7   0.1449487223
5   10   2   10   0.0063001700
5   10   3   8   0.0303423071
5   10   4   9   0.0303423071
5   10   5   6   -0.0002344653
5   10   5   7   0.0063001700
5   10   5   10   0.7531331545

End IJKL Block
Begin IJAB Block
1   6   1   5   0.0134457392
1   6   1   8   0.0083343986
1   6   2   6   0.0022642060
1   6   3   7   0.0022642060
1   6   4   5   0.0083343986
1   6   4   8   0.0078974604
1   7   1   5   -0.0000001374
1   7   1   8   -0.0000000971
1   7   2   6   0.0000050108
1   7   3   7   0.0000050108
1   7   4   5   -0.0000066295
1   7   4   8   -0.0000000083
1   8   1   6   -0.0000007627
1   8   1   7   -0.0000099761
1   8   2   5   0.0000032224
1   8   2   8   0.0000065816
1   8   3   5   0.0000421503
1   8   3   8   0.0000860902
1   8   4   6   -0.0000007325
1   8   4   7   -0.0000095814
1   9   1   6   -0.0000099761
1   9   1   7   0.0000007627
1   9   2   5   0.0000421503
1   9   2   8   0.0000860902
1   9   3   5   -0.0000032224
1   9   3   8   -0.0000065816
1   9   4   6   -0.0000095814
1   9   4   7   0.0000007325
1   10   1   5   0.0003546806
1   10   1   8   0.0005489986
1   10   2   6   -0.0002976702
1   10   3   7   -0.0002976702
1   10   4   5   0.0001858098
1   10   4   8   -0.0002300052
2   6   1   5   -0.0000001374
2   6   1   8   -0.0000066295
2   6   2   6   0.0000050108
2   6   3   7   0.0000050108
2   6   4   5   -0.0000000971
2   6   4   8   -0.0000000083
2   7   1   5   0.0010739921
2   7   1   8   0.0016201758
2   7   2   6   0.0003297407
2   7   3   7   0.0003297407
2   7   4   5   0.0016201758
2   7   4   8   0.0028161447
2   8   1   6   0.0000056902
2   8   1   7   0.0000744307
2   8   2   5   0.0000030597
2   8   2   8   0.0000232573
2   8   3   5   0.0000400223
2   8   3   8   0.0003042184
2   8   4   6   0.0000533492
2   8   4   7   0.0006978358
2   9   1   6   0.0000744307
2   9   1   7   -0.0000056902
2   9   2   5   0.0000400223
2   9   2   8   0.0003042184
2   9   3   5   -0.0000030597
2   9   3   8   -0.0000232573
2   9   4   6   0.0006978358
2   9   4   7   -0.0000533492
2   10   1   5   -0.0002886152
2   10   1   8   -0.0010234067
2   10   2   6   -0.0000446584
2   10   3   7   -0.0000446584
2   10   4   5   -0.0016333424
2   10   4   8   -0.0029132551
3   6   1   6   0.0000032224
3   6   1   7   0.0000421503
3   6   2   5   -0.0000007627
3   6   2   8   -0.0000007325
3   6   3   5   -0.0000099761
3   6   3   8   -0.0000095814
3   6   4   6   0.0000065816
3   6   4   7   0.0000860902
3   7   1   6   0.0000030597
3   7   1   7   0.0000400223
3   7   2   5   0.0000056902
3   7   2   8   0.0000533492
3   7   3   5   0.0000744307
3   7   3   8   0.0006978358
3   7   4   6   0.0000232573
3   7   4   7   0.0003042184
3   8   1   5   0.0006835523
3   8   1   8   0.0008963874
3   8   2   6   0.0001770728
3   8   2   7   0.0000691828
3   8   3   6   0.0000691828
3   8   3   7   0.0010767315
3   8   4   5   0.0008963874
3   8   4   8   0.0015135082
3   9   2   6   0.0000691828
3   9   2   7   0.0001413413
3   9   3   6   0.0007583174
3   9   3   7   -0.0000691828
3   10   1   6   -0.0000348619
3   10   1   7   -0.0004560119
3   10   2   5   -0.0001092666
3   10   2   8   -0.0001595770
3   10   3   5   -0.0014292665
3   10   3   8   -0.0020873535
3   10   4   6   -0.0000392840
3   10   4   7   -0.0005138560
4   6   1   6   0.0000421503
4   6   1   7   -0.0000032224
4   6   2   5   -0.0000099761
4   6   2   8   -0.0000095814
4   6   3   5   0.0000007627
4   6   3   8   0.0000007325
4   6   4   6   0.0000860902
4   6   4   7   -0.0000065816
4   7   1   6   0.0000400223
4   7   1   7   -0.0000030597
4   7   2   5   0.0000744307
4   7   2   8   0.0006978358
4   7   3   5   -0.0000056902
4   7   3   8   -0.0000533492
4   7   4   6   0.0003042184
4   7   4   7   -0.0000232573
4   8   2   6   0.0000691828
4   8   2   7   0.0007583174
4   8   3   6   0.0001413413
4   8   3   7   -0.0000691828
4   9   1   5   0.0006835523
4   9   1   8   0.0008963874
4   9   2   6   0.0010767315
4   9   2   7   -0.0000691828
4   9   3   6   -0.0000691828
4   9   3   7   0.0001770728
4   9   4   5   0.0008963874
4   9   4   8   0.0015135082
4   10   1   6   -0.0004560119
4   10   1   7   0.0000348619
4   10   2   5   -0.0014292665
4   10   2   8   -0.0020873535
4   10   3   5   0.0001092666
4   10   3   8   0.0001595770
4   10   4   6   -0.0005138560
4   10   4   7   0.0000392840
5   6   1   5   0.0003546806
5   6   1   8   0.0001858098
5   6   2   6   -0.0002976702
5   6   3   7   -0.0002976702
5   6   4   5   0.0005489986
5   6   4   8   -0.0002300052
5   7   1   5   -0.0002886152
5   7   1   8   -0.0016333424
5   7   2   6   -0.0000446584
5   7   3   7   -0.0000446584
5   7   4   5   -0.0010234067
5   7   4   8   -0.0029132551
5   8   1   6   -0.0001092666
5   8   1   7   -0.0014292665
5   8   2   5   -0.0000348619
5   8   2   8   -0.0000392840
5   8   3   5   -0.0004560119
5   8   3   8   -0.0005138560
5   8   4   6   -0.0001595770
5   8   4   7   -0.0020873535
5   9   1   6   -0.0014292665
5   9   1   7   0.0001092666
5   9   2   5   -0.0004560119
5   9   2   8   -0.0005138560
5   9   3   5   0.0000348619
5   9   3   8   0.0000392840
5   9   4   6   -0.0020873535
5   9   4   7   0.0001595770
5   10   1   5   0.0043729529
5   10   1   8   0.0064354060
5   10   2   6   0.0007901730
5   10   3   7   0.0007901730
5   10   4   5   0.0064354060
5   10   4   8   0.0095970302

End IJAB Block
Begin ABCD Block
1   5   1   5   0.2347200718
1   5   1   8   -0.0024069670
1   5   2   6   0.0374657563
1   5   3   7   0.0374657563
1   5   4   5   -0.0024069670
1   5   4   8   0.0292303456
1   6   1   6   0.1893446344
1   6   2   5   0.0374679655
1   6   2   8   0.0083026462
1   6   4   6   0.0108032669
1   7   1   7   0.1893446344
1   7   3   5   0.0374679655
1   7   3   8   0.0083026462
1   7   4   7   0.0108032669
1   8   1   5   -0.0024069670
1   8   1   8   0.1873775996
1   8   2   6   0.0083007487
1   8   3   7   0.0083007487
1   8   4   5   0.0292468352
1   8   4   8   0.0141245938
2   5   1   6   0.0374679655
2   5   2   5   0.1893446344
2   5   2   8   0.0108032669
2   5   4   6   0.0083026462
2   6   1   5   0.0374657563
2   6   1   8   0.0083007487
2   6   2   6   0.1791267780
2   6   3   7   0.0095618792
2   6   4   5   0.0083007487
2   6   4   8   0.0121414123
2   7   2   7   0.1600031634
2   7   3   6   0.0095617353
2   8   1   6   0.0083026462
2   8   2   5   0.0108032669
2   8   2   8   0.1642346248
2   8   4   6   0.0121429729
3   5   1   7   0.0374679655
3   5   3   5   0.1893446344
3   5   3   8   0.0108032669
3   5   4   7   0.0083026462
3   6   2   7   0.0095617353
3   6   3   6   0.1600031634
3   7   1   5   0.0374657563
3   7   1   8   0.0083007487
3   7   2   6   0.0095618792
3   7   3   7   0.1791267780
3   7   4   5   0.0083007487
3   7   4   8   0.0121414123
3   8   1   7   0.0083026462
3   8   3   5   0.0108032669
3   8   3   8   0.1642346248
3   8   4   7   0.0121429729
4   5   1   5   -0.0024069670
4   5   1   8   0.0292468352
4   5   2   6   0.0083007487
4   5   3   7   0.0083007487
4   5   4   5   0.1873775996
4   5   4   8   0.0141245938
4   6   1   6   0.0108032669
4   6   2   5   0.0083026462
4   6   2   8   0.0121429729
4   6   4   6   0.1642346248
4   7   1   7   0.0108032669
4   7   3   5   0.0083026462
4   7   3   8   0.0121429729
4   7   4   7   0.1642346248
4   8   1   5   0.0292303456
4   8   1   8   0.0141245938
4   8   2   6   0.0121414123
4   8   3   7   0.0121414123
4   8   4   5   0.0141245938
4   8   4   8   0.1856234739

End ABCD Block
Begin AIJB Block
1   6   1   5   0.0104402061
1   6   1   8   0.0063577274
1   6   2   5   0.0000023983
1   6   2   8   -0.0000062009
1   6   3   6   0.0000026931
1   6   3   7   0.0000352277
1   6   4   6   0.0000352277
1   6   4   7   -0.0000026931
1   6   5   5   0.0001744276
1   6   5   8   -0.0000063664
1   7   1   5   0.0000023983
1   7   1   8   0.0000033933
1   7   2   5   0.0010453767
1   7   2   8   0.0013966234
1   7   3   6   0.0000010486
1   7   3   7   0.0000137169
1   7   4   6   0.0000137169
1   7   4   7   -0.0000010486
1   7   5   5   0.0000147696
1   7   5   8   -0.0007251295
1   8   1   6   -0.0000003643
1   8   1   7   -0.0000047647
1   8   2   6   0.0000011395
1   8   2   7   0.0000149057
1   8   3   5   0.0001286286
1   8   3   8   0.0002981991
1   8   5   6   -0.0001192723
1   8   5   7   -0.0015601462
1   9   1   6   -0.0000047647
1   9   1   7   0.0000003643
1   9   2   6   0.0000149057
1   9   2   7   -0.0000011395
1   9   4   5   0.0001286286
1   9   4   8   0.0002981991
1   9   5   6   -0.0015601462
1   9   5   7   0.0001192723
1   10   1   5   0.0001744276
1   10   1   8   0.0003279905
1   10   2   5   0.0000147696
1   10   2   8   -0.0001654571
1   10   3   6   -0.0000119436
1   10   3   7   -0.0001562289
1   10   4   6   -0.0001562289
1   10   4   7   0.0000119436
1   10   5   5   0.0040468076
1   10   5   8   0.0050448430
2   6   1   6   0.0020016178
2   6   2   6   0.0000008786
2   6   3   5   -0.0000003643
2   6   3   8   0.0000003040
2   6   4   5   -0.0000047647
2   6   4   8   0.0000039763
2   6   5   6   -0.0002130302
2   7   1   6   0.0000008786
2   7   2   6   0.0002588702
2   7   3   5   0.0000011395
2   7   3   8   0.0000340936
2   7   4   5   0.0000149057
2   7   4   8   0.0004459622
2   7   5   6   0.0000166073
2   8   1   5   0.0000026931
2   8   1   8   0.0000059166
2   8   2   5   0.0000010486
2   8   2   8   0.0000098490
2   8   3   6   0.0000800902
2   8   3   7   0.0000650087
2   8   4   6   0.0000650087
2   8   4   7   0.0007700748
2   8   5   5   -0.0000119436
2   8   5   8   -0.0000248131
2   9   1   5   0.0000352277
2   9   1   8   0.0000773922
2   9   2   5   0.0000137169
2   9   2   8   0.0001288305
2   9   3   6   0.0000650087
2   9   3   7   0.0000753047
2   9   4   6   0.0009254697
2   9   4   7   -0.0000650087
2   9   5   5   -0.0001562289
2   9   5   8   -0.0003245693
2   10   1   6   -0.0002130302
2   10   2   6   0.0000166073
2   10   3   5   -0.0001192723
2   10   3   8   -0.0001582367
2   10   4   5   -0.0015601462
2   10   4   8   -0.0020698206
2   10   5   6   0.0003623552
3   6   1   7   0.0020016178
3   6   2   7   0.0000008786
3   6   3   5   -0.0000047647
3   6   3   8   0.0000039763
3   6   4   5   0.0000003643
3   6   4   8   -0.0000003040
3   6   5   7   -0.0002130302
3   7   1   7   0.0000008786
3   7   2   7   0.0002588702
3   7   3   5   0.0000149057
3   7   3   8   0.0004459622
3   7   4   5   -0.0000011395
3   7   4   8   -0.0000340936
3   7   5   7   0.0000166073
3   8   1   5   0.0000352277
3   8   1   8   0.0000773922
3   8   2   5   0.0000137169
3   8   2   8   0.0001288305
3   8   3   6   0.0000650087
3   8   3   7   0.0009254697
3   8   4   6   0.0000753047
3   8   4   7   -0.0000650087
3   8   5   5   -0.0001562289
3   8   5   8   -0.0003245693
3   9   1   5   -0.0000026931
3   9   1   8   -0.0000059166
3   9   2   5   -0.0000010486
3   9   2   8   -0.0000098490
3   9   3   6   0.0007700748
3   9   3   7   -0.0000650087
3   9   4   6   -0.0000650087
3   9   4   7   0.0000800902
3   9   5   5   0.0000119436
3   9   5   8   0.0000248131
3   10   1   7   -0.0002130302
3   10   2   7   0.0000166073
3   10   3   5   -0.0015601462
3   10   3   8   -0.0020698206
3   10   4   5   0.0001192723
3   10   4   8   0.0001582367
3   10   5   7   0.0003623552
4   6   1   5   0.0063577274
4   6   1   8   0.0063105261
4   6   2   5   0.0000033933
4   6   2   8   -0.0000036355
4   6   3   6   0.0000059166
4   6   3   7   0.0000773922
4   6   4   6   0.0000773922
4   6   4   7   -0.0000059166
4   6   5   5   0.0003279905
4   6   5   8   -0.0002824729
4   7   1   5   -0.0000062009
4   7   1   8   -0.0000036355
4   7   2   5   0.0013966234
4   7   2   8   0.0022884342
4   7   3   6   0.0000098490
4   7   3   7   0.0001288305
4   7   4   6   0.0001288305
4   7   4   7   -0.0000098490
4   7   5   5   -0.0001654571
4   7   5   8   -0.0013940527
4   8   1   6   0.0000003040
4   8   1   7   0.0000039763
4   8   2   6   0.0000340936
4   8   2   7   0.0004459622
4   8   3   5   0.0002981991
4   8   3   8   0.0007384630
4   8   5   6   -0.0001582367
4   8   5   7   -0.0020698206
4   9   1   6   0.0000039763
4   9   1   7   -0.0000003040
4   9   2   6   0.0004459622
4   9   2   7   -0.0000340936
4   9   4   5   0.0002981991
4   9   4   8   0.0007384630
4   9   5   6   -0.0020698206
4   9   5   7   0.0001582367
4   10   1   5   -0.0000063664
4   10   1   8   -0.0002824729
4   10   2   5   -0.0007251295
4   10   2   8   -0.0013940527
4   10   3   6   -0.0000248131
4   10   3   7   -0.0003245693
4   10   4   6   -0.0003245693
4   10   4   7   0.0000248131
4   10   5   5   0.0050448430
4   10   5   8   0.0078725111

1   6   6   1   -0.2956699700
1   6   6   4   -0.0501428080
1   6   7   1   0.0000016454
1   6   7   4   0.0000017271
1   6   8   2   -0.0000018156
1   6   8   3   -0.0000237492
1   6   9   2   -0.0000237492
1   6   9   3   0.0000018156
1   6   10   1   -0.0004265532
1   6   10   4   0.0000897472
1   7   6   1   0.0000016454
1   7   6   4   0.0000018966
1   7   7   1   -0.1082588224
1   7   7   4   -0.0289180069
1   7   8   2   -0.0001414779
1   7   8   3   -0.0018506064
1   7   9   2   -0.0018506064
1   7   9   3   0.0001414779
1   7   10   1   0.0063561843
1   7   10   4   0.0028290084
1   8   6   2   -0.0000017677
1   8   6   3   -0.0000231227
1   8   7   2   -0.0001413055
1   8   7   3   -0.0018483521
1   8   8   1   -0.1073267483
1   8   8   4   -0.0278528898
1   8   10   2   0.0000483432
1   8   10   3   0.0006323556
1   9   6   2   -0.0000231227
1   9   6   3   0.0000017677
1   9   7   2   -0.0018483521
1   9   7   3   0.0001413055
1   9   9   1   -0.1073267483
1   9   9   4   -0.0278528898
1   9   10   2   0.0006323556
1   9   10   3   -0.0000483432
1   10   6   1   -0.0004265532
1   10   6   4   0.0000944182
1   10   7   1   0.0063561843
1   10   7   4   0.0028356511
1   10   8   2   0.0000498807
1   10   8   3   0.0006524669
1   10   9   2   0.0006524669
1   10   9   3   -0.0000498807
1   10   10   1   -0.1110273079
1   10   10   4   -0.0292414402
2   6   6   2   -0.2313818150
2   6   7   2   0.0000008768
2   6   8   1   -0.0000017677
2   6   8   4   -0.0000009177
2   6   9   1   -0.0000231227
2   6   9   4   -0.0000120046
2   6   10   2   -0.0001199277
2   7   6   2   0.0000008768
2   7   7   2   -0.1087721140
2   7   8   1   -0.0001413055
2   7   8   4   -0.0001682134
2   7   9   1   -0.0018483521
2   7   9   4   -0.0022003213
2   7   10   2   0.0061354036
2   8   6   1   -0.0000018156
2   8   6   4   -0.0000009539
2   8   7   1   -0.0001414779
2   8   7   4   -0.0001683748
2   8   8   2   -0.1083433521
2   8   8   3   -0.0000347742
2   8   9   2   -0.0000347742
2   8   9   3   -0.0002221810
2   8   10   1   0.0000498807
2   8   10   4   0.0000578057
2   9   6   1   -0.0000237492
2   9   6   4   -0.0000124770
2   9   7   1   -0.0018506064
2   9   7   4   -0.0022024327
2   9   8   2   -0.0000347742
2   9   8   3   -0.0002300263
2   9   9   2   -0.1087955593
2   9   9   3   0.0000347742
2   9   10   1   0.0006524669
2   9   10   4   0.0007561299
2   10   6   2   -0.0001199277
2   10   7   2   0.0061354036
2   10   8   1   0.0000483432
2   10   8   4   0.0000556999
2   10   9   1   0.0006323556
2   10   9   4   0.0007285853
2   10   10   2   -0.1121107152
3   6   6   3   -0.2313818150
3   6   7   3   0.0000008768
3   6   8   1   -0.0000231227
3   6   8   4   -0.0000120046
3   6   9   1   0.0000017677
3   6   9   4   0.0000009177
3   6   10   3   -0.0001199277
3   7   6   3   0.0000008768
3   7   7   3   -0.1087721140
3   7   8   1   -0.0018483521
3   7   8   4   -0.0022003213
3   7   9   1   0.0001413055
3   7   9   4   0.0001682134
3   7   10   3   0.0061354036
3   8   6   1   -0.0000237492
3   8   6   4   -0.0000124770
3   8   7   1   -0.0018506064
3   8   7   4   -0.0022024327
3   8   8   2   -0.0000347742
3   8   8   3   -0.1087955593
3   8   9   2   -0.0002300263
3   8   9   3   0.0000347742
3   8   10   1   0.0006524669
3   8   10   4   0.0007561299
3   9   6   1   0.0000018156
3   9   6   4   0.0000009539
3   9   7   1   0.0001414779
3   9   7   4   0.0001683748
3   9   8   2   -0.0002221810
3   9   8   3   0.0000347742
3   9   9   2   0.0000347742
3   9   9   3   -0.1083433521
3   9   10   1   -0.0000498807
3   9   10   4   -0.0000578057
3   10   6   3   -0.0001199277
3   10   7   3   0.0061354036
3   10   8   1   0.0006323556
3   10   8   4   0.0007285853
3   10   9   1   -0.0000483432
3   10   9   4   -0.0000556999
3   10   10   3   -0.1121107152
4   6   6   1   -0.0501428080
4   6   6   4   -0.2561528968
4   6   7   1   0.0000018966
4   6   7   4   0.0000044413
4   6   8   2   -0.0000009539
4   6   8   3   -0.0000124770
4   6   9   2   -0.0000124770
4   6   9   3   0.0000009539
4   6   10   1   0.0000944182
4   6   10   4   0.0000362434
4   7   6   1   0.0000017271
4   7   6   4   0.0000044413
4   7   7   1   -0.0289180069
4   7   7   4   -0.1377375644
4   7   8   2   -0.0001683748
4   7   8   3   -0.0022024327
4   7   9   2   -0.0022024327
4   7   9   3   0.0001683748
4   7   10   1   0.0028356511
4   7   10   4   0.0095551004
4   8   6   2   -0.0000009177
4   8   6   3   -0.0000120046
4   8   7   2   -0.0001682134
4   8   7   3   -0.0022003213
4   8   8   1   -0.0278528898
4   8   8   4   -0.1361436522
4   8   10   2   0.0000556999
4   8   10   3   0.0007285853
4   9   6   2   -0.0000120046
4   9   6   3   0.0000009177
4   9   7   2   -0.0022003213
4   9   7   3   0.0001682134
4   9   9   1   -0.0278528898
4   9   9   4   -0.1361436522
4   9   10   2   0.0007285853
4   9   10   3   -0.0000556999
4   10   6   1   0.0000897472
4   10   6   4   0.0000362434
4   10   7   1   0.0028290084
4   10   7   4   0.0095551004
4   10   8   2   0.0000578057
4   10   8   3   0.0007561299
4   10   9   2   0.0007561299
4   10   9   3   -0.0000578057
4   10   10   1   -0.0292414402
4   10   10   4   -0.1416773281

End AIJB Block
Begin IJKA Block
1   6   1   5   -0.1056971480
1   6   1   8   -0.0731697189
1   6   2   5   0.0000130949
1   6   2   8   0.0000038912
1   6   3   6   0.0000012874
1   6   3   7   0.0000168401
1   6   4   6   0.0000168401
1   6   4   7   -0.0000012874
1   6   5   5   -0.0009615433
1   6   5   8   -0.0007833841
1   7   1   5   -0.0002664400
1   7   1   8   -0.0003825990
1   7   2   5   -0.0000017842
1   7   2   8   -0.0000059305
1   7   3   6   -0.0000000370
1   7   3   7   -0.0000004842
1   7   4   6   -0.0000004842
1   7   4   7   0.0000000370
1   7   5   5   0.0000011103
1   7   5   8   0.0000023256
1   8   1   6   0.0000858710
1   8   1   7   0.0011232384
1   8   2   6   -0.0000000938
1   8   2   7   -0.0000012274
1   8   3   5   0.0000012394
1   8   3   8   -0.0000000050
1   8   5   6   0.0000001875
1   8   5   7   0.0000024531
1   9   1   6   0.0011232384
1   9   1   7   -0.0000858710
1   9   2   6   -0.0000012274
1   9   2   7   0.0000000938
1   9   4   5   0.0000012394
1   9   4   8   -0.0000000050
1   9   5   6   0.0000024531
1   9   5   7   -0.0000001875
1   10   1   5   -0.0088016786
1   10   1   8   -0.0181667279
1   10   2   5   0.0000059685
1   10   2   8   0.0000016788
1   10   3   6   -0.0000006589
1   10   3   7   -0.0000086194
1   10   4   6   -0.0000086194
1   10   4   7   0.0000006589
1   10   5   5   -0.0000198738
1   10   5   8   -0.0000144815
2   6   1   5   0.0000035421
2   6   1   8   -0.0000039740
2   6   2   5   -0.0006117232
2   6   2   8   0.0011559677
2   6   3   6   0.0000078794
2   6   3   7   0.0001030670
2   6   4   6   0.0001030670
2   6   4   7   -0.0000078794
2   6   5   5   0.0000919155
2   6   5   8   -0.0001741673
2   7   1   5   -0.0000011755
2   7   1   8   -0.0000027382
2   7   2   5   -0.0022905798
2   7   2   8   -0.0151041201
2   7   3   6   -0.0004810402
2   7   3   7   -0.0062922648
2   7   4   6   -0.0062922648
2   7   4   7   0.0004810402
2   7   5   5   0.0116767248
2   7   5   8   0.0167075045
2   8   1   6   -0.0000000843
2   8   1   7   -0.0000011027
2   8   2   6   -0.0015224085
2   8   2   7   -0.0199139223
2   8   3   5   -0.0004518477
2   8   3   8   -0.0031361550
2   8   5   6   -0.0000459953
2   8   5   7   -0.0006016434
2   9   1   6   -0.0000011027
2   9   1   7   0.0000000843
2   9   2   6   -0.0199139223
2   9   2   7   0.0015224085
2   9   4   5   -0.0004518477
2   9   4   8   -0.0031361550
2   9   5   6   -0.0006016434
2   9   5   7   0.0000459953
2   10   1   5   0.0000070814
2   10   1   8   0.0000021966
2   10   2   5   0.0271442938
2   10   2   8   0.0429171095
2   10   3   6   -0.0000496099
2   10   3   7   -0.0006489243
2   10   4   6   -0.0006489243
2   10   4   7   0.0000496099
2   10   5   5   0.0003657471
2   10   5   8   -0.0011581269
3   6   1   6   0.0000004252
3   6   1   7   0.0000055612
3   6   2   6   0.0000075549
3   6   2   7   0.0000988216
3   6   3   5   -0.0006018374
3   6   3   8   0.0011376436
3   6   5   6   -0.0000032178
3   6   5   7   -0.0000420907
3   7   1   6   0.0000000132
3   7   1   7   0.0000001729
3   7   2   6   -0.0004731265
3   7   2   7   -0.0061887487
3   7   3   5   -0.0019094489
3   7   3   8   -0.0135442398
3   7   5   6   -0.0000089950
3   7   5   7   -0.0001176591
3   8   1   5   0.0000031383
3   8   1   8   0.0000000076
3   8   2   5   -0.0004448945
3   8   2   8   -0.0030724663
3   8   3   6   -0.0016547938
3   8   3   7   -0.0216455927
3   8   4   6   -0.0019170892
3   8   4   7   0.0001465604
3   8   5   5   0.0046613010
3   8   5   8   0.0056104103
3   9   3   6   -0.0178021076
3   9   3   7   0.0013609614
3   9   4   6   -0.0001472719
3   9   4   7   -0.0019263959
3   10   1   6   -0.0000010741
3   10   1   7   -0.0000140496
3   10   2   6   -0.0000384603
3   10   2   7   -0.0005030812
3   10   3   5   0.0243569441
3   10   3   8   0.0376639182
3   10   5   6   -0.0001510852
3   10   5   7   -0.0019762753
4   6   1   6   0.0000055612
4   6   1   7   -0.0000004252
4   6   2   6   0.0000988216
4   6   2   7   -0.0000075549
4   6   4   5   -0.0006018374
4   6   4   8   0.0011376436
4   6   5   6   -0.0000420907
4   6   5   7   0.0000032178
4   7   1   6   0.0000001729
4   7   1   7   -0.0000000132
4   7   2   6   -0.0061887487
4   7   2   7   0.0004731265
4   7   4   5   -0.0019094489
4   7   4   8   -0.0135442398
4   7   5   6   -0.0001176591
4   7   5   7   0.0000089950
4   8   3   6   -0.0019263959
4   8   3   7   0.0001472719
4   8   4   6   -0.0013609614
4   8   4   7   -0.0178021076
4   9   1   5   0.0000031383
4   9   1   8   0.0000000076
4   9   2   5   -0.0004448945
4   9   2   8   -0.0030724663
4   9   3   6   -0.0001465604
4   9   3   7   -0.0019170892
4   9   4   6   -0.0216455927
4   9   4   7   0.0016547938
4   9   5   5   0.0046613010
4   9   5   8   0.0056104103
4   10   1   6   -0.0000140496
4   10   1   7   0.0000010741
4   10   2   6   -0.0005030812
4   10   2   7   0.0000384603
4   10   4   5   0.0243569441
4   10   4   8   0.0376639182
4   10   5   6   -0.0019762753
4   10   5   7   0.0001510852
5   6   1   5   -0.0009912392
5   6   1   8   -0.0008170707
5   6   2   5   0.0000917067
5   6   2   8   -0.0001648731
5   6   3   6   -0.0000032745
5   6   3   7   -0.0000428328
5   6   4   6   -0.0000428328
5   6   4   7   0.0000032745
5   6   5   5   -0.0007226488
5   6   5   8   0.0012424592
5   7   1   5   0.0000041712
5   7   1   8   0.0000047385
5   7   2   5   0.0114873592
5   7   2   8   0.0166923770
5   7   3   6   -0.0000109623
5   7   3   7   -0.0001433922
5   7   4   6   -0.0001433922
5   7   4   7   0.0000109623
5   7   5   5   -0.0016936190
5   7   5   8   -0.0127113399
5   8   1   6   0.0000001069
5   8   1   7   0.0000013982
5   8   2   6   -0.0000338116
5   8   2   7   -0.0004422733
5   8   3   5   0.0042825836
5   8   3   8   0.0054585678
5   8   5   6   -0.0013312048
5   8   5   7   -0.0174128751
5   9   1   6   0.0000013982
5   9   1   7   -0.0000001069
5   9   2   6   -0.0004422733
5   9   2   7   0.0000338116
5   9   4   5   0.0042825836
5   9   4   8   0.0054585678
5   9   5   6   -0.0174128751
5   9   5   7   0.0013312048
5   10   1   5   -0.0000245727
5   10   1   8   -0.0000255872
5   10   2   5   -0.0002911385
5   10   2   8   -0.0017373114
5   10   3   6   -0.0001449790
5   10   3   7   -0.0018964034
5   10   4   6   -0.0018964034
5   10   4   7   0.0001449790
5   10   5   5   0.0355946530
5   10   5   8   0.0495593615

End IJKA Block
Begin IABC Block
1   5   1   5   -0.0006819988
1   5   1   8   -0.0019657311
1   5   2   6   0.0032804570
1   5   3   7   0.0032804570
1   5   4   5   -0.0034563708
1   5   4   8   0.0010993329
1   6   1   6   -0.0003027568
1   6   2   5   0.0033033075
1   6   2   8   0.0016598631
1   6   4   6   -0.0007441001
1   7   1   7   -0.0003027568
1   7   3   5   0.0033033075
1   7   3   8   0.0016598631
1   7   4   7   -0.0007441001
1   8   1   5   -0.0019806270
1   8   1   8   -0.0019758118
1   8   2   6   0.0016475607
1   8   3   7   0.0016475607
1   8   4   5   0.0011181589
1   8   4   8   0.0005997110
2   5   1   5   -0.0001558040
2   5   1   8   -0.0001428094
2   5   2   6   0.0000074165
2   5   3   7   0.0000074165
2   5   4   5   -0.0004308998
2   5   4   8   -0.0002303939
2   6   1   6   -0.0001687964
2   6   2   5   0.0000059184
2   6   2   8   0.0000109112
2   6   4   6   -0.0002729260
2   7   1   7   -0.0001687964
2   7   3   5   0.0000059184
2   7   3   8   0.0000109112
2   7   4   7   -0.0002729260
2   8   1   5   -0.0001513998
2   8   1   8   -0.0002935607
2   8   2   6   0.0000132055
2   8   3   7   0.0000132055
2   8   4   5   -0.0002377758
2   8   4   8   -0.0006850127
3   5   1   6   0.0000239890
3   5   1   7   0.0003137893
3   5   2   5   0.0000474541
3   5   2   8   -0.0000015658
3   5   3   5   0.0006207245
3   5   3   8   -0.0000204814
3   5   4   6   0.0000738240
3   5   4   7   0.0009656580
3   6   1   5   0.0000237025
3   6   1   8   0.0000272316
3   6   2   6   0.0000789184
3   6   2   7   0.0001960474
3   6   3   6   0.0006398848
3   6   3   7   0.0000150118
3   6   4   5   0.0000741557
3   6   4   8   0.0000561331
3   7   1   5   0.0003100418
3   7   1   8   0.0003562035
3   7   2   6   0.0001963628
3   7   2   7   0.0000489188
3   7   3   6   0.0000149877
3   7   3   7   0.0010322950
3   7   4   5   0.0009699963
3   7   4   8   0.0007342518
3   8   1   6   0.0000273795
3   8   1   7   0.0003581386
3   8   2   5   -0.0000008403
3   8   2   8   0.0000139153
3   8   3   5   -0.0000109918
3   8   3   8   0.0001820197
3   8   4   6   0.0000562513
3   8   4   7   0.0007357977
4   5   1   6   0.0003137893
4   5   1   7   -0.0000239890
4   5   2   5   0.0006207245
4   5   2   8   -0.0000204814
4   5   3   5   -0.0000474541
4   5   3   8   0.0000015658
4   5   4   6   0.0009656580
4   5   4   7   -0.0000738240
4   6   1   5   0.0003100418
4   6   1   8   0.0003562035
4   6   2   6   0.0010322950
4   6   2   7   -0.0000149877
4   6   3   6   -0.0000489188
4   6   3   7   0.0001963628
4   6   4   5   0.0009699963
4   6   4   8   0.0007342518
4   7   1   5   -0.0000237025
4   7   1   8   -0.0000272316
4   7   2   6   -0.0000150118
4   7   2   7   0.0006398848
4   7   3   6   0.0001960474
4   7   3   7   -0.0000789184
4   7   4   5   -0.0000741557
4   7   4   8   -0.0000561331
4   8   1   6   0.0003581386
4   8   1   7   -0.0000273795
4   8   2   5   -0.0000109918
4   8   2   8   0.0001820197
4   8   3   5   0.0000008403
4   8   3   8   -0.0000139153
4   8   4   6   0.0007357977
4   8   4   7   -0.0000562513
5   5   1   5   -0.0042954195
5   5   1   8   -0.0000356359
5   5   2   6   -0.0018053975
5   5   3   7   -0.0018053975
5   5   4   5   -0.0068000093
5   5   4   8   -0.0036727208
5   6   1   6   -0.0034086085
5   6   2   5   -0.0018111911
5   6   2   8   -0.0012412047
5   6   4   6   -0.0066974676
5   7   1   7   -0.0034086085
5   7   3   5   -0.0018111911
5   7   3   8   -0.0012412047
5   7   4   7   -0.0066974676
5   8   1   5   -0.0000275857
5   8   1   8   -0.0035625807
5   8   2   6   -0.0012412469
5   8   3   7   -0.0012412469
5   8   4   5   -0.0037637155
5   8   4   8   -0.0083573757

End IABC Block
