Begin IJ Block
1   1   -5.8359493744
1   2   0.0006360373
1   5   -0.0179954820
2   2   -6.9656165013
2   5   -0.0122057040
3   3   -5.9641389721
3   4   -0.0000000000
4   4   -5.9641389721
5   5   -5.8253599286

End IJ Block
Begin IA Block
1   1   0.0971044840
2   1   0.0329868611
3   2   -0.0013159933
3   3   0.1714734035
4   2   0.1714734035
4   3   0.0013159933
5   1   -0.1480841156

End IA Block
Begin AB Block
1   1   -1.5982647818
2   2   -1.3663322967
3   3   -1.3663322967

End AB Block
Begin IJKL Block
1   6   1   6   1.6347632176
1   6   1   7   -0.0037895593
1   6   1   10   0.0283318802
1   6   2   6   -0.0037895593
1   6   2   7   -0.0000181175
1   6   2   10   -0.0000661095
1   6   3   8   -0.0000283318
1   6   4   9   -0.0000283318
1   6   5   6   0.0283318802
1   6   5   7   -0.0000661095
1   6   5   10   0.0004006147
1   7   1   6   -0.0037895593
1   7   1   7   0.1996929046
1   7   1   10   -0.0256252741
1   7   2   6   0.0000193286
1   7   2   7   0.0005718518
1   7   2   10   -0.0001095544
1   7   3   8   0.0001357578
1   7   4   9   0.0001357578
1   7   5   6   -0.0001175874
1   7   5   7   -0.0015575786
1   7   5   10   0.0003830394
1   8   1   8   0.1979321388
1   8   2   8   0.0005326945
1   8   3   6   0.0000107980
1   8   3   7   0.0001441231
1   8   3   10   -0.0000506466
1   8   5   8   -0.0014596611
1   9   1   9   0.1979321388
1   9   2   9   0.0005326945
1   9   4   6   0.0000107980
1   9   4   7   0.0001441231
1   9   4   10   -0.0000506466
1   9   5   9   -0.0014596611
1   10   1   6   0.0283318802
1   10   1   7   -0.0256252741
1   10   1   10   0.2197141404
1   10   2   6   -0.0001175874
1   10   2   7   -0.0000934326
1   10   2   10   0.0005407530
1   10   3   8   -0.0000372374
1   10   4   9   -0.0000372374
1   10   5   6   0.0010204220
1   10   5   7   0.0003846186
1   10   5   10   -0.0016309369
2   6   1   6   -0.0037895593
2   6   1   7   0.0000193286
2   6   1   10   -0.0001175874
2   6   2   6   0.1996929046
2   6   2   7   0.0005718518
2   6   2   10   -0.0015575786
2   6   3   8   0.0001357578
2   6   4   9   0.0001357578
2   6   5   6   -0.0256252741
2   6   5   7   -0.0001095544
2   6   5   10   0.0003830394
2   7   1   6   -0.0000181175
2   7   1   7   0.0005718518
2   7   1   10   -0.0000934326
2   7   2   6   0.0005718518
2   7   2   7   0.8709170265
2   7   2   10   0.0117265670
2   7   3   8   0.1515123931
2   7   4   9   0.1515123931
2   7   5   6   -0.0000934326
2   7   5   7   0.0117265670
2   7   5   10   0.1428455358
2   8   1   8   0.0005326945
2   8   2   8   0.8119082384
2   8   3   6   0.0001441231
2   8   3   7   0.1562063797
2   8   3   10   0.0024750326
2   8   5   8   0.0104783507
2   9   1   9   0.0005326945
2   9   2   9   0.8119082385
2   9   4   6   0.0001441231
2   9   4   7   0.1562063797
2   9   4   10   0.0024750326
2   9   5   9   0.0104783507
2   10   1   6   -0.0000661095
2   10   1   7   -0.0001095544
2   10   1   10   0.0005407530
2   10   2   6   -0.0015575786
2   10   2   7   0.0117265670
2   10   2   10   0.7795893690
2   10   3   8   0.0023224300
2   10   4   9   0.0023224300
2   10   5   6   0.0003846186
2   10   5   7   0.1482658663
2   10   5   10   0.0121124933
3   6   1   8   0.0000107980
3   6   2   8   0.0001441231
3   6   3   6   0.1979321388
3   6   3   7   0.0005326945
3   6   3   10   -0.0014596611
3   6   5   8   -0.0000506466
3   7   1   8   0.0001441231
3   7   2   8   0.1562063797
3   7   3   6   0.0005326945
3   7   3   7   0.8119082384
3   7   3   10   0.0104783507
3   7   5   8   0.0024750326
3   8   1   6   -0.0000283318
3   8   1   7   0.0001357578
3   8   1   10   -0.0000372374
3   8   2   6   0.0001357578
3   8   2   7   0.1515123931
3   8   2   10   0.0023224300
3   8   3   8   0.8043952723
3   8   3   9   0.0000000000
3   8   4   8   0.0000000000
3   8   4   9   0.0310674054
3   8   5   6   -0.0000372374
3   8   5   7   0.0023224300
3   8   5   10   0.0293087263
3   9   3   8   0.0000000000
3   9   3   9   0.7362631168
3   9   4   8   0.0370647501
3   9   4   9   0.0000000000
3   10   1   8   -0.0000506466
3   10   2   8   0.0024750326
3   10   3   6   -0.0014596611
3   10   3   7   0.0104783507
3   10   3   10   0.7082355812
3   10   4   10   0.0000000000
3   10   5   8   0.0352092187
4   6   1   9   0.0000107980
4   6   2   9   0.0001441231
4   6   4   6   0.1979321388
4   6   4   7   0.0005326945
4   6   4   10   -0.0014596611
4   6   5   9   -0.0000506466
4   7   1   9   0.0001441231
4   7   2   9   0.1562063797
4   7   4   6   0.0005326945
4   7   4   7   0.8119082385
4   7   4   10   0.0104783507
4   7   5   9   0.0024750326
4   8   3   8   0.0000000000
4   8   3   9   0.0370647501
4   8   4   8   0.7362631168
4   8   4   9   0.0000000000
4   9   1   6   -0.0000283318
4   9   1   7   0.0001357578
4   9   1   10   -0.0000372374
4   9   2   6   0.0001357578
4   9   2   7   0.1515123931
4   9   2   10   0.0023224300
4   9   3   8   0.0310674054
4   9   3   9   0.0000000000
4   9   4   8   0.0000000000
4   9   4   9   0.8043952723
4   9   5   6   -0.0000372374
4   9   5   7   0.0023224300
4   9   5   10   0.0293087263
4   10   1   9   -0.0000506466
4   10   2   9   0.0024750326
4   10   3   10   0.0000000000
4   10   4   6   -0.0014596611
4   10   4   7   0.0104783507
4   10   4   10   0.7082355812
4   10   5   9   0.0352092187
5   6   1   6   0.0283318802
5   6   1   7   -0.0001175874
5   6   1   10   0.0010204220
5   6   2   6   -0.0256252741
5   6   2   7   -0.0000934326
5   6   2   10   0.0003846186
5   6   3   8   -0.0000372374
5   6   4   9   -0.0000372374
5   6   5   6   0.2197141404
5   6   5   7   0.0005407530
5   6   5   10   -0.0016309369
5   7   1   6   -0.0000661095
5   7   1   7   -0.0015575786
5   7   1   10   0.0003846186
5   7   2   6   -0.0001095544
5   7   2   7   0.0117265670
5   7   2   10   0.1482658663
5   7   3   8   0.0023224300
5   7   4   9   0.0023224300
5   7   5   6   0.0005407530
5   7   5   7   0.7795893690
5   7   5   10   0.0121124933
5   8   1   8   -0.0014596611
5   8   2   8   0.0104783507
5   8   3   6   -0.0000506466
5   8   3   7   0.0024750326
5   8   3   10   0.0352092187
5   8   5   8   0.7082355812
5   8   5   9   0.0000000000
5   9   1   9   -0.0014596611
5   9   2   9   0.0104783507
5   9   4   6   -0.0000506466
5   9   4   7   0.0024750326
5   9   4   10   0.0352092187
5   9   5   8   0.0000000000
5   9   5   9   0.7082355812
5   10   1   6   0.0004006147
5   10   1   7   0.0003830394
5   10   1   10   -0.0016309369
5   10   2   6   0.0003830394
5   10   2   7   0.1428455358
5   10   2   10   0.0121124933
5   10   3   8   0.0293087263
5   10   4   9   0.0293087263
5   10   5   6   -0.0016309369
5   10   5   7   0.0121124933
5   10   5   10   0.7433055055

End IJKL Block
Begin IJAB Block
1   6   1   4   0.0091115483
1   6   2   5   0.0010143710
1   6   3   6   0.0010143710
1   7   1   4   -0.0000217702
1   7   2   5   0.0000190863
1   7   3   6   0.0000190863
1   8   1   5   -0.0000002381
1   8   1   6   0.0000310180
1   8   2   4   -0.0000009775
1   8   3   4   0.0001273708
1   9   1   5   0.0000310180
1   9   1   6   0.0000002381
1   9   2   4   0.0001273708
1   9   3   4   0.0000009775
1   10   1   4   0.0003412526
1   10   2   5   -0.0002872725
1   10   3   6   -0.0002872725
2   6   1   4   -0.0000217702
2   6   2   5   0.0000190863
2   6   3   6   0.0000190863
2   7   1   4   0.0010289558
2   7   2   5   0.0008559807
2   7   3   6   0.0008559807
2   8   1   5   -0.0000036105
2   8   1   6   0.0004704424
2   8   2   4   -0.0000017637
2   8   3   4   0.0002298068
2   9   1   5   0.0004704424
2   9   1   6   0.0000036105
2   9   2   4   0.0002298068
2   9   3   4   0.0000017637
2   10   1   4   -0.0007275182
2   10   2   5   -0.0000091975
2   10   3   6   -0.0000091975
3   6   1   5   -0.0000009775
3   6   1   6   0.0001273708
3   6   2   4   -0.0000002381
3   6   3   4   0.0000310180
3   7   1   5   -0.0000017637
3   7   1   6   0.0002298068
3   7   2   4   -0.0000036105
3   7   3   4   0.0004704424
3   8   1   4   0.0006385726
3   8   2   5   0.0003764240
3   8   2   6   -0.0000184301
3   8   3   5   -0.0000184301
3   8   3   6   0.0027777209
3   9   2   5   -0.0000184301
3   9   2   6   0.0004407426
3   9   3   5   0.0019605543
3   9   3   6   0.0000184301
3   10   1   5   0.0000049680
3   10   1   6   -0.0006473296
3   10   2   4   0.0000171328
3   10   3   4   -0.0022323926
4   6   1   5   0.0001273708
4   6   1   6   0.0000009775
4   6   2   4   0.0000310180
4   6   3   4   0.0000002381
4   7   1   5   0.0002298068
4   7   1   6   0.0000017637
4   7   2   4   0.0004704424
4   7   3   4   0.0000036105
4   8   2   5   -0.0000184301
4   8   2   6   0.0019605543
4   8   3   5   0.0004407426
4   8   3   6   0.0000184301
4   9   1   4   0.0006385726
4   9   2   5   0.0027777209
4   9   2   6   0.0000184301
4   9   3   5   0.0000184301
4   9   3   6   0.0003764240
4   10   1   5   -0.0006473296
4   10   1   6   -0.0000049680
4   10   2   4   -0.0022323926
4   10   3   4   -0.0000171328
5   6   1   4   0.0003412526
5   6   2   5   -0.0002872725
5   6   3   6   -0.0002872725
5   7   1   4   -0.0007275182
5   7   2   5   -0.0000091975
5   7   3   6   -0.0000091975
5   8   1   5   0.0000171328
5   8   1   6   -0.0022323926
5   8   2   4   0.0000049680
5   8   3   4   -0.0006473296
5   9   1   5   -0.0022323926
5   9   1   6   -0.0000171328
5   9   2   4   -0.0006473296
5   9   3   4   -0.0000049680
5   10   1   4   0.0038885711
5   10   2   5   0.0006249748
5   10   3   6   0.0006249748

End IJAB Block
Begin ABCD Block
1   4   1   4   0.2253445181
1   4   2   5   0.0281455068
1   4   3   6   0.0281455068
1   5   1   5   0.1603896614
1   5   2   4   0.0281457411
1   6   1   6   0.1603896614
1   6   3   4   0.0281457411
2   4   1   5   0.0281457411
2   4   2   4   0.1603896614
2   5   1   4   0.0281455068
2   5   2   5   0.1467797156
2   5   3   6   0.0081744419
2   6   2   6   0.1304308356
2   6   3   5   0.0081744380
3   4   1   6   0.0281457411
3   4   3   4   0.1603896614
3   5   2   6   0.0081744380
3   5   3   5   0.1304308356
3   6   1   4   0.0281455068
3   6   2   5   0.0081744419
3   6   3   6   0.1467797156

End ABCD Block
Begin AIJB Block
1   6   1   4   0.0069075836
1   6   2   4   -0.0000076649
1   6   3   5   -0.0000007950
1   6   3   6   0.0001035878
1   6   4   5   0.0001035878
1   6   4   6   0.0000007950
1   6   5   4   0.0002057720
1   7   1   4   -0.0000076649
1   7   2   4   0.0007904774
1   7   3   5   -0.0000007285
1   7   3   6   0.0000949207
1   7   4   5   0.0000949207
1   7   4   6   0.0000007285
1   7   5   4   -0.0003123491
1   8   1   5   -0.0000001814
1   8   1   6   0.0000236425
1   8   2   5   -0.0000020086
1   8   2   6   0.0002617241
1   8   3   4   0.0003084336
1   8   5   5   0.0000144222
1   8   5   6   -0.0018792017
1   9   1   5   0.0000236425
1   9   1   6   0.0000001814
1   9   2   5   0.0002617241
1   9   2   6   0.0000020086
1   9   4   4   0.0003084336
1   9   5   5   -0.0018792017
1   9   5   6   -0.0000144222
1   10   1   4   0.0002057720
1   10   2   4   -0.0003123491
1   10   3   5   0.0000026793
1   10   3   6   -0.0003491054
1   10   4   5   -0.0003491054
1   10   4   6   -0.0000026793
1   10   5   4   0.0025175914
2   6   1   5   0.0009007983
2   6   2   5   0.0000106572
2   6   3   4   -0.0000001814
2   6   4   4   0.0000236425
2   6   5   5   -0.0002330385
2   7   1   5   0.0000106572
2   7   2   5   0.0006835035
2   7   3   4   -0.0000020086
2   7   4   4   0.0002617241
2   7   5   5   0.0000271047
2   8   1   4   -0.0000007950
2   8   2   4   -0.0000007285
2   8   3   5   0.0002246683
2   8   3   6   -0.0000152705
2   8   4   5   -0.0000152705
2   8   4   6   0.0017634002
2   8   5   4   0.0000026793
2   9   1   4   0.0001035878
2   9   2   4   0.0000949207
2   9   3   5   -0.0000152705
2   9   3   6   0.0002262238
2   9   4   5   0.0022142922
2   9   4   6   0.0000152705
2   9   5   4   -0.0003491054
2   10   1   5   -0.0002330385
2   10   2   5   0.0000271047
2   10   3   4   0.0000144222
2   10   4   4   -0.0018792017
2   10   5   5   0.0005159586
3   6   1   6   0.0009007983
3   6   2   6   0.0000106572
3   6   3   4   0.0000236425
3   6   4   4   0.0000001814
3   6   5   6   -0.0002330385
3   7   1   6   0.0000106572
3   7   2   6   0.0006835035
3   7   3   4   0.0002617241
3   7   4   4   0.0000020086
3   7   5   6   0.0000271047
3   8   1   4   0.0001035878
3   8   2   4   0.0000949207
3   8   3   5   -0.0000152705
3   8   3   6   0.0022142922
3   8   4   5   0.0002262238
3   8   4   6   0.0000152705
3   8   5   4   -0.0003491054
3   9   1   4   0.0000007950
3   9   2   4   0.0000007285
3   9   3   5   0.0017634002
3   9   3   6   0.0000152705
3   9   4   5   0.0000152705
3   9   4   6   0.0002246683
3   9   5   4   -0.0000026793
3   10   1   6   -0.0002330385
3   10   2   6   0.0000271047
3   10   3   4   -0.0018792017
3   10   4   4   -0.0000144222
3   10   5   6   0.0005159586

1   6   6   1   -0.2644877317
1   6   7   1   0.0002464396
1   6   8   2   0.0000014037
1   6   8   3   -0.0001829054
1   6   9   2   -0.0001829054
1   6   9   3   -0.0000014037
1   6   10   1   -0.0014238492
1   7   6   1   0.0002464396
1   7   7   1   -0.1297146954
1   7   8   2   0.0000259850
1   7   8   3   -0.0033858315
1   7   9   2   -0.0033858315
1   7   9   3   -0.0000259850
1   7   10   1   0.0094095399
1   8   6   2   0.0000014104
1   8   6   3   -0.0001837681
1   8   7   2   0.0000259926
1   8   7   3   -0.0033868279
1   8   8   1   -0.1293545520
1   8   10   2   -0.0000107459
1   8   10   3   0.0014001848
1   9   6   2   -0.0001837681
1   9   6   3   -0.0000014104
1   9   7   2   -0.0033868279
1   9   7   3   -0.0000259926
1   9   9   1   -0.1293545520
1   9   10   2   0.0014001848
1   9   10   3   0.0000107459
1   10   6   1   -0.0014238492
1   10   7   1   0.0094095399
1   10   8   2   -0.0000109362
1   10   8   3   0.0014249868
1   10   9   2   0.0014249868
1   10   9   3   0.0000109362
1   10   10   1   -0.1348255407
2   6   6   2   -0.1836420077
2   6   7   2   0.0000702797
2   6   8   1   0.0000014104
2   6   9   1   -0.0001837681
2   6   10   2   -0.0002974478
2   7   6   2   0.0000702797
2   7   7   2   -0.1277205535
2   7   8   1   0.0000259926
2   7   9   1   -0.0033868279
2   7   10   2   0.0063508557
2   8   6   1   0.0000014037
2   8   7   1   0.0000259850
2   8   8   2   -0.1271212973
2   8   8   3   0.0000097919
2   8   9   2   0.0000097919
2   8   9   3   -0.0006277711
2   8   10   1   -0.0000109362
2   9   6   1   -0.0001829054
2   9   7   1   -0.0033858315
2   9   8   2   0.0000097919
2   9   8   3   -0.0006480299
2   9   9   2   -0.1283970982
2   9   9   3   -0.0000097919
2   9   10   1   0.0014249868
2   10   6   2   -0.0002974478
2   10   7   2   0.0063508557
2   10   8   1   -0.0000107459
2   10   9   1   0.0014001848
2   10   10   2   -0.1301553740
3   6   6   3   -0.1836420077
3   6   7   3   0.0000702797
3   6   8   1   -0.0001837681
3   6   9   1   -0.0000014104
3   6   10   3   -0.0002974478
3   7   6   3   0.0000702797
3   7   7   3   -0.1277205535
3   7   8   1   -0.0033868279
3   7   9   1   -0.0000259926
3   7   10   3   0.0063508557
3   8   6   1   -0.0001829054
3   8   7   1   -0.0033858315
3   8   8   2   0.0000097919
3   8   8   3   -0.1283970982
3   8   9   2   -0.0006480299
3   8   9   3   -0.0000097919
3   8   10   1   0.0014249868
3   9   6   1   -0.0000014037
3   9   7   1   -0.0000259850
3   9   8   2   -0.0006277711
3   9   8   3   -0.0000097919
3   9   9   2   -0.0000097919
3   9   9   3   -0.1271212973
3   9   10   1   0.0000109362
3   10   6   3   -0.0002974478
3   10   7   3   0.0063508557
3   10   8   1   0.0014001848
3   10   9   1   0.0000107459
3   10   10   3   -0.1301553740

End AIJB Block
Begin IJKA Block
1   6   1   4   -0.0841643928
1   6   2   4   0.0002442478
1   6   3   5   -0.0000006697
1   6   3   6   0.0000872620
1   6   4   5   0.0000872620
1   6   4   6   0.0000006697
1   6   5   4   -0.0019357836
1   7   1   4   -0.0001974055
1   7   2   4   0.0000001236
1   7   3   5   0.0000000231
1   7   3   6   -0.0000030035
1   7   4   5   -0.0000030035
1   7   4   6   -0.0000000231
1   7   5   4   0.0000253932
1   8   1   5   -0.0000118069
1   8   1   6   0.0015384334
1   8   2   5   0.0000001777
1   8   2   6   -0.0000231536
1   8   3   4   0.0000142882
1   8   5   5   -0.0000003546
1   8   5   6   0.0000462078
1   9   1   5   0.0015384334
1   9   1   6   0.0000118069
1   9   2   5   -0.0000231536
1   9   2   6   -0.0000001777
1   9   4   4   0.0000142882
1   9   5   5   0.0000462078
1   9   5   6   0.0000003546
1   10   1   4   -0.0094433346
1   10   2   4   0.0000316395
1   10   3   5   0.0000002374
1   10   3   6   -0.0000309380
1   10   4   5   -0.0000309380
1   10   4   6   -0.0000002374
1   10   5   4   -0.0000862417
2   6   1   4   0.0002520260
2   6   2   4   -0.0018639350
2   6   3   5   -0.0000019257
2   6   3   6   0.0002509180
2   6   4   5   0.0002509180
2   6   4   6   0.0000019257
2   6   5   4   0.0004469405
2   7   1   4   -0.0000009873
2   7   2   4   -0.0057401997
2   7   3   5   0.0000790464
2   7   3   6   -0.0102997127
2   7   4   5   -0.0102997127
2   7   4   6   -0.0000790464
2   7   5   4   0.0105373232
2   8   1   5   0.0000000392
2   8   1   6   -0.0000051046
2   8   2   5   0.0002297962
2   8   2   6   -0.0299423545
2   8   3   4   -0.0010723387
2   8   5   5   0.0000084871
2   8   5   6   -0.0011058657
2   9   1   5   -0.0000051046
2   9   1   6   -0.0000000392
2   9   2   5   -0.0299423545
2   9   2   6   -0.0002297962
2   9   4   4   -0.0010723387
2   9   5   5   -0.0011058657
2   9   5   6   -0.0000084871
2   10   1   4   0.0000007837
2   10   2   4   0.0286571719
2   10   3   5   0.0000078372
2   10   3   6   -0.0010211819
2   10   4   5   -0.0010211819
2   10   4   6   -0.0000078372
2   10   5   4   0.0003323837
3   6   1   5   -0.0000006426
3   6   1   6   0.0000837309
3   6   2   5   -0.0000018241
3   6   2   6   0.0002376781
3   6   3   4   -0.0018005007
3   6   5   5   0.0000011590
3   6   5   6   -0.0001510191
3   7   1   5   -0.0000000124
3   7   1   6   0.0000016118
3   7   2   5   0.0000788793
3   7   2   6   -0.0102779385
3   7   3   4   -0.0049501667
3   7   5   5   0.0000016653
3   7   5   6   -0.0002169823
3   8   1   4   0.0000176168
3   8   2   4   -0.0010860941
3   8   3   5   0.0002482426
3   8   3   6   -0.0323459099
3   8   4   5   -0.0030172600
3   8   4   6   -0.0000231563
3   8   5   4   0.0033094620
3   9   3   5   -0.0262013662
3   9   3   6   -0.0002010855
3   9   4   5   0.0000240007
3   9   4   6   -0.0031272837
3   10   1   5   0.0000002173
3   10   1   6   -0.0000283170
3   10   2   5   0.0000062377
3   10   2   6   -0.0008127680
3   10   3   4   0.0249375511
3   10   5   5   0.0000240503
3   10   5   6   -0.0031337419
4   6   1   5   0.0000837309
4   6   1   6   0.0000006426
4   6   2   5   0.0002376781
4   6   2   6   0.0000018241
4   6   4   4   -0.0018005007
4   6   5   5   -0.0001510191
4   6   5   6   -0.0000011590
4   7   1   5   0.0000016118
4   7   1   6   0.0000000124
4   7   2   5   -0.0102779385
4   7   2   6   -0.0000788793
4   7   4   4   -0.0049501667
4   7   5   5   -0.0002169823
4   7   5   6   -0.0000016653
4   8   3   5   -0.0031272837
4   8   3   6   -0.0000240007
4   8   4   5   0.0002010855
4   8   4   6   -0.0262013662
4   9   1   4   0.0000176168
4   9   2   4   -0.0010860941
4   9   3   5   0.0000231563
4   9   3   6   -0.0030172600
4   9   4   5   -0.0323459099
4   9   4   6   -0.0002482426
4   9   5   4   0.0033094620
4   10   1   5   -0.0000283170
4   10   1   6   -0.0000002173
4   10   2   5   -0.0008127680
4   10   2   6   -0.0000062377
4   10   4   4   0.0249375511
4   10   5   5   -0.0031337419
4   10   5   6   -0.0000240503
5   6   1   4   -0.0021076684
5   6   2   4   0.0004179209
5   6   3   5   0.0000011551
5   6   3   6   -0.0001505044
5   6   4   5   -0.0001505044
5   6   4   6   -0.0000011551
5   6   5   4   -0.0023246651
5   7   1   4   0.0000055241
5   7   2   4   0.0106931024
5   7   3   5   0.0000020338
5   7   3   6   -0.0002650065
5   7   4   5   -0.0002650065
5   7   4   6   -0.0000020338
5   7   5   4   -0.0044537166
5   8   1   5   0.0000000685
5   8   1   6   -0.0000089293
5   8   2   5   0.0000054757
5   8   2   6   -0.0007134825
5   8   3   4   0.0033021198
5   8   5   5   0.0001967516
5   8   5   6   -0.0256366578
5   9   1   5   -0.0000089293
5   9   1   6   -0.0000000685
5   9   2   5   -0.0007134825
5   9   2   6   -0.0000054757
5   9   4   4   0.0033021198
5   9   5   5   -0.0256366578
5   9   5   6   -0.0001967516
5   10   1   4   0.0000426761
5   10   2   4   -0.0002619662
5   10   3   5   0.0000221503
5   10   3   6   -0.0028861695
5   10   4   5   -0.0028861695
5   10   4   6   -0.0000221503
5   10   5   4   0.0315903511

End IJKA Block
Begin IABC Block
1   4   1   4   0.0007004438
1   4   2   5   0.0015480692
1   4   3   6   0.0015480692
1   5   1   5   0.0001132647
1   5   2   4   0.0015573277
1   6   1   6   0.0001132647
1   6   3   4   0.0015573277
2   4   1   4   -0.0002390922
2   4   2   5   0.0000344097
2   4   3   6   0.0000344097
2   5   1   5   -0.0001712591
2   5   2   4   0.0000338170
2   6   1   6   -0.0001712591
2   6   3   4   0.0000338170
3   4   1   5   -0.0000062629
3   4   1   6   0.0008160598
3   4   2   4   -0.0000071157
3   4   3   4   0.0009271704
3   5   1   4   -0.0000062509
3   5   2   5   -0.0000080127
3   5   2   6   0.0003192107
3   5   3   5   0.0004075127
3   5   3   6   -0.0000024354
3   6   1   4   0.0008144955
3   6   2   5   0.0003173296
3   6   2   6   -0.0000031275
3   6   3   5   -0.0000024498
3   6   3   6   0.0010440531
4   4   1   5   0.0008160598
4   4   1   6   0.0000062629
4   4   2   4   0.0009271704
4   4   3   4   0.0000071157
4   5   1   4   0.0008144955
4   5   2   5   0.0010440531
4   5   2   6   0.0000024498
4   5   3   5   0.0000031275
4   5   3   6   0.0003173296
4   6   1   4   0.0000062509
4   6   2   5   0.0000024354
4   6   2   6   0.0004075127
4   6   3   5   0.0003192107
4   6   3   6   0.0000080127
5   4   1   4   -0.0031250179
5   4   2   5   -0.0017529392
5   4   3   6   -0.0017529392
5   5   1   5   -0.0019777775
5   5   2   4   -0.0017622303
5   6   1   6   -0.0019777775
5   6   3   4   -0.0017622303

End IABC Block
