Begin IJ Block
1   1   -5.5202930633
1   2   0.0004014298
1   5   -0.0123238296
2   2   -6.8342579297
2   5   -0.0103578317
3   3   -5.8573970810
3   4   -0.0000000000
4   4   -5.8573970810
5   5   -5.7179541926

End IJ Block
Begin IA Block
1   1   0.1041297326
1   4   0.0718728150
2   1   0.0249741861
2   4   0.1366794953
3   2   0.1894276900
3   3   -0.0571206855
4   2   0.0571206855
4   3   0.1894276900
5   1   -0.2611741474
5   4   -0.2923318244

End IA Block
Begin AB Block
1   1   -1.5513084547
1   4   -0.3449954242
2   2   -1.3690981786
3   3   -1.3690981786
4   4   -1.5308657663

End AB Block
Begin IJKL Block
1   6   1   6   1.6515421008
1   6   1   7   -0.0007051679
1   6   1   10   0.0147650883
1   6   2   6   -0.0007051679
1   6   2   7   0.0000004414
1   6   2   10   -0.0000096250
1   6   3   8   0.0000006899
1   6   4   9   0.0000006899
1   6   5   6   0.0147650883
1   6   5   7   -0.0000096250
1   6   5   10   0.0002250389
1   7   1   6   -0.0007051679
1   7   1   7   0.1539833490
1   7   1   10   -0.0148985639
1   7   2   6   0.0000004414
1   7   2   7   0.0000600106
1   7   2   10   -0.0000236539
1   7   3   8   0.0000158214
1   7   4   9   0.0000158214
1   7   5   6   -0.0000096250
1   7   5   7   -0.0003603153
1   7   5   10   0.0000634616
1   8   1   8   0.1529116687
1   8   2   8   0.0000561859
1   8   3   6   0.0000006899
1   8   3   7   0.0000158214
1   8   3   10   -0.0000082677
1   8   5   8   -0.0003438963
1   9   1   9   0.1529116687
1   9   2   9   0.0000561859
1   9   4   6   0.0000006899
1   9   4   7   0.0000158214
1   9   4   10   -0.0000082677
1   9   5   9   -0.0003438963
1   10   1   6   0.0147650883
1   10   1   7   -0.0148985639
1   10   1   10   0.1627840929
1   10   2   6   -0.0000096250
1   10   2   7   -0.0000236539
1   10   2   10   0.0000570442
1   10   3   8   -0.0000082677
1   10   4   9   -0.0000082677
1   10   5   6   0.0002250389
1   10   5   7   0.0000634616
1   10   5   10   -0.0003852320
2   6   1   6   -0.0007051679
2   6   1   7   0.0000004414
2   6   1   10   -0.0000096250
2   6   2   6   0.1539833490
2   6   2   7   0.0000600106
2   6   2   10   -0.0003603153
2   6   3   8   0.0000158214
2   6   4   9   0.0000158214
2   6   5   6   -0.0148985639
2   6   5   7   -0.0000236539
2   6   5   10   0.0000634616
2   7   1   6   0.0000004414
2   7   1   7   0.0000600106
2   7   1   10   -0.0000236539
2   7   2   6   0.0000600106
2   7   2   7   0.8836386539
2   7   2   10   0.0076359150
2   7   3   8   0.1656087183
2   7   4   9   0.1656087183
2   7   5   6   -0.0000236539
2   7   5   7   0.0076359150
2   7   5   10   0.1584067770
2   8   1   8   0.0000561859
2   8   2   8   0.8289658492
2   8   3   6   0.0000158214
2   8   3   7   0.1656087183
2   8   3   10   0.0016522321
2   8   5   8   0.0070353442
2   9   1   9   0.0000561859
2   9   2   9   0.8289658492
2   9   4   6   0.0000158214
2   9   4   7   0.1656087183
2   9   4   10   0.0016522321
2   9   5   9   0.0070353442
2   10   1   6   -0.0000096250
2   10   1   7   -0.0000236539
2   10   1   10   0.0000570442
2   10   2   6   -0.0003603153
2   10   2   7   0.0076359150
2   10   2   10   0.8014420461
2   10   3   8   0.0016522321
2   10   4   9   0.0016522321
2   10   5   6   0.0000634616
2   10   5   7   0.1584067770
2   10   5   10   0.0076725069
3   6   1   8   0.0000006899
3   6   2   8   0.0000158214
3   6   3   6   0.1529116687
3   6   3   7   0.0000561859
3   6   3   10   -0.0003438963
3   6   5   8   -0.0000082677
3   7   1   8   0.0000158214
3   7   2   8   0.1656087183
3   7   3   6   0.0000561859
3   7   3   7   0.8289658492
3   7   3   10   0.0070353442
3   7   5   8   0.0016522321
3   8   1   6   0.0000006899
3   8   1   7   0.0000158214
3   8   1   10   -0.0000082677
3   8   2   6   0.0000158214
3   8   2   7   0.1656087183
3   8   2   10   0.0016522321
3   8   3   8   0.8378264996
3   8   3   9   0.0000000000
3   8   4   8   0.0000000000
3   8   4   9   0.0406803811
3   8   5   6   -0.0000082677
3   8   5   7   0.0016522321
3   8   5   10   0.0390246025
3   9   3   8   0.0000000000
3   9   3   9   0.7564657374
3   9   4   8   0.0406803811
3   9   4   9   0.0000000000
3   10   1   8   -0.0000082677
3   10   2   8   0.0016522321
3   10   3   6   -0.0003438963
3   10   3   7   0.0070353442
3   10   3   10   0.7323443890
3   10   4   10   0.0000000000
3   10   5   8   0.0390246025
4   6   1   9   0.0000006899
4   6   2   9   0.0000158214
4   6   4   6   0.1529116687
4   6   4   7   0.0000561859
4   6   4   10   -0.0003438963
4   6   5   9   -0.0000082677
4   7   1   9   0.0000158214
4   7   2   9   0.1656087183
4   7   4   6   0.0000561859
4   7   4   7   0.8289658492
4   7   4   10   0.0070353442
4   7   5   9   0.0016522321
4   8   3   8   0.0000000000
4   8   3   9   0.0406803811
4   8   4   8   0.7564657374
4   8   4   9   0.0000000000
4   9   1   6   0.0000006899
4   9   1   7   0.0000158214
4   9   1   10   -0.0000082677
4   9   2   6   0.0000158214
4   9   2   7   0.1656087183
4   9   2   10   0.0016522321
4   9   3   8   0.0406803811
4   9   3   9   0.0000000000
4   9   4   8   0.0000000000
4   9   4   9   0.8378264996
4   9   5   6   -0.0000082677
4   9   5   7   0.0016522321
4   9   5   10   0.0390246025
4   10   1   9   -0.0000082677
4   10   2   9   0.0016522321
4   10   3   10   0.0000000000
4   10   4   6   -0.0003438963
4   10   4   7   0.0070353442
4   10   4   10   0.7323443890
4   10   5   9   0.0390246025
5   6   1   6   0.0147650883
5   6   1   7   -0.0000096250
5   6   1   10   0.0002250389
5   6   2   6   -0.0148985639
5   6   2   7   -0.0000236539
5   6   2   10   0.0000634616
5   6   3   8   -0.0000082677
5   6   4   9   -0.0000082677
5   6   5   6   0.1627840929
5   6   5   7   0.0000570442
5   6   5   10   -0.0003852320
5   7   1   6   -0.0000096250
5   7   1   7   -0.0003603153
5   7   1   10   0.0000634616
5   7   2   6   -0.0000236539
5   7   2   7   0.0076359150
5   7   2   10   0.1584067770
5   7   3   8   0.0016522321
5   7   4   9   0.0016522321
5   7   5   6   0.0000570442
5   7   5   7   0.8014420461
5   7   5   10   0.0076725069
5   8   1   8   -0.0003438963
5   8   2   8   0.0070353442
5   8   3   6   -0.0000082677
5   8   3   7   0.0016522321
5   8   3   10   0.0390246025
5   8   5   8   0.7323443890
5   8   5   9   0.0000000000
5   9   1   9   -0.0003438963
5   9   2   9   0.0070353442
5   9   4   6   -0.0000082677
5   9   4   7   0.0016522321
5   9   4   10   0.0390246025
5   9   5   8   0.0000000000
5   9   5   9   0.7323443890
5   10   1   6   0.0002250389
5   10   1   7   0.0000634616
5   10   1   10   -0.0003852320
5   10   2   6   0.0000634616
5   10   2   7   0.1584067770
5   10   2   10   0.0076725069
5   10   3   8   0.0390246025
5   10   4   9   0.0390246025
5   10   5   6   -0.0003852320
5   10   5   7   0.0076725069
5   10   5   10   0.7849188153

End IJKL Block
Begin IJAB Block
1   6   1   5   0.0091136611
1   6   1   8   0.0067526840
1   6   2   6   0.0015572414
1   6   3   7   0.0015572414
1   6   4   5   0.0067526840
1   6   4   8   0.0064776740
1   7   1   5   -0.0000001959
1   7   1   8   -0.0000024003
1   7   2   6   0.0000063428
1   7   3   7   0.0000063428
1   7   4   5   -0.0000122755
1   7   4   8   -0.0000102280
1   8   1   6   0.0000032907
1   8   1   7   -0.0000009923
1   8   2   5   0.0000657279
1   8   2   8   0.0001043466
1   8   3   5   -0.0000198198
1   8   3   8   -0.0000314650
1   8   4   6   -0.0000159102
1   8   4   7   0.0000047976
1   9   1   6   0.0000009923
1   9   1   7   0.0000032907
1   9   2   5   0.0000198198
1   9   2   8   0.0000314650
1   9   3   5   0.0000657279
1   9   3   8   0.0001043466
1   9   4   6   -0.0000047976
1   9   4   7   -0.0000159102
1   10   1   5   0.0001768768
1   10   1   8   0.0003745028
1   10   2   6   -0.0002612227
1   10   3   7   -0.0002612227
1   10   4   5   0.0001337566
1   10   4   8   -0.0000120984
2   6   1   5   -0.0000001959
2   6   1   8   -0.0000122755
2   6   2   6   0.0000063428
2   6   3   7   0.0000063428
2   6   4   5   -0.0000024003
2   6   4   8   -0.0000102280
2   7   1   5   0.0008736953
2   7   1   8   0.0012515189
2   7   2   6   0.0004230613
2   7   3   7   0.0004230613
2   7   4   5   0.0012515189
2   7   4   8   0.0023287754
2   8   1   6   0.0001366031
2   8   1   7   -0.0000411918
2   8   2   5   0.0000402442
2   8   2   8   0.0002192254
2   8   3   5   -0.0000121354
2   8   3   8   -0.0000661060
2   8   4   6   0.0009732251
2   8   4   7   -0.0002934697
2   9   1   6   0.0000411918
2   9   1   7   0.0001366031
2   9   2   5   0.0000121354
2   9   2   8   0.0000661060
2   9   3   5   0.0000402442
2   9   3   8   0.0002192254
2   9   4   6   0.0002934697
2   9   4   7   0.0009732251
2   10   1   5   -0.0002265601
2   10   1   8   -0.0004975786
2   10   2   6   0.0000214653
2   10   3   7   0.0000214653
2   10   4   5   -0.0014398826
2   10   4   8   -0.0021593033
3   6   1   6   0.0000657279
3   6   1   7   -0.0000198198
3   6   2   5   0.0000032907
3   6   2   8   -0.0000159102
3   6   3   5   -0.0000009923
3   6   3   8   0.0000047976
3   6   4   6   0.0001043466
3   6   4   7   -0.0000314650
3   7   1   6   0.0000402442
3   7   1   7   -0.0000121354
3   7   2   5   0.0001366031
3   7   2   8   0.0009732251
3   7   3   5   -0.0000411918
3   7   3   8   -0.0002934697
3   7   4   6   0.0002192254
3   7   4   7   -0.0000661060
3   8   1   5   0.0002444317
3   8   1   8   0.0003763273
3   8   2   6   0.0015532382
3   8   2   7   -0.0004318621
3   8   3   6   -0.0004318621
3   8   3   7   0.0002512914
3   8   4   5   0.0003763273
3   8   4   8   0.0008693707
3   9   2   6   0.0004318621
3   9   2   7   0.0013111058
3   9   3   6   -0.0000091590
3   9   3   7   -0.0004318621
3   10   1   6   -0.0002146550
3   10   1   7   0.0000647278
3   10   2   5   -0.0019929204
3   10   2   8   -0.0025403573
3   10   3   5   0.0006009522
3   10   3   8   0.0007660282
3   10   4   6   -0.0003618296
3   10   4   7   0.0001091074
4   6   1   6   0.0000198198
4   6   1   7   0.0000657279
4   6   2   5   0.0000009923
4   6   2   8   -0.0000047976
4   6   3   5   0.0000032907
4   6   3   8   -0.0000159102
4   6   4   6   0.0000314650
4   6   4   7   0.0001043466
4   7   1   6   0.0000121354
4   7   1   7   0.0000402442
4   7   2   5   0.0000411918
4   7   2   8   0.0002934697
4   7   3   5   0.0001366031
4   7   3   8   0.0009732251
4   7   4   6   0.0000661060
4   7   4   7   0.0002192254
4   8   2   6   0.0004318621
4   8   2   7   -0.0000091590
4   8   3   6   0.0013111058
4   8   3   7   -0.0004318621
4   9   1   5   0.0002444317
4   9   1   8   0.0003763273
4   9   2   6   0.0002512914
4   9   2   7   0.0004318621
4   9   3   6   0.0004318621
4   9   3   7   0.0015532382
4   9   4   5   0.0003763273
4   9   4   8   0.0008693707
4   10   1   6   -0.0000647278
4   10   1   7   -0.0002146550
4   10   2   5   -0.0006009522
4   10   2   8   -0.0007660282
4   10   3   5   -0.0019929204
4   10   3   8   -0.0025403573
4   10   4   6   -0.0001091074
4   10   4   7   -0.0003618296
5   6   1   5   0.0001768768
5   6   1   8   0.0001337566
5   6   2   6   -0.0002612227
5   6   3   7   -0.0002612227
5   6   4   5   0.0003745028
5   6   4   8   -0.0000120984
5   7   1   5   -0.0002265601
5   7   1   8   -0.0014398826
5   7   2   6   0.0000214653
5   7   3   7   0.0000214653
5   7   4   5   -0.0004975786
5   7   4   8   -0.0021593033
5   8   1   6   -0.0019929204
5   8   1   7   0.0006009522
5   8   2   5   -0.0002146550
5   8   2   8   -0.0003618296
5   8   3   5   0.0000647278
5   8   3   8   0.0001091074
5   8   4   6   -0.0025403573
5   8   4   7   0.0007660282
5   9   1   6   -0.0006009522
5   9   1   7   -0.0019929204
5   9   2   5   -0.0000647278
5   9   2   8   -0.0001091074
5   9   3   5   -0.0002146550
5   9   3   8   -0.0003618296
5   9   4   6   -0.0007660282
5   9   4   7   -0.0025403573
5   10   1   5   0.0035580051
5   10   1   8   0.0046489171
5   10   2   6   0.0003756176
5   10   3   7   0.0003756176
5   10   4   5   0.0046489171
5   10   4   8   0.0067376384

End IJAB Block
Begin ABCD Block
1   5   1   5   0.2330234449
1   5   1   8   0.0057500273
1   5   2   6   0.0341468751
1   5   3   7   0.0341468751
1   5   4   5   0.0057500273
1   5   4   8   0.0241671927
1   6   1   6   0.1791915355
1   6   2   5   0.0341468751
1   6   2   8   0.0078180516
1   6   4   6   0.0136886606
1   7   1   7   0.1791915355
1   7   3   5   0.0341468751
1   7   3   8   0.0078180516
1   7   4   7   0.0136886606
1   8   1   5   0.0057500273
1   8   1   8   0.1715834761
1   8   2   6   0.0078180516
1   8   3   7   0.0078180516
1   8   4   5   0.0241671927
1   8   4   8   0.0107358104
2   5   1   6   0.0341468751
2   5   2   5   0.1791915355
2   5   2   8   0.0136886606
2   5   4   6   0.0078180516
2   6   1   5   0.0341468751
2   6   1   8   0.0078180516
2   6   2   6   0.1665652155
2   6   3   7   0.0089694326
2   6   4   5   0.0078180516
2   6   4   8   0.0110379263
2   7   2   7   0.1486263503
2   7   3   6   0.0089694326
2   8   1   6   0.0078180516
2   8   2   5   0.0136886606
2   8   2   8   0.1476861915
2   8   4   6   0.0110379263
3   5   1   7   0.0341468751
3   5   3   5   0.1791915355
3   5   3   8   0.0136886606
3   5   4   7   0.0078180516
3   6   2   7   0.0089694326
3   6   3   6   0.1486263503
3   7   1   5   0.0341468751
3   7   1   8   0.0078180516
3   7   2   6   0.0089694326
3   7   3   7   0.1665652155
3   7   4   5   0.0078180516
3   7   4   8   0.0110379263
3   8   1   7   0.0078180516
3   8   3   5   0.0136886606
3   8   3   8   0.1476861915
3   8   4   7   0.0110379263
4   5   1   5   0.0057500273
4   5   1   8   0.0241671927
4   5   2   6   0.0078180516
4   5   3   7   0.0078180516
4   5   4   5   0.1715834761
4   5   4   8   0.0107358104
4   6   1   6   0.0136886606
4   6   2   5   0.0078180516
4   6   2   8   0.0110379263
4   6   4   6   0.1476861915
4   7   1   7   0.0136886606
4   7   3   5   0.0078180516
4   7   3   8   0.0110379263
4   7   4   7   0.1476861915
4   8   1   5   0.0241671927
4   8   1   8   0.0107358104
4   8   2   6   0.0110379263
4   8   3   7   0.0110379263
4   8   4   5   0.0107358104
4   8   4   8   0.1574782399

End ABCD Block
Begin AIJB Block
1   6   1   5   0.0091136611
1   6   1   8   0.0067526840
1   6   2   5   -0.0000001959
1   6   2   8   -0.0000122755
1   6   3   6   0.0000657279
1   6   3   7   -0.0000198198
1   6   4   6   0.0000198198
1   6   4   7   0.0000657279
1   6   5   5   0.0001768768
1   6   5   8   0.0001337566
1   7   1   5   -0.0000001959
1   7   1   8   -0.0000024003
1   7   2   5   0.0008736953
1   7   2   8   0.0012515189
1   7   3   6   0.0000402442
1   7   3   7   -0.0000121354
1   7   4   6   0.0000121354
1   7   4   7   0.0000402442
1   7   5   5   -0.0002265601
1   7   5   8   -0.0014398826
1   8   1   6   0.0000032907
1   8   1   7   -0.0000009923
1   8   2   6   0.0001366031
1   8   2   7   -0.0000411918
1   8   3   5   0.0002444317
1   8   3   8   0.0003763273
1   8   5   6   -0.0019929204
1   8   5   7   0.0006009522
1   9   1   6   0.0000009923
1   9   1   7   0.0000032907
1   9   2   6   0.0000411918
1   9   2   7   0.0001366031
1   9   4   5   0.0002444317
1   9   4   8   0.0003763273
1   9   5   6   -0.0006009522
1   9   5   7   -0.0019929204
1   10   1   5   0.0001768768
1   10   1   8   0.0003745028
1   10   2   5   -0.0002265601
1   10   2   8   -0.0004975786
1   10   3   6   -0.0002146550
1   10   3   7   0.0000647278
1   10   4   6   -0.0000647278
1   10   4   7   -0.0002146550
1   10   5   5   0.0035580051
1   10   5   8   0.0046489171
2   6   1   6   0.0015572414
2   6   2   6   0.0000063428
2   6   3   5   0.0000032907
2   6   3   8   -0.0000159102
2   6   4   5   0.0000009923
2   6   4   8   -0.0000047976
2   6   5   6   -0.0002612227
2   7   1   6   0.0000063428
2   7   2   6   0.0004230613
2   7   3   5   0.0001366031
2   7   3   8   0.0009732251
2   7   4   5   0.0000411918
2   7   4   8   0.0002934697
2   7   5   6   0.0000214653
2   8   1   5   0.0000657279
2   8   1   8   0.0001043466
2   8   2   5   0.0000402442
2   8   2   8   0.0002192254
2   8   3   6   0.0015532382
2   8   3   7   -0.0004318621
2   8   4   6   0.0004318621
2   8   4   7   -0.0000091590
2   8   5   5   -0.0002146550
2   8   5   8   -0.0003618296
2   9   1   5   0.0000198198
2   9   1   8   0.0000314650
2   9   2   5   0.0000121354
2   9   2   8   0.0000661060
2   9   3   6   0.0004318621
2   9   3   7   0.0013111058
2   9   4   6   0.0002512914
2   9   4   7   0.0004318621
2   9   5   5   -0.0000647278
2   9   5   8   -0.0001091074
2   10   1   6   -0.0002612227
2   10   2   6   0.0000214653
2   10   3   5   -0.0019929204
2   10   3   8   -0.0025403573
2   10   4   5   -0.0006009522
2   10   4   8   -0.0007660282
2   10   5   6   0.0003756176
3   6   1   7   0.0015572414
3   6   2   7   0.0000063428
3   6   3   5   -0.0000009923
3   6   3   8   0.0000047976
3   6   4   5   0.0000032907
3   6   4   8   -0.0000159102
3   6   5   7   -0.0002612227
3   7   1   7   0.0000063428
3   7   2   7   0.0004230613
3   7   3   5   -0.0000411918
3   7   3   8   -0.0002934697
3   7   4   5   0.0001366031
3   7   4   8   0.0009732251
3   7   5   7   0.0000214653
3   8   1   5   -0.0000198198
3   8   1   8   -0.0000314650
3   8   2   5   -0.0000121354
3   8   2   8   -0.0000661060
3   8   3   6   -0.0004318621
3   8   3   7   0.0002512914
3   8   4   6   0.0013111058
3   8   4   7   -0.0004318621
3   8   5   5   0.0000647278
3   8   5   8   0.0001091074
3   9   1   5   0.0000657279
3   9   1   8   0.0001043466
3   9   2   5   0.0000402442
3   9   2   8   0.0002192254
3   9   3   6   -0.0000091590
3   9   3   7   -0.0004318621
3   9   4   6   0.0004318621
3   9   4   7   0.0015532382
3   9   5   5   -0.0002146550
3   9   5   8   -0.0003618296
3   10   1   7   -0.0002612227
3   10   2   7   0.0000214653
3   10   3   5   0.0006009522
3   10   3   8   0.0007660282
3   10   4   5   -0.0019929204
3   10   4   8   -0.0025403573
3   10   5   7   0.0003756176
4   6   1   5   0.0067526840
4   6   1   8   0.0064776740
4   6   2   5   -0.0000024003
4   6   2   8   -0.0000102280
4   6   3   6   0.0001043466
4   6   3   7   -0.0000314650
4   6   4   6   0.0000314650
4   6   4   7   0.0001043466
4   6   5   5   0.0003745028
4   6   5   8   -0.0000120984
4   7   1   5   -0.0000122755
4   7   1   8   -0.0000102280
4   7   2   5   0.0012515189
4   7   2   8   0.0023287754
4   7   3   6   0.0002192254
4   7   3   7   -0.0000661060
4   7   4   6   0.0000661060
4   7   4   7   0.0002192254
4   7   5   5   -0.0004975786
4   7   5   8   -0.0021593033
4   8   1   6   -0.0000159102
4   8   1   7   0.0000047976
4   8   2   6   0.0009732251
4   8   2   7   -0.0002934697
4   8   3   5   0.0003763273
4   8   3   8   0.0008693707
4   8   5   6   -0.0025403573
4   8   5   7   0.0007660282
4   9   1   6   -0.0000047976
4   9   1   7   -0.0000159102
4   9   2   6   0.0002934697
4   9   2   7   0.0009732251
4   9   4   5   0.0003763273
4   9   4   8   0.0008693707
4   9   5   6   -0.0007660282
4   9   5   7   -0.0025403573
4   10   1   5   0.0001337566
4   10   1   8   -0.0000120984
4   10   2   5   -0.0014398826
4   10   2   8   -0.0021593033
4   10   3   6   -0.0003618296
4   10   3   7   0.0001091074
4   10   4   6   -0.0001091074
4   10   4   7   -0.0003618296
4   10   5   5   0.0046489171
4   10   5   8   0.0067376384

1   6   6   1   -0.2843655936
1   6   6   4   -0.0618760874
1   6   7   1   0.0000377505
1   6   7   4   0.0000032731
1   6   8   2   -0.0000611805
1   6   8   3   0.0000184486
1   6   9   2   -0.0000184486
1   6   9   3   -0.0000611805
1   6   10   1   -0.0005992192
1   6   10   4   -0.0000333166
1   7   6   1   0.0000377505
1   7   6   4   0.0000032731
1   7   7   1   -0.1163923286
1   7   7   4   -0.0293862724
1   7   8   2   -0.0023493998
1   7   8   3   0.0007084462
1   7   9   2   -0.0007084462
1   7   9   3   -0.0023493998
1   7   10   1   0.0076179835
1   7   10   4   0.0033996374
1   8   6   2   -0.0000611805
1   8   6   3   0.0000184486
1   8   7   2   -0.0023493998
1   8   7   3   0.0007084462
1   8   8   1   -0.1157435099
1   8   8   4   -0.0286665633
1   8   10   2   0.0008346338
1   8   10   3   -0.0002516784
1   9   6   2   -0.0000184486
1   9   6   3   -0.0000611805
1   9   7   2   -0.0007084462
1   9   7   3   -0.0023493998
1   9   9   1   -0.1157435099
1   9   9   4   -0.0286665633
1   9   10   2   0.0002516784
1   9   10   3   0.0008346338
1   10   6   1   -0.0005992192
1   10   6   4   -0.0000333166
1   10   7   1   0.0076179835
1   10   7   4   0.0033996374
1   10   8   2   0.0008346338
1   10   8   3   -0.0002516784
1   10   9   2   0.0002516784
1   10   9   3   0.0008346338
1   10   10   1   -0.1197371123
1   10   10   4   -0.0306051131
2   6   6   2   -0.2138721174
2   6   7   2   0.0000140219
2   6   8   1   -0.0000611805
2   6   8   4   -0.0000379384
2   6   9   1   -0.0000184486
2   6   9   4   -0.0000114401
2   6   10   2   -0.0001637758
2   7   6   2   0.0000140219
2   7   7   2   -0.1180469582
2   7   8   1   -0.0023493998
2   7   8   4   -0.0029541246
2   7   9   1   -0.0007084462
2   7   9   4   -0.0008907970
2   7   10   2   0.0066379706
2   8   6   1   -0.0000611805
2   8   6   4   -0.0000379384
2   8   7   1   -0.0023493998
2   8   7   4   -0.0029541246
2   8   8   2   -0.1181329529
2   8   8   3   0.0001980031
2   8   9   2   -0.0001980031
2   8   9   3   -0.0002984627
2   8   10   1   0.0008346338
2   8   10   4   0.0008503194
2   9   6   1   -0.0000184486
2   9   6   4   -0.0000114401
2   9   7   1   -0.0007084462
2   9   7   4   -0.0008907970
2   9   8   2   -0.0001980031
2   9   8   3   -0.0002984627
2   9   9   2   -0.1175360275
2   9   9   3   -0.0001980031
2   9   10   1   0.0002516784
2   9   10   4   0.0002564083
2   10   6   2   -0.0001637758
2   10   7   2   0.0066379706
2   10   8   1   0.0008346338
2   10   8   4   0.0008503194
2   10   9   1   0.0002516784
2   10   9   4   0.0002564083
2   10   10   2   -0.1203737269
3   6   6   3   -0.2138721174
3   6   7   3   0.0000140219
3   6   8   1   0.0000184486
3   6   8   4   0.0000114401
3   6   9   1   -0.0000611805
3   6   9   4   -0.0000379384
3   6   10   3   -0.0001637758
3   7   6   3   0.0000140219
3   7   7   3   -0.1180469582
3   7   8   1   0.0007084462
3   7   8   4   0.0008907970
3   7   9   1   -0.0023493998
3   7   9   4   -0.0029541246
3   7   10   3   0.0066379706
3   8   6   1   0.0000184486
3   8   6   4   0.0000114401
3   8   7   1   0.0007084462
3   8   7   4   0.0008907970
3   8   8   2   0.0001980031
3   8   8   3   -0.1175360275
3   8   9   2   -0.0002984627
3   8   9   3   0.0001980031
3   8   10   1   -0.0002516784
3   8   10   4   -0.0002564083
3   9   6   1   -0.0000611805
3   9   6   4   -0.0000379384
3   9   7   1   -0.0023493998
3   9   7   4   -0.0029541246
3   9   8   2   -0.0002984627
3   9   8   3   0.0001980031
3   9   9   2   -0.0001980031
3   9   9   3   -0.1181329529
3   9   10   1   0.0008346338
3   9   10   4   0.0008503194
3   10   6   3   -0.0001637758
3   10   7   3   0.0066379706
3   10   8   1   -0.0002516784
3   10   8   4   -0.0002564083
3   10   9   1   0.0008346338
3   10   9   4   0.0008503194
3   10   10   3   -0.1203737269
4   6   6   1   -0.0618760874
4   6   6   4   -0.2263910088
4   6   7   1   0.0000032731
4   6   7   4   0.0000081941
4   6   8   2   -0.0000379384
4   6   8   3   0.0000114401
4   6   9   2   -0.0000114401
4   6   9   3   -0.0000379384
4   6   10   1   -0.0000333166
4   6   10   4   -0.0000564623
4   7   6   1   0.0000032731
4   7   6   4   0.0000081941
4   7   7   1   -0.0293862724
4   7   7   4   -0.1414242489
4   7   8   2   -0.0029541246
4   7   8   3   0.0008907970
4   7   9   2   -0.0008907970
4   7   9   3   -0.0029541246
4   7   10   1   0.0033996374
4   7   10   4   0.0088544527
4   8   6   2   -0.0000379384
4   8   6   3   0.0000114401
4   8   7   2   -0.0029541246
4   8   7   3   0.0008907970
4   8   8   1   -0.0286665633
4   8   8   4   -0.1402572736
4   8   10   2   0.0008503194
4   8   10   3   -0.0002564083
4   9   6   2   -0.0000114401
4   9   6   3   -0.0000379384
4   9   7   2   -0.0008907970
4   9   7   3   -0.0029541246
4   9   9   1   -0.0286665633
4   9   9   4   -0.1402572736
4   9   10   2   0.0002564083
4   9   10   3   0.0008503194
4   10   6   1   -0.0000333166
4   10   6   4   -0.0000564623
4   10   7   1   0.0033996374
4   10   7   4   0.0088544527
4   10   8   2   0.0008503194
4   10   8   3   -0.0002564083
4   10   9   2   0.0002564083
4   10   9   3   0.0008503194
4   10   10   1   -0.0306051131
4   10   10   4   -0.1443347061

End AIJB Block
Begin IJKA Block
1   6   1   5   -0.0960626850
1   6   1   8   -0.0792351516
1   6   2   5   0.0000562993
1   6   2   8   0.0000512624
1   6   3   6   0.0000303417
1   6   3   7   -0.0000091493
1   6   4   6   0.0000091493
1   6   4   7   0.0000303417
1   6   5   5   -0.0012189068
1   6   5   8   -0.0012021873
1   7   1   5   -0.0003923463
1   7   1   8   -0.0002840186
1   7   2   5   -0.0000019914
1   7   2   8   -0.0000035677
1   7   3   6   -0.0000002555
1   7   3   7   0.0000000771
1   7   4   6   -0.0000000771
1   7   4   7   -0.0000002555
1   7   5   5   0.0000046453
1   7   5   8   0.0000066821
1   8   1   6   0.0017548926
1   8   1   7   -0.0005291764
1   8   2   6   -0.0000022958
1   8   2   7   0.0000006923
1   8   3   5   0.0000014999
1   8   3   8   0.0000028366
1   8   5   6   0.0000094342
1   8   5   7   -0.0000028448
1   9   1   6   0.0005291764
1   9   1   7   0.0017548926
1   9   2   6   -0.0000006923
1   9   2   7   -0.0000022958
1   9   4   5   0.0000014999
1   9   4   8   0.0000028366
1   9   5   6   0.0000028448
1   9   5   7   0.0000094342
1   10   1   5   -0.0112934829
1   10   1   8   -0.0193590885
1   10   2   5   0.0000050310
1   10   2   8   0.0000044794
1   10   3   6   -0.0000067771
1   10   3   7   0.0000020436
1   10   4   6   -0.0000020436
1   10   4   7   -0.0000067771
1   10   5   5   -0.0000356871
1   10   5   8   0.0000030227
2   6   1   5   0.0000562993
2   6   1   8   0.0000512624
2   6   2   5   -0.0009846514
2   6   2   8   0.0009105083
2   6   3   6   0.0001592222
2   6   3   7   -0.0000480124
2   6   4   6   0.0000480124
2   6   4   7   0.0001592222
2   6   5   5   0.0001926671
2   6   5   8   -0.0001709323
2   7   1   5   -0.0000019914
2   7   1   8   -0.0000035677
2   7   2   5   -0.0038960317
2   7   2   8   -0.0228211083
2   7   3   6   -0.0079250000
2   7   3   7   0.0023897321
2   7   4   6   -0.0023897321
2   7   4   7   -0.0079250000
2   7   5   5   0.0115063799
2   7   5   8   0.0146865590
2   8   1   6   -0.0000022958
2   8   1   7   0.0000006923
2   8   2   6   -0.0315392030
2   8   2   7   0.0095104411
2   8   3   5   -0.0007330990
2   8   3   8   -0.0035433238
2   8   5   6   -0.0010205840
2   8   5   7   0.0003077504
2   9   1   6   -0.0000006923
2   9   1   7   -0.0000022958
2   9   2   6   -0.0095104411
2   9   2   7   -0.0315392030
2   9   4   5   -0.0007330990
2   9   4   8   -0.0035433238
2   9   5   6   -0.0003077504
2   9   5   7   -0.0010205840
2   10   1   5   0.0000050310
2   10   1   8   0.0000044794
2   10   2   5   0.0459338635
2   10   2   8   0.0543407481
2   10   3   6   -0.0009144894
2   10   3   7   0.0002757583
2   10   4   6   -0.0002757583
2   10   4   7   -0.0009144894
2   10   5   5   0.0011701224
2   10   5   8   -0.0007088436
3   6   1   6   0.0000303417
3   6   1   7   -0.0000091493
3   6   2   6   0.0001592222
3   6   2   7   -0.0000480124
3   6   3   5   -0.0009593470
3   6   3   8   0.0008900945
3   6   5   6   -0.0000685713
3   6   5   7   0.0000206772
3   7   1   6   -0.0000002555
3   7   1   7   0.0000000771
3   7   2   6   -0.0079250000
3   7   2   7   0.0023897321
3   7   3   5   -0.0035771487
3   7   3   8   -0.0206198553
3   7   5   6   -0.0002073544
3   7   5   7   0.0000625264
3   8   1   5   0.0000014999
3   8   1   8   0.0000028366
3   8   2   5   -0.0007330990
3   8   2   8   -0.0035433238
3   8   3   6   -0.0318164474
3   8   3   7   0.0095940424
3   8   4   6   -0.0005703447
3   8   4   7   -0.0018914176
3   8   5   5   0.0027655261
3   8   5   8   0.0034566951
3   9   3   6   -0.0084533531
3   9   3   7   -0.0280336122
3   9   4   6   -0.0018914176
3   9   4   7   0.0005703447
3   10   1   6   -0.0000067771
3   10   1   7   0.0000020436
3   10   2   6   -0.0009144894
3   10   2   7   0.0002757583
3   10   3   5   0.0409149434
3   10   3   8   0.0478678723
3   10   4   8   0.0000000000
3   10   5   6   -0.0016477871
3   10   5   7   0.0004968795
4   6   1   6   0.0000091493
4   6   1   7   0.0000303417
4   6   2   6   0.0000480124
4   6   2   7   0.0001592222
4   6   4   5   -0.0009593470
4   6   4   8   0.0008900945
4   6   5   6   -0.0000206772
4   6   5   7   -0.0000685713
4   7   1   6   -0.0000000771
4   7   1   7   -0.0000002555
4   7   2   6   -0.0023897321
4   7   2   7   -0.0079250000
4   7   4   5   -0.0035771487
4   7   4   8   -0.0206198553
4   7   5   6   -0.0000625264
4   7   5   7   -0.0002073544
4   8   3   6   -0.0005703447
4   8   3   7   -0.0018914176
4   8   4   6   -0.0280336122
4   8   4   7   0.0084533531
4   9   1   5   0.0000014999
4   9   1   8   0.0000028366
4   9   2   5   -0.0007330990
4   9   2   8   -0.0035433238
4   9   3   6   -0.0018914176
4   9   3   7   0.0005703447
4   9   4   6   -0.0095940424
4   9   4   7   -0.0318164474
4   9   5   5   0.0027655261
4   9   5   8   0.0034566951
4   10   1   6   -0.0000020436
4   10   1   7   -0.0000067771
4   10   2   6   -0.0002757583
4   10   2   7   -0.0009144894
4   10   3   8   0.0000000000
4   10   4   5   0.0409149434
4   10   4   8   0.0478678723
4   10   5   6   -0.0004968795
4   10   5   7   -0.0016477871
5   6   1   5   -0.0012189068
5   6   1   8   -0.0012021873
5   6   2   5   0.0001926671
5   6   2   8   -0.0001709323
5   6   3   6   -0.0000685713
5   6   3   7   0.0000206772
5   6   4   6   -0.0000206772
5   6   4   7   -0.0000685713
5   6   5   5   -0.0011475178
5   6   5   8   0.0009930352
5   7   1   5   0.0000046453
5   7   1   8   0.0000066821
5   7   2   5   0.0115063799
5   7   2   8   0.0146865590
5   7   3   6   -0.0002073544
5   7   3   7   0.0000625264
5   7   4   6   -0.0000625264
5   7   4   7   -0.0002073544
5   7   5   5   -0.0031123217
5   7   5   8   -0.0192775787
5   8   1   6   0.0000094342
5   8   1   7   -0.0000028448
5   8   2   6   -0.0010205840
5   8   2   7   0.0003077504
5   8   3   5   0.0027655261
5   8   3   8   0.0034566951
5   8   5   6   -0.0267046302
5   8   5   7   0.0080526072
5   9   1   6   0.0000028448
5   9   1   7   0.0000094342
5   9   2   6   -0.0003077504
5   9   2   7   -0.0010205840
5   9   4   5   0.0027655261
5   9   4   8   0.0034566951
5   9   5   6   -0.0080526072
5   9   5   7   -0.0267046302
5   10   1   5   -0.0000356871
5   10   1   8   0.0000030227
5   10   2   5   0.0011701224
5   10   2   8   -0.0007088436
5   10   3   6   -0.0016477871
5   10   3   7   0.0004968795
5   10   4   6   -0.0004968795
5   10   4   7   -0.0016477871
5   10   5   5   0.0440521380
5   10   5   8   0.0512947781

End IJKA Block
Begin IABC Block
1   5   1   5   -0.0000422700
1   5   1   8   -0.0015515575
1   5   2   6   0.0026170977
1   5   3   7   0.0026170977
1   5   4   5   -0.0025839455
1   5   4   8   -0.0002229444
1   6   1   6   -0.0001577223
1   6   2   5   0.0026170977
1   6   2   8   0.0014917680
1   6   4   6   -0.0005627219
1   7   1   7   -0.0001577223
1   7   3   5   0.0026170977
1   7   3   8   0.0014917680
1   7   4   7   -0.0005627219
1   8   1   5   -0.0015515575
1   8   1   8   -0.0015834830
1   8   2   6   0.0014917680
1   8   3   7   0.0014917680
1   8   4   5   -0.0002229444
1   8   4   8   -0.0003593408
2   5   1   5   -0.0002920922
2   5   1   8   -0.0001819387
2   5   2   6   0.0000134141
2   5   3   7   0.0000134141
2   5   4   5   -0.0003735687
2   5   4   8   -0.0003032352
2   6   1   6   -0.0002755667
2   6   2   5   0.0000134141
2   6   2   8   -0.0000071684
2   6   4   6   -0.0003003980
2   7   1   7   -0.0002755667
2   7   3   5   0.0000134141
2   7   3   8   -0.0000071684
2   7   4   7   -0.0003003980
2   8   1   5   -0.0001819387
2   8   1   8   -0.0004362711
2   8   2   6   -0.0000071684
2   8   3   7   -0.0000071684
2   8   4   5   -0.0003032352
2   8   4   8   -0.0006990360
3   5   1   6   0.0006256218
3   5   1   7   -0.0001886522
3   5   2   5   0.0011965637
3   5   2   8   -0.0000527320
3   5   3   5   -0.0003608160
3   5   3   8   0.0000159010
3   5   4   6   0.0011188700
3   5   4   7   -0.0003373880
3   6   1   5   0.0006256218
3   6   1   8   0.0004270015
3   6   2   6   0.0013068313
3   6   2   7   -0.0000799314
3   6   3   6   -0.0002342036
3   6   3   7   0.0002650743
3   6   4   5   0.0011188700
3   6   4   8   0.0009436396
3   7   1   5   -0.0001886522
3   7   1   8   -0.0001287595
3   7   2   6   -0.0000799314
3   7   2   7   0.0007766827
3   7   3   6   0.0002650743
3   7   3   7   -0.0003940664
3   7   4   5   -0.0003373880
3   7   4   8   -0.0002845484
3   8   1   6   0.0004270015
3   8   1   7   -0.0001287595
3   8   2   5   -0.0000527320
3   8   2   8   0.0001240771
3   8   3   5   0.0000159010
3   8   3   8   -0.0000374146
3   8   4   6   0.0009436396
3   8   4   7   -0.0002845484
4   5   1   6   0.0001886522
4   5   1   7   0.0006256218
4   5   2   5   0.0003608160
4   5   2   8   -0.0000159010
4   5   3   5   0.0011965637
4   5   3   8   -0.0000527320
4   5   4   6   0.0003373880
4   5   4   7   0.0011188700
4   6   1   5   0.0001886522
4   6   1   8   0.0001287595
4   6   2   6   0.0003940664
4   6   2   7   0.0002650743
4   6   3   6   0.0007766827
4   6   3   7   0.0000799314
4   6   4   5   0.0003373880
4   6   4   8   0.0002845484
4   7   1   5   0.0006256218
4   7   1   8   0.0004270015
4   7   2   6   0.0002650743
4   7   2   7   0.0002342036
4   7   3   6   0.0000799314
4   7   3   7   0.0013068313
4   7   4   5   0.0011188700
4   7   4   8   0.0009436396
4   8   1   6   0.0001287595
4   8   1   7   0.0004270015
4   8   2   5   -0.0000159010
4   8   2   8   0.0000374146
4   8   3   5   -0.0000527320
4   8   3   8   0.0001240771
4   8   4   6   0.0002845484
4   8   4   7   0.0009436396
5   5   1   5   -0.0054198756
5   5   1   8   -0.0004432392
5   5   2   6   -0.0021909497
5   5   3   7   -0.0021909497
5   5   4   5   -0.0072489987
5   5   4   8   -0.0026470877
5   6   1   6   -0.0037004980
5   6   2   5   -0.0021909497
5   6   2   8   -0.0013441874
5   6   4   6   -0.0059724931
5   7   1   7   -0.0037004980
5   7   3   5   -0.0021909497
5   7   3   8   -0.0013441874
5   7   4   7   -0.0059724931
5   8   1   5   -0.0004432392
5   8   1   8   -0.0026588207
5   8   2   6   -0.0013441874
5   8   3   7   -0.0013441874
5   8   4   5   -0.0026470877
5   8   4   8   -0.0056055858

End IABC Block
