Begin IJ Block
1   1   -41.5445574859
1   2   0.0382782356
1   3   0.7513581016
1   4   0.0646519381
2   2   -7.8336792208
2   3   -0.1930139107
2   4   0.1491873663
3   3   -9.9469774255
3   4   0.1407402936
4   4   -8.9821495395
5   5   -8.6882904263
5   6   -0.0000000000
6   6   -8.6882904263

End IJ Block
Begin IA Block
1   1   -0.0175814240
1   4   -0.0416501938
2   1   0.1235402437
2   4   0.0659961753
3   1   0.0976283372
3   4   0.2221771223
4   1   -0.0521260378
4   4   0.1210805047
5   2   0.3661224791
5   3   0.0451799376
6   2   -0.0451799376
6   3   0.3661224791

End IA Block
Begin AB Block
1   1   -1.9478898023
1   4   -0.3799074702
2   2   -1.5525456447
3   3   -1.5525456447
4   4   -1.7446853396

End AB Block
Begin IJKL Block
1   7   1   7   5.3555542580
1   7   1   8   -0.0263911541
1   7   1   9   -0.5317264477
1   7   1   10   -0.0339535074
1   7   2   7   -0.0263911541
1   7   2   8   0.0002390073
1   7   2   9   0.0042567912
1   7   2   10   -0.0008027534
1   7   3   7   -0.5317264477
1   7   3   8   0.0042567912
1   7   3   9   0.0855286036
1   7   3   10   0.0039874187
1   7   4   7   -0.0339535074
1   7   4   8   -0.0008027534
1   7   4   9   0.0039874187
1   7   4   10   0.0372850262
1   7   5   11   0.0349021850
1   7   6   12   0.0349021850
1   8   1   7   -0.0263911541
1   8   1   8   0.3792472191
1   8   1   9   0.0548173796
1   8   1   10   -0.0378160324
1   8   2   7   0.0002390073
1   8   2   8   0.0002543529
1   8   2   9   -0.0000163496
1   8   2   10   -0.0000577269
1   8   3   7   0.0042567912
1   8   3   8   0.0002670647
1   8   3   9   -0.0010822391
1   8   3   10   0.0002562260
1   8   4   7   -0.0008027534
1   8   4   8   -0.0076088706
1   8   4   9   -0.0014543951
1   8   4   10   0.0024501990
1   8   5   11   0.0019772873
1   8   6   12   0.0019772873
1   9   1   7   -0.5317264477
1   9   1   8   0.0548173796
1   9   1   9   1.2611613104
1   9   1   10   0.0158479521
1   9   2   7   0.0042567912
1   9   2   8   -0.0000163496
1   9   2   9   -0.0010708841
1   9   2   10   -0.0012330252
1   9   3   7   0.0855286036
1   9   3   8   -0.0010822391
1   9   3   9   -0.0228232872
1   9   3   10   -0.0025523935
1   9   4   7   0.0039874187
1   9   4   8   -0.0014543951
1   9   4   9   -0.0051080479
1   9   4   10   0.0383137128
1   9   5   11   0.0363588411
1   9   6   12   0.0363588411
1   10   1   7   -0.0339535074
1   10   1   8   -0.0378160324
1   10   1   9   0.0158479521
1   10   1   10   1.1916173500
1   10   2   7   -0.0008027534
1   10   2   8   -0.0000577269
1   10   2   9   -0.0012330252
1   10   2   10   -0.0008622333
1   10   3   7   0.0039874187
1   10   3   8   0.0002562260
1   10   3   9   -0.0025523935
1   10   3   10   -0.0151066945
1   10   4   7   0.0372850262
1   10   4   8   0.0024501990
1   10   4   9   0.0383137128
1   10   4   10   0.0028644797
1   10   5   11   0.0018190090
1   10   6   12   0.0018190090
1   11   1   11   1.1493256022
1   11   2   11   -0.0007381663
1   11   3   11   -0.0140285155
1   11   4   11   -0.0017752939
1   11   5   7   0.0349021850
1   11   5   8   0.0019772873
1   11   5   9   0.0363588411
1   11   5   10   0.0018190090
1   12   1   12   1.1493256022
1   12   2   12   -0.0007381663
1   12   3   12   -0.0140285155
1   12   4   12   -0.0017752939
1   12   6   7   0.0349021850
1   12   6   8   0.0019772873
1   12   6   9   0.0363588411
1   12   6   10   0.0018190090
2   7   1   7   -0.0263911541
2   7   1   8   0.0002390073
2   7   1   9   0.0042567912
2   7   1   10   -0.0008027534
2   7   2   7   0.3792472191
2   7   2   8   0.0002543529
2   7   2   9   0.0002670647
2   7   2   10   -0.0076088706
2   7   3   7   0.0548173796
2   7   3   8   -0.0000163496
2   7   3   9   -0.0010822391
2   7   3   10   -0.0014543951
2   7   4   7   -0.0378160324
2   7   4   8   -0.0000577269
2   7   4   9   0.0002562260
2   7   4   10   0.0024501990
2   7   5   11   0.0019772873
2   7   6   12   0.0019772873
2   8   1   7   0.0002390073
2   8   1   8   0.0002543529
2   8   1   9   -0.0000163496
2   8   1   10   -0.0000577269
2   8   2   7   0.0002543529
2   8   2   8   1.6276338926
2   8   2   9   -0.1016484134
2   8   2   10   0.0926853581
2   8   3   7   -0.0000163496
2   8   3   8   -0.1016484134
2   8   3   9   0.0124704966
2   8   3   10   -0.0125018250
2   8   4   7   -0.0000577269
2   8   4   8   0.0926853581
2   8   4   9   -0.0125018250
2   8   4   10   0.0137578069
2   8   5   11   0.0014476663
2   8   6   12   0.0014476663
2   9   1   7   0.0042567912
2   9   1   8   -0.0000163496
2   9   1   9   -0.0010708841
2   9   1   10   -0.0012330252
2   9   2   7   0.0002670647
2   9   2   8   -0.1016484134
2   9   2   9   0.3950542473
2   9   2   10   -0.0936994908
2   9   3   7   -0.0010822391
2   9   3   8   0.0124704966
2   9   3   9   0.0344322858
2   9   3   10   -0.0036430164
2   9   4   7   0.0002562260
2   9   4   8   -0.0125018250
2   9   4   9   -0.0273754212
2   9   4   10   0.0107329600
2   9   5   11   0.0104287934
2   9   6   12   0.0104287934
2   10   1   7   -0.0008027534
2   10   1   8   -0.0000577269
2   10   1   9   -0.0012330252
2   10   1   10   -0.0008622333
2   10   2   7   -0.0076088706
2   10   2   8   0.0926853581
2   10   2   9   -0.0936994908
2   10   2   10   0.4059632013
2   10   3   7   -0.0014543951
2   10   3   8   -0.0125018250
2   10   3   9   -0.0036430164
2   10   3   10   0.0310584063
2   10   4   7   0.0024501990
2   10   4   8   0.0137578069
2   10   4   9   0.0107329600
2   10   4   10   -0.0263211594
2   10   5   11   -0.0022916964
2   10   6   12   -0.0022916964
2   11   1   11   -0.0007381663
2   11   2   11   0.3643665052
2   11   3   11   0.0310814512
2   11   4   11   -0.0235494551
2   11   5   7   0.0019772873
2   11   5   8   0.0014476663
2   11   5   9   0.0104287934
2   11   5   10   -0.0022916964
2   12   1   12   -0.0007381663
2   12   2   12   0.3643665052
2   12   3   12   0.0310814512
2   12   4   12   -0.0235494551
2   12   6   7   0.0019772873
2   12   6   8   0.0014476663
2   12   6   9   0.0104287934
2   12   6   10   -0.0022916964
3   7   1   7   -0.5317264477
3   7   1   8   0.0042567912
3   7   1   9   0.0855286036
3   7   1   10   0.0039874187
3   7   2   7   0.0548173796
3   7   2   8   -0.0000163496
3   7   2   9   -0.0010822391
3   7   2   10   -0.0014543951
3   7   3   7   1.2611613104
3   7   3   8   -0.0010708841
3   7   3   9   -0.0228232872
3   7   3   10   -0.0051080479
3   7   4   7   0.0158479521
3   7   4   8   -0.0012330252
3   7   4   9   -0.0025523935
3   7   4   10   0.0383137128
3   7   5   11   0.0363588411
3   7   6   12   0.0363588411
3   8   1   7   0.0042567912
3   8   1   8   0.0002670647
3   8   1   9   -0.0010822391
3   8   1   10   0.0002562260
3   8   2   7   -0.0000163496
3   8   2   8   -0.1016484134
3   8   2   9   0.0124704966
3   8   2   10   -0.0125018250
3   8   3   7   -0.0010708841
3   8   3   8   0.3950542473
3   8   3   9   0.0344322858
3   8   3   10   -0.0273754212
3   8   4   7   -0.0012330252
3   8   4   8   -0.0936994908
3   8   4   9   -0.0036430164
3   8   4   10   0.0107329600
3   8   5   11   0.0104287934
3   8   6   12   0.0104287934
3   9   1   7   0.0855286036
3   9   1   8   -0.0010822391
3   9   1   9   -0.0228232872
3   9   1   10   -0.0025523935
3   9   2   7   -0.0010822391
3   9   2   8   0.0124704966
3   9   2   9   0.0344322858
3   9   2   10   -0.0036430164
3   9   3   7   -0.0228232872
3   9   3   8   0.0344322858
3   9   3   9   0.8814170478
3   9   3   10   -0.0098011784
3   9   4   7   -0.0025523935
3   9   4   8   -0.0036430164
3   9   4   9   -0.0098011784
3   9   4   10   0.1690571227
3   9   5   11   0.1615625040
3   9   6   12   0.1615625040
3   10   1   7   0.0039874187
3   10   1   8   0.0002562260
3   10   1   9   -0.0025523935
3   10   1   10   -0.0151066945
3   10   2   7   -0.0014543951
3   10   2   8   -0.0125018250
3   10   2   9   -0.0036430164
3   10   2   10   0.0310584063
3   10   3   7   -0.0051080479
3   10   3   8   -0.0273754212
3   10   3   9   -0.0098011784
3   10   3   10   0.8387884261
3   10   4   7   0.0383137128
3   10   4   8   0.0107329600
3   10   4   9   0.1690571227
3   10   4   10   0.0176141948
3   10   5   11   0.0035498003
3   10   6   12   0.0035498003
3   11   1   11   -0.0140285155
3   11   2   11   0.0310814512
3   11   3   11   0.8173401489
3   11   3   12   0.0000000000
3   11   4   11   0.0014337404
3   11   4   12   -0.0000000000
3   11   5   7   0.0363588411
3   11   5   8   0.0104287934
3   11   5   9   0.1615625040
3   11   5   10   0.0035498003
3   12   1   12   -0.0140285155
3   12   2   12   0.0310814512
3   12   3   11   0.0000000000
3   12   3   12   0.8173401489
3   12   4   11   -0.0000000000
3   12   4   12   0.0014337404
3   12   6   7   0.0363588411
3   12   6   8   0.0104287934
3   12   6   9   0.1615625040
3   12   6   10   0.0035498003
4   7   1   7   -0.0339535074
4   7   1   8   -0.0008027534
4   7   1   9   0.0039874187
4   7   1   10   0.0372850262
4   7   2   7   -0.0378160324
4   7   2   8   -0.0000577269
4   7   2   9   0.0002562260
4   7   2   10   0.0024501990
4   7   3   7   0.0158479521
4   7   3   8   -0.0012330252
4   7   3   9   -0.0025523935
4   7   3   10   0.0383137128
4   7   4   7   1.1916173500
4   7   4   8   -0.0008622333
4   7   4   9   -0.0151066945
4   7   4   10   0.0028644797
4   7   5   11   0.0018190090
4   7   6   12   0.0018190090
4   8   1   7   -0.0008027534
4   8   1   8   -0.0076088706
4   8   1   9   -0.0014543951
4   8   1   10   0.0024501990
4   8   2   7   -0.0000577269
4   8   2   8   0.0926853581
4   8   2   9   -0.0125018250
4   8   2   10   0.0137578069
4   8   3   7   -0.0012330252
4   8   3   8   -0.0936994908
4   8   3   9   -0.0036430164
4   8   3   10   0.0107329600
4   8   4   7   -0.0008622333
4   8   4   8   0.4059632013
4   8   4   9   0.0310584063
4   8   4   10   -0.0263211594
4   8   5   11   -0.0022916964
4   8   6   12   -0.0022916964
4   9   1   7   0.0039874187
4   9   1   8   -0.0014543951
4   9   1   9   -0.0051080479
4   9   1   10   0.0383137128
4   9   2   7   0.0002562260
4   9   2   8   -0.0125018250
4   9   2   9   -0.0273754212
4   9   2   10   0.0107329600
4   9   3   7   -0.0025523935
4   9   3   8   -0.0036430164
4   9   3   9   -0.0098011784
4   9   3   10   0.1690571227
4   9   4   7   -0.0151066945
4   9   4   8   0.0310584063
4   9   4   9   0.8387884261
4   9   4   10   0.0176141948
4   9   5   11   0.0035498003
4   9   6   12   0.0035498003
4   10   1   7   0.0372850262
4   10   1   8   0.0024501990
4   10   1   9   0.0383137128
4   10   1   10   0.0028644797
4   10   2   7   0.0024501990
4   10   2   8   0.0137578069
4   10   2   9   0.0107329600
4   10   2   10   -0.0263211594
4   10   3   7   0.0383137128
4   10   3   8   0.0107329600
4   10   3   9   0.1690571227
4   10   3   10   0.0176141948
4   10   4   7   0.0028644797
4   10   4   8   -0.0263211594
4   10   4   9   0.0176141948
4   10   4   10   0.8628563727
4   10   5   11   0.0413082080
4   10   6   12   0.0413082080
4   11   1   11   -0.0017752939
4   11   2   11   -0.0235494551
4   11   3   11   0.0014337404
4   11   3   12   -0.0000000000
4   11   4   11   0.7580247096
4   11   4   12   0.0000000000
4   11   5   7   0.0018190090
4   11   5   8   -0.0022916964
4   11   5   9   0.0035498003
4   11   5   10   0.0413082080
4   12   1   12   -0.0017752939
4   12   2   12   -0.0235494551
4   12   3   11   -0.0000000000
4   12   3   12   0.0014337404
4   12   4   11   0.0000000000
4   12   4   12   0.7580247096
4   12   6   7   0.0018190090
4   12   6   8   -0.0022916964
4   12   6   9   0.0035498003
4   12   6   10   0.0413082080
5   7   1   11   0.0349021850
5   7   2   11   0.0019772873
5   7   3   11   0.0363588411
5   7   4   11   0.0018190090
5   7   5   7   1.1493256022
5   7   5   8   -0.0007381663
5   7   5   9   -0.0140285155
5   7   5   10   -0.0017752939
5   8   1   11   0.0019772873
5   8   2   11   0.0014476663
5   8   3   11   0.0104287934
5   8   4   11   -0.0022916964
5   8   5   7   -0.0007381663
5   8   5   8   0.3643665052
5   8   5   9   0.0310814512
5   8   5   10   -0.0235494551
5   9   1   11   0.0363588411
5   9   2   11   0.0104287934
5   9   3   11   0.1615625040
5   9   4   11   0.0035498003
5   9   5   7   -0.0140285155
5   9   5   8   0.0310814512
5   9   5   9   0.8173401489
5   9   5   10   0.0014337404
5   9   6   9   0.0000000000
5   9   6   10   -0.0000000000
5   10   1   11   0.0018190090
5   10   2   11   -0.0022916964
5   10   3   11   0.0035498003
5   10   4   11   0.0413082080
5   10   5   7   -0.0017752939
5   10   5   8   -0.0235494551
5   10   5   9   0.0014337404
5   10   5   10   0.7580247096
5   10   6   9   -0.0000000000
5   10   6   10   0.0000000000
5   11   1   7   0.0349021850
5   11   1   8   0.0019772873
5   11   1   9   0.0363588411
5   11   1   10   0.0018190090
5   11   2   7   0.0019772873
5   11   2   8   0.0014476663
5   11   2   9   0.0104287934
5   11   2   10   -0.0022916964
5   11   3   7   0.0363588411
5   11   3   8   0.0104287934
5   11   3   9   0.1615625040
5   11   3   10   0.0035498003
5   11   4   7   0.0018190090
5   11   4   8   -0.0022916964
5   11   4   9   0.0035498003
5   11   4   10   0.0413082080
5   11   5   11   0.8176136300
5   11   6   12   0.0392859497
5   12   5   12   0.7390417306
5   12   6   11   0.0392859497
5   12   6   12   0.0000000000
6   7   1   12   0.0349021850
6   7   2   12   0.0019772873
6   7   3   12   0.0363588411
6   7   4   12   0.0018190090
6   7   6   7   1.1493256022
6   7   6   8   -0.0007381663
6   7   6   9   -0.0140285155
6   7   6   10   -0.0017752939
6   8   1   12   0.0019772873
6   8   2   12   0.0014476663
6   8   3   12   0.0104287934
6   8   4   12   -0.0022916964
6   8   6   7   -0.0007381663
6   8   6   8   0.3643665052
6   8   6   9   0.0310814512
6   8   6   10   -0.0235494551
6   9   1   12   0.0363588411
6   9   2   12   0.0104287934
6   9   3   12   0.1615625040
6   9   4   12   0.0035498003
6   9   5   9   0.0000000000
6   9   5   10   -0.0000000000
6   9   6   7   -0.0140285155
6   9   6   8   0.0310814512
6   9   6   9   0.8173401489
6   9   6   10   0.0014337404
6   10   1   12   0.0018190090
6   10   2   12   -0.0022916964
6   10   3   12   0.0035498003
6   10   4   12   0.0413082080
6   10   5   9   -0.0000000000
6   10   5   10   0.0000000000
6   10   6   7   -0.0017752939
6   10   6   8   -0.0235494551
6   10   6   9   0.0014337404
6   10   6   10   0.7580247096
6   11   5   12   0.0392859497
6   11   6   11   0.7390417306
6   11   6   12   0.0000000000
6   12   1   7   0.0349021850
6   12   1   8   0.0019772873
6   12   1   9   0.0363588411
6   12   1   10   0.0018190090
6   12   2   7   0.0019772873
6   12   2   8   0.0014476663
6   12   2   9   0.0104287934
6   12   2   10   -0.0022916964
6   12   3   7   0.0363588411
6   12   3   8   0.0104287934
6   12   3   9   0.1615625040
6   12   3   10   0.0035498003
6   12   4   7   0.0018190090
6   12   4   8   -0.0022916964
6   12   4   9   0.0035498003
6   12   4   10   0.0413082080
6   12   5   11   0.0392859497
6   12   5   12   0.0000000000
6   12   6   11   0.0000000000
6   12   6   12   0.8176136300

End IJKL Block
Begin IJAB Block
1   7   1   5   0.0000621599
1   7   1   8   0.0001165828
1   7   2   6   0.0002094029
1   7   3   7   0.0002094029
1   7   4   5   0.0001165828
1   7   4   8   0.0003015110
1   8   1   5   0.0000035636
1   8   1   8   0.0000003885
1   8   2   6   0.0000064005
1   8   3   7   0.0000064005
1   8   4   5   -0.0000068884
1   8   4   8   -0.0000052875
1   9   1   5   -0.0000062420
1   9   1   8   -0.0000401300
1   9   2   6   0.0002006781
1   9   3   7   0.0002006781
1   9   4   5   -0.0000424246
1   9   4   8   -0.0000643769
1   10   1   5   -0.0000091349
1   10   1   8   -0.0000329902
1   10   2   6   0.0000182461
1   10   3   7   0.0000182461
1   10   4   5   0.0000249216
1   10   4   8   0.0000112292
1   11   1   6   -0.0000273098
1   11   1   7   -0.0000033701
1   11   2   5   0.0000396205
1   11   2   8   0.0001126854
1   11   3   5   0.0000048892
1   11   3   8   0.0000139055
1   11   4   6   -0.0000572433
1   11   4   7   -0.0000070639
1   12   1   6   0.0000033701
1   12   1   7   -0.0000273098
1   12   2   5   -0.0000048892
1   12   2   8   -0.0000139055
1   12   3   5   0.0000396205
1   12   3   8   0.0001126854
1   12   4   6   0.0000070639
1   12   4   7   -0.0000572433
2   7   1   5   0.0000035636
2   7   1   8   -0.0000068884
2   7   2   6   0.0000064005
2   7   3   7   0.0000064005
2   7   4   5   0.0000003885
2   7   4   8   -0.0000052875
2   8   1   5   0.0034174973
2   8   1   8   0.0019639401
2   8   2   6   0.0001471949
2   8   3   7   0.0001471949
2   8   4   5   0.0019639401
2   8   4   8   0.0012027900
2   9   1   5   -0.0001786674
2   9   1   8   -0.0000662565
2   9   2   6   0.0000162526
2   9   3   7   0.0000162526
2   9   4   5   -0.0001072465
2   9   4   8   -0.0000384168
2   10   1   5   0.0001951119
2   10   1   8   0.0002804559
2   10   2   6   -0.0000172980
2   10   3   7   -0.0000172980
2   10   4   5   0.0001045891
2   10   4   8   0.0001534713
2   11   1   6   0.0002698388
2   11   1   7   0.0000332984
2   11   2   5   0.0001175969
2   11   2   8   0.0001218350
2   11   3   5   0.0000145116
2   11   3   8   0.0000150346
2   11   4   6   0.0001326537
2   11   4   7   0.0000163696
2   12   1   6   -0.0000332984
2   12   1   7   0.0002698388
2   12   2   5   -0.0000145116
2   12   2   8   -0.0000150346
2   12   3   5   0.0001175969
2   12   3   8   0.0001218350
2   12   4   6   -0.0000163696
2   12   4   7   0.0001326537
3   7   1   5   -0.0000062420
3   7   1   8   -0.0000424246
3   7   2   6   0.0002006781
3   7   3   7   0.0002006781
3   7   4   5   -0.0000401300
3   7   4   8   -0.0000643769
3   8   1   5   -0.0001786674
3   8   1   8   -0.0001072465
3   8   2   6   0.0000162526
3   8   3   7   0.0000162526
3   8   4   5   -0.0000662565
3   8   4   8   -0.0000384168
3   9   1   5   0.0002791527
3   9   1   8   0.0004466877
3   9   2   6   0.0007188776
3   9   3   7   0.0007188776
3   9   4   5   0.0004466877
3   9   4   8   0.0010489998
3   10   1   5   -0.0002253134
3   10   1   8   0.0000462311
3   10   2   6   0.0000667136
3   10   3   7   0.0000667136
3   10   4   5   -0.0002326263
3   10   4   8   0.0004524982
3   11   1   6   0.0006112414
3   11   1   7   0.0000754279
3   11   2   5   0.0000972458
3   11   2   8   0.0003156522
3   11   3   5   0.0000120002
3   11   3   8   0.0000389518
3   11   4   6   0.0014129398
3   11   4   7   0.0001743584
3   12   1   6   -0.0000754279
3   12   1   7   0.0006112414
3   12   2   5   -0.0000120002
3   12   2   8   -0.0000389518
3   12   3   5   0.0000972458
3   12   3   8   0.0003156522
3   12   4   6   -0.0001743584
3   12   4   7   0.0014129398
4   7   1   5   -0.0000091349
4   7   1   8   0.0000249216
4   7   2   6   0.0000182461
4   7   3   7   0.0000182461
4   7   4   5   -0.0000329902
4   7   4   8   0.0000112292
4   8   1   5   0.0001951119
4   8   1   8   0.0001045891
4   8   2   6   -0.0000172980
4   8   3   7   -0.0000172980
4   8   4   5   0.0002804559
4   8   4   8   0.0001534713
4   9   1   5   -0.0002253134
4   9   1   8   -0.0002326263
4   9   2   6   0.0000667136
4   9   3   7   0.0000667136
4   9   4   5   0.0000462311
4   9   4   8   0.0004524982
4   10   1   5   0.0002775161
4   10   1   8   0.0001332960
4   10   2   6   0.0002088150
4   10   3   7   0.0002088150
4   10   4   5   0.0001332960
4   10   4   8   0.0007969537
4   11   1   6   -0.0003382143
4   11   1   7   -0.0000417360
4   11   2   5   -0.0000786725
4   11   2   8   0.0000181679
4   11   3   5   -0.0000097083
4   11   3   8   0.0000022419
4   11   4   6   0.0005077225
4   11   4   7   0.0000626535
4   12   1   6   0.0000417360
4   12   1   7   -0.0003382143
4   12   2   5   0.0000097083
4   12   2   8   -0.0000022419
4   12   3   5   -0.0000786725
4   12   3   8   0.0000181679
4   12   4   6   -0.0000626535
4   12   4   7   0.0005077225
5   7   1   6   0.0000396205
5   7   1   7   0.0000048892
5   7   2   5   -0.0000273098
5   7   2   8   -0.0000572433
5   7   3   5   -0.0000033701
5   7   3   8   -0.0000070639
5   7   4   6   0.0001126854
5   7   4   7   0.0000139055
5   8   1   6   0.0001175969
5   8   1   7   0.0000145116
5   8   2   5   0.0002698388
5   8   2   8   0.0001326537
5   8   3   5   0.0000332984
5   8   3   8   0.0000163696
5   8   4   6   0.0001218350
5   8   4   7   0.0000150346
5   9   1   6   0.0000972458
5   9   1   7   0.0000120002
5   9   2   5   0.0006112414
5   9   2   8   0.0014129398
5   9   3   5   0.0000754279
5   9   3   8   0.0001743584
5   9   4   6   0.0003156522
5   9   4   7   0.0000389518
5   10   1   6   -0.0000786725
5   10   1   7   -0.0000097083
5   10   2   5   -0.0003382143
5   10   2   8   0.0005077225
5   10   3   5   -0.0000417360
5   10   3   8   0.0000626535
5   10   4   6   0.0000181679
5   10   4   7   0.0000022419
5   11   1   5   0.0004487232
5   11   1   8   0.0005462614
5   11   2   6   0.0025088690
5   11   2   7   0.0002840085
5   11   3   6   0.0002840085
5   11   3   7   0.0002424097
5   11   4   5   0.0005462614
5   11   4   8   0.0008327439
5   12   2   6   -0.0002840085
5   12   2   7   0.0020941436
5   12   3   6   0.0001723157
5   12   3   7   0.0002840085
6   7   1   6   -0.0000048892
6   7   1   7   0.0000396205
6   7   2   5   0.0000033701
6   7   2   8   0.0000070639
6   7   3   5   -0.0000273098
6   7   3   8   -0.0000572433
6   7   4   6   -0.0000139055
6   7   4   7   0.0001126854
6   8   1   6   -0.0000145116
6   8   1   7   0.0001175969
6   8   2   5   -0.0000332984
6   8   2   8   -0.0000163696
6   8   3   5   0.0002698388
6   8   3   8   0.0001326537
6   8   4   6   -0.0000150346
6   8   4   7   0.0001218350
6   9   1   6   -0.0000120002
6   9   1   7   0.0000972458
6   9   2   5   -0.0000754279
6   9   2   8   -0.0001743584
6   9   3   5   0.0006112414
6   9   3   8   0.0014129398
6   9   4   6   -0.0000389518
6   9   4   7   0.0003156522
6   10   1   6   0.0000097083
6   10   1   7   -0.0000786725
6   10   2   5   0.0000417360
6   10   2   8   -0.0000626535
6   10   3   5   -0.0003382143
6   10   3   8   0.0005077225
6   10   4   6   -0.0000022419
6   10   4   7   0.0000181679
6   11   2   6   -0.0002840085
6   11   2   7   0.0001723157
6   11   3   6   0.0020941436
6   11   3   7   0.0002840085
6   12   1   5   0.0004487232
6   12   1   8   0.0005462614
6   12   2   6   0.0002424097
6   12   2   7   -0.0002840085
6   12   3   6   -0.0002840085
6   12   3   7   0.0025088690
6   12   4   5   0.0005462614
6   12   4   8   0.0008327439

End IJAB Block
Begin ABCD Block
1   5   1   5   0.1964079957
1   5   1   8   0.0104900344
1   5   2   6   0.0195177407
1   5   3   7   0.0195177407
1   5   4   5   0.0104900344
1   5   4   8   0.0110100226
1   6   1   6   0.1302936317
1   6   2   5   0.0195177407
1   6   2   8   0.0049904115
1   6   4   6   0.0091529152
1   7   1   7   0.1302936317
1   7   3   5   0.0195177407
1   7   3   8   0.0049904115
1   7   4   7   0.0091529152
1   8   1   5   0.0104900344
1   8   1   8   0.1201702433
1   8   2   6   0.0049904115
1   8   3   7   0.0049904115
1   8   4   5   0.0110100226
1   8   4   8   0.0077444384
2   5   1   6   0.0195177407
2   5   2   5   0.1302936317
2   5   2   8   0.0091529152
2   5   4   6   0.0049904115
2   6   1   5   0.0195177407
2   6   1   8   0.0049904115
2   6   2   6   0.1245947845
2   6   3   7   0.0078671876
2   6   4   5   0.0049904115
2   6   4   8   0.0095860459
2   7   2   7   0.1088604094
2   7   3   6   0.0078671876
2   8   1   6   0.0049904115
2   8   2   5   0.0091529152
2   8   2   8   0.1079159173
2   8   4   6   0.0095860459
3   5   1   7   0.0195177407
3   5   3   5   0.1302936317
3   5   3   8   0.0091529152
3   5   4   7   0.0049904115
3   6   2   7   0.0078671876
3   6   3   6   0.1088604094
3   7   1   5   0.0195177407
3   7   1   8   0.0049904115
3   7   2   6   0.0078671876
3   7   3   7   0.1245947845
3   7   4   5   0.0049904115
3   7   4   8   0.0095860459
3   8   1   7   0.0049904115
3   8   3   5   0.0091529152
3   8   3   8   0.1079159173
3   8   4   7   0.0095860459
4   5   1   5   0.0104900344
4   5   1   8   0.0110100226
4   5   2   6   0.0049904115
4   5   3   7   0.0049904115
4   5   4   5   0.1201702433
4   5   4   8   0.0077444384
4   6   1   6   0.0091529152
4   6   2   5   0.0049904115
4   6   2   8   0.0095860459
4   6   4   6   0.1079159173
4   7   1   7   0.0091529152
4   7   3   5   0.0049904115
4   7   3   8   0.0095860459
4   7   4   7   0.1079159173
4   8   1   5   0.0110100226
4   8   1   8   0.0077444384
4   8   2   6   0.0095860459
4   8   3   7   0.0095860459
4   8   4   5   0.0077444384
4   8   4   8   0.1210012658

End ABCD Block
Begin AIJB Block
1   7   1   5   0.0000621599
1   7   1   8   0.0001165828
1   7   2   5   0.0000035636
1   7   2   8   -0.0000068884
1   7   3   5   -0.0000062420
1   7   3   8   -0.0000424246
1   7   4   5   -0.0000091349
1   7   4   8   0.0000249216
1   7   5   6   0.0000396205
1   7   5   7   0.0000048892
1   7   6   6   -0.0000048892
1   7   6   7   0.0000396205
1   8   1   5   0.0000035636
1   8   1   8   0.0000003885
1   8   2   5   0.0034174973
1   8   2   8   0.0019639401
1   8   3   5   -0.0001786674
1   8   3   8   -0.0001072465
1   8   4   5   0.0001951119
1   8   4   8   0.0001045891
1   8   5   6   0.0001175969
1   8   5   7   0.0000145116
1   8   6   6   -0.0000145116
1   8   6   7   0.0001175969
1   9   1   5   -0.0000062420
1   9   1   8   -0.0000401300
1   9   2   5   -0.0001786674
1   9   2   8   -0.0000662565
1   9   3   5   0.0002791527
1   9   3   8   0.0004466877
1   9   4   5   -0.0002253134
1   9   4   8   -0.0002326263
1   9   5   6   0.0000972458
1   9   5   7   0.0000120002
1   9   6   6   -0.0000120002
1   9   6   7   0.0000972458
1   10   1   5   -0.0000091349
1   10   1   8   -0.0000329902
1   10   2   5   0.0001951119
1   10   2   8   0.0002804559
1   10   3   5   -0.0002253134
1   10   3   8   0.0000462311
1   10   4   5   0.0002775161
1   10   4   8   0.0001332960
1   10   5   6   -0.0000786725
1   10   5   7   -0.0000097083
1   10   6   6   0.0000097083
1   10   6   7   -0.0000786725
1   11   1   6   -0.0000273098
1   11   1   7   -0.0000033701
1   11   2   6   0.0002698388
1   11   2   7   0.0000332984
1   11   3   6   0.0006112414
1   11   3   7   0.0000754279
1   11   4   6   -0.0003382143
1   11   4   7   -0.0000417360
1   11   5   5   0.0004487232
1   11   5   8   0.0005462614
1   12   1   6   0.0000033701
1   12   1   7   -0.0000273098
1   12   2   6   -0.0000332984
1   12   2   7   0.0002698388
1   12   3   6   -0.0000754279
1   12   3   7   0.0006112414
1   12   4   6   0.0000417360
1   12   4   7   -0.0003382143
1   12   6   5   0.0004487232
1   12   6   8   0.0005462614
2   7   1   6   0.0002094029
2   7   2   6   0.0000064005
2   7   3   6   0.0002006781
2   7   4   6   0.0000182461
2   7   5   5   -0.0000273098
2   7   5   8   -0.0000572433
2   7   6   5   0.0000033701
2   7   6   8   0.0000070639
2   8   1   6   0.0000064005
2   8   2   6   0.0001471949
2   8   3   6   0.0000162526
2   8   4   6   -0.0000172980
2   8   5   5   0.0002698388
2   8   5   8   0.0001326537
2   8   6   5   -0.0000332984
2   8   6   8   -0.0000163696
2   9   1   6   0.0002006781
2   9   2   6   0.0000162526
2   9   3   6   0.0007188776
2   9   4   6   0.0000667136
2   9   5   5   0.0006112414
2   9   5   8   0.0014129398
2   9   6   5   -0.0000754279
2   9   6   8   -0.0001743584
2   10   1   6   0.0000182461
2   10   2   6   -0.0000172980
2   10   3   6   0.0000667136
2   10   4   6   0.0002088150
2   10   5   5   -0.0003382143
2   10   5   8   0.0005077225
2   10   6   5   0.0000417360
2   10   6   8   -0.0000626535
2   11   1   5   0.0000396205
2   11   1   8   0.0001126854
2   11   2   5   0.0001175969
2   11   2   8   0.0001218350
2   11   3   5   0.0000972458
2   11   3   8   0.0003156522
2   11   4   5   -0.0000786725
2   11   4   8   0.0000181679
2   11   5   6   0.0025088690
2   11   5   7   0.0002840085
2   11   6   6   -0.0002840085
2   11   6   7   0.0001723157
2   12   1   5   -0.0000048892
2   12   1   8   -0.0000139055
2   12   2   5   -0.0000145116
2   12   2   8   -0.0000150346
2   12   3   5   -0.0000120002
2   12   3   8   -0.0000389518
2   12   4   5   0.0000097083
2   12   4   8   -0.0000022419
2   12   5   6   -0.0002840085
2   12   5   7   0.0020941436
2   12   6   6   0.0002424097
2   12   6   7   -0.0002840085
3   7   1   7   0.0002094029
3   7   2   7   0.0000064005
3   7   3   7   0.0002006781
3   7   4   7   0.0000182461
3   7   5   5   -0.0000033701
3   7   5   8   -0.0000070639
3   7   6   5   -0.0000273098
3   7   6   8   -0.0000572433
3   8   1   7   0.0000064005
3   8   2   7   0.0001471949
3   8   3   7   0.0000162526
3   8   4   7   -0.0000172980
3   8   5   5   0.0000332984
3   8   5   8   0.0000163696
3   8   6   5   0.0002698388
3   8   6   8   0.0001326537
3   9   1   7   0.0002006781
3   9   2   7   0.0000162526
3   9   3   7   0.0007188776
3   9   4   7   0.0000667136
3   9   5   5   0.0000754279
3   9   5   8   0.0001743584
3   9   6   5   0.0006112414
3   9   6   8   0.0014129398
3   10   1   7   0.0000182461
3   10   2   7   -0.0000172980
3   10   3   7   0.0000667136
3   10   4   7   0.0002088150
3   10   5   5   -0.0000417360
3   10   5   8   0.0000626535
3   10   6   5   -0.0003382143
3   10   6   8   0.0005077225
3   11   1   5   0.0000048892
3   11   1   8   0.0000139055
3   11   2   5   0.0000145116
3   11   2   8   0.0000150346
3   11   3   5   0.0000120002
3   11   3   8   0.0000389518
3   11   4   5   -0.0000097083
3   11   4   8   0.0000022419
3   11   5   6   0.0002840085
3   11   5   7   0.0002424097
3   11   6   6   0.0020941436
3   11   6   7   0.0002840085
3   12   1   5   0.0000396205
3   12   1   8   0.0001126854
3   12   2   5   0.0001175969
3   12   2   8   0.0001218350
3   12   3   5   0.0000972458
3   12   3   8   0.0003156522
3   12   4   5   -0.0000786725
3   12   4   8   0.0000181679
3   12   5   6   0.0001723157
3   12   5   7   0.0002840085
3   12   6   6   -0.0002840085
3   12   6   7   0.0025088690
4   7   1   5   0.0001165828
4   7   1   8   0.0003015110
4   7   2   5   0.0000003885
4   7   2   8   -0.0000052875
4   7   3   5   -0.0000401300
4   7   3   8   -0.0000643769
4   7   4   5   -0.0000329902
4   7   4   8   0.0000112292
4   7   5   6   0.0001126854
4   7   5   7   0.0000139055
4   7   6   6   -0.0000139055
4   7   6   7   0.0001126854
4   8   1   5   -0.0000068884
4   8   1   8   -0.0000052875
4   8   2   5   0.0019639401
4   8   2   8   0.0012027900
4   8   3   5   -0.0000662565
4   8   3   8   -0.0000384168
4   8   4   5   0.0002804559
4   8   4   8   0.0001534713
4   8   5   6   0.0001218350
4   8   5   7   0.0000150346
4   8   6   6   -0.0000150346
4   8   6   7   0.0001218350
4   9   1   5   -0.0000424246
4   9   1   8   -0.0000643769
4   9   2   5   -0.0001072465
4   9   2   8   -0.0000384168
4   9   3   5   0.0004466877
4   9   3   8   0.0010489998
4   9   4   5   0.0000462311
4   9   4   8   0.0004524982
4   9   5   6   0.0003156522
4   9   5   7   0.0000389518
4   9   6   6   -0.0000389518
4   9   6   7   0.0003156522
4   10   1   5   0.0000249216
4   10   1   8   0.0000112292
4   10   2   5   0.0001045891
4   10   2   8   0.0001534713
4   10   3   5   -0.0002326263
4   10   3   8   0.0004524982
4   10   4   5   0.0001332960
4   10   4   8   0.0007969537
4   10   5   6   0.0000181679
4   10   5   7   0.0000022419
4   10   6   6   -0.0000022419
4   10   6   7   0.0000181679
4   11   1   6   -0.0000572433
4   11   1   7   -0.0000070639
4   11   2   6   0.0001326537
4   11   2   7   0.0000163696
4   11   3   6   0.0014129398
4   11   3   7   0.0001743584
4   11   4   6   0.0005077225
4   11   4   7   0.0000626535
4   11   5   5   0.0005462614
4   11   5   8   0.0008327439
4   12   1   6   0.0000070639
4   12   1   7   -0.0000572433
4   12   2   6   -0.0000163696
4   12   2   7   0.0001326537
4   12   3   6   -0.0001743584
4   12   3   7   0.0014129398
4   12   4   6   -0.0000626535
4   12   4   7   0.0005077225
4   12   6   5   0.0005462614
4   12   6   8   0.0008327439

1   7   7   1   -0.1510788865
1   7   7   4   -0.0298630142
1   7   8   1   -0.0000337846
1   7   8   4   -0.0000076600
1   7   9   1   -0.0000278631
1   7   9   4   0.0000181405
1   7   10   1   0.0010336383
1   7   10   4   0.0002804016
1   7   11   2   -0.0004345436
1   7   11   3   -0.0000536232
1   7   12   2   0.0000536232
1   7   12   3   -0.0004345436
1   8   7   1   -0.0000337846
1   8   7   4   -0.0000076600
1   8   8   1   -0.2192382548
1   8   8   4   -0.0437173882
1   8   9   1   0.0048200990
1   8   9   4   0.0009321082
1   8   10   1   -0.0040547938
1   8   10   4   -0.0007009202
1   8   11   2   -0.0008802188
1   8   11   3   -0.0001086200
1   8   12   2   0.0001086200
1   8   12   3   -0.0008802188
1   9   7   1   -0.0000278631
1   9   7   4   0.0000181405
1   9   8   1   0.0048200990
1   9   8   4   0.0009321082
1   9   9   1   -0.1524140044
1   9   9   4   -0.0298034264
1   9   10   1   0.0120971483
1   9   10   4   0.0031564293
1   9   11   2   -0.0047421187
1   9   11   3   -0.0005851829
1   9   12   2   0.0005851829
1   9   12   3   -0.0047421187
1   10   7   1   0.0010336383
1   10   7   4   0.0002804016
1   10   8   1   -0.0040547938
1   10   8   4   -0.0007009202
1   10   9   1   0.0120971483
1   10   9   4   0.0031564293
1   10   10   1   -0.1515288053
1   10   10   4   -0.0292563028
1   10   11   2   0.0007442434
1   10   11   3   0.0000918405
1   10   12   2   -0.0000918405
1   10   12   3   0.0007442434
1   11   7   2   -0.0004345436
1   11   7   3   -0.0000536232
1   11   8   2   -0.0008802188
1   11   8   3   -0.0001086200
1   11   9   2   -0.0047421187
1   11   9   3   -0.0005851829
1   11   10   2   0.0007442434
1   11   10   3   0.0000918405
1   11   11   1   -0.1513967381
1   11   11   4   -0.0295950591
1   12   7   2   0.0000536232
1   12   7   3   -0.0004345436
1   12   8   2   0.0001086200
1   12   8   3   -0.0008802188
1   12   9   2   0.0005851829
1   12   9   3   -0.0047421187
1   12   10   2   -0.0000918405
1   12   10   3   0.0007442434
1   12   12   1   -0.1513967381
1   12   12   4   -0.0295950591
2   7   7   2   -0.1328523942
2   7   8   2   -0.0000052274
2   7   9   2   0.0000711636
2   7   10   2   0.0003018981
2   7   11   1   -0.0004345436
2   7   11   4   -0.0005386427
2   7   12   1   0.0000536232
2   7   12   4   0.0000664691
2   8   7   2   -0.0000052274
2   8   8   2   -0.1415646802
2   8   9   2   0.0006106715
2   8   10   2   -0.0003938664
2   8   11   1   -0.0008802188
2   8   11   4   -0.0006572663
2   8   12   1   0.0001086200
2   8   12   4   0.0000811074
2   9   7   2   0.0000711636
2   9   8   2   0.0006106715
2   9   9   2   -0.1313339377
2   9   10   2   0.0034379139
2   9   11   1   -0.0047421187
2   9   11   4   -0.0052479565
2   9   12   1   0.0005851829
2   9   12   4   0.0006476039
2   10   7   2   0.0003018981
2   10   8   2   -0.0003938664
2   10   9   2   0.0034379139
2   10   10   2   -0.1302766526
2   10   11   1   0.0007442434
2   10   11   4   -0.0000148684
2   10   12   1   -0.0000918405
2   10   12   4   0.0000018348
2   11   7   1   -0.0004345436
2   11   7   4   -0.0005386427
2   11   8   1   -0.0008802188
2   11   8   4   -0.0006572663
2   11   9   1   -0.0047421187
2   11   9   4   -0.0052479565
2   11   10   1   0.0007442434
2   11   10   4   -0.0000148684
2   11   11   2   -0.1319734343
2   11   11   3   -0.0001942132
2   11   12   2   0.0001942132
2   11   12   3   -0.0007749352
2   12   7   1   0.0000536232
2   12   7   4   0.0000664691
2   12   8   1   0.0001086200
2   12   8   4   0.0000811074
2   12   9   1   0.0005851829
2   12   9   4   0.0006476039
2   12   10   1   -0.0000918405
2   12   10   4   0.0000018348
2   12   11   2   0.0001942132
2   12   11   3   -0.0007749352
2   12   12   2   -0.1304235640
2   12   12   3   0.0001942132
3   7   7   3   -0.1328523942
3   7   8   3   -0.0000052274
3   7   9   3   0.0000711636
3   7   10   3   0.0003018981
3   7   11   1   -0.0000536232
3   7   11   4   -0.0000664691
3   7   12   1   -0.0004345436
3   7   12   4   -0.0005386427
3   8   7   3   -0.0000052274
3   8   8   3   -0.1415646802
3   8   9   3   0.0006106715
3   8   10   3   -0.0003938664
3   8   11   1   -0.0001086200
3   8   11   4   -0.0000811074
3   8   12   1   -0.0008802188
3   8   12   4   -0.0006572663
3   9   7   3   0.0000711636
3   9   8   3   0.0006106715
3   9   9   3   -0.1313339377
3   9   10   3   0.0034379139
3   9   11   1   -0.0005851829
3   9   11   4   -0.0006476039
3   9   12   1   -0.0047421187
3   9   12   4   -0.0052479565
3   10   7   3   0.0003018981
3   10   8   3   -0.0003938664
3   10   9   3   0.0034379139
3   10   10   3   -0.1302766526
3   10   11   1   0.0000918405
3   10   11   4   -0.0000018348
3   10   12   1   0.0007442434
3   10   12   4   -0.0000148684
3   11   7   1   -0.0000536232
3   11   7   4   -0.0000664691
3   11   8   1   -0.0001086200
3   11   8   4   -0.0000811074
3   11   9   1   -0.0005851829
3   11   9   4   -0.0006476039
3   11   10   1   0.0000918405
3   11   10   4   -0.0000018348
3   11   11   2   -0.0001942132
3   11   11   3   -0.1304235640
3   11   12   2   -0.0007749352
3   11   12   3   -0.0001942132
3   12   7   1   -0.0004345436
3   12   7   4   -0.0005386427
3   12   8   1   -0.0008802188
3   12   8   4   -0.0006572663
3   12   9   1   -0.0047421187
3   12   9   4   -0.0052479565
3   12   10   1   0.0007442434
3   12   10   4   -0.0000148684
3   12   11   2   -0.0007749352
3   12   11   3   -0.0001942132
3   12   12   2   0.0001942132
3   12   12   3   -0.1319734343
4   7   7   1   -0.0298630142
4   7   7   4   -0.1531441600
4   7   8   1   -0.0000076600
4   7   8   4   0.0000094848
4   7   9   1   0.0000181405
4   7   9   4   0.0000906982
4   7   10   1   0.0002804016
4   7   10   4   -0.0001591273
4   7   11   2   -0.0005386427
4   7   11   3   -0.0000664691
4   7   12   2   0.0000664691
4   7   12   3   -0.0005386427
4   8   7   1   -0.0000076600
4   8   7   4   0.0000094848
4   8   8   1   -0.0437173882
4   8   8   4   -0.1477182418
4   8   9   1   0.0009321082
4   8   9   4   -0.0002169570
4   8   10   1   -0.0007009202
4   8   10   4   0.0001404081
4   8   11   2   -0.0006572663
4   8   11   3   -0.0000811074
4   8   12   2   0.0000811074
4   8   12   3   -0.0006572663
4   9   7   1   0.0000181405
4   9   7   4   0.0000906982
4   9   8   1   0.0009321082
4   9   8   4   -0.0002169570
4   9   9   1   -0.0298034264
4   9   9   4   -0.1516112698
4   9   10   1   0.0031564293
4   9   10   4   -0.0013769280
4   9   11   2   -0.0052479565
4   9   11   3   -0.0006476039
4   9   12   2   0.0006476039
4   9   12   3   -0.0052479565
4   10   7   1   0.0002804016
4   10   7   4   -0.0001591273
4   10   8   1   -0.0007009202
4   10   8   4   0.0001404081
4   10   9   1   0.0031564293
4   10   9   4   -0.0013769280
4   10   10   1   -0.0292563028
4   10   10   4   -0.1520107155
4   10   11   2   -0.0000148684
4   10   11   3   -0.0000018348
4   10   12   2   0.0000018348
4   10   12   3   -0.0000148684
4   11   7   2   -0.0005386427
4   11   7   3   -0.0000664691
4   11   8   2   -0.0006572663
4   11   8   3   -0.0000811074
4   11   9   2   -0.0052479565
4   11   9   3   -0.0006476039
4   11   10   2   -0.0000148684
4   11   10   3   -0.0000018348
4   11   11   1   -0.0295950591
4   11   11   4   -0.1511784086
4   12   7   2   0.0000664691
4   12   7   3   -0.0005386427
4   12   8   2   0.0000811074
4   12   8   3   -0.0006572663
4   12   9   2   0.0006476039
4   12   9   3   -0.0052479565
4   12   10   2   0.0000018348
4   12   10   3   -0.0000148684
4   12   12   1   -0.0295950591
4   12   12   4   -0.1511784086

End AIJB Block
Begin IJKA Block
1   7   1   5   0.0133769383
1   7   1   8   0.0308645766
1   7   2   5   -0.0001218329
1   7   2   8   -0.0002264700
1   7   3   5   -0.0021817156
1   7   3   8   -0.0049515902
1   7   4   5   0.0003885377
1   7   4   8   -0.0009699780
1   7   5   6   -0.0026830633
1   7   5   7   -0.0003310931
1   7   6   6   0.0003310931
1   7   6   7   -0.0026830633
1   8   1   5   -0.0074574126
1   8   1   8   -0.0039553759
1   8   2   5   -0.0000079284
1   8   2   8   -0.0000010053
1   8   3   5   0.0000219643
1   8   3   8   0.0000528821
1   8   4   5   0.0002962687
1   8   4   8   0.0001242631
1   8   5   6   -0.0000816127
1   8   5   7   -0.0000100711
1   8   6   6   0.0000100711
1   8   6   7   -0.0000816127
1   9   1   5   -0.0196254305
1   9   1   8   -0.0444542228
1   9   2   5   0.0000134117
1   9   2   8   0.0000856834
1   9   3   5   0.0005684029
1   9   3   8   0.0013577569
1   9   4   5   0.0005814752
1   9   4   8   -0.0004747449
1   9   5   6   -0.0025808339
1   9   5   7   -0.0003184779
1   9   6   6   0.0003184779
1   9   6   7   -0.0025808339
1   10   1   5   0.0098149822
1   10   1   8   -0.0186440445
1   10   2   5   0.0000186500
1   10   2   8   0.0000701172
1   10   3   5   -0.0001361643
1   10   3   8   0.0004232998
1   10   4   5   -0.0008975054
1   10   4   8   -0.0017047628
1   10   5   6   -0.0002269631
1   10   5   7   -0.0000280075
1   10   6   6   0.0000280075
1   10   6   7   -0.0002269631
1   11   1   6   -0.0633580503
1   11   1   7   -0.0078184567
1   11   2   6   0.0000617670
1   11   2   7   0.0000076221
1   11   3   6   0.0010850497
1   11   3   7   0.0001338964
1   11   4   6   -0.0000260650
1   11   4   7   -0.0000032164
1   11   5   5   -0.0005151030
1   11   5   8   -0.0014643142
1   12   1   6   0.0078184567
1   12   1   7   -0.0633580503
1   12   2   6   -0.0000076221
1   12   2   7   0.0000617670
1   12   3   6   -0.0001338964
1   12   3   7   0.0010850497
1   12   4   6   0.0000032164
1   12   4   7   -0.0000260650
1   12   6   5   -0.0005151030
1   12   6   8   -0.0014643142
2   7   1   5   -0.0001218329
2   7   1   8   -0.0002264700
2   7   2   5   -0.0001098596
2   7   2   8   0.0001313895
2   7   3   5   0.0000068925
2   7   3   8   0.0000869881
2   7   4   5   0.0000279019
2   7   4   8   -0.0000612145
2   7   5   6   -0.0001507673
2   7   5   7   -0.0000186049
2   7   6   6   0.0000186049
2   7   6   7   -0.0001507673
2   8   1   5   -0.0000079284
2   8   1   8   -0.0000010053
2   8   2   5   -0.0557475118
2   8   2   8   -0.0350424429
2   8   3   5   0.0039454238
2   8   3   8   0.0028198069
2   8   4   5   -0.0034483380
2   8   4   8   -0.0027269919
2   8   5   6   0.0002815854
2   8   5   7   0.0000347480
2   8   6   6   -0.0000347480
2   8   6   7   0.0002815854
2   9   1   5   0.0000134117
2   9   1   8   0.0000856834
2   9   2   5   0.0020148240
2   9   2   8   0.0011540522
2   9   3   5   -0.0010075987
2   9   3   8   -0.0014893328
2   9   4   5   0.0009153079
2   9   4   8   0.0010096548
2   9   5   6   -0.0006057822
2   9   5   7   -0.0000747542
2   9   6   6   0.0000747542
2   9   6   7   -0.0006057822
2   10   1   5   0.0000186500
2   10   1   8   0.0000701172
2   10   2   5   -0.0014756172
2   10   2   8   -0.0097034021
2   10   3   5   0.0007303661
2   10   3   8   0.0001581860
2   10   4   5   -0.0007622696
2   10   4   8   -0.0002791693
2   10   5   6   -0.0000033749
2   10   5   7   -0.0000004165
2   10   6   6   0.0000004165
2   10   6   7   -0.0000033749
2   11   1   6   0.0000617670
2   11   1   7   0.0000076221
2   11   2   6   -0.0042621120
2   11   2   7   -0.0005259496
2   11   3   6   -0.0021733448
2   11   3   7   -0.0002681933
2   11   4   6   0.0015040333
2   11   4   7   0.0001855994
2   11   5   5   0.0002132124
2   11   5   8   0.0001405131
2   12   1   6   -0.0000076221
2   12   1   7   0.0000617670
2   12   2   6   0.0005259496
2   12   2   7   -0.0042621120
2   12   3   6   0.0002681933
2   12   3   7   -0.0021733448
2   12   4   6   -0.0001855994
2   12   4   7   0.0015040333
2   12   6   5   0.0002132124
2   12   6   8   0.0001405131
3   7   1   5   -0.0021817156
3   7   1   8   -0.0049515902
3   7   2   5   0.0000068925
3   7   2   8   0.0000869881
3   7   3   5   0.0004966598
3   7   3   8   0.0013323837
3   7   4   5   0.0005768635
3   7   4   8   -0.0006221282
3   7   5   6   -0.0027828492
3   7   5   7   -0.0003434068
3   7   6   6   0.0003434068
3   7   6   7   -0.0027828492
3   8   1   5   0.0000219643
3   8   1   8   0.0000528821
3   8   2   5   0.0039454238
3   8   2   8   0.0028198069
3   8   3   5   -0.0074005171
3   8   3   8   -0.0034345998
3   8   4   5   0.0030890663
3   8   4   8   0.0013424711
3   8   5   6   -0.0000181886
3   8   5   7   -0.0000022445
3   8   6   6   0.0000022445
3   8   6   7   -0.0000181886
3   9   1   5   0.0005684029
3   9   1   8   0.0013577569
3   9   2   5   -0.0010075987
3   9   2   8   -0.0014893328
3   9   3   5   -0.0101979464
3   9   3   8   -0.0228264867
3   9   4   5   0.0018261762
3   9   4   8   -0.0027505444
3   9   5   6   -0.0104267634
3   9   5   7   -0.0012866747
3   9   6   6   0.0012866747
3   9   6   7   -0.0104267634
3   10   1   5   -0.0001361643
3   10   1   8   0.0004232998
3   10   2   5   0.0007303661
3   10   2   8   0.0001581860
3   10   3   5   0.0056471316
3   10   3   8   -0.0108292833
3   10   4   5   -0.0030260405
3   10   4   8   -0.0043381343
3   10   5   6   -0.0010386219
3   10   5   7   -0.0001281671
3   10   6   6   0.0001281671
3   10   6   7   -0.0010386219
3   11   1   6   0.0010850497
3   11   1   7   0.0001338964
3   11   2   6   -0.0021733448
3   11   2   7   -0.0002681933
3   11   3   6   -0.0380719344
3   11   3   7   -0.0046981208
3   11   4   6   -0.0015590885
3   11   4   7   -0.0001923933
3   11   5   5   0.0000046708
3   11   5   8   -0.0025442993
3   12   1   6   -0.0001338964
3   12   1   7   0.0010850497
3   12   2   6   0.0002681933
3   12   2   7   -0.0021733448
3   12   3   6   0.0046981208
3   12   3   7   -0.0380719344
3   12   4   6   0.0001923933
3   12   4   7   -0.0015590885
3   12   6   5   0.0000046708
3   12   6   8   -0.0025442993
4   7   1   5   0.0003885377
4   7   1   8   -0.0009699780
4   7   2   5   0.0000279019
4   7   2   8   -0.0000612145
4   7   3   5   0.0005768635
4   7   3   8   -0.0006221282
4   7   4   5   0.0003836578
4   7   4   8   0.0007378989
4   7   5   6   -0.0001483832
4   7   5   7   -0.0000183107
4   7   6   6   0.0000183107
4   7   6   7   -0.0001483832
4   8   1   5   0.0002962687
4   8   1   8   0.0001242631
4   8   2   5   -0.0034483380
4   8   2   8   -0.0027269919
4   8   3   5   0.0030890663
4   8   3   8   0.0013424711
4   8   4   5   -0.0079246461
4   8   4   8   -0.0036604438
4   8   5   6   -0.0001762429
4   8   5   7   -0.0000217486
4   8   6   6   0.0000217486
4   8   6   7   -0.0001762429
4   9   1   5   0.0005814752
4   9   1   8   -0.0004747449
4   9   2   5   0.0009153079
4   9   2   8   0.0010096548
4   9   3   5   0.0018261762
4   9   3   8   -0.0027505444
4   9   4   5   -0.0095692442
4   9   4   8   -0.0216705374
4   9   5   6   -0.0005351734
4   9   5   7   -0.0000660410
4   9   6   6   0.0000660410
4   9   6   7   -0.0005351734
4   10   1   5   -0.0008975054
4   10   1   8   -0.0017047628
4   10   2   5   -0.0007622696
4   10   2   8   -0.0002791693
4   10   3   5   -0.0030260405
4   10   3   8   -0.0043381343
4   10   4   5   0.0055923577
4   10   4   8   -0.0115511529
4   10   5   6   -0.0024419918
4   10   5   7   -0.0003013446
4   10   6   6   0.0003013446
4   10   6   7   -0.0024419918
4   11   1   6   -0.0000260650
4   11   1   7   -0.0000032164
4   11   2   6   0.0015040333
4   11   2   7   0.0001855994
4   11   3   6   -0.0015590885
4   11   3   7   -0.0001923933
4   11   4   6   -0.0342254507
4   11   4   7   -0.0042234602
4   11   5   5   -0.0000252765
4   11   5   8   -0.0011340928
4   12   1   6   0.0000032164
4   12   1   7   -0.0000260650
4   12   2   6   -0.0001855994
4   12   2   7   0.0015040333
4   12   3   6   0.0001923933
4   12   3   7   -0.0015590885
4   12   4   6   0.0042234602
4   12   4   7   -0.0342254507
4   12   6   5   -0.0000252765
4   12   6   8   -0.0011340928
5   7   1   6   -0.0026830633
5   7   1   7   -0.0003310931
5   7   2   6   -0.0001507673
5   7   2   7   -0.0000186049
5   7   3   6   -0.0027828492
5   7   3   7   -0.0003434068
5   7   4   6   -0.0001483832
5   7   4   7   -0.0000183107
5   7   5   5   0.0003240832
5   7   5   8   0.0007764083
5   8   1   6   -0.0000816127
5   8   1   7   -0.0000100711
5   8   2   6   0.0002815854
5   8   2   7   0.0000347480
5   8   3   6   -0.0000181886
5   8   3   7   -0.0000022445
5   8   4   6   -0.0001762429
5   8   4   7   -0.0000217486
5   8   5   5   -0.0059232142
5   8   5   8   -0.0026417098
5   9   1   6   -0.0025808339
5   9   1   7   -0.0003184779
5   9   2   6   -0.0006057822
5   9   2   7   -0.0000747542
5   9   3   6   -0.0104267634
5   9   3   7   -0.0012866747
5   9   4   6   -0.0005351734
5   9   4   7   -0.0000660410
5   9   5   5   -0.0085809201
5   9   5   8   -0.0202419339
5   10   1   6   -0.0002269631
5   10   1   7   -0.0000280075
5   10   2   6   -0.0000033749
5   10   2   7   -0.0000004165
5   10   3   6   -0.0010386219
5   10   3   7   -0.0001281671
5   10   4   6   -0.0024419918
5   10   4   7   -0.0003013446
5   10   5   5   0.0043191274
5   10   5   8   -0.0099728979
5   11   1   5   -0.0005151030
5   11   1   8   -0.0014643142
5   11   2   5   0.0002132124
5   11   2   8   0.0001405131
5   11   3   5   0.0000046708
5   11   3   8   -0.0025442993
5   11   4   5   -0.0000252765
5   11   4   8   -0.0011340928
5   11   5   6   -0.0378084763
5   11   5   7   -0.0046656097
5   11   6   6   0.0002929003
5   11   6   7   -0.0023735623
5   12   5   6   0.0040798091
5   12   5   7   -0.0330613517
5   12   6   6   -0.0023735623
5   12   6   7   -0.0002929003
6   7   1   6   0.0003310931
6   7   1   7   -0.0026830633
6   7   2   6   0.0000186049
6   7   2   7   -0.0001507673
6   7   3   6   0.0003434068
6   7   3   7   -0.0027828492
6   7   4   6   0.0000183107
6   7   4   7   -0.0001483832
6   7   6   5   0.0003240832
6   7   6   8   0.0007764083
6   8   1   6   0.0000100711
6   8   1   7   -0.0000816127
6   8   2   6   -0.0000347480
6   8   2   7   0.0002815854
6   8   3   6   0.0000022445
6   8   3   7   -0.0000181886
6   8   4   6   0.0000217486
6   8   4   7   -0.0001762429
6   8   6   5   -0.0059232142
6   8   6   8   -0.0026417098
6   9   1   6   0.0003184779
6   9   1   7   -0.0025808339
6   9   2   6   0.0000747542
6   9   2   7   -0.0006057822
6   9   3   6   0.0012866747
6   9   3   7   -0.0104267634
6   9   4   6   0.0000660410
6   9   4   7   -0.0005351734
6   9   6   5   -0.0085809201
6   9   6   8   -0.0202419339
6   10   1   6   0.0000280075
6   10   1   7   -0.0002269631
6   10   2   6   0.0000004165
6   10   2   7   -0.0000033749
6   10   3   6   0.0001281671
6   10   3   7   -0.0010386219
6   10   4   6   0.0003013446
6   10   4   7   -0.0024419918
6   10   6   5   0.0043191274
6   10   6   8   -0.0099728979
6   11   5   6   0.0002929003
6   11   5   7   -0.0023735623
6   11   6   6   -0.0330613517
6   11   6   7   -0.0040798091
6   12   1   5   -0.0005151030
6   12   1   8   -0.0014643142
6   12   2   5   0.0002132124
6   12   2   8   0.0001405131
6   12   3   5   0.0000046708
6   12   3   8   -0.0025442993
6   12   4   5   -0.0000252765
6   12   4   8   -0.0011340928
6   12   5   6   -0.0023735623
6   12   5   7   -0.0002929003
6   12   6   6   0.0046656097
6   12   6   7   -0.0378084763

End IJKA Block
Begin IABC Block
1   5   1   5   -0.0000159964
1   5   1   8   -0.0000032244
1   5   2   6   -0.0000320966
1   5   3   7   -0.0000320966
1   5   4   5   0.0000172021
1   5   4   8   0.0000059128
1   6   1   6   -0.0000020706
1   6   2   5   -0.0000320966
1   6   2   8   -0.0000411426
1   6   4   6   0.0000084417
1   7   1   7   -0.0000020706
1   7   3   5   -0.0000320966
1   7   3   8   -0.0000411426
1   7   4   7   0.0000084417
1   8   1   5   -0.0000032244
1   8   1   8   0.0000035949
1   8   2   6   -0.0000411426
1   8   3   7   -0.0000411426
1   8   4   5   0.0000059128
1   8   4   8   0.0000001860
2   5   1   5   0.0008860354
2   5   1   8   -0.0000785801
2   5   2   6   0.0003716621
2   5   3   7   0.0003716621
2   5   4   5   0.0001366279
2   5   4   8   -0.0000615021
2   6   1   6   0.0000717983
2   6   2   5   0.0003716621
2   6   2   8   0.0001995554
2   6   4   6   0.0000352886
2   7   1   7   0.0000717983
2   7   3   5   0.0003716621
2   7   3   8   0.0001995554
2   7   4   7   0.0000352886
2   8   1   5   -0.0000785801
2   8   1   8   -0.0002399715
2   8   2   6   0.0001995554
2   8   3   7   0.0001995554
2   8   4   5   -0.0000615021
2   8   4   8   -0.0000885168
3   5   1   5   -0.0002021159
3   5   1   8   -0.0000007872
3   5   2   6   -0.0000867880
3   5   3   7   -0.0000867880
3   5   4   5   -0.0000633107
3   5   4   8   -0.0000586053
3   6   1   6   0.0000044251
3   6   2   5   -0.0000867880
3   6   2   8   -0.0001227109
3   6   4   6   -0.0000961489
3   7   1   7   0.0000044251
3   7   3   5   -0.0000867880
3   7   3   8   -0.0001227109
3   7   4   7   -0.0000961489
3   8   1   5   -0.0000007872
3   8   1   8   -0.0000320704
3   8   2   6   -0.0001227109
3   8   3   7   -0.0001227109
3   8   4   5   -0.0000586053
3   8   4   8   -0.0001728520
4   5   1   5   0.0002943290
4   5   1   8   -0.0001263769
4   5   2   6   -0.0002113980
4   5   3   7   -0.0002113980
4   5   4   5   -0.0020542897
4   5   4   8   -0.0004722018
4   6   1   6   -0.0002194947
4   6   2   5   -0.0002113980
4   6   2   8   -0.0000081279
4   6   4   6   -0.0008101247
4   7   1   7   -0.0002194947
4   7   3   5   -0.0002113980
4   7   3   8   -0.0000081279
4   7   4   7   -0.0008101247
4   8   1   5   -0.0001263769
4   8   1   8   -0.0000237297
4   8   2   6   -0.0000081279
4   8   3   7   -0.0000081279
4   8   4   5   -0.0004722018
4   8   4   8   0.0001720652
5   5   1   6   0.0016191941
5   5   1   7   0.0001998104
5   5   2   5   0.0006132799
5   5   2   8   -0.0001017376
5   5   3   5   0.0000756795
5   5   3   8   -0.0000125545
5   5   4   6   0.0016167257
5   5   4   7   0.0001995058
5   6   1   5   0.0016191941
5   6   1   8   0.0010711574
5   6   2   6   0.0003676424
5   6   2   7   0.0000341247
5   6   3   6   -0.0000228819
5   6   3   7   0.0002765346
5   6   4   5   0.0016167257
5   6   4   8   0.0014407965
5   7   1   5   0.0001998104
5   7   1   8   0.0001321821
5   7   2   6   0.0000341247
5   7   2   7   -0.0001854268
5   7   3   6   0.0002765346
5   7   3   7   0.0000453675
5   7   4   5   0.0001995058
5   7   4   8   0.0001777960
5   8   1   6   0.0010711574
5   8   1   7   0.0001321821
5   8   2   5   -0.0001017376
5   8   2   8   -0.0008130969
5   8   3   5   -0.0000125545
5   8   3   8   -0.0001003371
5   8   4   6   0.0014407965
5   8   4   7   0.0001777960
6   5   1   6   -0.0001998104
6   5   1   7   0.0016191941
6   5   2   5   -0.0000756795
6   5   2   8   0.0000125545
6   5   3   5   0.0006132799
6   5   3   8   -0.0001017376
6   5   4   6   -0.0001995058
6   5   4   7   0.0016167257
6   6   1   5   -0.0001998104
6   6   1   8   -0.0001321821
6   6   2   6   -0.0000453675
6   6   2   7   0.0002765346
6   6   3   6   -0.0001854268
6   6   3   7   -0.0000341247
6   6   4   5   -0.0001995058
6   6   4   8   -0.0001777960
6   7   1   5   0.0016191941
6   7   1   8   0.0010711574
6   7   2   6   0.0002765346
6   7   2   7   0.0000228819
6   7   3   6   -0.0000341247
6   7   3   7   0.0003676424
6   7   4   5   0.0016167257
6   7   4   8   0.0014407965
6   8   1   6   -0.0001321821
6   8   1   7   0.0010711574
6   8   2   5   0.0000125545
6   8   2   8   0.0001003371
6   8   3   5   -0.0001017376
6   8   3   8   -0.0008130969
6   8   4   6   -0.0001777960
6   8   4   7   0.0014407965

End IABC Block
