Begin IJ Block
1   1   -40.7749628285
1   2   0.0000336575
1   3   0.7523413089
1   6   0.0140429200
2   2   -5.5721717328
2   3   -0.0002126354
2   6   -0.0061921745
3   3   -9.1802679913
3   6   -0.0410821188
4   4   -8.0871898264
5   5   -8.0871898264
6   6   -7.7808045259

End IJ Block
Begin IA Block
1   1   -0.0024542921
1   4   -0.0237383732
2   1   0.1101723991
2   4   0.0572151124
3   1   0.0176702575
3   4   0.1208118186
4   2   -0.0907973291
4   3   0.1238805968
5   2   0.1238805968
5   3   0.0907973291
6   1   -0.1374216046
6   4   -0.2946710535

End IA Block
Begin AB Block
1   1   -1.7281919966
1   4   -0.3681023681
2   2   -1.5484796005
3   3   -1.5484796005
4   4   -1.8518192654

End AB Block
Begin IJKL Block
1   7   1   7   5.3484966243
1   7   1   8   -0.0000251633
1   7   1   9   -0.5322305002
1   7   1   12   -0.0098019331
1   7   2   7   -0.0000251633
1   7   2   8   -0.0000003348
1   7   2   9   0.0000042262
1   7   2   12   -0.0000039446
1   7   3   7   -0.5322305002
1   7   3   8   0.0000042262
1   7   3   9   0.0815856155
1   7   3   12   0.0015696542
1   7   4   10   0.0318695338
1   7   5   11   0.0318695338
1   7   6   7   -0.0098019331
1   7   6   8   -0.0000039446
1   7   6   9   0.0015696542
1   7   6   12   0.0295268940
1   8   1   7   -0.0000251633
1   8   1   8   0.1252852547
1   8   1   9   0.0000353045
1   8   1   12   -0.0002145712
1   8   2   7   0.0000004443
1   8   2   8   0.0000001751
1   8   2   9   0.0000005421
1   8   2   12   -0.0000000031
1   8   3   7   0.0000044428
1   8   3   8   0.0000047101
1   8   3   9   -0.0000008113
1   8   3   12   0.0000005696
1   8   4   10   0.0000011808
1   8   5   11   0.0000011808
1   8   6   7   -0.0000043224
1   8   6   8   -0.0007896449
1   8   6   9   -0.0000049732
1   8   6   12   0.0000028457
1   9   1   7   -0.5322305002
1   9   1   8   0.0000353045
1   9   1   9   1.2632117382
1   9   1   12   0.0135625812
1   9   2   7   0.0000044428
1   9   2   8   -0.0000002785
1   9   2   9   -0.0000009537
1   9   2   12   -0.0000044263
1   9   3   7   0.0861502870
1   9   3   8   -0.0000010015
1   9   3   9   -0.0237251825
1   9   3   12   -0.0004349156
1   9   4   10   0.0362268262
1   9   5   11   0.0362268262
1   9   6   7   0.0015312361
1   9   6   8   -0.0000046947
1   9   6   9   -0.0005360930
1   9   6   12   0.0337108032
1   10   1   10   1.1714096828
1   10   2   10   -0.0000004947
1   10   3   10   -0.0155364322
1   10   4   7   0.0370423014
1   10   4   8   0.0000012568
1   10   4   9   0.0368546258
1   10   4   12   0.0005552537
1   10   6   10   -0.0003511066
1   11   1   11   1.1714096828
1   11   2   11   -0.0000004947
1   11   3   11   -0.0155364322
1   11   5   7   0.0370423014
1   11   5   8   0.0000012568
1   11   5   9   0.0368546258
1   11   5   12   0.0005552537
1   11   6   11   -0.0003511066
1   12   1   7   -0.0098019331
1   12   1   8   -0.0002145712
1   12   1   9   0.0135625812
1   12   1   12   1.1121885399
1   12   2   7   -0.0000043224
1   12   2   8   -0.0000003351
1   12   2   9   -0.0000048566
1   12   2   12   -0.0000005063
1   12   3   7   0.0015312361
1   12   3   8   0.0000005715
1   12   3   9   -0.0004590653
1   12   3   12   -0.0145113927
1   12   4   10   0.0005129629
1   12   5   11   0.0005129629
1   12   6   7   0.0345442781
1   12   6   8   0.0000027028
1   12   6   9   0.0345543340
1   12   6   12   0.0004296337
2   7   1   7   -0.0000251633
2   7   1   8   0.0000004443
2   7   1   9   0.0000044428
2   7   1   12   -0.0000043224
2   7   2   7   0.1252852547
2   7   2   8   0.0000001751
2   7   2   9   0.0000047101
2   7   2   12   -0.0007896449
2   7   3   7   0.0000353045
2   7   3   8   0.0000005421
2   7   3   9   -0.0000008113
2   7   3   12   -0.0000049732
2   7   4   10   0.0000011808
2   7   5   11   0.0000011808
2   7   6   7   -0.0002145712
2   7   6   8   -0.0000000031
2   7   6   9   0.0000005696
2   7   6   12   0.0000028457
2   8   1   7   -0.0000003348
2   8   1   8   0.0000001751
2   8   1   9   -0.0000002785
2   8   1   12   -0.0000003351
2   8   2   7   0.0000001751
2   8   2   8   1.6358039226
2   8   2   9   0.0000381653
2   8   2   12   0.0076928480
2   8   3   7   -0.0000002785
2   8   3   8   0.0000381653
2   8   3   9   0.0000099669
2   8   3   12   -0.0000209236
2   8   4   10   0.0000170115
2   8   4   11   0.0000000000
2   8   5   10   -0.0000000000
2   8   5   11   0.0000170115
2   8   6   7   -0.0000003351
2   8   6   8   0.0076928480
2   8   6   9   -0.0000209236
2   8   6   12   0.0001835813
2   9   1   7   0.0000042262
2   9   1   8   0.0000005421
2   9   1   9   -0.0000009537
2   9   1   12   -0.0000048566
2   9   2   7   0.0000047101
2   9   2   8   0.0000381653
2   9   2   9   0.1255199903
2   9   2   12   -0.0097993705
2   9   3   7   -0.0000010015
2   9   3   8   0.0000038444
2   9   3   9   0.0000215204
2   9   3   12   -0.0000207805
2   9   4   10   0.0000040164
2   9   5   11   0.0000040164
2   9   6   7   0.0000005715
2   9   6   8   0.0000015478
2   9   6   9   -0.0001844982
2   9   6   12   0.0000221983
2   10   1   10   -0.0000004947
2   10   2   10   0.1249926930
2   10   3   10   0.0000197014
2   10   4   7   0.0000012568
2   10   4   8   -0.0000014419
2   10   4   9   0.0000044116
2   10   4   12   -0.0000052117
2   10   6   10   -0.0001738725
2   11   1   11   -0.0000004947
2   11   2   11   0.1249926930
2   11   3   11   0.0000197014
2   11   5   7   0.0000012568
2   11   5   8   -0.0000014419
2   11   5   9   0.0000044116
2   11   5   12   -0.0000052117
2   11   6   11   -0.0001738725
2   12   1   7   -0.0000039446
2   12   1   8   -0.0000000031
2   12   1   9   -0.0000044263
2   12   1   12   -0.0000005063
2   12   2   7   -0.0007896449
2   12   2   8   0.0076928480
2   12   2   9   -0.0097993705
2   12   2   12   0.1331720051
2   12   3   7   -0.0000046947
2   12   3   8   0.0000015478
2   12   3   9   -0.0000191007
2   12   3   12   0.0000201309
2   12   4   10   -0.0000044874
2   12   5   11   -0.0000044874
2   12   6   7   0.0000027028
2   12   6   8   0.0001198242
2   12   6   9   0.0000234061
2   12   6   12   -0.0002015499
3   7   1   7   -0.5322305002
3   7   1   8   0.0000044428
3   7   1   9   0.0861502870
3   7   1   12   0.0015312361
3   7   2   7   0.0000353045
3   7   2   8   -0.0000002785
3   7   2   9   -0.0000010015
3   7   2   12   -0.0000046947
3   7   3   7   1.2632117382
3   7   3   8   -0.0000009537
3   7   3   9   -0.0237251825
3   7   3   12   -0.0005360930
3   7   4   10   0.0362268262
3   7   5   11   0.0362268262
3   7   6   7   0.0135625812
3   7   6   8   -0.0000044263
3   7   6   9   -0.0004349156
3   7   6   12   0.0337108032
3   8   1   7   0.0000042262
3   8   1   8   0.0000047101
3   8   1   9   -0.0000010015
3   8   1   12   0.0000005715
3   8   2   7   0.0000005421
3   8   2   8   0.0000381653
3   8   2   9   0.0000038444
3   8   2   12   0.0000015478
3   8   3   7   -0.0000009537
3   8   3   8   0.1255199903
3   8   3   9   0.0000215204
3   8   3   12   -0.0001844982
3   8   4   10   0.0000040164
3   8   5   11   0.0000040164
3   8   6   7   -0.0000048566
3   8   6   8   -0.0097993705
3   8   6   9   -0.0000207805
3   8   6   12   0.0000221983
3   9   1   7   0.0815856155
3   9   1   8   -0.0000008113
3   9   1   9   -0.0237251825
3   9   1   12   -0.0004590653
3   9   2   7   -0.0000008113
3   9   2   8   0.0000099669
3   9   2   9   0.0000215204
3   9   2   12   -0.0000191007
3   9   3   7   -0.0237251825
3   9   3   8   0.0000215204
3   9   3   9   0.8718307600
3   9   3   12   0.0065081461
3   9   4   10   0.1540634709
3   9   5   11   0.1540634709
3   9   6   7   -0.0004590653
3   9   6   8   -0.0000191007
3   9   6   9   0.0065081461
3   9   6   12   0.1456530910
3   10   1   10   -0.0155364322
3   10   2   10   0.0000197014
3   10   3   10   0.8196222867
3   10   4   7   0.0368546258
3   10   4   8   0.0000044116
3   10   4   9   0.1588360748
3   10   4   12   0.0014832674
3   10   6   10   0.0061260680
3   11   1   11   -0.0155364322
3   11   2   11   0.0000197014
3   11   3   11   0.8196222867
3   11   5   7   0.0368546258
3   11   5   8   0.0000044116
3   11   5   9   0.1588360748
3   11   5   12   0.0014832674
3   11   6   11   0.0061260680
3   12   1   7   0.0015696542
3   12   1   8   0.0000005696
3   12   1   9   -0.0004349156
3   12   1   12   -0.0145113927
3   12   2   7   -0.0000049732
3   12   2   8   -0.0000209236
3   12   2   9   -0.0000207805
3   12   2   12   0.0000201309
3   12   3   7   -0.0005360930
3   12   3   8   -0.0001844982
3   12   3   9   0.0065081461
3   12   3   12   0.7844064840
3   12   4   10   0.0013931667
3   12   5   11   0.0013931667
3   12   6   7   0.0345543340
3   12   6   8   0.0000234061
3   12   6   9   0.1507652051
3   12   6   12   0.0059034069
4   7   1   10   0.0370423014
4   7   2   10   0.0000012568
4   7   3   10   0.0368546258
4   7   4   7   1.1714096828
4   7   4   8   -0.0000004947
4   7   4   9   -0.0155364322
4   7   4   12   -0.0003511066
4   7   6   10   0.0005552537
4   8   1   10   0.0000012568
4   8   2   10   -0.0000014419
4   8   3   10   0.0000044116
4   8   4   7   -0.0000004947
4   8   4   8   0.1249926930
4   8   4   9   0.0000197014
4   8   4   12   -0.0001738725
4   8   6   10   -0.0000052117
4   9   1   10   0.0368546258
4   9   2   10   0.0000044116
4   9   3   10   0.1588360748
4   9   4   7   -0.0155364322
4   9   4   8   0.0000197014
4   9   4   9   0.8196222867
4   9   4   12   0.0061260680
4   9   6   10   0.0014832674
4   10   1   7   0.0318695338
4   10   1   8   0.0000011808
4   10   1   9   0.0362268262
4   10   1   12   0.0005129629
4   10   2   7   0.0000011808
4   10   2   8   0.0000170115
4   10   2   9   0.0000040164
4   10   2   12   -0.0000044874
4   10   3   7   0.0362268262
4   10   3   8   0.0000040164
4   10   3   9   0.1540634709
4   10   3   12   0.0013931667
4   10   4   10   0.8188793423
4   10   5   11   0.0320823790
4   10   6   7   0.0005129629
4   10   6   8   -0.0000044874
4   10   6   9   0.0013931667
4   10   6   12   0.0305789870
4   11   2   8   0.0000000000
4   11   4   11   0.7485668740
4   11   5   10   0.0382300893
4   11   6   12   0.0000000000
4   12   1   10   0.0005552537
4   12   2   10   -0.0000052117
4   12   3   10   0.0014832674
4   12   4   7   -0.0003511066
4   12   4   8   -0.0001738725
4   12   4   9   0.0061260680
4   12   4   12   0.7177846735
4   12   6   10   0.0364426195
5   7   1   11   0.0370423014
5   7   2   11   0.0000012568
5   7   3   11   0.0368546258
5   7   5   7   1.1714096828
5   7   5   8   -0.0000004947
5   7   5   9   -0.0155364322
5   7   5   12   -0.0003511066
5   7   6   11   0.0005552537
5   8   1   11   0.0000012568
5   8   2   11   -0.0000014419
5   8   3   11   0.0000044116
5   8   5   7   -0.0000004947
5   8   5   8   0.1249926930
5   8   5   9   0.0000197014
5   8   5   12   -0.0001738725
5   8   6   11   -0.0000052117
5   9   1   11   0.0368546258
5   9   2   11   0.0000044116
5   9   3   11   0.1588360748
5   9   5   7   -0.0155364322
5   9   5   8   0.0000197014
5   9   5   9   0.8196222867
5   9   5   12   0.0061260680
5   9   6   11   0.0014832674
5   10   2   8   -0.0000000000
5   10   4   11   0.0382300893
5   10   5   10   0.7485668740
5   10   6   12   -0.0000000000
5   11   1   7   0.0318695338
5   11   1   8   0.0000011808
5   11   1   9   0.0362268262
5   11   1   12   0.0005129629
5   11   2   7   0.0000011808
5   11   2   8   0.0000170115
5   11   2   9   0.0000040164
5   11   2   12   -0.0000044874
5   11   3   7   0.0362268262
5   11   3   8   0.0000040164
5   11   3   9   0.1540634709
5   11   3   12   0.0013931667
5   11   4   10   0.0320823790
5   11   5   11   0.8188793423
5   11   6   7   0.0005129629
5   11   6   8   -0.0000044874
5   11   6   9   0.0013931667
5   11   6   12   0.0305789870
5   12   1   11   0.0005552537
5   12   2   11   -0.0000052117
5   12   3   11   0.0014832674
5   12   5   7   -0.0003511066
5   12   5   8   -0.0001738725
5   12   5   9   0.0061260680
5   12   5   12   0.7177846735
5   12   6   11   0.0364426195
6   7   1   7   -0.0098019331
6   7   1   8   -0.0000043224
6   7   1   9   0.0015312361
6   7   1   12   0.0345442781
6   7   2   7   -0.0002145712
6   7   2   8   -0.0000003351
6   7   2   9   0.0000005715
6   7   2   12   0.0000027028
6   7   3   7   0.0135625812
6   7   3   8   -0.0000048566
6   7   3   9   -0.0004590653
6   7   3   12   0.0345543340
6   7   4   10   0.0005129629
6   7   5   11   0.0005129629
6   7   6   7   1.1121885399
6   7   6   8   -0.0000005063
6   7   6   9   -0.0145113927
6   7   6   12   0.0004296337
6   8   1   7   -0.0000039446
6   8   1   8   -0.0007896449
6   8   1   9   -0.0000046947
6   8   1   12   0.0000027028
6   8   2   7   -0.0000000031
6   8   2   8   0.0076928480
6   8   2   9   0.0000015478
6   8   2   12   0.0001198242
6   8   3   7   -0.0000044263
6   8   3   8   -0.0097993705
6   8   3   9   -0.0000191007
6   8   3   12   0.0000234061
6   8   4   10   -0.0000044874
6   8   5   11   -0.0000044874
6   8   6   7   -0.0000005063
6   8   6   8   0.1331720051
6   8   6   9   0.0000201309
6   8   6   12   -0.0002015499
6   9   1   7   0.0015696542
6   9   1   8   -0.0000049732
6   9   1   9   -0.0005360930
6   9   1   12   0.0345543340
6   9   2   7   0.0000005696
6   9   2   8   -0.0000209236
6   9   2   9   -0.0001844982
6   9   2   12   0.0000234061
6   9   3   7   -0.0004349156
6   9   3   8   -0.0000207805
6   9   3   9   0.0065081461
6   9   3   12   0.1507652051
6   9   4   10   0.0013931667
6   9   5   11   0.0013931667
6   9   6   7   -0.0145113927
6   9   6   8   0.0000201309
6   9   6   9   0.7844064840
6   9   6   12   0.0059034069
6   10   1   10   -0.0003511066
6   10   2   10   -0.0001738725
6   10   3   10   0.0061260680
6   10   4   7   0.0005552537
6   10   4   8   -0.0000052117
6   10   4   9   0.0014832674
6   10   4   12   0.0364426195
6   10   6   10   0.7177846735
6   11   1   11   -0.0003511066
6   11   2   11   -0.0001738725
6   11   3   11   0.0061260680
6   11   5   7   0.0005552537
6   11   5   8   -0.0000052117
6   11   5   9   0.0014832674
6   11   5   12   0.0364426195
6   11   6   11   0.7177846735
6   12   1   7   0.0295268940
6   12   1   8   0.0000028457
6   12   1   9   0.0337108032
6   12   1   12   0.0004296337
6   12   2   7   0.0000028457
6   12   2   8   0.0001835813
6   12   2   9   0.0000221983
6   12   2   12   -0.0002015499
6   12   3   7   0.0337108032
6   12   3   8   0.0000221983
6   12   3   9   0.1456530910
6   12   3   12   0.0059034069
6   12   4   10   0.0305789870
6   12   4   11   0.0000000000
6   12   5   10   -0.0000000000
6   12   5   11   0.0305789870
6   12   6   7   0.0004296337
6   12   6   8   -0.0002015499
6   12   6   9   0.0059034069
6   12   6   12   0.7570504950

End IJKL Block
Begin IJAB Block
1   7   1   5   0.0002023198
1   7   1   8   0.0003131795
1   7   2   6   0.0000580507
1   7   3   7   0.0000580507
1   7   4   5   0.0003131795
1   7   4   8   0.0005699552
1   8   1   5   0.0000004323
1   8   1   8   -0.0000008803
1   8   2   6   -0.0000000906
1   8   3   7   -0.0000000906
1   8   4   5   0.0000005472
1   8   4   8   -0.0000010626
1   9   1   5   0.0002084676
1   9   1   8   0.0003182774
1   9   2   6   0.0000585184
1   9   3   7   0.0000585184
1   9   4   5   0.0003043242
1   9   4   8   0.0004551633
1   10   1   6   0.0000001882
1   10   1   7   -0.0000002568
1   10   2   5   -0.0000035330
1   10   2   8   -0.0000293271
1   10   3   5   0.0000048203
1   10   3   8   0.0000400128
1   10   4   6   -0.0000081960
1   10   4   7   0.0000111824
1   11   1   6   -0.0000002568
1   11   1   7   -0.0000001882
1   11   2   5   0.0000048203
1   11   2   8   0.0000400128
1   11   3   5   0.0000035330
1   11   3   8   0.0000293271
1   11   4   6   0.0000111824
1   11   4   7   0.0000081960
1   12   1   5   -0.0000198358
1   12   1   8   -0.0001189155
1   12   2   6   0.0000023812
1   12   3   7   0.0000023812
1   12   4   5   -0.0001149821
1   12   4   8   -0.0002163919
2   7   1   5   0.0000004323
2   7   1   8   0.0000005472
2   7   2   6   -0.0000000906
2   7   3   7   -0.0000000906
2   7   4   5   -0.0000008803
2   7   4   8   -0.0000010626
2   8   1   5   0.0138254360
2   8   1   8   0.0081083486
2   8   2   6   0.0023599981
2   8   3   7   0.0023599981
2   8   4   5   0.0081083486
2   8   4   8   0.0076724098
2   9   1   5   0.0000005533
2   9   1   8   0.0000008056
2   9   2   6   0.0000043312
2   9   3   7   0.0000043312
2   9   4   5   -0.0000057173
2   9   4   8   -0.0000001923
2   10   1   6   0.0000056696
2   10   1   7   -0.0000077354
2   10   2   5   -0.0000214503
2   10   2   8   -0.0000431157
2   10   3   5   0.0000292661
2   10   3   8   0.0000588255
2   10   4   6   0.0000050053
2   10   4   7   -0.0000068290
2   11   1   6   -0.0000077354
2   11   1   7   -0.0000056696
2   11   2   5   0.0000292661
2   11   2   8   0.0000588255
2   11   3   5   0.0000214503
2   11   3   8   0.0000431157
2   11   4   6   -0.0000068290
2   11   4   7   -0.0000050053
2   12   1   5   0.0003614950
2   12   1   8   0.0005250573
2   12   2   6   -0.0002962158
2   12   3   7   -0.0002962158
2   12   4   5   0.0001914001
2   12   4   8   -0.0002664397
3   7   1   5   0.0002084676
3   7   1   8   0.0003043242
3   7   2   6   0.0000585184
3   7   3   7   0.0000585184
3   7   4   5   0.0003182774
3   7   4   8   0.0004551633
3   8   1   5   0.0000005533
3   8   1   8   -0.0000057173
3   8   2   6   0.0000043312
3   8   3   7   0.0000043312
3   8   4   5   0.0000008056
3   8   4   8   -0.0000001923
3   9   1   5   0.0010720893
3   9   1   8   0.0016165654
3   9   2   6   0.0002899643
3   9   3   7   0.0002899643
3   9   4   5   0.0016165654
3   9   4   8   0.0027125477
3   10   1   6   -0.0000348160
3   10   1   7   0.0000475017
3   10   2   5   -0.0000185151
3   10   2   8   -0.0001529990
3   10   3   5   0.0000252614
3   10   3   8   0.0002087463
3   10   4   6   -0.0003526503
3   10   4   7   0.0004811434
3   11   1   6   0.0000475017
3   11   1   7   0.0000348160
3   11   2   5   0.0000252614
3   11   2   8   0.0002087463
3   11   3   5   0.0000185151
3   11   3   8   0.0001529990
3   11   4   6   0.0004811434
3   11   4   7   0.0003526503
3   12   1   5   -0.0002669950
3   12   1   8   -0.0009923556
3   12   2   6   -0.0000460191
3   12   3   7   -0.0000460191
3   12   4   5   -0.0015623335
3   12   4   8   -0.0027072882
4   7   1   6   -0.0000035330
4   7   1   7   0.0000048203
4   7   2   5   0.0000001882
4   7   2   8   -0.0000081960
4   7   3   5   -0.0000002568
4   7   3   8   0.0000111824
4   7   4   6   -0.0000293271
4   7   4   7   0.0000400128
4   8   1   6   -0.0000214503
4   8   1   7   0.0000292661
4   8   2   5   0.0000056696
4   8   2   8   0.0000050053
4   8   3   5   -0.0000077354
4   8   3   8   -0.0000068290
4   8   4   6   -0.0000431157
4   8   4   7   0.0000588255
4   9   1   6   -0.0000185151
4   9   1   7   0.0000252614
4   9   2   5   -0.0000348160
4   9   2   8   -0.0003526503
4   9   3   5   0.0000475017
4   9   3   8   0.0004811434
4   9   4   6   -0.0001529990
4   9   4   7   0.0002087463
4   10   1   5   0.0007093351
4   10   1   8   0.0009293978
4   10   2   6   0.0004318530
4   10   2   7   -0.0003766702
4   10   3   6   -0.0003766702
4   10   3   7   0.0006696907
4   10   4   5   0.0009293978
4   10   4   8   0.0014517654
4   11   1   5   0.0000000000
4   11   1   8   0.0000000000
4   11   2   6   -0.0003766702
4   11   2   7   -0.0001507079
4   11   3   6   0.0003885455
4   11   3   7   0.0003766702
4   11   4   5   0.0000000000
4   11   4   8   0.0000000000
4   12   1   6   0.0002637361
4   12   1   7   -0.0003598320
4   12   2   5   0.0007847296
4   12   2   8   0.0011431913
4   12   3   5   -0.0010706567
4   12   3   8   -0.0015597290
4   12   4   6   0.0002751004
4   12   4   7   -0.0003753370
5   7   1   6   0.0000048203
5   7   1   7   0.0000035330
5   7   2   5   -0.0000002568
5   7   2   8   0.0000111824
5   7   3   5   -0.0000001882
5   7   3   8   0.0000081960
5   7   4   6   0.0000400128
5   7   4   7   0.0000293271
5   8   1   6   0.0000292661
5   8   1   7   0.0000214503
5   8   2   5   -0.0000077354
5   8   2   8   -0.0000068290
5   8   3   5   -0.0000056696
5   8   3   8   -0.0000050053
5   8   4   6   0.0000588255
5   8   4   7   0.0000431157
5   9   1   6   0.0000252614
5   9   1   7   0.0000185151
5   9   2   5   0.0000475017
5   9   2   8   0.0004811434
5   9   3   5   0.0000348160
5   9   3   8   0.0003526503
5   9   4   6   0.0002087463
5   9   4   7   0.0001529990
5   10   1   5   -0.0000000000
5   10   1   8   -0.0000000000
5   10   2   6   -0.0003766702
5   10   2   7   0.0003885455
5   10   3   6   -0.0001507079
5   10   3   7   0.0003766702
5   10   4   5   -0.0000000000
5   10   4   8   -0.0000000000
5   11   1   5   0.0007093351
5   11   1   8   0.0009293978
5   11   2   6   0.0006696907
5   11   2   7   0.0003766702
5   11   3   6   0.0003766702
5   11   3   7   0.0004318530
5   11   4   5   0.0009293978
5   11   4   8   0.0014517654
5   12   1   6   -0.0003598320
5   12   1   7   -0.0002637361
5   12   2   5   -0.0010706567
5   12   2   8   -0.0015597290
5   12   3   5   -0.0007847296
5   12   3   8   -0.0011431913
5   12   4   6   -0.0003753370
5   12   4   7   -0.0002751004
6   7   1   5   -0.0000198358
6   7   1   8   -0.0001149821
6   7   2   6   0.0000023812
6   7   3   7   0.0000023812
6   7   4   5   -0.0001189155
6   7   4   8   -0.0002163919
6   8   1   5   0.0003614950
6   8   1   8   0.0001914001
6   8   2   6   -0.0002962158
6   8   3   7   -0.0002962158
6   8   4   5   0.0005250573
6   8   4   8   -0.0002664397
6   9   1   5   -0.0002669950
6   9   1   8   -0.0015623335
6   9   2   6   -0.0000460191
6   9   3   7   -0.0000460191
6   9   4   5   -0.0009923556
6   9   4   8   -0.0027072882
6   10   1   6   0.0007847296
6   10   1   7   -0.0010706567
6   10   2   5   0.0002637361
6   10   2   8   0.0002751004
6   10   3   5   -0.0003598320
6   10   3   8   -0.0003753370
6   10   4   6   0.0011431913
6   10   4   7   -0.0015597290
6   11   1   6   -0.0010706567
6   11   1   7   -0.0007847296
6   11   2   5   -0.0003598320
6   11   2   8   -0.0003753370
6   11   3   5   -0.0002637361
6   11   3   8   -0.0002751004
6   11   4   6   -0.0015597290
6   11   4   7   -0.0011431913
6   12   1   5   0.0043639837
6   12   1   8   0.0065400637
6   12   2   6   0.0008180480
6   12   3   7   0.0008180480
6   12   4   5   0.0065400637
6   12   4   8   0.0094141083

End IJAB Block
Begin ABCD Block
1   5   1   5   0.2347954131
1   5   1   8   -0.0037217492
1   5   2   6   0.0380954289
1   5   3   7   0.0380954289
1   5   4   5   -0.0037217492
1   5   4   8   0.0304388863
1   6   1   6   0.1912438590
1   6   2   5   0.0380983848
1   6   2   8   0.0082212211
1   6   4   6   0.0101312237
1   7   1   7   0.1912438590
1   7   3   5   0.0380983848
1   7   3   8   0.0082212211
1   7   4   7   0.0101312237
1   8   1   5   -0.0037217492
1   8   1   8   0.1904209368
1   8   2   6   0.0082188354
1   8   3   7   0.0082188354
1   8   4   5   0.0304586435
1   8   4   8   0.0145841502
2   5   1   6   0.0380983848
2   5   2   5   0.1912438590
2   5   2   8   0.0101312237
2   5   4   6   0.0082212211
2   6   1   5   0.0380954289
2   6   1   8   0.0082188354
2   6   2   6   0.1816336213
2   6   3   7   0.0096854038
2   6   4   5   0.0082188354
2   6   4   8   0.0122423425
2   7   2   7   0.1622629992
2   7   3   6   0.0096852184
2   8   1   6   0.0082212211
2   8   2   5   0.0101312237
2   8   2   8   0.1673485558
2   8   4   6   0.0122440783
3   5   1   7   0.0380983848
3   5   3   5   0.1912438590
3   5   3   8   0.0101312237
3   5   4   7   0.0082212211
3   6   2   7   0.0096852184
3   6   3   6   0.1622629992
3   7   1   5   0.0380954289
3   7   1   8   0.0082188354
3   7   2   6   0.0096854038
3   7   3   7   0.1816336213
3   7   4   5   0.0082188354
3   7   4   8   0.0122423425
3   8   1   7   0.0082212211
3   8   3   5   0.0101312237
3   8   3   8   0.1673485558
3   8   4   7   0.0122440783
4   5   1   5   -0.0037217492
4   5   1   8   0.0304586435
4   5   2   6   0.0082188354
4   5   3   7   0.0082188354
4   5   4   5   0.1904209368
4   5   4   8   0.0145841502
4   6   1   6   0.0101312237
4   6   2   5   0.0082212211
4   6   2   8   0.0122440783
4   6   4   6   0.1673485558
4   7   1   7   0.0101312237
4   7   3   5   0.0082212211
4   7   3   8   0.0122440783
4   7   4   7   0.1673485558
4   8   1   5   0.0304388863
4   8   1   8   0.0145841502
4   8   2   6   0.0122423425
4   8   3   7   0.0122423425
4   8   4   5   0.0145841502
4   8   4   8   0.1911306159

End ABCD Block
Begin AIJB Block
1   7   1   5   0.0002408790
1   7   1   8   0.0003325459
1   7   2   5   0.0000005251
1   7   2   8   0.0000006437
1   7   3   5   0.0002500014
1   7   3   8   0.0003061691
1   7   4   6   -0.0000021768
1   7   4   7   0.0000029699
1   7   5   6   0.0000029699
1   7   5   7   0.0000021768
1   7   6   5   -0.0000077436
1   7   6   8   -0.0000231220
1   8   1   5   0.0000005251
1   8   1   8   -0.0000009075
1   8   2   5   0.0107247680
1   8   2   8   0.0061842235
1   8   3   5   0.0000026891
1   8   3   8   -0.0000057687
1   8   4   6   -0.0000178257
1   8   4   7   0.0000243207
1   8   5   6   0.0000243207
1   8   5   7   0.0000178257
1   8   6   5   0.0001587618
1   8   6   8   -0.0000178572
1   9   1   5   0.0002500014
1   9   1   8   0.0003240014
1   9   2   5   0.0000026891
1   9   2   8   0.0000038196
1   9   3   5   0.0011326021
1   9   3   8   0.0014233498
1   9   4   6   -0.0000057192
1   9   4   7   0.0000078031
1   9   5   6   0.0000078031
1   9   5   7   0.0000057192
1   9   6   5   0.0000603423
1   9   6   8   -0.0006265713
1   10   1   6   0.0000015691
1   10   1   7   -0.0000021408
1   10   2   6   0.0000023975
1   10   2   7   -0.0000032711
1   10   3   6   -0.0000019965
1   10   3   7   0.0000027239
1   10   4   5   0.0000712713
1   10   4   8   0.0002544428
1   10   6   6   0.0008881535
1   10   6   7   -0.0012117646
1   11   1   6   -0.0000021408
1   11   1   7   -0.0000015691
1   11   2   6   -0.0000032711
1   11   2   7   -0.0000023975
1   11   3   6   0.0000027239
1   11   3   7   0.0000019965
1   11   5   5   0.0000712713
1   11   5   8   0.0002544428
1   11   6   6   -0.0012117646
1   11   6   7   -0.0008881535
1   12   1   5   -0.0000077436
1   12   1   8   -0.0000591408
1   12   2   5   0.0001587618
1   12   2   8   0.0002927906
1   12   3   5   0.0000603423
1   12   3   8   -0.0001030734
1   12   4   6   0.0000805002
1   12   4   7   -0.0001098316
1   12   5   6   -0.0001098316
1   12   5   7   -0.0000805002
1   12   6   5   0.0045057114
1   12   6   8   0.0052184953
2   7   1   6   0.0000581146
2   7   2   6   -0.0000002877
2   7   3   6   0.0000538464
2   7   4   5   0.0000015691
2   7   4   8   0.0000043697
2   7   5   5   -0.0000021408
2   7   5   8   -0.0000059618
2   7   6   6   0.0000035383
2   8   1   6   -0.0000002877
2   8   2   6   0.0020907091
2   8   3   6   0.0000004015
2   8   4   5   0.0000023975
2   8   4   8   -0.0000023192
2   8   5   5   -0.0000032711
2   8   5   8   0.0000031642
2   8   6   6   -0.0002022685
2   9   1   6   0.0000538464
2   9   2   6   0.0000004015
2   9   3   6   0.0002250391
2   9   4   5   -0.0000019965
2   9   4   8   -0.0002234368
2   9   5   5   0.0000027239
2   9   5   8   0.0003048491
2   9   6   6   0.0000148801
2   10   1   5   -0.0000021768
2   10   1   8   -0.0000218594
2   10   2   5   -0.0000178257
2   10   2   8   -0.0000390497
2   10   3   5   -0.0000057192
2   10   3   8   -0.0000645887
2   10   4   6   0.0003238831
2   10   4   7   -0.0003563992
2   10   5   6   -0.0003563992
2   10   5   7   0.0004174254
2   10   6   5   0.0000805002
2   10   6   8   0.0001704267
2   11   1   5   0.0000029699
2   11   1   8   0.0000298242
2   11   2   5   0.0000243207
2   11   2   8   0.0000532779
2   11   3   5   0.0000078031
2   11   3   8   0.0000881225
2   11   4   6   -0.0003563992
2   11   4   7   -0.0001923872
2   11   5   6   0.0005489213
2   11   5   7   0.0003563992
2   11   6   5   -0.0001098316
2   11   6   8   -0.0002325241
2   12   1   6   0.0000035383
2   12   2   6   -0.0002022685
2   12   3   6   0.0000148801
2   12   4   5   0.0008881535
2   12   4   8   0.0011546824
2   12   5   5   -0.0012117646
2   12   5   8   -0.0015754070
2   12   6   6   0.0003553608
3   7   1   7   0.0000581146
3   7   2   7   -0.0000002877
3   7   3   7   0.0000538464
3   7   4   5   -0.0000021408
3   7   4   8   -0.0000059618
3   7   5   5   -0.0000015691
3   7   5   8   -0.0000043697
3   7   6   7   0.0000035383
3   8   1   7   -0.0000002877
3   8   2   7   0.0020907091
3   8   3   7   0.0000004015
3   8   4   5   -0.0000032711
3   8   4   8   0.0000031642
3   8   5   5   -0.0000023975
3   8   5   8   0.0000023192
3   8   6   7   -0.0002022685
3   9   1   7   0.0000538464
3   9   2   7   0.0000004015
3   9   3   7   0.0002250391
3   9   4   5   0.0000027239
3   9   4   8   0.0003048491
3   9   5   5   0.0000019965
3   9   5   8   0.0002234368
3   9   6   7   0.0000148801
3   10   1   5   0.0000029699
3   10   1   8   0.0000298242
3   10   2   5   0.0000243207
3   10   2   8   0.0000532779
3   10   3   5   0.0000078031
3   10   3   8   0.0000881225
3   10   4   6   -0.0003563992
3   10   4   7   0.0005489213
3   10   5   6   -0.0001923872
3   10   5   7   0.0003563992
3   10   6   5   -0.0001098316
3   10   6   8   -0.0002325241
3   11   1   5   0.0000021768
3   11   1   8   0.0000218594
3   11   2   5   0.0000178257
3   11   2   8   0.0000390497
3   11   3   5   0.0000057192
3   11   3   8   0.0000645887
3   11   4   6   0.0004174254
3   11   4   7   0.0003563992
3   11   5   6   0.0003563992
3   11   5   7   0.0003238831
3   11   6   5   -0.0000805002
3   11   6   8   -0.0001704267
3   12   1   7   0.0000035383
3   12   2   7   -0.0002022685
3   12   3   7   0.0000148801
3   12   4   5   -0.0012117646
3   12   4   8   -0.0015754070
3   12   5   5   -0.0008881535
3   12   5   8   -0.0011546824
3   12   6   7   0.0003553608
4   7   1   5   0.0003325459
4   7   1   8   0.0005709074
4   7   2   5   -0.0000009075
4   7   2   8   -0.0000013230
4   7   3   5   0.0003240014
4   7   3   8   0.0004211682
4   7   4   6   -0.0000218594
4   7   4   7   0.0000298242
4   7   5   6   0.0000298242
4   7   5   7   0.0000218594
4   7   6   5   -0.0000591408
4   7   6   8   -0.0000858344
4   8   1   5   0.0000006437
4   8   1   8   -0.0000013230
4   8   2   5   0.0061842235
4   8   2   8   0.0061807070
4   8   3   5   0.0000038196
4   8   3   8   -0.0000040567
4   8   4   6   -0.0000390497
4   8   4   7   0.0000532779
4   8   5   6   0.0000532779
4   8   5   7   0.0000390497
4   8   6   5   0.0002927906
4   8   6   8   -0.0003101904
4   9   1   5   0.0003061691
4   9   1   8   0.0004211682
4   9   2   5   -0.0000057687
4   9   2   8   -0.0000040567
4   9   3   5   0.0014233498
4   9   3   8   0.0022318082
4   9   4   6   -0.0000645887
4   9   4   7   0.0000881225
4   9   5   6   0.0000881225
4   9   5   7   0.0000645887
4   9   6   5   -0.0001030734
4   9   6   8   -0.0012478476
4   10   1   6   0.0000043697
4   10   1   7   -0.0000059618
4   10   2   6   -0.0000023192
4   10   2   7   0.0000031642
4   10   3   6   -0.0002234368
4   10   3   7   0.0003048491
4   10   4   5   0.0002544428
4   10   4   8   0.0006602200
4   10   6   6   0.0011546824
4   10   6   7   -0.0015754070
4   11   1   6   -0.0000059618
4   11   1   7   -0.0000043697
4   11   2   6   0.0000031642
4   11   2   7   0.0000023192
4   11   3   6   0.0003048491
4   11   3   7   0.0002234368
4   11   5   5   0.0002544428
4   11   5   8   0.0006602200
4   11   6   6   -0.0015754070
4   11   6   7   -0.0011546824
4   12   1   5   -0.0000231220
4   12   1   8   -0.0000858344
4   12   2   5   -0.0000178572
4   12   2   8   -0.0003101904
4   12   3   5   -0.0006265713
4   12   3   8   -0.0012478476
4   12   4   6   0.0001704267
4   12   4   7   -0.0002325241
4   12   5   6   -0.0002325241
4   12   5   7   -0.0001704267
4   12   6   5   0.0052184953
4   12   6   8   0.0078639939

1   7   7   1   -0.1095356056
1   7   7   4   -0.0323253375
1   7   8   1   0.0000000435
1   7   8   4   -0.0000001531
1   7   9   1   0.0001332894
1   7   9   4   0.0001639676
1   7   10   2   0.0000878118
1   7   10   3   -0.0001198073
1   7   11   2   -0.0001198073
1   7   11   3   -0.0000878118
1   7   12   1   0.0005218587
1   7   12   4   0.0003092488
1   8   7   1   0.0000000435
1   8   7   4   -0.0000001134
1   8   8   1   -0.2978548801
1   8   8   4   -0.0474143799
1   8   9   1   -0.0000004566
1   8   9   4   0.0000017082
1   8   10   2   0.0000113669
1   8   10   3   -0.0000155086
1   8   11   2   -0.0000155086
1   8   11   3   -0.0000113669
1   8   12   1   -0.0003614992
1   8   12   4   0.0000848252
1   9   7   1   0.0001332894
1   9   7   4   0.0001629908
1   9   8   1   -0.0000004566
1   9   8   4   0.0000020902
1   9   9   1   -0.1063184171
1   9   9   4   -0.0283817367
1   9   10   2   0.0010221537
1   9   10   3   -0.0013945896
1   9   11   2   -0.0013945896
1   9   11   3   -0.0010221537
1   9   12   1   0.0060657215
1   9   12   4   0.0026730998
1   10   7   2   0.0000889488
1   10   7   3   -0.0001213586
1   10   8   2   0.0000107454
1   10   8   3   -0.0000146606
1   10   9   2   0.0010203384
1   10   9   3   -0.0013921128
1   10   10   1   -0.1052606654
1   10   10   4   -0.0272566167
1   10   12   2   -0.0003327088
1   10   12   3   0.0004539359
1   11   7   2   -0.0001213586
1   11   7   3   -0.0000889488
1   11   8   2   -0.0000146606
1   11   8   3   -0.0000107454
1   11   9   2   -0.0013921128
1   11   9   3   -0.0010203384
1   11   11   1   -0.1052606654
1   11   11   4   -0.0272566167
1   11   12   2   0.0004539359
1   11   12   3   0.0003327088
1   12   7   1   0.0005218587
1   12   7   4   0.0002982397
1   12   8   1   -0.0003614992
1   12   8   4   0.0000891273
1   12   9   1   0.0060657215
1   12   9   4   0.0026782571
1   12   10   2   -0.0003435868
1   12   10   3   0.0004687774
1   12   11   2   0.0004687774
1   12   11   3   0.0003435868
1   12   12   1   -0.1084939797
1   12   12   4   -0.0283674328
2   7   7   2   -0.1068290768
2   7   8   2   0.0000000108
2   7   9   2   0.0000218876
2   7   10   1   0.0000889488
2   7   10   4   0.0001189502
2   7   11   1   -0.0001213586
2   7   11   4   -0.0001622914
2   7   12   2   0.0004834748
2   8   7   2   0.0000000108
2   8   8   2   -0.2347744420
2   8   9   2   -0.0000003159
2   8   10   1   0.0000107454
2   8   10   4   0.0000051250
2   8   11   1   -0.0000146606
2   8   11   4   -0.0000069924
2   8   12   2   -0.0001036136
2   9   7   2   0.0000218876
2   9   8   2   -0.0000003159
2   9   9   2   -0.1063663088
2   9   10   1   0.0010203384
2   9   10   4   0.0011824459
2   9   11   1   -0.0013921128
2   9   11   4   -0.0016132865
2   9   12   2   0.0059623648
2   10   7   1   0.0000878118
2   10   7   4   0.0001169598
2   10   8   1   0.0000113669
2   10   8   4   0.0000055469
2   10   9   1   0.0010221537
2   10   9   4   0.0011837740
2   10   10   2   -0.1060928049
2   10   10   3   0.0001903333
2   10   11   2   0.0001903333
2   10   11   3   -0.0000567212
2   10   12   1   -0.0003435868
2   10   12   4   -0.0004042622
2   11   7   1   -0.0001198073
2   11   7   4   -0.0001595757
2   11   8   1   -0.0000155086
2   11   8   4   -0.0000075680
2   11   9   1   -0.0013945896
2   11   9   4   -0.0016150984
2   11   10   2   0.0001903333
2   11   10   3   -0.0000634593
2   11   11   2   -0.1062129854
2   11   11   3   -0.0001903333
2   11   12   1   0.0004687774
2   11   12   4   0.0005515608
2   12   7   2   0.0004834748
2   12   8   2   -0.0001036136
2   12   9   2   0.0059623648
2   12   10   1   -0.0003327088
2   12   10   4   -0.0003891813
2   12   11   1   0.0004539359
2   12   11   4   0.0005309849
2   12   12   2   -0.1096544245
3   7   7   3   -0.1068290768
3   7   8   3   0.0000000108
3   7   9   3   0.0000218876
3   7   10   1   -0.0001213586
3   7   10   4   -0.0001622914
3   7   11   1   -0.0000889488
3   7   11   4   -0.0001189502
3   7   12   3   0.0004834748
3   8   7   3   0.0000000108
3   8   8   3   -0.2347744420
3   8   9   3   -0.0000003159
3   8   10   1   -0.0000146606
3   8   10   4   -0.0000069924
3   8   11   1   -0.0000107454
3   8   11   4   -0.0000051250
3   8   12   3   -0.0001036136
3   9   7   3   0.0000218876
3   9   8   3   -0.0000003159
3   9   9   3   -0.1063663088
3   9   10   1   -0.0013921128
3   9   10   4   -0.0016132865
3   9   11   1   -0.0010203384
3   9   11   4   -0.0011824459
3   9   12   3   0.0059623648
3   10   7   1   -0.0001198073
3   10   7   4   -0.0001595757
3   10   8   1   -0.0000155086
3   10   8   4   -0.0000075680
3   10   9   1   -0.0013945896
3   10   9   4   -0.0016150984
3   10   10   2   0.0001903333
3   10   10   3   -0.1062129854
3   10   11   2   -0.0000634593
3   10   11   3   -0.0001903333
3   10   12   1   0.0004687774
3   10   12   4   0.0005515608
3   11   7   1   -0.0000878118
3   11   7   4   -0.0001169598
3   11   8   1   -0.0000113669
3   11   8   4   -0.0000055469
3   11   9   1   -0.0010221537
3   11   9   4   -0.0011837740
3   11   10   2   -0.0000567212
3   11   10   3   -0.0001903333
3   11   11   2   -0.0001903333
3   11   11   3   -0.1060928049
3   11   12   1   0.0003435868
3   11   12   4   0.0004042622
3   12   7   3   0.0004834748
3   12   8   3   -0.0001036136
3   12   9   3   0.0059623648
3   12   10   1   0.0004539359
3   12   10   4   0.0005309849
3   12   11   1   0.0003327088
3   12   11   4   0.0003891813
3   12   12   3   -0.1096544245
4   7   7   1   -0.0323253375
4   7   7   4   -0.1405049474
4   7   8   1   -0.0000001134
4   7   8   4   -0.0000002301
4   7   9   1   0.0001629908
4   7   9   4   0.0002376758
4   7   10   2   0.0001169598
4   7   10   3   -0.0001595757
4   7   11   2   -0.0001595757
4   7   11   3   -0.0001169598
4   7   12   1   0.0002982397
4   7   12   4   0.0009525026
4   8   7   1   -0.0000001531
4   8   7   4   -0.0000002301
4   8   8   1   -0.0474143799
4   8   8   4   -0.2611372659
4   8   9   1   0.0000020902
4   8   9   4   0.0000038962
4   8   10   2   0.0000055469
4   8   10   3   -0.0000075680
4   8   11   2   -0.0000075680
4   8   11   3   -0.0000055469
4   8   12   1   0.0000891273
4   8   12   4   0.0000273736
4   9   7   1   0.0001639676
4   9   7   4   0.0002376758
4   9   8   1   0.0000017082
4   9   8   4   0.0000038962
4   9   9   1   -0.0283817367
4   9   9   4   -0.1351359497
4   9   10   2   0.0011837740
4   9   10   3   -0.0016150984
4   9   11   2   -0.0016150984
4   9   11   3   -0.0011837740
4   9   12   1   0.0026782571
4   9   12   4   0.0093643208
4   10   7   2   0.0001189502
4   10   7   3   -0.0001622914
4   10   8   2   0.0000051250
4   10   8   3   -0.0000069924
4   10   9   2   0.0011824459
4   10   9   3   -0.0016132865
4   10   10   1   -0.0272566167
4   10   10   4   -0.1335081566
4   10   12   2   -0.0003891813
4   10   12   3   0.0005309849
4   11   7   2   -0.0001622914
4   11   7   3   -0.0001189502
4   11   8   2   -0.0000069924
4   11   8   3   -0.0000051250
4   11   9   2   -0.0016132865
4   11   9   3   -0.0011824459
4   11   11   1   -0.0272566167
4   11   11   4   -0.1335081566
4   11   12   2   0.0005309849
4   11   12   3   0.0003891813
4   12   7   1   0.0003092488
4   12   7   4   0.0009525026
4   12   8   1   0.0000848252
4   12   8   4   0.0000273736
4   12   9   1   0.0026730998
4   12   9   4   0.0093643208
4   12   10   2   -0.0004042622
4   12   10   3   0.0005515608
4   12   11   2   0.0005515608
4   12   11   3   0.0004042622
4   12   12   1   -0.0283674328
4   12   12   4   -0.1389133271

End AIJB Block
Begin IJKA Block
1   7   1   5   0.0019548093
1   7   1   8   0.0184686949
1   7   2   5   -0.0000000145
1   7   2   8   -0.0000002347
1   7   3   5   -0.0003309305
1   7   3   8   -0.0031493763
1   7   4   6   0.0008298271
1   7   4   7   -0.0011321862
1   7   5   6   -0.0011321862
1   7   5   7   -0.0008298271
1   7   6   5   0.0024946055
1   7   6   8   0.0037499343
1   8   1   5   -0.0005353489
1   8   1   8   0.0011650175
1   8   2   5   -0.0000001493
1   8   2   8   0.0000000668
1   8   3   5   -0.0000005163
1   8   3   8   -0.0000012266
1   8   4   6   -0.0000050311
1   8   4   7   0.0000068642
1   8   5   6   0.0000068642
1   8   5   7   0.0000050311
1   8   6   5   0.0000068561
1   8   6   8   -0.0000143943
1   9   1   5   -0.0029180312
1   9   1   8   -0.0220334997
1   9   2   5   -0.0000000385
1   9   2   8   -0.0000001501
1   9   3   5   0.0000407253
1   9   3   8   0.0004877048
1   9   4   6   0.0007941604
1   9   4   7   -0.0010835238
1   9   5   6   -0.0010835238
1   9   5   7   -0.0007941604
1   9   6   5   0.0023740876
1   9   6   8   0.0037055489
1   10   1   6   0.0134140879
1   10   1   7   -0.0183016971
1   10   2   6   -0.0000000008
1   10   2   7   0.0000000011
1   10   3   6   0.0000938789
1   10   3   7   -0.0001280850
1   10   4   5   -0.0001096558
1   10   4   8   -0.0009652993
1   10   6   6   0.0000291853
1   10   6   7   -0.0000398194
1   11   1   6   -0.0183016971
1   11   1   7   -0.0134140879
1   11   2   6   0.0000000011
1   11   2   7   0.0000000008
1   11   3   6   -0.0001280850
1   11   3   7   -0.0000938789
1   11   5   5   -0.0001096558
1   11   5   8   -0.0009652993
1   11   6   6   -0.0000398194
1   11   6   7   -0.0000291853
1   12   1   5   0.0114256837
1   12   1   8   0.0451598016
1   12   2   5   0.0000000554
1   12   2   8   0.0000000726
1   12   3   5   0.0019331240
1   12   3   8   0.0011448175
1   12   4   6   0.0000516677
1   12   4   7   -0.0000704935
1   12   5   6   -0.0000704935
1   12   5   7   -0.0000516677
1   12   6   5   0.0000517921
1   12   6   8   -0.0006680466
2   7   1   5   -0.0000006283
2   7   1   8   -0.0000009511
2   7   2   5   -0.0000464851
2   7   2   8   -0.0000754271
2   7   3   5   -0.0000005349
2   7   3   8   -0.0000010503
2   7   4   6   0.0000000600
2   7   4   7   -0.0000000819
2   7   5   6   -0.0000000819
2   7   5   7   -0.0000000600
2   7   6   5   0.0000004107
2   7   6   8   0.0000001485
2   8   1   5   0.0000000207
2   8   1   8   0.0000001034
2   8   2   5   -0.1072798460
2   8   2   8   -0.0705410350
2   8   3   5   0.0000075180
2   8   3   8   0.0000000495
2   8   4   6   -0.0000091566
2   8   4   7   0.0000124930
2   8   5   6   0.0000124930
2   8   5   7   0.0000091566
2   8   6   5   -0.0008787145
2   8   6   8   -0.0006709264
2   9   1   5   -0.0000005565
2   9   1   8   -0.0000008513
2   9   2   5   -0.0002403354
2   9   2   8   -0.0003798685
2   9   3   5   -0.0000028032
2   9   3   8   -0.0000051155
2   9   4   6   0.0000002596
2   9   4   7   -0.0000003541
2   9   5   6   -0.0000003541
2   9   5   7   -0.0000002596
2   9   6   5   0.0000008481
2   9   6   8   0.0000021262
2   10   1   6   0.0000000051
2   10   1   7   -0.0000000070
2   10   2   6   -0.0006081512
2   10   2   7   0.0008297395
2   10   3   6   0.0000006016
2   10   3   7   -0.0000008208
2   10   4   5   0.0000008390
2   10   4   8   -0.0000001013
2   10   6   6   -0.0000014581
2   10   6   7   0.0000019894
2   11   1   6   -0.0000000070
2   11   1   7   -0.0000000051
2   11   2   6   0.0008297395
2   11   2   7   0.0006081512
2   11   3   6   -0.0000008208
2   11   3   7   -0.0000006016
2   11   5   5   0.0000008390
2   11   5   8   -0.0000001013
2   11   6   6   0.0000019894
2   11   6   7   0.0000014581
2   12   1   5   -0.0000000197
2   12   1   8   0.0000001711
2   12   2   5   -0.0086098534
2   12   2   8   -0.0168603063
2   12   3   5   0.0000059648
2   12   3   8   0.0000007373
2   12   4   6   0.0000054870
2   12   4   7   -0.0000074863
2   12   5   6   -0.0000074863
2   12   5   7   -0.0000054870
2   12   6   5   -0.0000242208
2   12   6   8   -0.0000175321
3   7   1   5   -0.0003741853
3   7   1   8   -0.0034239961
3   7   2   5   -0.0000000735
3   7   2   8   -0.0000002784
3   7   3   5   0.0000317130
3   7   3   8   0.0006358467
3   7   4   6   0.0008938514
3   7   4   7   -0.0012195386
3   7   5   6   -0.0012195386
3   7   5   7   -0.0008938514
3   7   6   5   0.0028439237
3   7   6   8   0.0041983095
3   8   1   5   -0.0000007320
3   8   1   8   -0.0000012566
3   8   2   5   -0.0000013477
3   8   2   8   -0.0000070651
3   8   3   5   -0.0005425304
3   8   3   8   0.0011572405
3   8   4   6   -0.0000557581
3   8   4   7   0.0000760743
3   8   5   6   0.0000760743
3   8   5   7   0.0000557581
3   8   6   5   0.0000785978
3   8   6   8   -0.0001670820
3   9   1   5   -0.0000085223
3   9   1   8   0.0002243862
3   9   2   5   -0.0000012728
3   9   2   8   -0.0000022442
3   9   3   5   -0.0020706766
3   9   3   8   -0.0139286076
3   9   4   6   0.0034680044
3   9   4   7   -0.0047316199
3   9   5   6   -0.0047316199
3   9   5   7   -0.0034680044
3   9   6   5   0.0116741771
3   9   6   8   0.0167061117
3   10   1   6   0.0002249347
3   10   1   7   -0.0003068928
3   10   2   6   0.0000006245
3   10   2   7   -0.0000008520
3   10   3   6   0.0111037526
3   10   3   7   -0.0151495590
3   10   4   5   -0.0003923475
3   10   4   8   -0.0029177260
3   10   6   6   0.0003228201
3   10   6   7   -0.0004404441
3   11   1   6   -0.0003068928
3   11   1   7   -0.0002249347
3   11   2   6   -0.0000008520
3   11   2   7   -0.0000006245
3   11   3   6   -0.0151495590
3   11   3   7   -0.0111037526
3   11   5   5   -0.0003923475
3   11   5   8   -0.0029177260
3   11   6   6   -0.0004404441
3   11   6   7   -0.0003228201
3   12   1   5   0.0028231693
3   12   1   8   0.0019372647
3   12   2   5   0.0000076343
3   12   2   8   0.0000016287
3   12   3   5   0.0248733800
3   12   3   8   0.0427056164
3   12   4   6   0.0003579130
3   12   4   7   -0.0004883235
3   12   5   6   -0.0004883235
3   12   5   7   -0.0003579130
3   12   6   5   0.0002774856
3   12   6   8   -0.0010402903
4   7   1   6   0.0009974549
4   7   1   7   -0.0013608914
4   7   2   6   0.0000000268
4   7   2   7   -0.0000000365
4   7   3   6   0.0009272513
4   7   3   7   -0.0012651082
4   7   4   5   0.0000433096
4   7   4   8   0.0003603867
4   7   6   6   0.0000109767
4   7   6   7   -0.0000149762
4   8   1   6   -0.0000044136
4   8   1   7   0.0000060218
4   8   2   6   -0.0000023989
4   8   2   7   0.0000032729
4   8   3   6   -0.0000534518
4   8   3   7   0.0000729277
4   8   4   5   -0.0005338297
4   8   4   8   0.0011398818
4   8   6   6   0.0000216273
4   8   6   7   -0.0000295075
4   9   1   6   0.0008425226
4   9   1   7   -0.0011495075
4   9   2   6   -0.0000000739
4   9   2   7   0.0000001008
4   9   3   6   0.0034073776
4   9   3   7   -0.0046489030
4   9   4   5   -0.0016925860
4   9   4   8   -0.0124872029
4   9   6   6   0.0000630183
4   9   6   7   -0.0000859799
4   10   1   5   -0.0000830263
4   10   1   8   -0.0008992222
4   10   2   5   0.0000023785
4   10   2   8   0.0000002097
4   10   3   5   -0.0003873534
4   10   3   8   -0.0028556226
4   10   4   6   0.0120648559
4   10   4   7   -0.0164608537
4   10   5   6   -0.0014461054
4   10   5   7   -0.0010599118
4   10   6   5   0.0049333601
4   10   6   8   0.0057143516
4   11   2   5   0.0000000000
4   11   4   6   -0.0135651949
4   11   4   7   -0.0099425051
4   11   5   6   0.0010624390
4   11   5   7   -0.0014495534
4   11   6   5   0.0000000000
4   12   1   6   0.0000489461
4   12   1   7   -0.0000667803
4   12   2   6   0.0000089186
4   12   2   7   -0.0000121683
4   12   3   6   0.0002739699
4   12   3   7   -0.0003737947
4   12   4   5   0.0224013369
4   12   4   8   0.0375835012
4   12   6   6   0.0010911143
4   12   6   7   -0.0014886770
5   7   1   6   -0.0013608914
5   7   1   7   -0.0009974549
5   7   2   6   -0.0000000365
5   7   2   7   -0.0000000268
5   7   3   6   -0.0012651082
5   7   3   7   -0.0009272513
5   7   5   5   0.0000433096
5   7   5   8   0.0003603867
5   7   6   6   -0.0000149762
5   7   6   7   -0.0000109767
5   8   1   6   0.0000060218
5   8   1   7   0.0000044136
5   8   2   6   0.0000032729
5   8   2   7   0.0000023989
5   8   3   6   0.0000729277
5   8   3   7   0.0000534518
5   8   5   5   -0.0005338297
5   8   5   8   0.0011398818
5   8   6   6   -0.0000295075
5   8   6   7   -0.0000216273
5   9   1   6   -0.0011495075
5   9   1   7   -0.0008425226
5   9   2   6   0.0000001008
5   9   2   7   0.0000000739
5   9   3   6   -0.0046489030
5   9   3   7   -0.0034073776
5   9   5   5   -0.0016925860
5   9   5   8   -0.0124872029
5   9   6   6   -0.0000859799
5   9   6   7   -0.0000630183
5   10   2   5   -0.0000000000
5   10   4   6   -0.0014495534
5   10   4   7   -0.0010624390
5   10   5   6   0.0099425051
5   10   5   7   -0.0135651949
5   10   6   5   -0.0000000000
5   11   1   5   -0.0000830263
5   11   1   8   -0.0008992222
5   11   2   5   0.0000023785
5   11   2   8   0.0000002097
5   11   3   5   -0.0003873534
5   11   3   8   -0.0028556226
5   11   4   6   0.0010599118
5   11   4   7   -0.0014461054
5   11   5   6   -0.0164608537
5   11   5   7   -0.0120648559
5   11   6   5   0.0049333601
5   11   6   8   0.0057143516
5   12   1   6   -0.0000667803
5   12   1   7   -0.0000489461
5   12   2   6   -0.0000121683
5   12   2   7   -0.0000089186
5   12   3   6   -0.0003737947
5   12   3   7   -0.0002739699
5   12   5   5   0.0224013369
5   12   5   8   0.0375835012
5   12   6   6   -0.0014886770
5   12   6   7   -0.0010911143
6   7   1   5   0.0036077420
6   7   1   8   0.0048382778
6   7   2   5   0.0000000520
6   7   2   8   0.0000001254
6   7   3   5   0.0031769402
6   7   3   8   0.0045231449
6   7   4   6   0.0000121159
6   7   4   7   -0.0000165305
6   7   5   6   -0.0000165305
6   7   5   7   -0.0000121159
6   7   6   5   0.0000950852
6   7   6   8   0.0004175377
6   8   1   5   0.0000055961
6   8   1   8   -0.0000125038
6   8   2   5   -0.0009140103
6   8   2   8   -0.0007019978
6   8   3   5   0.0000792579
6   8   3   8   -0.0001588077
6   8   4   6   0.0000227218
6   8   4   7   -0.0000310008
6   8   5   6   -0.0000310008
6   8   5   7   -0.0000227218
6   8   6   5   -0.0006399208
6   8   6   8   0.0012360565
6   9   1   5   0.0029088969
6   9   1   8   0.0041594197
6   9   2   5   0.0000042079
6   9   2   8   0.0000048937
6   9   3   5   0.0113875672
6   9   3   8   0.0166196162
6   9   4   6   0.0000784340
6   9   4   7   -0.0001070126
6   9   5   6   -0.0001070126
6   9   5   7   -0.0000784340
6   9   6   5   -0.0015112928
6   9   6   8   -0.0117222141
6   10   1   6   0.0000293354
6   10   1   7   -0.0000400241
6   10   2   6   -0.0000017269
6   10   2   7   0.0000023561
6   10   3   6   0.0002403620
6   10   3   7   -0.0003279413
6   10   4   5   0.0044489010
6   10   4   8   0.0055176311
6   10   6   6   0.0097237328
6   10   6   7   -0.0132667098
6   11   1   6   -0.0000400241
6   11   1   7   -0.0000293354
6   11   2   6   0.0000023561
6   11   2   7   0.0000017269
6   11   3   6   -0.0003279413
6   11   3   7   -0.0002403620
6   11   5   5   0.0044489010
6   11   5   8   0.0055176311
6   11   6   6   -0.0132667098
6   11   6   7   -0.0097237328
6   12   1   5   0.0001051260
6   12   1   8   -0.0005839808
6   12   2   5   -0.0000373289
6   12   2   8   -0.0000325757
6   12   3   5   -0.0004071773
6   12   3   8   -0.0016259554
6   12   4   6   0.0010518257
6   12   4   7   -0.0014350731
6   12   5   6   -0.0014350731
6   12   5   7   -0.0010518257
6   12   6   5   0.0345918387
6   12   6   8   0.0498684988

End IJKA Block
Begin IABC Block
1   5   1   5   -0.0000303834
1   5   1   8   -0.0000193764
1   5   2   6   -0.0000051430
1   5   3   7   -0.0000051430
1   5   4   5   -0.0000467668
1   5   4   8   -0.0000277267
1   6   1   6   -0.0000286480
1   6   2   5   -0.0000052047
1   6   2   8   -0.0000073695
1   6   4   6   -0.0000467452
1   7   1   7   -0.0000286480
1   7   3   5   -0.0000052047
1   7   3   8   -0.0000073695
1   7   4   7   -0.0000467452
1   8   1   5   -0.0000179242
1   8   1   8   -0.0000596255
1   8   2   6   -0.0000072360
1   8   3   7   -0.0000072360
1   8   4   5   -0.0000265713
1   8   4   8   -0.0000893766
2   5   1   5   -0.0008316601
2   5   1   8   -0.0019986443
2   5   2   6   0.0034240134
2   5   3   7   0.0034240134
2   5   4   5   -0.0035439992
2   5   4   8   0.0014605689
2   6   1   6   -0.0003490413
2   6   2   5   0.0034482196
2   6   2   8   0.0016587779
2   6   4   6   -0.0007689894
2   7   1   7   -0.0003490413
2   7   3   5   0.0034482196
2   7   3   8   0.0016587779
2   7   4   7   -0.0007689894
2   8   1   5   -0.0020141626
2   8   1   8   -0.0019987475
2   8   2   6   0.0016466076
2   8   3   7   0.0016466076
2   8   4   5   0.0014817985
2   8   4   8   0.0008132013
3   5   1   5   -0.0001286648
3   5   1   8   -0.0001255004
3   5   2   6   0.0000086288
3   5   3   7   0.0000086288
3   5   4   5   -0.0004143117
3   5   4   8   -0.0002123198
3   6   1   6   -0.0001445525
3   6   2   5   0.0000071298
3   6   2   8   0.0000127877
3   6   4   6   -0.0002578747
3   7   1   7   -0.0001445525
3   7   3   5   0.0000071298
3   7   3   8   0.0000127877
3   7   4   7   -0.0002578747
3   8   1   5   -0.0001359590
3   8   1   8   -0.0002542401
3   8   2   6   0.0000148757
3   8   3   7   0.0000148757
3   8   4   5   -0.0002229107
3   8   4   8   -0.0006460126
4   5   1   6   -0.0001720203
4   5   1   7   0.0002346983
4   5   2   5   -0.0003519852
4   5   2   8   0.0000333389
4   5   3   5   0.0004802359
4   5   3   8   -0.0000454864
4   5   4   6   -0.0004973561
4   5   4   7   0.0006785747
4   6   1   5   -0.0001691945
4   6   1   8   -0.0001845846
4   6   2   6   -0.0005905719
4   6   2   7   0.0001468942
4   6   3   6   0.0005116866
4   6   3   7   -0.0001078701
4   6   4   5   -0.0004991252
4   6   4   8   -0.0003742936
4   7   1   5   0.0002308428
4   7   1   8   0.0002518406
4   7   2   6   0.0001471741
4   7   2   7   -0.0003750368
4   7   3   6   -0.0001076650
4   7   3   7   0.0008057549
4   7   4   5   0.0006809884
4   7   4   8   0.0005106726
4   8   1   6   -0.0001859635
4   8   1   7   0.0002537219
4   8   2   5   0.0000276139
4   8   2   8   -0.0001179677
4   8   3   5   -0.0000376754
4   8   3   8   0.0001609509
4   8   4   6   -0.0003748846
4   8   4   7   0.0005114791
5   5   1   6   0.0002346983
5   5   1   7   0.0001720203
5   5   2   5   0.0004802359
5   5   2   8   -0.0000454864
5   5   3   5   0.0003519852
5   5   3   8   -0.0000333389
5   5   4   6   0.0006785747
5   5   4   7   0.0004973561
5   6   1   5   0.0002308428
5   6   1   8   0.0002518406
5   6   2   6   0.0008057549
5   6   2   7   0.0001076650
5   6   3   6   0.0003750368
5   6   3   7   0.0001471741
5   6   4   5   0.0006809884
5   6   4   8   0.0005106726
5   7   1   5   0.0001691945
5   7   1   8   0.0001845846
5   7   2   6   0.0001078701
5   7   2   7   0.0005116866
5   7   3   6   0.0001468942
5   7   3   7   0.0005905719
5   7   4   5   0.0004991252
5   7   4   8   0.0003742936
5   8   1   6   0.0002537219
5   8   1   7   0.0001859635
5   8   2   5   -0.0000376754
5   8   2   8   0.0001609509
5   8   3   5   -0.0000276139
5   8   3   8   0.0001179677
5   8   4   6   0.0005114791
5   8   4   7   0.0003748846
6   5   1   5   -0.0044161456
6   5   1   8   0.0000357939
6   5   2   6   -0.0017746114
6   5   3   7   -0.0017746114
6   5   4   5   -0.0064613135
6   5   4   8   -0.0036461289
6   6   1   6   -0.0035475350
6   6   2   5   -0.0017807261
6   6   2   8   -0.0012017975
6   6   4   6   -0.0065547991
6   7   1   7   -0.0035475350
6   7   3   5   -0.0017807261
6   7   3   8   -0.0012017975
6   7   4   7   -0.0065547991
6   8   1   5   0.0000408129
6   8   1   8   -0.0038117058
6   8   2   6   -0.0012020031
6   8   3   7   -0.0012020031
6   8   4   5   -0.0037380518
6   8   4   8   -0.0083926234

End IABC Block
