Begin IJ Block
1   1   -41.0937378225
1   2   0.0011965595
1   3   0.7516619737
1   4   0.0339326192
2   2   -6.4720925448
2   3   -0.0050296311
2   4   -0.0067100876
3   3   -9.4935550361
3   4   -0.0335158206
4   4   -8.1980332062
5   5   -8.3357605525
5   6   -0.0000000000
6   6   -8.3357605525

End IJ Block
Begin IA Block
1   1   -0.0114536549
2   1   0.1010827419
3   1   0.0756849525
4   1   -0.3155431705
5   2   -0.3736697272
5   3   0.0805507109
6   2   0.0805507109
6   3   0.3736697272

End IA Block
Begin AB Block
1   1   -1.8806896537
2   2   -1.6109199273
2   3   -0.0000000000
3   3   -1.6109199273

End AB Block
Begin IJKL Block
1   7   1   7   5.3561155726
1   7   1   8   -0.0007829496
1   7   1   9   -0.5334881179
1   7   1   10   -0.0219608639
1   7   2   7   -0.0007829496
1   7   2   8   0.0000002551
1   7   2   9   0.0001273586
1   7   2   10   -0.0000420784
1   7   3   7   -0.5334881179
1   7   3   8   0.0001273586
1   7   3   9   0.0860935327
1   7   3   10   0.0033524631
1   7   4   7   -0.0219608639
1   7   4   8   -0.0000420784
1   7   4   9   0.0033524631
1   7   4   10   0.0339143260
1   7   5   11   0.0359257060
1   7   6   12   0.0359257060
1   8   1   7   -0.0007829496
1   8   1   8   0.2254044726
1   8   1   9   0.0021156164
1   8   1   10   -0.0032613918
1   8   2   7   0.0000002551
1   8   2   8   -0.0000039075
1   8   2   9   0.0000000469
1   8   2   10   -0.0000001525
1   8   3   7   0.0001273586
1   8   3   8   0.0000208202
1   8   3   9   -0.0000338179
1   8   3   10   0.0000168197
1   8   4   7   -0.0000420784
1   8   4   8   -0.0025708140
1   8   4   9   -0.0000639107
1   8   4   10   0.0001008216
1   8   5   11   0.0000636137
1   8   6   12   0.0000636137
1   9   1   7   -0.5334881179
1   9   1   8   0.0021156164
1   9   1   9   1.2644693314
1   9   1   10   0.0252629281
1   9   2   7   0.0001273586
1   9   2   8   0.0000000469
1   9   2   9   -0.0000364911
1   9   2   10   -0.0000504238
1   9   3   7   0.0860935327
1   9   3   8   -0.0000338179
1   9   3   9   -0.0231975610
1   9   3   10   -0.0011618557
1   9   4   7   0.0033524631
1   9   4   8   -0.0000639107
1   9   4   9   -0.0016459877
1   9   4   10   0.0353101738
1   9   5   11   0.0372267877
1   9   6   12   0.0372267877
1   10   1   7   -0.0219608639
1   10   1   8   -0.0032613918
1   10   1   9   0.0252629281
1   10   1   10   1.1249995491
1   10   2   7   -0.0000420784
1   10   2   8   -0.0000001525
1   10   2   9   -0.0000504238
1   10   2   10   -0.0000247807
1   10   3   7   0.0033524631
1   10   3   8   0.0000168197
1   10   3   9   -0.0011618557
1   10   3   10   -0.0136689233
1   10   4   7   0.0339143260
1   10   4   8   0.0001008216
1   10   4   9   0.0353101738
1   10   4   10   0.0012110662
1   10   5   11   0.0011924573
1   10   6   12   0.0011924573
1   11   1   11   1.1632359383
1   11   2   11   -0.0000232319
1   11   3   11   -0.0144790731
1   11   3   12   -0.0000000000
1   11   4   11   -0.0008815779
1   11   5   7   0.0359257060
1   11   5   8   0.0000636137
1   11   5   9   0.0372267877
1   11   5   10   0.0011924573
1   12   1   12   1.1632359383
1   12   2   12   -0.0000232319
1   12   3   11   -0.0000000000
1   12   3   12   -0.0144790731
1   12   4   12   -0.0008815779
1   12   6   7   0.0359257060
1   12   6   8   0.0000636137
1   12   6   9   0.0372267877
1   12   6   10   0.0011924573
2   7   1   7   -0.0007829496
2   7   1   8   0.0000002551
2   7   1   9   0.0001273586
2   7   1   10   -0.0000420784
2   7   2   7   0.2254044726
2   7   2   8   -0.0000039075
2   7   2   9   0.0000208202
2   7   2   10   -0.0025708140
2   7   3   7   0.0021156164
2   7   3   8   0.0000000469
2   7   3   9   -0.0000338179
2   7   3   10   -0.0000639107
2   7   4   7   -0.0032613918
2   7   4   8   -0.0000001525
2   7   4   9   0.0000168197
2   7   4   10   0.0001008216
2   7   5   11   0.0000636137
2   7   6   12   0.0000636137
2   8   1   7   0.0000002551
2   8   1   8   -0.0000039075
2   8   1   9   0.0000000469
2   8   1   10   -0.0000001525
2   8   2   7   -0.0000039075
2   8   2   8   1.6508087009
2   8   2   9   -0.0078329519
2   8   2   10   0.0317278481
2   8   3   7   0.0000000469
2   8   3   8   -0.0078329519
2   8   3   9   0.0000633478
2   8   3   10   -0.0002681431
2   8   4   7   -0.0000001525
2   8   4   8   0.0317278481
2   8   4   9   -0.0002681431
2   8   4   10   0.0012056641
2   8   5   11   0.0000230145
2   8   6   12   0.0000230145
2   9   1   7   0.0001273586
2   9   1   8   0.0000000469
2   9   1   9   -0.0000364911
2   9   1   10   -0.0000504238
2   9   2   7   0.0000208202
2   9   2   8   -0.0078329519
2   9   2   9   0.2267446156
2   9   2   10   -0.0328471609
2   9   3   7   -0.0000338179
2   9   3   8   0.0000633478
2   9   3   9   0.0015766693
2   9   3   10   -0.0003429455
2   9   4   7   0.0000168197
2   9   4   8   -0.0002681431
2   9   4   9   -0.0028510156
2   9   4   10   0.0007865970
2   9   5   11   0.0003772863
2   9   6   12   0.0003772863
2   10   1   7   -0.0000420784
2   10   1   8   -0.0000001525
2   10   1   9   -0.0000504238
2   10   1   10   -0.0000247807
2   10   2   7   -0.0025708140
2   10   2   8   0.0317278481
2   10   2   9   -0.0328471609
2   10   2   10   0.2443076723
2   10   3   7   -0.0000639107
2   10   3   8   -0.0002681431
2   10   3   9   -0.0003429455
2   10   3   10   0.0014850690
2   10   4   7   0.0001008216
2   10   4   8   0.0012056641
2   10   4   9   0.0007865970
2   10   4   10   -0.0030134325
2   10   5   11   -0.0001256042
2   10   6   12   -0.0001256042
2   11   1   11   -0.0000232319
2   11   2   11   0.2228869057
2   11   3   11   0.0014382678
2   11   4   11   -0.0026039363
2   11   5   7   0.0000636137
2   11   5   8   0.0000230145
2   11   5   9   0.0003772863
2   11   5   10   -0.0001256042
2   12   1   12   -0.0000232319
2   12   2   12   0.2228869057
2   12   3   12   0.0014382678
2   12   4   12   -0.0026039363
2   12   6   7   0.0000636137
2   12   6   8   0.0000230145
2   12   6   9   0.0003772863
2   12   6   10   -0.0001256042
3   7   1   7   -0.5334881179
3   7   1   8   0.0001273586
3   7   1   9   0.0860935327
3   7   1   10   0.0033524631
3   7   2   7   0.0021156164
3   7   2   8   0.0000000469
3   7   2   9   -0.0000338179
3   7   2   10   -0.0000639107
3   7   3   7   1.2644693314
3   7   3   8   -0.0000364911
3   7   3   9   -0.0231975610
3   7   3   10   -0.0016459877
3   7   4   7   0.0252629281
3   7   4   8   -0.0000504238
3   7   4   9   -0.0011618557
3   7   4   10   0.0353101738
3   7   5   11   0.0372267877
3   7   6   12   0.0372267877
3   8   1   7   0.0001273586
3   8   1   8   0.0000208202
3   8   1   9   -0.0000338179
3   8   1   10   0.0000168197
3   8   2   7   0.0000000469
3   8   2   8   -0.0078329519
3   8   2   9   0.0000633478
3   8   2   10   -0.0002681431
3   8   3   7   -0.0000364911
3   8   3   8   0.2267446156
3   8   3   9   0.0015766693
3   8   3   10   -0.0028510156
3   8   4   7   -0.0000504238
3   8   4   8   -0.0328471609
3   8   4   9   -0.0003429455
3   8   4   10   0.0007865970
3   8   5   11   0.0003772863
3   8   6   12   0.0003772863
3   9   1   7   0.0860935327
3   9   1   8   -0.0000338179
3   9   1   9   -0.0231975610
3   9   1   10   -0.0011618557
3   9   2   7   -0.0000338179
3   9   2   8   0.0000633478
3   9   2   9   0.0015766693
3   9   2   10   -0.0003429455
3   9   3   7   -0.0231975610
3   9   3   8   0.0015766693
3   9   3   9   0.8830647075
3   9   3   10   0.0084576495
3   9   4   7   -0.0011618557
3   9   4   8   -0.0003429455
3   9   4   9   0.0084576495
3   9   4   10   0.1596383919
3   9   5   11   0.1642241043
3   9   6   12   0.1642241043
3   10   1   7   0.0033524631
3   10   1   8   0.0000168197
3   10   1   9   -0.0011618557
3   10   1   10   -0.0136689233
3   10   2   7   -0.0000639107
3   10   2   8   -0.0002681431
3   10   2   9   -0.0003429455
3   10   2   10   0.0014850690
3   10   3   7   -0.0016459877
3   10   3   8   -0.0028510156
3   10   3   9   0.0084576495
3   10   3   10   0.8049583663
3   10   4   7   0.0353101738
3   10   4   8   0.0007865970
3   10   4   9   0.1596383919
3   10   4   10   0.0119967771
3   10   5   11   0.0027291502
3   10   6   12   0.0027291502
3   11   1   11   -0.0144790731
3   11   1   12   -0.0000000000
3   11   2   11   0.0014382678
3   11   3   11   0.8247670145
3   11   4   11   0.0091931200
3   11   5   7   0.0372267877
3   11   5   8   0.0003772863
3   11   5   9   0.1642241043
3   11   5   10   0.0027291502
3   12   1   11   -0.0000000000
3   12   1   12   -0.0144790731
3   12   2   12   0.0014382678
3   12   3   12   0.8247670145
3   12   4   12   0.0091931200
3   12   6   7   0.0372267877
3   12   6   8   0.0003772863
3   12   6   9   0.1642241043
3   12   6   10   0.0027291502
4   7   1   7   -0.0219608639
4   7   1   8   -0.0000420784
4   7   1   9   0.0033524631
4   7   1   10   0.0339143260
4   7   2   7   -0.0032613918
4   7   2   8   -0.0000001525
4   7   2   9   0.0000168197
4   7   2   10   0.0001008216
4   7   3   7   0.0252629281
4   7   3   8   -0.0000504238
4   7   3   9   -0.0011618557
4   7   3   10   0.0353101738
4   7   4   7   1.1249995491
4   7   4   8   -0.0000247807
4   7   4   9   -0.0136689233
4   7   4   10   0.0012110662
4   7   5   11   0.0011924573
4   7   6   12   0.0011924573
4   8   1   7   -0.0000420784
4   8   1   8   -0.0025708140
4   8   1   9   -0.0000639107
4   8   1   10   0.0001008216
4   8   2   7   -0.0000001525
4   8   2   8   0.0317278481
4   8   2   9   -0.0002681431
4   8   2   10   0.0012056641
4   8   3   7   -0.0000504238
4   8   3   8   -0.0328471609
4   8   3   9   -0.0003429455
4   8   3   10   0.0007865970
4   8   4   7   -0.0000247807
4   8   4   8   0.2443076723
4   8   4   9   0.0014850690
4   8   4   10   -0.0030134325
4   8   5   11   -0.0001256042
4   8   6   12   -0.0001256042
4   9   1   7   0.0033524631
4   9   1   8   -0.0000639107
4   9   1   9   -0.0016459877
4   9   1   10   0.0353101738
4   9   2   7   0.0000168197
4   9   2   8   -0.0002681431
4   9   2   9   -0.0028510156
4   9   2   10   0.0007865970
4   9   3   7   -0.0011618557
4   9   3   8   -0.0003429455
4   9   3   9   0.0084576495
4   9   3   10   0.1596383919
4   9   4   7   -0.0136689233
4   9   4   8   0.0014850690
4   9   4   9   0.8049583663
4   9   4   10   0.0119967771
4   9   5   11   0.0027291502
4   9   6   12   0.0027291502
4   10   1   7   0.0339143260
4   10   1   8   0.0001008216
4   10   1   9   0.0353101738
4   10   1   10   0.0012110662
4   10   2   7   0.0001008216
4   10   2   8   0.0012056641
4   10   2   9   0.0007865970
4   10   2   10   -0.0030134325
4   10   3   7   0.0353101738
4   10   3   8   0.0007865970
4   10   3   9   0.1596383919
4   10   3   10   0.0119967771
4   10   4   7   0.0012110662
4   10   4   8   -0.0030134325
4   10   4   9   0.0119967771
4   10   4   10   0.7925741171
4   10   5   11   0.0391115512
4   10   6   12   0.0391115512
4   11   1   11   -0.0008815779
4   11   2   11   -0.0026039363
4   11   3   11   0.0091931200
4   11   4   11   0.7325162258
4   11   4   12   0.0000000000
4   11   5   7   0.0011924573
4   11   5   8   -0.0001256042
4   11   5   9   0.0027291502
4   11   5   10   0.0391115512
4   12   1   12   -0.0008815779
4   12   2   12   -0.0026039363
4   12   3   12   0.0091931200
4   12   4   11   0.0000000000
4   12   4   12   0.7325162258
4   12   6   7   0.0011924573
4   12   6   8   -0.0001256042
4   12   6   9   0.0027291502
4   12   6   10   0.0391115512
5   7   1   11   0.0359257060
5   7   2   11   0.0000636137
5   7   3   11   0.0372267877
5   7   4   11   0.0011924573
5   7   5   7   1.1632359383
5   7   5   8   -0.0000232319
5   7   5   9   -0.0144790731
5   7   5   10   -0.0008815779
5   7   6   9   -0.0000000000
5   8   1   11   0.0000636137
5   8   2   11   0.0000230145
5   8   3   11   0.0003772863
5   8   4   11   -0.0001256042
5   8   5   7   -0.0000232319
5   8   5   8   0.2228869057
5   8   5   9   0.0014382678
5   8   5   10   -0.0026039363
5   9   1   11   0.0372267877
5   9   2   11   0.0003772863
5   9   3   11   0.1642241043
5   9   4   11   0.0027291502
5   9   5   7   -0.0144790731
5   9   5   8   0.0014382678
5   9   5   9   0.8247670145
5   9   5   10   0.0091931200
5   9   6   7   -0.0000000000
5   10   1   11   0.0011924573
5   10   2   11   -0.0001256042
5   10   3   11   0.0027291502
5   10   4   11   0.0391115512
5   10   5   7   -0.0008815779
5   10   5   8   -0.0026039363
5   10   5   9   0.0091931200
5   10   5   10   0.7325162258
5   10   6   10   0.0000000000
5   11   1   7   0.0359257060
5   11   1   8   0.0000636137
5   11   1   9   0.0372267877
5   11   1   10   0.0011924573
5   11   2   7   0.0000636137
5   11   2   8   0.0000230145
5   11   2   9   0.0003772863
5   11   2   10   -0.0001256042
5   11   3   7   0.0372267877
5   11   3   8   0.0003772863
5   11   3   9   0.1642241043
5   11   3   10   0.0027291502
5   11   4   7   0.0011924573
5   11   4   8   -0.0001256042
5   11   4   9   0.0027291502
5   11   4   10   0.0391115512
5   11   5   11   0.8299439090
5   11   5   12   0.0000000000
5   11   6   11   0.0000000000
5   11   6   12   0.0401183872
5   12   5   11   0.0000000000
5   12   5   12   0.7497071346
5   12   6   11   0.0401183872
5   12   6   12   0.0000000000
6   7   1   12   0.0359257060
6   7   2   12   0.0000636137
6   7   3   12   0.0372267877
6   7   4   12   0.0011924573
6   7   5   9   -0.0000000000
6   7   6   7   1.1632359383
6   7   6   8   -0.0000232319
6   7   6   9   -0.0144790731
6   7   6   10   -0.0008815779
6   8   1   12   0.0000636137
6   8   2   12   0.0000230145
6   8   3   12   0.0003772863
6   8   4   12   -0.0001256042
6   8   6   7   -0.0000232319
6   8   6   8   0.2228869057
6   8   6   9   0.0014382678
6   8   6   10   -0.0026039363
6   9   1   12   0.0372267877
6   9   2   12   0.0003772863
6   9   3   12   0.1642241043
6   9   4   12   0.0027291502
6   9   5   7   -0.0000000000
6   9   6   7   -0.0144790731
6   9   6   8   0.0014382678
6   9   6   9   0.8247670145
6   9   6   10   0.0091931200
6   10   1   12   0.0011924573
6   10   2   12   -0.0001256042
6   10   3   12   0.0027291502
6   10   4   12   0.0391115512
6   10   5   10   0.0000000000
6   10   6   7   -0.0008815779
6   10   6   8   -0.0026039363
6   10   6   9   0.0091931200
6   10   6   10   0.7325162258
6   11   5   11   0.0000000000
6   11   5   12   0.0401183872
6   11   6   11   0.7497071346
6   11   6   12   0.0000000000
6   12   1   7   0.0359257060
6   12   1   8   0.0000636137
6   12   1   9   0.0372267877
6   12   1   10   0.0011924573
6   12   2   7   0.0000636137
6   12   2   8   0.0000230145
6   12   2   9   0.0003772863
6   12   2   10   -0.0001256042
6   12   3   7   0.0372267877
6   12   3   8   0.0003772863
6   12   3   9   0.1642241043
6   12   3   10   0.0027291502
6   12   4   7   0.0011924573
6   12   4   8   -0.0001256042
6   12   4   9   0.0027291502
6   12   4   10   0.0391115512
6   12   5   11   0.0401183872
6   12   5   12   0.0000000000
6   12   6   11   0.0000000000
6   12   6   12   0.8299439090

End IJKL Block
Begin IJAB Block
1   7   1   4   0.0001751631
1   7   2   5   0.0002116325
1   7   3   6   0.0002116325
1   8   1   4   0.0000036332
1   8   2   5   -0.0000017436
1   8   3   6   -0.0000017436
1   9   1   4   0.0001428802
1   9   2   5   0.0002027950
1   9   3   6   0.0002027950
1   10   1   4   -0.0000075776
1   10   2   5   0.0000141058
1   10   3   6   0.0000141058
1   11   1   5   0.0000209980
1   11   1   6   -0.0000045265
1   11   2   4   -0.0000334890
1   11   3   4   0.0000072191
1   12   1   5   -0.0000045265
1   12   1   6   -0.0000209980
1   12   2   4   0.0000072191
1   12   3   4   0.0000334890
2   7   1   4   0.0000036332
2   7   2   5   -0.0000017436
2   7   3   6   -0.0000017436
2   8   1   4   0.0059585896
2   8   2   5   0.0006510123
2   8   3   6   0.0006510123
2   9   1   4   -0.0000036564
2   9   2   5   0.0000068282
2   9   3   6   0.0000068282
2   10   1   4   0.0001145121
2   10   2   5   -0.0001553373
2   10   3   6   -0.0001553373
2   11   1   5   -0.0000523697
2   11   1   6   0.0000112892
2   11   2   4   -0.0000983330
2   11   3   4   0.0000211973
2   12   1   5   0.0000112892
2   12   1   6   0.0000523697
2   12   2   4   0.0000211973
2   12   3   4   0.0000983330
3   7   1   4   0.0001428802
3   7   2   5   0.0002027950
3   7   3   6   0.0002027950
3   8   1   4   -0.0000036564
3   8   2   5   0.0000068282
3   8   3   6   0.0000068282
3   9   1   4   0.0006923415
3   9   2   5   0.0007574306
3   9   3   6   0.0007574306
3   10   1   4   -0.0004682397
3   10   2   5   0.0000422355
3   10   3   6   0.0000422355
3   11   1   5   -0.0004431311
3   11   1   6   0.0000955243
3   11   2   4   -0.0001082444
3   11   3   4   0.0000233339
3   12   1   5   0.0000955243
3   12   1   6   0.0004431311
3   12   2   4   0.0000233339
3   12   3   4   0.0001082444
4   7   1   4   -0.0000075776
4   7   2   5   0.0000141058
4   7   3   6   0.0000141058
4   8   1   4   0.0001145121
4   8   2   5   -0.0001553373
4   8   3   6   -0.0001553373
4   9   1   4   -0.0004682397
4   9   2   5   0.0000422355
4   9   3   6   0.0000422355
4   10   1   4   0.0022662515
4   10   2   5   0.0003616371
4   10   3   6   0.0003616371
4   11   1   5   0.0020749219
4   11   1   6   -0.0004472839
4   11   2   4   0.0002687203
4   11   3   4   -0.0000579271
4   12   1   5   -0.0004472839
4   12   1   6   -0.0020749219
4   12   2   4   -0.0000579271
4   12   3   4   -0.0002687203
5   7   1   5   -0.0000334890
5   7   1   6   0.0000072191
5   7   2   4   0.0000209980
5   7   3   4   -0.0000045265
5   8   1   5   -0.0000983330
5   8   1   6   0.0000211973
5   8   2   4   -0.0000523697
5   8   3   4   0.0000112892
5   9   1   5   -0.0001082444
5   9   1   6   0.0000233339
5   9   2   4   -0.0004431311
5   9   3   4   0.0000955243
5   10   1   5   0.0002687203
5   10   1   6   -0.0000579271
5   10   2   4   0.0020749219
5   10   3   4   -0.0004472839
5   11   1   4   0.0002736790
5   11   2   5   0.0027137786
5   11   2   6   -0.0005378108
5   11   3   5   -0.0005378108
5   11   3   6   0.0003348416
5   12   2   5   -0.0005378108
5   12   2   6   -0.0022759634
5   12   3   5   -0.0001029735
5   12   3   6   0.0005378108
6   7   1   5   0.0000072191
6   7   1   6   0.0000334890
6   7   2   4   -0.0000045265
6   7   3   4   -0.0000209980
6   8   1   5   0.0000211973
6   8   1   6   0.0000983330
6   8   2   4   0.0000112892
6   8   3   4   0.0000523697
6   9   1   5   0.0000233339
6   9   1   6   0.0001082444
6   9   2   4   0.0000955243
6   9   3   4   0.0004431311
6   10   1   5   -0.0000579271
6   10   1   6   -0.0002687203
6   10   2   4   -0.0004472839
6   10   3   4   -0.0020749219
6   11   2   5   -0.0005378108
6   11   2   6   -0.0001029735
6   11   3   5   -0.0022759634
6   11   3   6   0.0005378108
6   12   1   4   0.0002736790
6   12   2   5   0.0003348416
6   12   2   6   0.0005378108
6   12   3   5   0.0005378108
6   12   3   6   0.0027137786

End IJAB Block
Begin ABCD Block
1   4   1   4   0.2202611625
1   4   2   5   0.0255965767
1   4   3   6   0.0255965767
1   5   1   5   0.1520248114
1   5   2   4   0.0255965767
1   6   1   6   0.1520248114
1   6   3   4   0.0255965767
2   4   1   5   0.0255965767
2   4   2   4   0.1520248114
2   5   1   4   0.0255965767
2   5   2   5   0.1393429477
2   5   3   6   0.0079708197
2   6   2   6   0.1234013084
2   6   3   5   0.0079708197
3   4   1   6   0.0255965767
3   4   3   4   0.1520248114
3   5   2   6   0.0079708197
3   5   3   5   0.1234013084
3   6   1   4   0.0255965767
3   6   2   5   0.0079708197
3   6   3   6   0.1393429477

End ABCD Block
Begin AIJB Block
1   7   1   4   0.0001751631
1   7   2   4   0.0000036332
1   7   3   4   0.0001428802
1   7   4   4   -0.0000075776
1   7   5   5   -0.0000334890
1   7   5   6   0.0000072191
1   7   6   5   0.0000072191
1   7   6   6   0.0000334890
1   8   1   4   0.0000036332
1   8   2   4   0.0059585896
1   8   3   4   -0.0000036564
1   8   4   4   0.0001145121
1   8   5   5   -0.0000983330
1   8   5   6   0.0000211973
1   8   6   5   0.0000211973
1   8   6   6   0.0000983330
1   9   1   4   0.0001428802
1   9   2   4   -0.0000036564
1   9   3   4   0.0006923415
1   9   4   4   -0.0004682397
1   9   5   5   -0.0001082444
1   9   5   6   0.0000233339
1   9   6   5   0.0000233339
1   9   6   6   0.0001082444
1   10   1   4   -0.0000075776
1   10   2   4   0.0001145121
1   10   3   4   -0.0004682397
1   10   4   4   0.0022662515
1   10   5   5   0.0002687203
1   10   5   6   -0.0000579271
1   10   6   5   -0.0000579271
1   10   6   6   -0.0002687203
1   11   1   5   0.0000209980
1   11   1   6   -0.0000045265
1   11   2   5   -0.0000523697
1   11   2   6   0.0000112892
1   11   3   5   -0.0004431311
1   11   3   6   0.0000955243
1   11   4   5   0.0020749219
1   11   4   6   -0.0004472839
1   11   5   4   0.0002736790
1   12   1   5   -0.0000045265
1   12   1   6   -0.0000209980
1   12   2   5   0.0000112892
1   12   2   6   0.0000523697
1   12   3   5   0.0000955243
1   12   3   6   0.0004431311
1   12   4   5   -0.0004472839
1   12   4   6   -0.0020749219
1   12   6   4   0.0002736790
2   7   1   5   0.0002116325
2   7   2   5   -0.0000017436
2   7   3   5   0.0002027950
2   7   4   5   0.0000141058
2   7   5   4   0.0000209980
2   7   6   4   -0.0000045265
2   8   1   5   -0.0000017436
2   8   2   5   0.0006510123
2   8   3   5   0.0000068282
2   8   4   5   -0.0001553373
2   8   5   4   -0.0000523697
2   8   6   4   0.0000112892
2   9   1   5   0.0002027950
2   9   2   5   0.0000068282
2   9   3   5   0.0007574306
2   9   4   5   0.0000422355
2   9   5   4   -0.0004431311
2   9   6   4   0.0000955243
2   10   1   5   0.0000141058
2   10   2   5   -0.0001553373
2   10   3   5   0.0000422355
2   10   4   5   0.0003616371
2   10   5   4   0.0020749219
2   10   6   4   -0.0004472839
2   11   1   4   -0.0000334890
2   11   2   4   -0.0000983330
2   11   3   4   -0.0001082444
2   11   4   4   0.0002687203
2   11   5   5   0.0027137786
2   11   5   6   -0.0005378108
2   11   6   5   -0.0005378108
2   11   6   6   -0.0001029735
2   12   1   4   0.0000072191
2   12   2   4   0.0000211973
2   12   3   4   0.0000233339
2   12   4   4   -0.0000579271
2   12   5   5   -0.0005378108
2   12   5   6   -0.0022759634
2   12   6   5   0.0003348416
2   12   6   6   0.0005378108
3   7   1   6   0.0002116325
3   7   2   6   -0.0000017436
3   7   3   6   0.0002027950
3   7   4   6   0.0000141058
3   7   5   4   -0.0000045265
3   7   6   4   -0.0000209980
3   8   1   6   -0.0000017436
3   8   2   6   0.0006510123
3   8   3   6   0.0000068282
3   8   4   6   -0.0001553373
3   8   5   4   0.0000112892
3   8   6   4   0.0000523697
3   9   1   6   0.0002027950
3   9   2   6   0.0000068282
3   9   3   6   0.0007574306
3   9   4   6   0.0000422355
3   9   5   4   0.0000955243
3   9   6   4   0.0004431311
3   10   1   6   0.0000141058
3   10   2   6   -0.0001553373
3   10   3   6   0.0000422355
3   10   4   6   0.0003616371
3   10   5   4   -0.0004472839
3   10   6   4   -0.0020749219
3   11   1   4   0.0000072191
3   11   2   4   0.0000211973
3   11   3   4   0.0000233339
3   11   4   4   -0.0000579271
3   11   5   5   -0.0005378108
3   11   5   6   0.0003348416
3   11   6   5   -0.0022759634
3   11   6   6   0.0005378108
3   12   1   4   0.0000334890
3   12   2   4   0.0000983330
3   12   3   4   0.0001082444
3   12   4   4   -0.0002687203
3   12   5   5   -0.0001029735
3   12   5   6   0.0005378108
3   12   6   5   0.0005378108
3   12   6   6   0.0027137786

1   7   7   1   -0.1357774134
1   7   8   1   -0.0000019398
1   7   9   1   0.0000602761
1   7   10   1   0.0008627325
1   7   11   2   0.0003307605
1   7   11   3   -0.0000713009
1   7   12   2   -0.0000713009
1   7   12   3   -0.0003307605
1   8   7   1   -0.0000019398
1   8   8   1   -0.2543096073
1   8   9   1   0.0004882669
1   8   10   1   -0.0015850960
1   8   11   2   0.0002053489
1   8   11   3   -0.0000442664
1   8   12   2   -0.0000442664
1   8   12   3   -0.0002053489
1   9   7   1   0.0000602761
1   9   8   1   0.0004882669
1   9   9   1   -0.1346687990
1   9   10   1   0.0101503727
1   9   11   2   0.0036524742
1   9   11   3   -0.0007873514
1   9   12   2   -0.0007873514
1   9   12   3   -0.0036524742
1   10   7   1   0.0008627325
1   10   8   1   -0.0015850960
1   10   9   1   0.0101503727
1   10   10   1   -0.1380536005
1   10   11   2   -0.0011908325
1   10   11   3   0.0002567037
1   10   12   2   0.0002567037
1   10   12   3   0.0011908325
1   11   7   2   0.0003307605
1   11   7   3   -0.0000713009
1   11   8   2   0.0002053489
1   11   8   3   -0.0000442664
1   11   9   2   0.0036524742
1   11   9   3   -0.0007873514
1   11   10   2   -0.0011908325
1   11   10   3   0.0002567037
1   11   11   1   -0.1340773716
1   12   7   2   -0.0000713009
1   12   7   3   -0.0003307605
1   12   8   2   -0.0000442664
1   12   8   3   -0.0002053489
1   12   9   2   -0.0007873514
1   12   9   3   -0.0036524742
1   12   10   2   0.0002567037
1   12   10   3   0.0011908325
1   12   12   1   -0.1340773716
2   7   7   2   -0.1313102325
2   7   8   2   -0.0000007430
2   7   9   2   0.0000811560
2   7   10   2   0.0004767660
2   7   11   1   0.0003307605
2   7   12   1   -0.0000713009
2   8   7   2   -0.0000007430
2   8   8   2   -0.1708669597
2   8   9   2   0.0001238192
2   8   10   2   -0.0003170722
2   8   11   1   0.0002053489
2   8   12   1   -0.0000442664
2   9   7   2   0.0000811560
2   9   8   2   0.0001238192
2   9   9   2   -0.1295981269
2   9   10   2   0.0058380207
2   9   11   1   0.0036524742
2   9   12   1   -0.0007873514
2   10   7   2   0.0004767660
2   10   8   2   -0.0003170722
2   10   9   2   0.0058380207
2   10   10   2   -0.1305783153
2   10   11   1   -0.0011908325
2   10   12   1   0.0002567037
2   11   7   1   0.0003307605
2   11   8   1   0.0002053489
2   11   9   1   0.0036524742
2   11   10   1   -0.0011908325
2   11   11   2   -0.1300896185
2   11   11   3   0.0002780205
2   11   12   2   0.0002780205
2   11   12   3   0.0006148939
2   12   7   1   -0.0000713009
2   12   8   1   -0.0000442664
2   12   9   1   -0.0007873514
2   12   10   1   0.0002567037
2   12   11   2   0.0002780205
2   12   11   3   0.0006148939
2   12   12   2   -0.1288598308
2   12   12   3   -0.0002780205
3   7   7   3   -0.1313102325
3   7   8   3   -0.0000007430
3   7   9   3   0.0000811560
3   7   10   3   0.0004767660
3   7   11   1   -0.0000713009
3   7   12   1   -0.0003307605
3   8   7   3   -0.0000007430
3   8   8   3   -0.1708669597
3   8   9   3   0.0001238192
3   8   10   3   -0.0003170722
3   8   11   1   -0.0000442664
3   8   12   1   -0.0002053489
3   9   7   3   0.0000811560
3   9   8   3   0.0001238192
3   9   9   3   -0.1295981269
3   9   10   3   0.0058380207
3   9   11   1   -0.0007873514
3   9   12   1   -0.0036524742
3   10   7   3   0.0004767660
3   10   8   3   -0.0003170722
3   10   9   3   0.0058380207
3   10   10   3   -0.1305783153
3   10   11   1   0.0002567037
3   10   12   1   0.0011908325
3   11   7   1   -0.0000713009
3   11   8   1   -0.0000442664
3   11   9   1   -0.0007873514
3   11   10   1   0.0002567037
3   11   11   2   0.0002780205
3   11   11   3   -0.1288598308
3   11   12   2   0.0006148939
3   11   12   3   -0.0002780205
3   12   7   1   -0.0003307605
3   12   8   1   -0.0002053489
3   12   9   1   -0.0036524742
3   12   10   1   0.0011908325
3   12   11   2   0.0006148939
3   12   11   3   -0.0002780205
3   12   12   2   -0.0002780205
3   12   12   3   -0.1300896185

End AIJB Block
Begin IJKA Block
1   7   1   4   0.0088501844
1   7   2   4   -0.0000052997
1   7   3   4   -0.0014593740
1   7   4   4   0.0021973603
1   7   5   5   0.0026954080
1   7   5   6   -0.0005810399
1   7   6   5   -0.0005810399
1   7   6   6   -0.0026954080
1   8   1   4   -0.0024827654
1   8   2   4   0.0000011168
1   8   3   4   0.0000013797
1   8   4   4   0.0000586496
1   8   5   5   -0.0000228469
1   8   5   6   0.0000049250
1   8   6   5   0.0000049250
1   8   6   6   0.0000228469
1   9   1   4   -0.0140508144
1   9   2   4   -0.0000025035
1   9   3   4   0.0003802697
1   9   4   4   0.0022606643
1   9   5   5   0.0026020960
1   9   5   6   -0.0005609250
1   9   6   5   -0.0005609250
1   9   6   6   -0.0026020960
1   10   1   4   0.0564168140
1   10   2   4   -0.0000009614
1   10   3   4   -0.0008903622
1   10   4   4   -0.0003503455
1   10   5   5   0.0001792514
1   10   5   6   -0.0000386406
1   10   6   5   -0.0000386406
1   10   6   6   -0.0001792514
1   11   1   5   0.0656524950
1   11   1   6   -0.0141524848
1   11   2   5   -0.0000018296
1   11   2   6   0.0000003944
1   11   3   5   -0.0010857225
1   11   3   6   0.0002340455
1   11   4   5   0.0000286751
1   11   4   6   -0.0000061814
1   11   5   4   -0.0004510628
1   12   1   5   -0.0141524848
1   12   1   6   -0.0656524950
1   12   2   5   0.0000003944
1   12   2   6   0.0000018296
1   12   3   5   0.0002340455
1   12   3   6   0.0010857225
1   12   4   5   -0.0000061814
1   12   4   6   -0.0000286751
1   12   6   4   -0.0004510628
2   7   1   4   -0.0000052997
2   7   2   4   -0.0001676488
2   7   3   4   -0.0000036208
2   7   4   4   0.0000064256
2   7   5   5   0.0000047197
2   7   5   6   -0.0000010174
2   7   6   5   -0.0000010174
2   7   6   6   -0.0000047197
2   8   1   4   0.0000011168
2   8   2   4   -0.0761216645
2   8   3   4   0.0004304735
2   8   4   4   -0.0018310431
2   8   5   5   -0.0001121013
2   8   5   6   0.0000241653
2   8   6   5   0.0000241653
2   8   6   6   0.0001121013
2   9   1   4   -0.0000025035
2   9   2   4   -0.0005476583
2   9   3   4   -0.0000392063
2   9   4   4   0.0000723967
2   9   5   5   0.0000160491
2   9   5   6   -0.0000034597
2   9   6   5   -0.0000034597
2   9   6   6   -0.0000160491
2   10   1   4   -0.0000009614
2   10   2   4   -0.0066343663
2   10   3   4   0.0001047451
2   10   4   4   -0.0002024667
2   10   5   5   0.0000329548
2   10   5   6   -0.0000071040
2   10   6   5   -0.0000071040
2   10   6   6   -0.0000329548
2   11   1   5   -0.0000018296
2   11   1   6   0.0000003944
2   11   2   5   -0.0008324571
2   11   2   6   0.0001794499
2   11   3   5   0.0000867286
2   11   3   6   -0.0000186958
2   11   4   5   -0.0001304592
2   11   4   6   0.0000281226
2   11   5   4   0.0000157198
2   12   1   5   0.0000003944
2   12   1   6   0.0000018296
2   12   2   5   0.0001794499
2   12   2   6   0.0008324571
2   12   3   5   -0.0000186958
2   12   3   6   -0.0000867286
2   12   4   5   0.0000281226
2   12   4   6   0.0001304592
2   12   6   4   0.0000157198
3   7   1   4   -0.0014593740
3   7   2   4   -0.0000036208
3   7   3   4   0.0003190379
3   7   4   4   0.0023630094
3   7   5   5   0.0027715004
3   7   5   6   -0.0005974429
3   7   6   5   -0.0005974429
3   7   6   6   -0.0027715004
3   8   1   4   0.0000013797
3   8   2   4   0.0004304735
3   8   3   4   -0.0024763027
3   8   4   4   0.0007277188
3   8   5   5   -0.0003067326
3   8   5   6   0.0000661213
3   8   6   5   0.0000661213
3   8   6   6   0.0003067326
3   9   1   4   0.0003802697
3   9   2   4   -0.0000392063
3   9   3   4   -0.0079672872
3   9   4   4   0.0094174827
3   9   5   5   0.0106992081
3   9   5   6   -0.0023063919
3   9   6   5   -0.0023063919
3   9   6   6   -0.0106992081
3   10   1   4   -0.0008903622
3   10   2   4   0.0001047451
3   10   3   4   0.0355732851
3   10   4   4   0.0004408410
3   10   5   5   0.0011565519
3   10   5   6   -0.0002493140
3   10   6   5   -0.0002493140
3   10   6   6   -0.0011565519
3   11   1   5   -0.0010857225
3   11   1   6   0.0002340455
3   11   2   5   0.0000867286
3   11   2   6   -0.0000186958
3   11   3   5   0.0406542001
3   11   3   6   -0.0087636875
3   11   4   5   0.0016149721
3   11   4   6   -0.0003481340
3   11   5   4   -0.0010040737
3   12   1   5   0.0002340455
3   12   1   6   0.0010857225
3   12   2   5   -0.0000186958
3   12   2   6   -0.0000867286
3   12   3   5   -0.0087636875
3   12   3   6   -0.0406542001
3   12   4   5   -0.0003481340
3   12   4   6   -0.0016149721
3   12   6   4   -0.0010040737
4   7   1   4   0.0021973603
4   7   2   4   0.0000064256
4   7   3   4   0.0023630094
4   7   4   4   0.0003223927
4   7   5   5   0.0000920708
4   7   5   6   -0.0000198474
4   7   6   5   -0.0000198474
4   7   6   6   -0.0000920708
4   8   1   4   0.0000586496
4   8   2   4   -0.0018310431
4   8   3   4   0.0007277188
4   8   4   4   -0.0029821477
4   8   5   5   0.0001712697
4   8   5   6   -0.0000369200
4   8   6   5   -0.0000369200
4   8   6   6   -0.0001712697
4   9   1   4   0.0022606643
4   9   2   4   0.0000723967
4   9   3   4   0.0094174827
4   9   4   4   -0.0064415477
4   9   5   5   0.0003834857
4   9   5   6   -0.0000826667
4   9   6   5   -0.0000826667
4   9   6   6   -0.0003834857
4   10   1   4   -0.0003503455
4   10   2   4   -0.0002024667
4   10   3   4   0.0004408410
4   10   4   4   0.0341789801
4   10   5   5   0.0021537479
4   10   5   6   -0.0004642761
4   10   6   5   -0.0004642761
4   10   6   6   -0.0021537479
4   11   1   5   0.0000286751
4   11   1   6   -0.0000061814
4   11   2   5   -0.0001304592
4   11   2   6   0.0000281226
4   11   3   5   0.0016149721
4   11   3   6   -0.0003481340
4   11   4   5   0.0342439684
4   11   4   6   -0.0073818557
4   11   5   4   0.0020753302
4   12   1   5   -0.0000061814
4   12   1   6   -0.0000286751
4   12   2   5   0.0000281226
4   12   2   6   0.0001304592
4   12   3   5   -0.0003481340
4   12   3   6   -0.0016149721
4   12   4   5   -0.0073818557
4   12   4   6   -0.0342439684
4   12   6   4   0.0020753302
5   7   1   5   0.0026954080
5   7   1   6   -0.0005810399
5   7   2   5   0.0000047197
5   7   2   6   -0.0000010174
5   7   3   5   0.0027715004
5   7   3   6   -0.0005974429
5   7   4   5   0.0000920708
5   7   4   6   -0.0000198474
5   7   5   4   0.0001962056
5   8   1   5   -0.0000228469
5   8   1   6   0.0000049250
5   8   2   5   -0.0001121013
5   8   2   6   0.0000241653
5   8   3   5   -0.0003067326
5   8   3   6   0.0000661213
5   8   4   5   0.0001712697
5   8   4   6   -0.0000369200
5   8   5   4   -0.0023235447
5   9   1   5   0.0026020960
5   9   1   6   -0.0005609250
5   9   2   5   0.0000160491
5   9   2   6   -0.0000034597
5   9   3   5   0.0106992081
5   9   3   6   -0.0023063919
5   9   4   5   0.0003834857
5   9   4   6   -0.0000826667
5   9   5   4   -0.0070584579
5   10   1   5   0.0001792514
5   10   1   6   -0.0000386406
5   10   2   5   0.0000329548
5   10   2   6   -0.0000071040
5   10   3   5   0.0011565519
5   10   3   6   -0.0002493140
5   10   4   5   0.0021537479
5   10   4   6   -0.0004642761
5   10   5   4   0.0311467962
5   11   1   4   -0.0004510628
5   11   2   4   0.0000157198
5   11   3   4   -0.0010040737
5   11   4   4   0.0020753302
5   11   5   5   0.0407352364
5   11   5   6   -0.0087811562
5   11   6   5   -0.0005404743
5   11   6   6   -0.0025072264
5   12   5   5   -0.0077002077
5   12   5   6   -0.0357207836
5   12   6   5   0.0025072264
5   12   6   6   -0.0005404743
6   7   1   5   -0.0005810399
6   7   1   6   -0.0026954080
6   7   2   5   -0.0000010174
6   7   2   6   -0.0000047197
6   7   3   5   -0.0005974429
6   7   3   6   -0.0027715004
6   7   4   5   -0.0000198474
6   7   4   6   -0.0000920708
6   7   6   4   0.0001962056
6   8   1   5   0.0000049250
6   8   1   6   0.0000228469
6   8   2   5   0.0000241653
6   8   2   6   0.0001121013
6   8   3   5   0.0000661213
6   8   3   6   0.0003067326
6   8   4   5   -0.0000369200
6   8   4   6   -0.0001712697
6   8   6   4   -0.0023235447
6   9   1   5   -0.0005609250
6   9   1   6   -0.0026020960
6   9   2   5   -0.0000034597
6   9   2   6   -0.0000160491
6   9   3   5   -0.0023063919
6   9   3   6   -0.0106992081
6   9   4   5   -0.0000826667
6   9   4   6   -0.0003834857
6   9   6   4   -0.0070584579
6   10   1   5   -0.0000386406
6   10   1   6   -0.0001792514
6   10   2   5   -0.0000071040
6   10   2   6   -0.0000329548
6   10   3   5   -0.0002493140
6   10   3   6   -0.0011565519
6   10   4   5   -0.0004642761
6   10   4   6   -0.0021537479
6   10   6   4   0.0311467962
6   11   5   5   -0.0005404743
6   11   5   6   -0.0025072264
6   11   6   5   0.0357207836
6   11   6   6   -0.0077002077
6   12   1   4   -0.0004510628
6   12   2   4   0.0000157198
6   12   3   4   -0.0010040737
6   12   4   4   0.0020753302
6   12   5   5   0.0025072264
6   12   5   6   -0.0005404743
6   12   6   5   -0.0087811562
6   12   6   6   -0.0407352364

End IJKA Block
Begin IABC Block
1   4   1   4   -0.0000560320
1   4   2   5   -0.0000247976
1   4   3   6   -0.0000247976
1   5   1   5   -0.0000293169
1   5   2   4   -0.0000247976
1   6   1   6   -0.0000293169
1   6   3   4   -0.0000247976
2   4   1   4   0.0008562202
2   4   2   5   0.0011804598
2   4   3   6   0.0011804598
2   5   1   5   0.0001038727
2   5   2   4   0.0011804598
2   6   1   6   0.0001038727
2   6   3   4   0.0011804598
3   4   1   4   -0.0002549214
3   4   2   5   0.0000010762
3   4   3   6   0.0000010762
3   5   1   5   -0.0001732617
3   5   2   4   0.0000010762
3   6   1   6   -0.0001732617
3   6   3   4   0.0000010762
4   4   1   4   -0.0030886405
4   4   2   5   -0.0013728068
4   4   3   6   -0.0013728068
4   5   1   5   -0.0014234328
4   5   2   4   -0.0013728068
4   6   1   6   -0.0014234328
4   6   3   4   -0.0013728068
5   4   1   5   -0.0010126771
5   4   1   6   0.0002182994
5   4   2   4   -0.0010344412
5   4   3   4   0.0002229910
5   5   1   4   -0.0010126771
5   5   2   5   -0.0008628666
5   5   2   6   0.0000708349
5   5   3   5   0.0000443355
5   5   3   6   -0.0003285986
5   6   1   4   0.0002182994
5   6   2   5   0.0000708349
5   6   2   6   -0.0002056694
5   6   3   5   -0.0003285986
5   6   3   6   0.0001860052
6   4   1   5   0.0002182994
6   4   1   6   0.0010126771
6   4   2   4   0.0002229910
6   4   3   4   0.0010344412
6   5   1   4   0.0002182994
6   5   2   5   0.0001860052
6   5   2   6   0.0003285986
6   5   3   5   0.0002056694
6   5   3   6   0.0000708349
6   6   1   4   0.0010126771
6   6   2   5   0.0003285986
6   6   2   6   0.0000443355
6   6   3   5   0.0000708349
6   6   3   6   0.0008628666

End IABC Block
