Begin IJ Block
1   1   -7.0711440837
1   2   -0.0867044039
1   3   0.0723969225
2   2   -7.5037503693
2   3   0.1701259576
3   3   -6.6256014111
4   4   -6.4023413534
4   5   0.0000000000
5   5   -6.4023413534

End IJ Block
Begin IA Block
1   1   0.1044289781
2   1   0.0473731230
3   1   -0.0202626609
4   2   0.1830371000
4   3   0.0061973379
5   2   -0.0061973379
5   3   0.1830371000

End IA Block
Begin AB Block
1   1   -1.6463061562
2   2   -1.2884473365
3   3   -1.2884473365

End AB Block
Begin IJKL Block
1   6   1   6   1.6101467803
1   6   1   7   -0.0998759345
1   6   1   8   0.0907627380
1   6   2   6   -0.0998759345
1   6   2   7   0.0117458625
1   6   2   8   -0.0117426436
1   6   3   6   0.0907627380
1   6   3   7   -0.0117426436
1   6   3   8   0.0122122010
1   6   4   9   0.0009419076
1   6   5   10   0.0009419076
1   7   1   6   -0.0998759345
1   7   1   7   0.3943612528
1   7   1   8   -0.0932345560
1   7   2   6   0.0122663618
1   7   2   7   0.0335875750
1   7   2   8   -0.0033631691
1   7   3   6   -0.0122648311
1   7   3   7   -0.0266189081
1   7   3   8   0.0099483452
1   7   4   9   0.0096597706
1   7   5   10   0.0096597706
1   8   1   6   0.0907627380
1   8   1   7   -0.0932345560
1   8   1   8   0.4046297046
1   8   2   6   -0.0122648311
1   8   2   7   -0.0030825841
1   8   2   8   0.0302724453
1   8   3   6   0.0135415515
1   8   3   7   0.0102200806
1   8   3   8   -0.0250344902
1   8   4   9   -0.0019029640
1   8   5   10   -0.0019029640
1   9   1   9   0.3642452423
1   9   2   9   0.0301064731
1   9   2   10   -0.0000000000
1   9   3   9   -0.0226263270
1   9   3   10   0.0000000000
1   9   4   6   0.0015367818
1   9   4   7   0.0100182549
1   9   4   8   -0.0022391670
1   10   1   10   0.3642452423
1   10   2   9   -0.0000000000
1   10   2   10   0.0301064731
1   10   3   9   0.0000000000
1   10   3   10   -0.0226263270
1   10   5   6   0.0015367818
1   10   5   7   0.0100182549
1   10   5   8   -0.0022391670
2   6   1   6   -0.0998759345
2   6   1   7   0.0122663618
2   6   1   8   -0.0122648311
2   6   2   6   0.3943612528
2   6   2   7   0.0335875750
2   6   2   8   -0.0266189081
2   6   3   6   -0.0932345560
2   6   3   7   -0.0033631691
2   6   3   8   0.0099483452
2   6   4   9   0.0096597706
2   6   5   10   0.0096597706
2   7   1   6   0.0117458625
2   7   1   7   0.0335875750
2   7   1   8   -0.0030825841
2   7   2   6   0.0335875750
2   7   2   7   0.8686690703
2   7   2   8   -0.0095026944
2   7   3   6   -0.0030825841
2   7   3   7   -0.0095026944
2   7   3   8   0.1562138240
2   7   4   9   0.1479133017
2   7   5   10   0.1479133017
2   8   1   6   -0.0117426436
2   8   1   7   -0.0033631691
2   8   1   8   0.0302724453
2   8   2   6   -0.0266189081
2   8   2   7   -0.0095026944
2   8   2   8   0.8252569894
2   8   3   6   0.0102200806
2   8   3   7   0.1607221084
2   8   3   8   0.0165761149
2   8   4   9   0.0030620831
2   8   5   10   0.0030620831
2   9   1   9   0.0301064731
2   9   1   10   -0.0000000000
2   9   2   9   0.8014608427
2   9   2   10   -0.0000000000
2   9   3   9   0.0007515692
2   9   3   10   0.0000000000
2   9   4   6   0.0100182549
2   9   4   7   0.1527568770
2   9   4   8   0.0031266065
2   10   1   9   -0.0000000000
2   10   1   10   0.0301064731
2   10   2   9   -0.0000000000
2   10   2   10   0.8014608427
2   10   3   9   0.0000000000
2   10   3   10   0.0007515692
2   10   5   6   0.0100182549
2   10   5   7   0.1527568770
2   10   5   8   0.0031266065
3   6   1   6   0.0907627380
3   6   1   7   -0.0122648311
3   6   1   8   0.0135415515
3   6   2   6   -0.0932345560
3   6   2   7   -0.0030825841
3   6   2   8   0.0102200806
3   6   3   6   0.4046297046
3   6   3   7   0.0302724453
3   6   3   8   -0.0250344902
3   6   4   9   -0.0019029640
3   6   5   10   -0.0019029640
3   7   1   6   -0.0117426436
3   7   1   7   -0.0266189081
3   7   1   8   0.0102200806
3   7   2   6   -0.0033631691
3   7   2   7   -0.0095026944
3   7   2   8   0.1607221084
3   7   3   6   0.0302724453
3   7   3   7   0.8252569894
3   7   3   8   0.0165761149
3   7   4   9   0.0030620831
3   7   5   10   0.0030620831
3   8   1   6   0.0122122010
3   8   1   7   0.0099483452
3   8   1   8   -0.0250344902
3   8   2   6   0.0099483452
3   8   2   7   0.1562138240
3   8   2   8   0.0165761149
3   8   3   6   -0.0250344902
3   8   3   7   0.0165761149
3   8   3   8   0.8362313606
3   8   4   9   0.0319170005
3   8   5   10   0.0319170005
3   9   1   9   -0.0226263270
3   9   1   10   0.0000000000
3   9   2   9   0.0007515692
3   9   2   10   0.0000000000
3   9   3   9   0.7415382068
3   9   3   10   -0.0000000000
3   9   4   6   -0.0022391670
3   9   4   7   0.0031266065
3   9   4   8   0.0380501731
3   10   1   9   0.0000000000
3   10   1   10   -0.0226263270
3   10   2   9   0.0000000000
3   10   2   10   0.0007515692
3   10   3   9   -0.0000000000
3   10   3   10   0.7415382068
3   10   5   6   -0.0022391670
3   10   5   7   0.0031266065
3   10   5   8   0.0380501731
4   6   1   9   0.0015367818
4   6   2   9   0.0100182549
4   6   3   9   -0.0022391670
4   6   4   6   0.3642452423
4   6   4   7   0.0301064731
4   6   4   8   -0.0226263270
4   6   5   7   -0.0000000000
4   6   5   8   0.0000000000
4   7   1   9   0.0100182549
4   7   2   9   0.1527568770
4   7   3   9   0.0031266065
4   7   4   6   0.0301064731
4   7   4   7   0.8014608427
4   7   4   8   0.0007515692
4   7   5   6   -0.0000000000
4   7   5   7   -0.0000000000
4   7   5   8   0.0000000000
4   8   1   9   -0.0022391670
4   8   2   9   0.0031266065
4   8   3   9   0.0380501731
4   8   4   6   -0.0226263270
4   8   4   7   0.0007515692
4   8   4   8   0.7415382068
4   8   5   6   0.0000000000
4   8   5   7   0.0000000000
4   8   5   8   -0.0000000000
4   9   1   6   0.0009419076
4   9   1   7   0.0096597706
4   9   1   8   -0.0019029640
4   9   2   6   0.0096597706
4   9   2   7   0.1479133017
4   9   2   8   0.0030620831
4   9   3   6   -0.0019029640
4   9   3   7   0.0030620831
4   9   3   8   0.0319170005
4   9   4   9   0.7861948925
4   9   4   10   -0.0000000000
4   9   5   9   -0.0000000000
4   9   5   10   0.0298811827
4   10   4   9   -0.0000000000
4   10   4   10   0.7205684159
4   10   5   9   0.0357452940
4   10   5   10   -0.0000000000
5   6   1   10   0.0015367818
5   6   2   10   0.0100182549
5   6   3   10   -0.0022391670
5   6   4   7   -0.0000000000
5   6   4   8   0.0000000000
5   6   5   6   0.3642452423
5   6   5   7   0.0301064731
5   6   5   8   -0.0226263270
5   7   1   10   0.0100182549
5   7   2   10   0.1527568770
5   7   3   10   0.0031266065
5   7   4   6   -0.0000000000
5   7   4   7   -0.0000000000
5   7   4   8   0.0000000000
5   7   5   6   0.0301064731
5   7   5   7   0.8014608427
5   7   5   8   0.0007515692
5   8   1   10   -0.0022391670
5   8   2   10   0.0031266065
5   8   3   10   0.0380501731
5   8   4   6   0.0000000000
5   8   4   7   0.0000000000
5   8   4   8   -0.0000000000
5   8   5   6   -0.0226263270
5   8   5   7   0.0007515692
5   8   5   8   0.7415382068
5   9   4   9   -0.0000000000
5   9   4   10   0.0357452940
5   9   5   9   0.7205684159
5   9   5   10   -0.0000000000
5   10   1   6   0.0009419076
5   10   1   7   0.0096597706
5   10   1   8   -0.0019029640
5   10   2   6   0.0096597706
5   10   2   7   0.1479133017
5   10   2   8   0.0030620831
5   10   3   6   -0.0019029640
5   10   3   7   0.0030620831
5   10   3   8   0.0319170005
5   10   4   9   0.0298811827
5   10   4   10   -0.0000000000
5   10   5   9   -0.0000000000
5   10   5   10   0.7861948925

End IJKL Block
Begin IJAB Block
1   6   1   4   0.0045521460
1   6   2   5   0.0001568951
1   6   3   6   0.0001568951
1   7   1   4   -0.0002903925
1   7   2   5   0.0000281787
1   7   3   6   0.0000281787
1   8   1   4   0.0003562708
1   8   2   5   -0.0000306612
1   8   3   6   -0.0000306612
1   9   1   5   0.0003134111
1   9   1   6   0.0000106116
1   9   2   4   0.0001809293
1   9   3   4   0.0000061260
1   10   1   5   -0.0000106116
1   10   1   6   0.0003134111
1   10   2   4   -0.0000061260
1   10   3   4   0.0001809293
2   6   1   4   -0.0002903925
2   6   2   5   0.0000281787
2   6   3   6   0.0000281787
2   7   1   4   0.0003458297
2   7   2   5   0.0009144084
2   7   3   6   0.0009144084
2   8   1   4   -0.0003328671
2   8   2   5   0.0000731230
2   8   3   6   0.0000731230
2   9   1   5   0.0007532256
2   9   1   6   0.0000255030
2   9   2   4   0.0003196683
2   9   3   4   0.0000108234
2   10   1   5   -0.0000255030
2   10   1   6   0.0007532256
2   10   2   4   -0.0000108234
2   10   3   4   0.0003196683
3   6   1   4   0.0003562708
3   6   2   5   -0.0000306612
3   6   3   6   -0.0000306612
3   7   1   4   -0.0003328671
3   7   2   5   0.0000731230
3   7   3   6   0.0000731230
3   8   1   4   0.0003578578
3   8   2   5   0.0003928048
3   8   3   6   0.0003928048
3   9   1   5   -0.0003933637
3   9   1   6   -0.0000133187
3   9   2   4   -0.0001613721
3   9   3   4   -0.0000054638
3   10   1   5   0.0000133187
3   10   1   6   -0.0003933637
3   10   2   4   0.0000054638
3   10   3   4   -0.0001613721
4   6   1   5   0.0001809293
4   6   1   6   0.0000061260
4   6   2   4   0.0003134111
4   6   3   4   0.0000106116
4   7   1   5   0.0003196683
4   7   1   6   0.0000108234
4   7   2   4   0.0007532256
4   7   3   4   0.0000255030
4   8   1   5   -0.0001613721
4   8   1   6   -0.0000054638
4   8   2   4   -0.0003933637
4   8   3   4   -0.0000133187
4   9   1   4   0.0005470668
4   9   2   5   0.0030137490
4   9   2   6   0.0000882566
4   9   3   5   0.0000882566
4   9   3   6   0.0004100964
4   10   2   5   -0.0000882566
4   10   2   6   0.0021311164
4   10   3   5   0.0004725361
4   10   3   6   0.0000882566
5   6   1   5   -0.0000061260
5   6   1   6   0.0001809293
5   6   2   4   -0.0000106116
5   6   3   4   0.0003134111
5   7   1   5   -0.0000108234
5   7   1   6   0.0003196683
5   7   2   4   -0.0000255030
5   7   3   4   0.0007532256
5   8   1   5   0.0000054638
5   8   1   6   -0.0001613721
5   8   2   4   0.0000133187
5   8   3   4   -0.0003933637
5   9   2   5   -0.0000882566
5   9   2   6   0.0004725361
5   9   3   5   0.0021311164
5   9   3   6   0.0000882566
5   10   1   4   0.0005470668
5   10   2   5   0.0004100964
5   10   2   6   -0.0000882566
5   10   3   5   -0.0000882566
5   10   3   6   0.0030137490

End IJAB Block
Begin ABCD Block
1   4   1   4   0.1964079929
1   4   2   5   0.0195098013
1   4   3   6   0.0195098013
1   5   1   5   0.1302904148
1   5   2   4   0.0195100225
1   6   1   6   0.1302904148
1   6   3   4   0.0195100225
2   4   1   5   0.0195100225
2   4   2   4   0.1302904148
2   5   1   4   0.0195098013
2   5   2   5   0.1245933524
2   5   3   6   0.0078649236
2   6   2   6   0.1088635535
2   6   3   5   0.0078648753
3   4   1   6   0.0195100225
3   4   3   4   0.1302904148
3   5   2   6   0.0078648753
3   5   3   5   0.1088635535
3   6   1   4   0.0195098013
3   6   2   5   0.0078649236
3   6   3   6   0.1245933524

End ABCD Block
Begin AIJB Block
1   6   1   4   0.0033916399
1   6   2   4   -0.0001942143
1   6   3   4   0.0002205036
1   6   4   5   0.0001266465
1   6   4   6   0.0000042880
1   6   5   5   -0.0000042880
1   6   5   6   0.0001266465
1   7   1   4   -0.0001942143
1   7   2   4   0.0002510546
1   7   3   4   -0.0002080315
1   7   4   5   0.0001120973
1   7   4   6   0.0000037954
1   7   5   5   -0.0000037954
1   7   5   6   0.0001120973
1   8   1   4   0.0002205036
1   8   2   4   -0.0002080315
1   8   3   4   0.0002858942
1   8   4   5   -0.0000946792
1   8   4   6   -0.0000032057
1   8   5   5   0.0000032057
1   8   5   6   -0.0000946792
1   9   1   5   0.0002512116
1   9   1   6   0.0000085056
1   9   2   5   0.0004818009
1   9   2   6   0.0000163130
1   9   3   5   -0.0002684468
1   9   3   6   -0.0000090892
1   9   4   4   0.0005359021
1   10   1   5   -0.0000085056
1   10   1   6   0.0002512116
1   10   2   5   -0.0000163130
1   10   2   6   0.0004818009
1   10   3   5   0.0000090892
1   10   3   6   -0.0002684468
1   10   5   4   0.0005359021
2   6   1   5   0.0001480848
2   6   2   5   0.0000186996
2   6   3   5   -0.0000195010
2   6   4   4   0.0002512116
2   6   5   4   -0.0000085056
2   7   1   5   0.0000186996
2   7   2   5   0.0007005183
2   7   3   5   0.0000577741
2   7   4   4   0.0004818009
2   7   5   4   -0.0000163130
2   8   1   5   -0.0000195010
2   8   2   5   0.0000577741
2   8   3   5   0.0002382919
2   8   4   4   -0.0002684468
2   8   5   4   0.0000090892
2   9   1   4   0.0001266465
2   9   2   4   0.0001120973
2   9   3   4   -0.0000946792
2   9   4   5   0.0021136202
2   9   4   6   0.0000634674
2   9   5   5   -0.0000634674
2   9   5   6   0.0002349289
2   10   1   4   -0.0000042880
2   10   2   4   -0.0000037954
2   10   3   4   0.0000032057
2   10   4   5   -0.0000634674
2   10   4   6   0.0016374187
2   10   5   5   0.0002412726
2   10   5   6   -0.0000634674
3   6   1   6   0.0001480848
3   6   2   6   0.0000186996
3   6   3   6   -0.0000195010
3   6   4   4   0.0000085056
3   6   5   4   0.0002512116
3   7   1   6   0.0000186996
3   7   2   6   0.0007005183
3   7   3   6   0.0000577741
3   7   4   4   0.0000163130
3   7   5   4   0.0004818009
3   8   1   6   -0.0000195010
3   8   2   6   0.0000577741
3   8   3   6   0.0002382919
3   8   4   4   -0.0000090892
3   8   5   4   -0.0002684468
3   9   1   4   0.0000042880
3   9   2   4   0.0000037954
3   9   3   4   -0.0000032057
3   9   4   5   0.0000634674
3   9   4   6   0.0002412726
3   9   5   5   0.0016374187
3   9   5   6   0.0000634674
3   10   1   4   0.0001266465
3   10   2   4   0.0001120973
3   10   3   4   -0.0000946792
3   10   4   5   0.0002349289
3   10   4   6   0.0000634674
3   10   5   5   -0.0000634674
3   10   5   6   0.0021136202

1   6   6   1   -0.2193828370
1   6   7   1   0.0048422760
1   6   8   1   -0.0040668250
1   6   9   2   -0.0009398385
1   6   9   3   -0.0000318214
1   6   10   2   0.0000318214
1   6   10   3   -0.0009398385
1   7   6   1   0.0048422760
1   7   7   1   -0.1524568750
1   7   8   1   0.0121576480
1   7   9   2   -0.0048142915
1   7   9   3   -0.0001630041
1   7   10   2   0.0001630041
1   7   10   3   -0.0048142915
1   8   6   1   -0.0040668250
1   8   7   1   0.0121576480
1   8   8   1   -0.1515806664
1   8   9   2   0.0008270048
1   8   9   3   0.0000280010
1   8   10   2   -0.0000280010
1   8   10   3   0.0008270048
1   9   6   2   -0.0009450597
1   9   6   3   -0.0000319982
1   9   7   2   -0.0048086914
1   9   7   3   -0.0001628145
1   9   8   2   0.0008253955
1   9   8   3   0.0000279465
1   9   9   1   -0.1517229408
1   9   10   1   -0.0000000000
1   10   6   2   0.0000319982
1   10   6   3   -0.0009450597
1   10   7   2   0.0001628145
1   10   7   3   -0.0048086914
1   10   8   2   -0.0000279465
1   10   8   3   0.0008253955
1   10   9   1   -0.0000000000
1   10   10   1   -0.1517229408
2   6   6   2   -0.1415920767
2   6   7   2   0.0006009306
2   6   8   2   -0.0003824064
2   6   9   1   -0.0009450597
2   6   10   1   0.0000319982
2   7   6   2   0.0006009306
2   7   7   2   -0.1315221633
2   7   8   2   0.0034493489
2   7   9   1   -0.0048086914
2   7   10   1   0.0001628145
2   8   6   2   -0.0003824064
2   8   7   2   0.0034493489
2   8   8   2   -0.1304314306
2   8   9   1   0.0008253955
2   8   10   1   -0.0000279465
2   9   6   1   -0.0009398385
2   9   7   1   -0.0048142915
2   9   8   1   0.0008270048
2   9   9   2   -0.1323220687
2   9   9   3   -0.0000581035
2   9   10   2   0.0000581035
2   9   10   3   -0.0008649247
2   10   6   1   0.0000318214
2   10   7   1   0.0001630041
2   10   8   1   -0.0000280010
2   10   9   2   0.0000581035
2   10   9   3   -0.0008491825
2   10   10   2   -0.1306079616
2   10   10   3   0.0000581035
3   6   6   3   -0.1415920767
3   6   7   3   0.0006009306
3   6   8   3   -0.0003824064
3   6   9   1   -0.0000319982
3   6   10   1   -0.0009450597
3   7   6   3   0.0006009306
3   7   7   3   -0.1315221633
3   7   8   3   0.0034493489
3   7   9   1   -0.0001628145
3   7   10   1   -0.0048086914
3   8   6   3   -0.0003824064
3   8   7   3   0.0034493489
3   8   8   3   -0.1304314306
3   8   9   1   0.0000279465
3   8   10   1   0.0008253955
3   9   6   1   -0.0000318214
3   9   7   1   -0.0001630041
3   9   8   1   0.0000280010
3   9   9   2   -0.0000581035
3   9   9   3   -0.1306079616
3   9   10   2   -0.0008491825
3   9   10   3   -0.0000581035
3   10   6   1   -0.0009398385
3   10   7   1   -0.0048142915
3   10   8   1   0.0008270048
3   10   9   2   -0.0008649247
3   10   9   3   -0.0000581035
3   10   10   2   0.0000581035
3   10   10   3   -0.1323220687

End AIJB Block
Begin IJKA Block
1   6   1   4   -0.0562570901
1   6   2   4   0.0041741482
1   6   3   4   -0.0038218666
1   6   4   5   0.0002920619
1   6   4   6   0.0000098887
1   6   5   5   -0.0000098887
1   6   5   6   0.0002920619
1   7   1   4   0.0024493337
1   7   2   4   -0.0009435917
1   7   3   4   0.0008618958
1   7   4   5   -0.0005636621
1   7   4   6   -0.0000190847
1   7   5   5   0.0000190847
1   7   5   6   -0.0005636621
1   8   1   4   -0.0023291894
1   8   2   4   0.0006780936
1   8   3   4   -0.0007627176
1   8   4   5   0.0000025214
1   8   4   6   0.0000000854
1   8   5   5   -0.0000000854
1   8   5   6   0.0000025214
1   9   1   5   -0.0031164227
1   9   1   6   -0.0001055170
1   9   2   5   -0.0017158141
1   9   2   6   -0.0000580947
1   9   3   5   0.0011835348
1   9   3   6   0.0000400726
1   9   4   4   0.0001898859
1   10   1   5   0.0001055170
1   10   1   6   -0.0031164227
1   10   2   5   0.0000580947
1   10   2   6   -0.0017158141
1   10   3   5   -0.0000400726
1   10   3   6   0.0011835348
1   10   5   4   0.0001898859
2   6   1   4   0.0041649209
2   6   2   4   -0.0070141631
2   6   3   4   0.0029120079
2   6   4   5   -0.0000211544
2   6   4   6   -0.0000007163
2   6   5   5   0.0000007163
2   6   5   6   -0.0000211544
2   7   1   4   -0.0008949290
2   7   2   4   -0.0084951441
2   7   3   4   0.0018538471
2   7   4   5   -0.0103627118
2   7   4   6   -0.0003508645
2   7   5   5   0.0003508645
2   7   5   6   -0.0103627118
2   8   1   4   0.0006520425
2   8   2   4   0.0040295714
2   8   3   4   -0.0030676664
2   8   4   5   -0.0009469634
2   8   4   6   -0.0000320626
2   8   5   5   0.0000320626
2   8   5   6   -0.0009469634
2   9   1   5   -0.0015438720
2   9   1   6   -0.0000522730
2   9   2   5   -0.0298887989
2   9   2   6   -0.0010119860
2   9   3   5   -0.0013416526
2   9   3   6   -0.0000454262
2   9   4   4   -0.0003677502
2   10   1   5   0.0000522730
2   10   1   6   -0.0015438720
2   10   2   5   0.0010119860
2   10   2   6   -0.0298887989
2   10   3   5   0.0000454262
2   10   3   6   -0.0013416526
2   10   5   4   -0.0003677502
3   6   1   4   -0.0038553628
3   6   2   4   0.0028070644
3   6   3   4   -0.0076012032
3   6   4   5   -0.0001707934
3   6   4   6   -0.0000057828
3   6   5   5   0.0000057828
3   6   5   6   -0.0001707934
3   7   1   4   0.0008179866
3   7   2   4   0.0019219535
3   7   3   4   -0.0078863091
3   7   4   5   -0.0005479151
3   7   4   6   -0.0000185515
3   7   5   5   0.0000185515
3   7   5   6   -0.0005479151
3   8   1   4   -0.0007374186
3   8   2   4   -0.0029476554
3   8   3   4   0.0042764954
3   8   4   5   -0.0029227397
3   8   4   6   -0.0000989592
3   8   5   5   0.0000989592
3   8   5   6   -0.0029227397
3   9   1   5   0.0010097560
3   9   1   6   0.0000341887
3   9   2   5   -0.0011632585
3   9   2   6   -0.0000393860
3   9   3   5   -0.0264569947
3   9   3   6   -0.0008957907
3   9   4   4   0.0002623232
3   10   1   5   -0.0000341887
3   10   1   6   0.0010097560
3   10   2   5   0.0000393860
3   10   2   6   -0.0011632585
3   10   3   5   0.0008957907
3   10   3   6   -0.0264569947
3   10   5   4   0.0002623232
4   6   1   5   0.0003073328
4   6   1   6   0.0000104058
4   6   2   5   -0.0000526748
4   6   2   6   -0.0000017835
4   6   3   5   -0.0001731236
4   6   3   6   -0.0000058617
4   6   4   4   -0.0056033795
4   7   1   5   -0.0004907324
4   7   1   6   -0.0000166154
4   7   2   5   -0.0103364957
4   7   2   6   -0.0003499769
4   7   3   5   -0.0005442632
4   7   3   6   -0.0000184279
4   7   4   4   -0.0070688134
4   8   1   5   -0.0000206614
4   8   1   6   -0.0000006996
4   8   2   5   -0.0008645484
4   8   2   6   -0.0000292722
4   8   3   5   -0.0029724899
4   8   3   6   -0.0001006437
4   8   4   4   0.0029963227
4   9   1   4   0.0001428769
4   9   2   4   -0.0005120935
4   9   3   4   0.0002100587
4   9   4   5   -0.0318388003
4   9   4   6   -0.0010780099
4   9   5   5   0.0000978046
4   9   5   6   -0.0028886399
4   10   4   5   0.0008777584
4   10   4   6   -0.0259244146
4   10   5   5   -0.0030257459
4   10   5   6   -0.0001024468
5   6   1   5   -0.0000104058
5   6   1   6   0.0003073328
5   6   2   5   0.0000017835
5   6   2   6   -0.0000526748
5   6   3   5   0.0000058617
5   6   3   6   -0.0001731236
5   6   5   4   -0.0056033795
5   7   1   5   0.0000166154
5   7   1   6   -0.0004907324
5   7   2   5   0.0003499769
5   7   2   6   -0.0103364957
5   7   3   5   0.0000184279
5   7   3   6   -0.0005442632
5   7   5   4   -0.0070688134
5   8   1   5   0.0000006996
5   8   1   6   -0.0000206614
5   8   2   5   0.0000292722
5   8   2   6   -0.0008645484
5   8   3   5   0.0001006437
5   8   3   6   -0.0029724899
5   8   5   4   0.0029963227
5   9   4   5   0.0001024468
5   9   4   6   -0.0030257459
5   9   5   5   -0.0259244146
5   9   5   6   -0.0008777584
5   10   1   4   0.0001428769
5   10   2   4   -0.0005120935
5   10   3   4   0.0002100587
5   10   4   5   -0.0028886399
5   10   4   6   -0.0000978046
5   10   5   5   0.0010780099
5   10   5   6   -0.0318388003

End IJKA Block
Begin IABC Block
1   4   1   4   0.0009602987
1   4   2   5   0.0003490147
1   4   3   6   0.0003490147
1   5   1   5   0.0000980564
1   5   2   4   0.0003499342
1   6   1   6   0.0000980564
1   6   3   4   0.0003499342
2   4   1   4   -0.0002346943
2   4   2   5   -0.0000541403
2   4   3   6   -0.0000541403
2   5   1   5   0.0000061714
2   5   2   4   -0.0000564753
2   6   1   6   0.0000061714
2   6   3   4   -0.0000564753
3   4   1   4   0.0003177144
3   4   2   5   -0.0002001694
3   4   3   6   -0.0002001694
3   5   1   5   -0.0002627237
3   5   2   4   -0.0001983129
3   6   1   6   -0.0002627237
3   6   3   4   -0.0001983129
4   4   1   5   0.0017033214
4   4   1   6   0.0000576717
4   4   2   4   0.0008551440
4   4   3   4   0.0000289538
4   5   1   4   0.0016879667
4   5   2   5   0.0005117842
4   5   2   6   0.0000089246
4   5   3   5   -0.0000004967
4   5   3   6   0.0002628698
4   6   1   4   0.0000571518
4   6   2   5   0.0000089003
4   6   2   6   -0.0000146704
4   6   3   5   0.0002635848
4   6   3   6   0.0000173282
5   4   1   5   -0.0000576717
5   4   1   6   0.0017033214
5   4   2   4   -0.0000289538
5   4   3   4   0.0008551440
5   5   1   4   -0.0000571518
5   5   2   5   -0.0000173282
5   5   2   6   0.0002635848
5   5   3   5   -0.0000146704
5   5   3   6   -0.0000089003
5   6   1   4   0.0016879667
5   6   2   5   0.0002628698
5   6   2   6   0.0000004967
5   6   3   5   -0.0000089246
5   6   3   6   0.0005117842

End IABC Block
