Begin IJ Block
1   1   -40.8177032929
1   2   0.0000461191
1   3   0.7523609525
1   6   0.0167540253
2   2   -5.6868073772
2   3   -0.0001605758
2   6   -0.0085033293
3   3   -9.2219326514
3   6   -0.0489467272
4   4   -8.1209673812
4   5   0.0000000000
5   5   -8.1209673811
6   6   -7.7956920539

End IJ Block
Begin IA Block
1   1   -0.0035158363
1   4   -0.0294062363
2   1   0.1079972777
2   4   0.0637101497
3   1   0.0233254526
3   4   0.1466950298
4   2   0.0744858968
4   3   0.1615629256
5   2   0.1615629257
5   3   -0.0744858968
6   1   -0.1977337275
6   4   -0.2905577951

End IA Block
Begin AB Block
1   1   -1.7607258431
1   4   -0.3951758163
2   2   -1.5824606626
3   3   -1.5824606626
4   4   -1.8664916535

End AB Block
Begin IJKL Block
1   7   1   7   5.3484995979
1   7   1   8   -0.0000314438
1   7   1   9   -0.5323437449
1   7   1   12   -0.0117087974
1   7   2   7   -0.0000314438
1   7   2   8   0.0000002020
1   7   2   9   0.0000048860
1   7   2   12   -0.0000031314
1   7   3   7   -0.5323437449
1   7   3   8   0.0000048860
1   7   3   9   0.0816091250
1   7   3   12   0.0019025094
1   7   4   10   0.0318391393
1   7   5   11   0.0318391393
1   7   6   7   -0.0117087974
1   7   6   8   -0.0000031314
1   7   6   9   0.0019025094
1   7   6   12   0.0290730647
1   8   1   7   -0.0000314438
1   8   1   8   0.1380686137
1   8   1   9   0.0000575387
1   8   1   12   -0.0003210509
1   8   2   7   0.0000003291
1   8   2   8   -0.0000009449
1   8   2   9   0.0000004032
1   8   2   12   -0.0000000400
1   8   3   7   0.0000052231
1   8   3   8   0.0000041466
1   8   3   9   -0.0000009334
1   8   3   12   0.0000007434
1   8   4   10   0.0000019077
1   8   5   11   0.0000019077
1   8   6   7   -0.0000035910
1   8   6   8   -0.0009547604
1   8   6   9   -0.0000050911
1   8   6   12   0.0000052590
1   9   1   7   -0.5323437449
1   9   1   8   0.0000575387
1   9   1   9   1.2635931439
1   9   1   12   0.0163717685
1   9   2   7   0.0000052231
1   9   2   8   0.0000001725
1   9   2   9   -0.0000012056
1   9   2   12   -0.0000039319
1   9   3   7   0.0861723681
1   9   3   8   -0.0000012111
1   9   3   9   -0.0237592180
1   9   3   12   -0.0005053137
1   9   4   10   0.0361802111
1   9   5   11   0.0361802111
1   9   6   7   0.0018502207
1   9   6   8   -0.0000046592
1   9   6   9   -0.0006066280
1   9   6   12   0.0332892164
1   10   1   10   1.1706066903
1   10   2   10   -0.0000007523
1   10   3   10   -0.0155638814
1   10   4   7   0.0370109578
1   10   4   8   0.0000020104
1   10   4   9   0.0368107839
1   10   4   12   0.0006542070
1   10   6   10   -0.0004268868
1   11   1   11   1.1706066903
1   11   2   11   -0.0000007523
1   11   3   11   -0.0155638814
1   11   5   7   0.0370109578
1   11   5   8   0.0000020104
1   11   5   9   0.0368107839
1   11   5   12   0.0006542070
1   11   6   11   -0.0004268868
1   12   1   7   -0.0117087974
1   12   1   8   -0.0003210509
1   12   1   9   0.0163717685
1   12   1   12   1.1069540716
1   12   2   7   -0.0000035910
1   12   2   8   -0.0000004416
1   12   2   9   -0.0000045201
1   12   2   12   -0.0000006859
1   12   3   7   0.0018502207
1   12   3   8   0.0000006855
1   12   3   9   -0.0005404522
1   12   3   12   -0.0144616189
1   12   4   10   0.0006011109
1   12   5   11   0.0006011109
1   12   6   7   0.0342201694
1   12   6   8   0.0000050023
1   12   6   9   0.0342209183
1   12   6   12   0.0004800214
2   7   1   7   -0.0000314438
2   7   1   8   0.0000003291
2   7   1   9   0.0000052231
2   7   1   12   -0.0000035910
2   7   2   7   0.1380686137
2   7   2   8   -0.0000009449
2   7   2   9   0.0000041466
2   7   2   12   -0.0009547604
2   7   3   7   0.0000575387
2   7   3   8   0.0000004032
2   7   3   9   -0.0000009334
2   7   3   12   -0.0000050911
2   7   4   10   0.0000019077
2   7   5   11   0.0000019077
2   7   6   7   -0.0003210509
2   7   6   8   -0.0000000400
2   7   6   9   0.0000007434
2   7   6   12   0.0000052590
2   8   1   7   0.0000002020
2   8   1   8   -0.0000009449
2   8   1   9   0.0000001725
2   8   1   12   -0.0000004416
2   8   2   7   -0.0000009449
2   8   2   8   1.6357716505
2   8   2   9   -0.0001348357
2   8   2   12   0.0109641289
2   8   3   7   0.0000001725
2   8   3   8   -0.0001348357
2   8   3   9   0.0000089438
2   8   3   12   -0.0000225795
2   8   4   10   0.0000131783
2   8   5   11   0.0000131783
2   8   6   7   -0.0000004416
2   8   6   8   0.0109641289
2   8   6   9   -0.0000225795
2   8   6   12   0.0001598507
2   9   1   7   0.0000048860
2   9   1   8   0.0000004032
2   9   1   9   -0.0000012056
2   9   1   12   -0.0000045201
2   9   2   7   0.0000041466
2   9   2   8   -0.0001348357
2   9   2   9   0.1383079811
2   9   2   12   -0.0119682074
2   9   3   7   -0.0000012111
2   9   3   8   0.0000030085
2   9   3   9   0.0000370002
2   9   3   12   -0.0000211868
2   9   4   10   0.0000075671
2   9   5   11   0.0000075671
2   9   6   7   0.0000006855
2   9   6   8   0.0000001487
2   9   6   9   -0.0002888802
2   9   6   12   0.0000441699
2   10   1   10   -0.0000007523
2   10   2   10   0.1376674101
2   10   3   10   0.0000344402
2   10   4   7   0.0000020104
2   10   4   8   -0.0000009082
2   10   4   9   0.0000082908
2   10   4   12   -0.0000059150
2   10   6   10   -0.0002754542
2   11   1   11   -0.0000007523
2   11   2   11   0.1376674101
2   11   3   11   0.0000344402
2   11   5   7   0.0000020104
2   11   5   8   -0.0000009082
2   11   5   9   0.0000082908
2   11   5   12   -0.0000059150
2   11   6   11   -0.0002754542
2   12   1   7   -0.0000031314
2   12   1   8   -0.0000000400
2   12   1   9   -0.0000039319
2   12   1   12   -0.0000006859
2   12   2   7   -0.0009547604
2   12   2   8   0.0109641289
2   12   2   9   -0.0119682074
2   12   2   12   0.1479315059
2   12   3   7   -0.0000046592
2   12   3   8   0.0000001487
2   12   3   9   -0.0000184064
2   12   3   12   0.0000339098
2   12   4   10   -0.0000046867
2   12   5   11   -0.0000046867
2   12   6   7   0.0000050023
2   12   6   8   0.0001710905
2   12   6   9   0.0000449728
2   12   6   12   -0.0003062395
3   7   1   7   -0.5323437449
3   7   1   8   0.0000052231
3   7   1   9   0.0861723681
3   7   1   12   0.0018502207
3   7   2   7   0.0000575387
3   7   2   8   0.0000001725
3   7   2   9   -0.0000012111
3   7   2   12   -0.0000046592
3   7   3   7   1.2635931439
3   7   3   8   -0.0000012056
3   7   3   9   -0.0237592180
3   7   3   12   -0.0006066280
3   7   4   10   0.0361802111
3   7   5   11   0.0361802111
3   7   6   7   0.0163717685
3   7   6   8   -0.0000039319
3   7   6   9   -0.0005053137
3   7   6   12   0.0332892164
3   8   1   7   0.0000048860
3   8   1   8   0.0000041466
3   8   1   9   -0.0000012111
3   8   1   12   0.0000006855
3   8   2   7   0.0000004032
3   8   2   8   -0.0001348357
3   8   2   9   0.0000030085
3   8   2   12   0.0000001487
3   8   3   7   -0.0000012056
3   8   3   8   0.1383079811
3   8   3   9   0.0000370002
3   8   3   12   -0.0002888802
3   8   4   10   0.0000075671
3   8   5   11   0.0000075671
3   8   6   7   -0.0000045201
3   8   6   8   -0.0119682074
3   8   6   9   -0.0000211868
3   8   6   12   0.0000441699
3   9   1   7   0.0816091250
3   9   1   8   -0.0000009334
3   9   1   9   -0.0237592180
3   9   1   12   -0.0005404522
3   9   2   7   -0.0000009334
3   9   2   8   0.0000089438
3   9   2   9   0.0000370002
3   9   2   12   -0.0000184064
3   9   3   7   -0.0237592180
3   9   3   8   0.0000370002
3   9   3   9   0.8719020209
3   9   3   12   0.0079941827
3   9   4   10   0.1537155542
3   9   5   11   0.1537155542
3   9   6   7   -0.0005404522
3   9   6   8   -0.0000184064
3   9   6   9   0.0079941827
3   9   6   12   0.1440324088
3   10   1   10   -0.0155638814
3   10   2   10   0.0000344402
3   10   3   10   0.8187739841
3   10   4   7   0.0368107839
3   10   4   8   0.0000082908
3   10   4   9   0.1584195174
3   10   4   12   0.0017044600
3   10   6   10   0.0072589009
3   11   1   11   -0.0155638814
3   11   2   11   0.0000344402
3   11   3   11   0.8187739841
3   11   5   7   0.0368107839
3   11   5   8   0.0000082908
3   11   5   9   0.1584195174
3   11   5   12   0.0017044600
3   11   6   11   0.0072589009
3   12   1   7   0.0019025094
3   12   1   8   0.0000007434
3   12   1   9   -0.0005053137
3   12   1   12   -0.0144616189
3   12   2   7   -0.0000050911
3   12   2   8   -0.0000225795
3   12   2   9   -0.0000211868
3   12   2   12   0.0000339098
3   12   3   7   -0.0006066280
3   12   3   8   -0.0002888802
3   12   3   9   0.0079941827
3   12   3   12   0.7808815573
3   12   4   10   0.0016026193
3   12   5   11   0.0016026193
3   12   6   7   0.0342209183
3   12   6   8   0.0000449728
3   12   6   9   0.1493030255
3   12   6   12   0.0069801008
4   7   1   10   0.0370109578
4   7   2   10   0.0000020104
4   7   3   10   0.0368107839
4   7   4   7   1.1706066903
4   7   4   8   -0.0000007523
4   7   4   9   -0.0155638814
4   7   4   12   -0.0004268868
4   7   6   10   0.0006542070
4   8   1   10   0.0000020104
4   8   2   10   -0.0000009082
4   8   3   10   0.0000082908
4   8   4   7   -0.0000007523
4   8   4   8   0.1376674101
4   8   4   9   0.0000344402
4   8   4   12   -0.0002754542
4   8   6   10   -0.0000059150
4   9   1   10   0.0368107839
4   9   2   10   0.0000082908
4   9   3   10   0.1584195174
4   9   4   7   -0.0155638814
4   9   4   8   0.0000344402
4   9   4   9   0.8187739841
4   9   4   12   0.0072589009
4   9   6   10   0.0017044600
4   10   1   7   0.0318391393
4   10   1   8   0.0000019077
4   10   1   9   0.0361802111
4   10   1   12   0.0006011109
4   10   2   7   0.0000019077
4   10   2   8   0.0000131783
4   10   2   9   0.0000075671
4   10   2   12   -0.0000046867
4   10   3   7   0.0361802111
4   10   3   8   0.0000075671
4   10   3   9   0.1537155542
4   10   3   12   0.0016026193
4   10   4   10   0.8171717566
4   10   4   11   -0.0000000000
4   10   5   10   -0.0000000000
4   10   5   11   0.0319333317
4   10   6   7   0.0006011109
4   10   6   8   -0.0000046867
4   10   6   9   0.0016026193
4   10   6   12   0.0300493652
4   11   4   10   -0.0000000000
4   11   4   11   0.7471826688
4   11   5   10   0.0380557560
4   11   5   11   -0.0000000000
4   12   1   10   0.0006542070
4   12   2   10   -0.0000059150
4   12   3   10   0.0017044600
4   12   4   7   -0.0004268868
4   12   4   8   -0.0002754542
4   12   4   9   0.0072589009
4   12   4   12   0.7139470622
4   12   5   12   -0.0000000000
4   12   6   10   0.0359076588
5   7   1   11   0.0370109578
5   7   2   11   0.0000020104
5   7   3   11   0.0368107839
5   7   5   7   1.1706066903
5   7   5   8   -0.0000007523
5   7   5   9   -0.0155638814
5   7   5   12   -0.0004268868
5   7   6   11   0.0006542070
5   8   1   11   0.0000020104
5   8   2   11   -0.0000009082
5   8   3   11   0.0000082908
5   8   5   7   -0.0000007523
5   8   5   8   0.1376674101
5   8   5   9   0.0000344402
5   8   5   12   -0.0002754542
5   8   6   11   -0.0000059150
5   9   1   11   0.0368107839
5   9   2   11   0.0000082908
5   9   3   11   0.1584195174
5   9   5   7   -0.0155638814
5   9   5   8   0.0000344402
5   9   5   9   0.8187739841
5   9   5   12   0.0072589009
5   9   6   11   0.0017044600
5   10   4   10   -0.0000000000
5   10   4   11   0.0380557560
5   10   5   10   0.7471826688
5   10   5   11   -0.0000000000
5   11   1   7   0.0318391393
5   11   1   8   0.0000019077
5   11   1   9   0.0361802111
5   11   1   12   0.0006011109
5   11   2   7   0.0000019077
5   11   2   8   0.0000131783
5   11   2   9   0.0000075671
5   11   2   12   -0.0000046867
5   11   3   7   0.0361802111
5   11   3   8   0.0000075671
5   11   3   9   0.1537155542
5   11   3   12   0.0016026193
5   11   4   10   0.0319333317
5   11   4   11   -0.0000000000
5   11   5   10   -0.0000000000
5   11   5   11   0.8171717565
5   11   6   7   0.0006011109
5   11   6   8   -0.0000046867
5   11   6   9   0.0016026193
5   11   6   12   0.0300493652
5   12   1   11   0.0006542070
5   12   2   11   -0.0000059150
5   12   3   11   0.0017044600
5   12   4   12   -0.0000000000
5   12   5   7   -0.0004268868
5   12   5   8   -0.0002754542
5   12   5   9   0.0072589009
5   12   5   12   0.7139470622
5   12   6   11   0.0359076588
6   7   1   7   -0.0117087974
6   7   1   8   -0.0000035910
6   7   1   9   0.0018502207
6   7   1   12   0.0342201694
6   7   2   7   -0.0003210509
6   7   2   8   -0.0000004416
6   7   2   9   0.0000006855
6   7   2   12   0.0000050023
6   7   3   7   0.0163717685
6   7   3   8   -0.0000045201
6   7   3   9   -0.0005404522
6   7   3   12   0.0342209183
6   7   4   10   0.0006011109
6   7   5   11   0.0006011109
6   7   6   7   1.1069540716
6   7   6   8   -0.0000006859
6   7   6   9   -0.0144616189
6   7   6   12   0.0004800214
6   8   1   7   -0.0000031314
6   8   1   8   -0.0009547604
6   8   1   9   -0.0000046592
6   8   1   12   0.0000050023
6   8   2   7   -0.0000000400
6   8   2   8   0.0109641289
6   8   2   9   0.0000001487
6   8   2   12   0.0001710905
6   8   3   7   -0.0000039319
6   8   3   8   -0.0119682074
6   8   3   9   -0.0000184064
6   8   3   12   0.0000449728
6   8   4   10   -0.0000046867
6   8   5   11   -0.0000046867
6   8   6   7   -0.0000006859
6   8   6   8   0.1479315059
6   8   6   9   0.0000339098
6   8   6   12   -0.0003062395
6   9   1   7   0.0019025094
6   9   1   8   -0.0000050911
6   9   1   9   -0.0006066280
6   9   1   12   0.0342209183
6   9   2   7   0.0000007434
6   9   2   8   -0.0000225795
6   9   2   9   -0.0002888802
6   9   2   12   0.0000449728
6   9   3   7   -0.0005053137
6   9   3   8   -0.0000211868
6   9   3   9   0.0079941827
6   9   3   12   0.1493030255
6   9   4   10   0.0016026193
6   9   5   11   0.0016026193
6   9   6   7   -0.0144616189
6   9   6   8   0.0000339098
6   9   6   9   0.7808815573
6   9   6   12   0.0069801008
6   10   1   10   -0.0004268868
6   10   2   10   -0.0002754542
6   10   3   10   0.0072589009
6   10   4   7   0.0006542070
6   10   4   8   -0.0000059150
6   10   4   9   0.0017044600
6   10   4   12   0.0359076588
6   10   6   10   0.7139470622
6   10   6   11   -0.0000000000
6   11   1   11   -0.0004268868
6   11   2   11   -0.0002754542
6   11   3   11   0.0072589009
6   11   5   7   0.0006542070
6   11   5   8   -0.0000059150
6   11   5   9   0.0017044600
6   11   5   12   0.0359076588
6   11   6   10   -0.0000000000
6   11   6   11   0.7139470622
6   12   1   7   0.0290730647
6   12   1   8   0.0000052590
6   12   1   9   0.0332892164
6   12   1   12   0.0004800214
6   12   2   7   0.0000052590
6   12   2   8   0.0001598507
6   12   2   9   0.0000441699
6   12   2   12   -0.0003062395
6   12   3   7   0.0332892164
6   12   3   8   0.0000441699
6   12   3   9   0.1440324088
6   12   3   12   0.0069801008
6   12   4   10   0.0300493652
6   12   5   11   0.0300493652
6   12   6   7   0.0004800214
6   12   6   8   -0.0003062395
6   12   6   9   0.0069801008
6   12   6   12   0.7479258953

End IJKL Block
Begin IJAB Block
1   7   1   5   0.0002110491
1   7   1   8   0.0003259830
1   7   2   6   0.0000841541
1   7   3   7   0.0000841541
1   7   4   5   0.0003259830
1   7   4   8   0.0006248204
1   8   1   5   0.0000006522
1   8   1   8   -0.0000010770
1   8   2   6   -0.0000002228
1   8   3   7   -0.0000002228
1   8   4   5   0.0000007729
1   8   4   8   -0.0000011882
1   9   1   5   0.0002161442
1   9   1   8   0.0003180712
1   9   2   6   0.0000841906
1   9   3   7   0.0000841906
1   9   4   5   0.0003107357
1   9   4   8   0.0004452245
1   10   1   6   0.0000001154
1   10   1   7   0.0000002502
1   10   2   5   0.0000041610
1   10   2   8   0.0000306416
1   10   3   5   0.0000090254
1   10   3   8   0.0000664630
1   10   4   6   0.0000088976
1   10   4   7   0.0000192992
1   11   1   6   0.0000002502
1   11   1   7   -0.0000001154
1   11   2   5   0.0000090254
1   11   2   8   0.0000664630
1   11   3   5   -0.0000041610
1   11   3   8   -0.0000306416
1   11   4   6   0.0000192992
1   11   4   7   -0.0000088976
1   12   1   5   -0.0000227159
1   12   1   8   -0.0001362467
1   12   2   6   0.0000035082
1   12   3   7   0.0000035082
1   12   4   5   -0.0001082036
1   12   4   8   -0.0002509560
2   7   1   5   0.0000006522
2   7   1   8   0.0000007729
2   7   2   6   -0.0000002228
2   7   3   7   -0.0000002228
2   7   4   5   -0.0000010770
2   7   4   8   -0.0000011882
2   8   1   5   0.0128170367
2   8   1   8   0.0086196537
2   8   2   6   0.0021022139
2   8   3   7   0.0021022139
2   8   4   5   0.0086196537
2   8   4   8   0.0081864817
2   9   1   5   -0.0000015415
2   9   1   8   -0.0000024053
2   9   2   6   0.0000063253
2   9   3   7   0.0000063253
2   9   4   5   -0.0000082246
2   9   4   8   -0.0000003045
2   10   1   6   -0.0000041825
2   10   1   7   -0.0000090721
2   10   2   5   0.0000220587
2   10   2   8   0.0000452864
2   10   3   5   0.0000478461
2   10   3   8   0.0000982281
2   10   4   6   -0.0000052816
2   10   4   7   -0.0000114560
2   11   1   6   -0.0000090721
2   11   1   7   0.0000041825
2   11   2   5   0.0000478461
2   11   2   8   0.0000982281
2   11   3   5   -0.0000220587
2   11   3   8   -0.0000452864
2   11   4   6   -0.0000114560
2   11   4   7   0.0000052816
2   12   1   5   0.0003527973
2   12   1   8   0.0005888935
2   12   2   6   -0.0003030967
2   12   3   7   -0.0003030967
2   12   4   5   0.0001927603
2   12   4   8   -0.0001518910
3   7   1   5   0.0002161442
3   7   1   8   0.0003107357
3   7   2   6   0.0000841906
3   7   3   7   0.0000841906
3   7   4   5   0.0003180712
3   7   4   8   0.0004452245
3   8   1   5   -0.0000015415
3   8   1   8   -0.0000082246
3   8   2   6   0.0000063253
3   8   3   7   0.0000063253
3   8   4   5   -0.0000024053
3   8   4   8   -0.0000003045
3   9   1   5   0.0010858538
3   9   1   8   0.0016147579
3   9   2   6   0.0003983213
3   9   3   7   0.0003983213
3   9   4   5   0.0016147579
3   9   4   8   0.0029143716
3   10   1   6   0.0000440983
3   10   1   7   0.0000956510
3   10   2   5   0.0000237543
3   10   2   8   0.0001608753
3   10   3   5   0.0000515239
3   10   3   8   0.0003489451
3   10   4   6   0.0003663514
3   10   4   7   0.0007946310
3   11   1   6   0.0000956510
3   11   1   7   -0.0000440983
3   11   2   5   0.0000515239
3   11   2   8   0.0003489451
3   11   3   5   -0.0000237543
3   11   3   8   -0.0001608753
3   11   4   6   0.0007946310
3   11   4   7   -0.0003663514
3   12   1   5   -0.0003305338
3   12   1   8   -0.0010895044
3   12   2   6   -0.0000422407
3   12   3   7   -0.0000422407
3   12   4   5   -0.0017589602
3   12   4   8   -0.0031764083
4   7   1   6   0.0000041610
4   7   1   7   0.0000090254
4   7   2   5   0.0000001154
4   7   2   8   0.0000088976
4   7   3   5   0.0000002502
4   7   3   8   0.0000192992
4   7   4   6   0.0000306416
4   7   4   7   0.0000664630
4   8   1   6   0.0000220587
4   8   1   7   0.0000478461
4   8   2   5   -0.0000041825
4   8   2   8   -0.0000052816
4   8   3   5   -0.0000090721
4   8   3   8   -0.0000114560
4   8   4   6   0.0000452864
4   8   4   7   0.0000982281
4   9   1   6   0.0000237543
4   9   1   7   0.0000515239
4   9   2   5   0.0000440983
4   9   2   8   0.0003663514
4   9   3   5   0.0000956510
4   9   3   8   0.0007946310
4   9   4   6   0.0001608753
4   9   4   7   0.0003489451
4   10   1   5   0.0006668887
4   10   1   8   0.0008641137
4   10   2   6   0.0003958395
4   10   2   7   0.0004231150
4   10   3   6   0.0004231150
4   10   3   7   0.0011185229
4   10   4   5   0.0008641137
4   10   4   8   0.0016022873
4   11   2   6   0.0004231150
4   11   2   7   -0.0000118486
4   11   3   6   0.0007345320
4   11   3   7   -0.0004231150
4   12   1   6   -0.0002021849
4   12   1   7   -0.0004385472
4   12   2   5   -0.0006687919
4   12   2   8   -0.0009609349
4   12   3   5   -0.0014506367
4   12   3   8   -0.0020843066
4   12   4   6   -0.0002466789
4   12   4   7   -0.0005350565
5   7   1   6   0.0000090254
5   7   1   7   -0.0000041610
5   7   2   5   0.0000002502
5   7   2   8   0.0000192992
5   7   3   5   -0.0000001154
5   7   3   8   -0.0000088976
5   7   4   6   0.0000664630
5   7   4   7   -0.0000306416
5   8   1   6   0.0000478461
5   8   1   7   -0.0000220587
5   8   2   5   -0.0000090721
5   8   2   8   -0.0000114560
5   8   3   5   0.0000041825
5   8   3   8   0.0000052816
5   8   4   6   0.0000982281
5   8   4   7   -0.0000452864
5   9   1   6   0.0000515239
5   9   1   7   -0.0000237543
5   9   2   5   0.0000956510
5   9   2   8   0.0007946310
5   9   3   5   -0.0000440983
5   9   3   8   -0.0003663514
5   9   4   6   0.0003489451
5   9   4   7   -0.0001608753
5   10   2   6   0.0004231150
5   10   2   7   0.0007345320
5   10   3   6   -0.0000118486
5   10   3   7   -0.0004231150
5   11   1   5   0.0006668887
5   11   1   8   0.0008641137
5   11   2   6   0.0011185229
5   11   2   7   -0.0004231150
5   11   3   6   -0.0004231150
5   11   3   7   0.0003958395
5   11   4   5   0.0008641137
5   11   4   8   0.0016022873
5   12   1   6   -0.0004385472
5   12   1   7   0.0002021849
5   12   2   5   -0.0014506367
5   12   2   8   -0.0020843066
5   12   3   5   0.0006687919
5   12   3   8   0.0009609349
5   12   4   6   -0.0005350565
5   12   4   7   0.0002466789
6   7   1   5   -0.0000227159
6   7   1   8   -0.0001082036
6   7   2   6   0.0000035082
6   7   3   7   0.0000035082
6   7   4   5   -0.0001362467
6   7   4   8   -0.0002509560
6   8   1   5   0.0003527973
6   8   1   8   0.0001927603
6   8   2   6   -0.0003030967
6   8   3   7   -0.0003030967
6   8   4   5   0.0005888935
6   8   4   8   -0.0001518910
6   9   1   5   -0.0003305338
6   9   1   8   -0.0017589602
6   9   2   6   -0.0000422407
6   9   3   7   -0.0000422407
6   9   4   5   -0.0010895044
6   9   4   8   -0.0031764083
6   10   1   6   -0.0006687919
6   10   1   7   -0.0014506367
6   10   2   5   -0.0002021849
6   10   2   8   -0.0002466789
6   10   3   5   -0.0004385472
6   10   3   8   -0.0005350565
6   10   4   6   -0.0009609349
6   10   4   7   -0.0020843066
6   11   1   6   -0.0014506367
6   11   1   7   0.0006687919
6   11   2   5   -0.0004385472
6   11   2   8   -0.0005350565
6   11   3   5   0.0002021849
6   11   3   8   0.0002466789
6   11   4   6   -0.0020843066
6   11   4   7   0.0009609349
6   12   1   5   0.0044095820
6   12   1   8   0.0062540176
6   12   2   6   0.0007551839
6   12   3   7   0.0007551839
6   12   4   5   0.0062540176
6   12   4   8   0.0095625561

End IJAB Block
Begin ABCD Block
1   5   1   5   0.2343190194
1   5   1   8   0.0001276206
1   5   2   6   0.0363662446
1   5   3   7   0.0363662446
1   5   4   5   0.0001276206
1   5   4   8   0.0273236575
1   6   1   6   0.1860171492
1   6   2   5   0.0363676995
1   6   2   8   0.0082833577
1   6   4   6   0.0118855419
1   7   1   7   0.1860171492
1   7   3   5   0.0363676995
1   7   3   8   0.0082833577
1   7   4   7   0.0118855419
1   8   1   5   0.0001276206
1   8   1   8   0.1820332241
1   8   2   6   0.0082820778
1   8   3   7   0.0082820778
1   8   4   5   0.0273368076
1   8   4   8   0.0131172852
2   5   1   6   0.0363676995
2   5   2   5   0.1860171492
2   5   2   8   0.0118855419
2   5   4   6   0.0082833577
2   6   1   5   0.0363662446
2   6   1   8   0.0082820778
2   6   2   6   0.1748859371
2   6   3   7   0.0093562602
2   6   4   5   0.0082820778
2   6   4   8   0.0118642076
2   7   2   7   0.1561735165
2   7   3   6   0.0093561605
2   8   1   6   0.0082833577
2   8   2   5   0.0118855419
2   8   2   8   0.1587215018
2   8   4   6   0.0118654558
3   5   1   7   0.0363676995
3   5   3   5   0.1860171492
3   5   3   8   0.0118855419
3   5   4   7   0.0082833577
3   6   2   7   0.0093561605
3   6   3   6   0.1561735165
3   7   1   5   0.0363662446
3   7   1   8   0.0082820778
3   7   2   6   0.0093562602
3   7   3   7   0.1748859371
3   7   4   5   0.0082820778
3   7   4   8   0.0118642076
3   8   1   7   0.0082833577
3   8   3   5   0.0118855419
3   8   3   8   0.1587215018
3   8   4   7   0.0118654558
4   5   1   5   0.0001276206
4   5   1   8   0.0273368076
4   5   2   6   0.0082820778
4   5   3   7   0.0082820778
4   5   4   5   0.1820332241
4   5   4   8   0.0131172852
4   6   1   6   0.0118855419
4   6   2   5   0.0082833577
4   6   2   8   0.0118654558
4   6   4   6   0.1587215018
4   7   1   7   0.0118855419
4   7   3   5   0.0082833577
4   7   3   8   0.0118654558
4   7   4   7   0.1587215018
4   8   1   5   0.0273236575
4   8   1   8   0.0131172852
4   8   2   6   0.0118642076
4   8   3   7   0.0118642076
4   8   4   5   0.0131172852
4   8   4   8   0.1759065582

End ABCD Block
Begin AIJB Block
1   7   1   5   0.0002257832
1   7   1   8   0.0003320691
1   7   2   5   0.0000007275
1   7   2   8   0.0000009061
1   7   3   5   0.0002202118
1   7   3   8   0.0002943432
1   7   4   6   0.0000028803
1   7   4   7   0.0000062475
1   7   5   6   0.0000062475
1   7   5   7   -0.0000028803
1   7   6   5   -0.0000063430
1   7   6   8   -0.0000161614
1   8   1   5   0.0000007275
1   8   1   8   -0.0000009888
1   8   2   5   0.0099701742
1   8   2   8   0.0065782150
1   8   3   5   0.0000017301
1   8   3   8   -0.0000068800
1   8   4   6   0.0000186648
1   8   4   7   0.0000404847
1   8   5   6   0.0000404847
1   8   5   7   -0.0000186648
1   8   6   5   0.0001959468
1   8   6   8   0.0000180850
1   9   1   5   0.0002202118
1   9   1   8   0.0003035949
1   9   2   5   0.0000017301
1   9   2   8   0.0000019740
1   9   3   5   0.0009783996
1   9   3   8   0.0013636083
1   9   4   6   0.0000090056
1   9   4   7   0.0000195336
1   9   5   6   0.0000195336
1   9   5   7   -0.0000090056
1   9   6   5   -0.0000416310
1   9   6   8   -0.0008686644
1   10   1   6   -0.0000014334
1   10   1   7   -0.0000031091
1   10   2   6   -0.0000023532
1   10   2   7   -0.0000051041
1   10   3   6   0.0000154199
1   10   3   7   0.0000334463
1   10   4   5   0.0001864274
1   10   4   8   0.0003489088
1   10   6   6   -0.0006968084
1   10   6   7   -0.0015114057
1   11   1   6   -0.0000031091
1   11   1   7   0.0000014334
1   11   2   6   -0.0000051041
1   11   2   7   0.0000023532
1   11   3   6   0.0000334463
1   11   3   7   -0.0000154199
1   11   5   5   0.0001864274
1   11   5   8   0.0003489088
1   11   6   6   -0.0015114057
1   11   6   7   0.0006968084
1   12   1   5   -0.0000063430
1   12   1   8   -0.0000731416
1   12   2   5   0.0001959468
1   12   2   8   0.0003792581
1   12   3   5   -0.0000416310
1   12   3   8   -0.0002531198
1   12   4   6   -0.0000791612
1   12   4   7   -0.0001717039
1   12   5   6   -0.0001717039
1   12   5   7   0.0000791612
1   12   6   5   0.0036534407
1   12   6   8   0.0048109380
2   7   1   6   0.0000843070
2   7   2   6   -0.0000004332
2   7   3   6   0.0000775718
2   7   4   5   -0.0000014334
2   7   4   8   -0.0000041823
2   7   5   5   -0.0000031091
2   7   5   8   -0.0000090716
2   7   6   6   0.0000050685
2   8   1   6   -0.0000004332
2   8   2   6   0.0018519811
2   8   3   6   0.0000017562
2   8   4   5   -0.0000023532
2   8   4   8   0.0000011190
2   8   5   5   -0.0000051041
2   8   5   8   0.0000024271
2   8   6   6   -0.0002282092
2   9   1   6   0.0000775718
2   9   2   6   0.0000017562
2   9   3   6   0.0003166956
2   9   4   5   0.0000154199
2   9   4   8   0.0002370648
2   9   5   5   0.0000334463
2   9   5   8   0.0005142032
2   9   6   6   0.0000193682
2   10   1   5   0.0000028803
2   10   1   8   0.0000230093
2   10   2   5   0.0000186648
2   10   2   8   0.0000402838
2   10   3   5   0.0000090056
2   10   3   8   0.0000686355
2   10   4   6   0.0002765698
2   10   4   7   0.0003924139
2   10   5   6   0.0003924139
2   10   5   7   0.0007512711
2   10   6   5   -0.0000791612
2   10   6   8   -0.0001591170
2   11   1   5   0.0000062475
2   11   1   8   0.0000499081
2   11   2   5   0.0000404847
2   11   2   8   0.0000873771
2   11   3   5   0.0000195336
2   11   3   8   0.0001488731
2   11   4   6   0.0003924139
2   11   4   7   -0.0000810254
2   11   5   6   0.0009468155
2   11   5   7   -0.0003924139
2   11   6   5   -0.0001717039
2   11   6   8   -0.0003451312
2   12   1   6   0.0000050685
2   12   2   6   -0.0002282092
2   12   3   6   0.0000193682
2   12   4   5   -0.0006968084
2   12   4   8   -0.0009288928
2   12   5   5   -0.0015114057
2   12   5   8   -0.0020148062
2   12   6   6   0.0003826469
3   7   1   7   0.0000843070
3   7   2   7   -0.0000004332
3   7   3   7   0.0000775718
3   7   4   5   -0.0000031091
3   7   4   8   -0.0000090716
3   7   5   5   0.0000014334
3   7   5   8   0.0000041823
3   7   6   7   0.0000050685
3   8   1   7   -0.0000004332
3   8   2   7   0.0018519811
3   8   3   7   0.0000017562
3   8   4   5   -0.0000051041
3   8   4   8   0.0000024271
3   8   5   5   0.0000023532
3   8   5   8   -0.0000011190
3   8   6   7   -0.0002282092
3   9   1   7   0.0000775718
3   9   2   7   0.0000017562
3   9   3   7   0.0003166956
3   9   4   5   0.0000334463
3   9   4   8   0.0005142032
3   9   5   5   -0.0000154199
3   9   5   8   -0.0002370648
3   9   6   7   0.0000193682
3   10   1   5   0.0000062475
3   10   1   8   0.0000499081
3   10   2   5   0.0000404847
3   10   2   8   0.0000873771
3   10   3   5   0.0000195336
3   10   3   8   0.0001488731
3   10   4   6   0.0003924139
3   10   4   7   0.0009468155
3   10   5   6   -0.0000810254
3   10   5   7   -0.0003924139
3   10   6   5   -0.0001717039
3   10   6   8   -0.0003451312
3   11   1   5   -0.0000028803
3   11   1   8   -0.0000230093
3   11   2   5   -0.0000186648
3   11   2   8   -0.0000402838
3   11   3   5   -0.0000090056
3   11   3   8   -0.0000686355
3   11   4   6   0.0007512711
3   11   4   7   -0.0003924139
3   11   5   6   -0.0003924139
3   11   5   7   0.0002765698
3   11   6   5   0.0000791612
3   11   6   8   0.0001591170
3   12   1   7   0.0000050685
3   12   2   7   -0.0002282092
3   12   3   7   0.0000193682
3   12   4   5   -0.0015114057
3   12   4   8   -0.0020148062
3   12   5   5   0.0006968084
3   12   5   8   0.0009288928
3   12   6   7   0.0003826469
4   7   1   5   0.0003320691
4   7   1   8   0.0006156826
4   7   2   5   -0.0000009888
4   7   2   8   -0.0000014493
4   7   3   5   0.0003035949
4   7   3   8   0.0003972240
4   7   4   6   0.0000230093
4   7   4   7   0.0000499081
4   7   5   6   0.0000499081
4   7   5   7   -0.0000230093
4   7   6   5   -0.0000731416
4   7   6   8   -0.0001030582
4   8   1   5   0.0000009061
4   8   1   8   -0.0000014493
4   8   2   5   0.0065782150
4   8   2   8   0.0064584487
4   8   3   5   0.0000019740
4   8   3   8   -0.0000032639
4   8   4   6   0.0000402838
4   8   4   7   0.0000873771
4   8   5   6   0.0000873771
4   8   5   7   -0.0000402838
4   8   6   5   0.0003792581
4   8   6   8   -0.0002179941
4   9   1   5   0.0002943432
4   9   1   8   0.0003972240
4   9   2   5   -0.0000068800
4   9   2   8   -0.0000032639
4   9   3   5   0.0013636083
4   9   3   8   0.0023285306
4   9   4   6   0.0000686355
4   9   4   7   0.0001488731
4   9   5   6   0.0001488731
4   9   5   7   -0.0000686355
4   9   6   5   -0.0002531198
4   9   6   8   -0.0015833023
4   10   1   6   -0.0000041823
4   10   1   7   -0.0000090716
4   10   2   6   0.0000011190
4   10   2   7   0.0000024271
4   10   3   6   0.0002370648
4   10   3   7   0.0005142032
4   10   4   5   0.0003489088
4   10   4   8   0.0008468312
4   10   6   6   -0.0009288928
4   10   6   7   -0.0020148062
4   11   1   6   -0.0000090716
4   11   1   7   0.0000041823
4   11   2   6   0.0000024271
4   11   2   7   -0.0000011190
4   11   3   6   0.0005142032
4   11   3   7   -0.0002370648
4   11   5   5   0.0003489088
4   11   5   8   0.0008468312
4   11   6   6   -0.0020148062
4   11   6   7   0.0009288928
4   12   1   5   -0.0000161614
4   12   1   8   -0.0001030582
4   12   2   5   0.0000180850
4   12   2   8   -0.0002179941
4   12   3   5   -0.0008686644
4   12   3   8   -0.0015833023
4   12   4   6   -0.0001591170
4   12   4   7   -0.0003451312
4   12   5   6   -0.0003451312
4   12   5   7   0.0001591170
4   12   6   5   0.0048109380
4   12   6   8   0.0076786122

1   7   7   1   -0.1140591664
1   7   7   4   -0.0332337904
1   7   8   1   0.0000002220
1   7   8   4   -0.0000001842
1   7   9   1   0.0001116916
1   7   9   4   0.0001527304
1   7   10   2   -0.0000746438
1   7   10   3   -0.0001619054
1   7   11   2   -0.0001619054
1   7   11   3   0.0000746438
1   7   12   1   0.0005764332
1   7   12   4   0.0003530943
1   8   7   1   0.0000002220
1   8   7   4   -0.0000001711
1   8   8   1   -0.2919432540
1   8   8   4   -0.0545633487
1   8   9   1   0.0000081886
1   8   9   4   0.0000012751
1   8   10   2   -0.0000144437
1   8   10   3   -0.0000313290
1   8   11   2   -0.0000313290
1   8   11   3   0.0000144437
1   8   12   1   -0.0005435433
1   8   12   4   0.0000832784
1   9   7   1   0.0001116916
1   9   7   4   0.0001521935
1   9   8   1   0.0000081886
1   9   8   4   0.0000012141
1   9   9   1   -0.1114499080
1   9   9   4   -0.0296363258
1   9   10   2   -0.0008638757
1   9   10   3   -0.0018737813
1   9   11   2   -0.0018737813
1   9   11   3   0.0008638757
1   9   12   1   0.0067978570
1   9   12   4   0.0030486635
1   10   7   2   -0.0000754644
1   10   7   3   -0.0001636854
1   10   8   2   -0.0000143664
1   10   8   3   -0.0000311612
1   10   9   2   -0.0008632944
1   10   9   3   -0.0018725205
1   10   10   1   -0.1106484942
1   10   10   4   -0.0286460436
1   10   12   2   0.0003147233
1   10   12   3   0.0006826475
1   11   7   2   -0.0001636854
1   11   7   3   0.0000754644
1   11   8   2   -0.0000311612
1   11   8   3   0.0000143664
1   11   9   2   -0.0018725205
1   11   9   3   0.0008632944
1   11   11   1   -0.1106484942
1   11   11   4   -0.0286460436
1   11   12   2   0.0006826475
1   11   12   3   -0.0003147233
1   12   7   1   0.0005764332
1   12   7   4   0.0003440339
1   12   8   1   -0.0005435433
1   12   8   4   0.0000880242
1   12   9   1   0.0067978570
1   12   9   4   0.0030573961
1   12   10   2   0.0003243370
1   12   10   3   0.0007035001
1   12   11   2   0.0007035001
1   12   11   3   -0.0003243370
1   12   12   1   -0.1149011856
1   12   12   4   -0.0303441386
2   7   7   2   -0.1131136385
2   7   8   2   0.0000000409
2   7   9   2   0.0000329525
2   7   10   1   -0.0000754644
2   7   10   4   -0.0001095263
2   7   11   1   -0.0001636854
2   7   11   4   -0.0002375669
2   7   12   2   0.0005130607
2   8   7   2   0.0000000409
2   8   8   2   -0.2255729311
2   8   9   2   0.0000037761
2   8   10   1   -0.0000143664
2   8   10   4   -0.0000083185
2   8   11   1   -0.0000311612
2   8   11   4   -0.0000180432
2   8   12   2   -0.0001478351
2   9   7   2   0.0000329525
2   9   8   2   0.0000037761
2   9   9   2   -0.1123925490
2   9   10   1   -0.0008632944
2   9   10   4   -0.0010624386
2   9   11   1   -0.0018725205
2   9   11   4   -0.0023044724
2   9   12   2   0.0063657680
2   10   7   1   -0.0000746438
2   10   7   4   -0.0001077589
2   10   8   1   -0.0000144437
2   10   8   4   -0.0000083924
2   10   9   1   -0.0008638757
2   10   9   4   -0.0010633223
2   10   10   2   -0.1120386945
2   10   10   3   -0.0002123657
2   10   11   2   -0.0002123657
2   10   11   3   -0.0001764761
2   10   12   1   0.0003243370
2   10   12   4   0.0003637528
2   11   7   1   -0.0001619054
2   11   7   4   -0.0002337335
2   11   8   1   -0.0000313290
2   11   8   4   -0.0000182034
2   11   9   1   -0.0018737813
2   11   9   4   -0.0023063891
2   11   10   2   -0.0002123657
2   11   10   3   -0.0001862460
2   11   11   2   -0.1124014166
2   11   11   3   0.0002123657
2   11   12   1   0.0007035001
2   11   12   4   0.0007889945
2   12   7   2   0.0005130607
2   12   8   2   -0.0001478351
2   12   9   2   0.0063657680
2   12   10   1   0.0003147233
2   12   10   4   0.0003510476
2   12   11   1   0.0006826475
2   12   11   4   0.0007614364
2   12   12   2   -0.1157951301
3   7   7   3   -0.1131136385
3   7   8   3   0.0000000409
3   7   9   3   0.0000329525
3   7   10   1   -0.0001636854
3   7   10   4   -0.0002375669
3   7   11   1   0.0000754644
3   7   11   4   0.0001095263
3   7   12   3   0.0005130607
3   8   7   3   0.0000000409
3   8   8   3   -0.2255729311
3   8   9   3   0.0000037761
3   8   10   1   -0.0000311612
3   8   10   4   -0.0000180432
3   8   11   1   0.0000143664
3   8   11   4   0.0000083185
3   8   12   3   -0.0001478351
3   9   7   3   0.0000329525
3   9   8   3   0.0000037761
3   9   9   3   -0.1123925490
3   9   10   1   -0.0018725205
3   9   10   4   -0.0023044724
3   9   11   1   0.0008632944
3   9   11   4   0.0010624386
3   9   12   3   0.0063657680
3   10   7   1   -0.0001619054
3   10   7   4   -0.0002337335
3   10   8   1   -0.0000313290
3   10   8   4   -0.0000182034
3   10   9   1   -0.0018737813
3   10   9   4   -0.0023063891
3   10   10   2   -0.0002123657
3   10   10   3   -0.1124014166
3   10   11   2   -0.0001862460
3   10   11   3   0.0002123657
3   10   12   1   0.0007035001
3   10   12   4   0.0007889945
3   11   7   1   0.0000746438
3   11   7   4   0.0001077589
3   11   8   1   0.0000144437
3   11   8   4   0.0000083924
3   11   9   1   0.0008638757
3   11   9   4   0.0010633223
3   11   10   2   -0.0001764761
3   11   10   3   0.0002123657
3   11   11   2   0.0002123657
3   11   11   3   -0.1120386945
3   11   12   1   -0.0003243370
3   11   12   4   -0.0003637528
3   12   7   3   0.0005130607
3   12   8   3   -0.0001478351
3   12   9   3   0.0063657680
3   12   10   1   0.0006826475
3   12   10   4   0.0007614364
3   12   11   1   -0.0003147233
3   12   11   4   -0.0003510476
3   12   12   3   -0.1157951301
4   7   7   1   -0.0332337904
4   7   7   4   -0.1460954276
4   7   8   1   -0.0000001711
4   7   8   4   -0.0000002973
4   7   9   1   0.0001521935
4   7   9   4   0.0002436469
4   7   10   2   -0.0001077589
4   7   10   3   -0.0002337335
4   7   11   2   -0.0002337335
4   7   11   3   0.0001077589
4   7   12   1   0.0003440339
4   7   12   4   0.0010095340
4   8   7   1   -0.0000001842
4   8   7   4   -0.0000002973
4   8   8   1   -0.0545633487
4   8   8   4   -0.2467504511
4   8   9   1   0.0000012141
4   8   9   4   0.0000047630
4   8   10   2   -0.0000083924
4   8   10   3   -0.0000182034
4   8   11   2   -0.0000182034
4   8   11   3   0.0000083924
4   8   12   1   0.0000880242
4   8   12   4   0.0000409082
4   9   7   1   0.0001527304
4   9   7   4   0.0002436469
4   9   8   1   0.0000012751
4   9   8   4   0.0000047630
4   9   9   1   -0.0296363258
4   9   9   4   -0.1407381908
4   9   10   2   -0.0010633223
4   9   10   3   -0.0023063891
4   9   11   2   -0.0023063891
4   9   11   3   0.0010633223
4   9   12   1   0.0030573961
4   9   12   4   0.0096142074
4   10   7   2   -0.0001095263
4   10   7   3   -0.0002375669
4   10   8   2   -0.0000083185
4   10   8   3   -0.0000180432
4   10   9   2   -0.0010624386
4   10   9   3   -0.0023044724
4   10   10   1   -0.0286460436
4   10   10   4   -0.1392398801
4   10   12   2   0.0003510476
4   10   12   3   0.0007614364
4   11   7   2   -0.0002375669
4   11   7   3   0.0001095263
4   11   8   2   -0.0000180432
4   11   8   3   0.0000083185
4   11   9   2   -0.0023044724
4   11   9   3   0.0010624386
4   11   11   1   -0.0286460436
4   11   11   4   -0.1392398801
4   11   12   2   0.0007614364
4   11   12   3   -0.0003510476
4   12   7   1   0.0003530943
4   12   7   4   0.0010095340
4   12   8   1   0.0000832784
4   12   8   4   0.0000409082
4   12   9   1   0.0030486635
4   12   9   4   0.0096142074
4   12   10   2   0.0003637528
4   12   10   3   0.0007889945
4   12   11   2   0.0007889945
4   12   11   3   -0.0003637528
4   12   12   1   -0.0303441386
4   12   12   4   -0.1447663775

End AIJB Block
Begin IJKA Block
1   7   1   5   0.0027901258
1   7   1   8   0.0228647495
1   7   2   5   -0.0000001913
1   7   2   8   -0.0000004224
1   7   3   5   -0.0004708562
1   7   3   8   -0.0038888482
1   7   4   6   -0.0007086179
1   7   4   7   -0.0015370208
1   7   5   6   -0.0015370208
1   7   5   7   0.0007086179
1   7   6   5   0.0025578829
1   7   6   8   0.0036860501
1   8   1   5   -0.0007333034
1   8   1   8   0.0011233717
1   8   2   5   -0.0000000902
1   8   2   8   0.0000002542
1   8   3   5   0.0000002663
1   8   3   8   -0.0000014271
1   8   4   6   0.0000044722
1   8   4   7   0.0000097005
1   8   5   6   0.0000097005
1   8   5   7   -0.0000044722
1   8   6   5   0.0000100523
1   8   6   8   -0.0000152910
1   9   1   5   -0.0038916732
1   9   1   8   -0.0270168146
1   9   2   5   -0.0000001972
1   9   2   8   -0.0000002788
1   9   3   5   0.0000607849
1   9   3   8   0.0006056978
1   9   4   6   -0.0006758280
1   9   4   7   -0.0014658982
1   9   5   6   -0.0014658982
1   9   5   7   0.0006758280
1   9   6   5   0.0024860550
1   9   6   8   0.0037122475
1   10   1   6   -0.0111848766
1   10   1   7   -0.0242604501
1   10   2   6   0.0000000194
1   10   2   7   0.0000000422
1   10   3   6   -0.0000731291
1   10   3   7   -0.0001586199
1   10   4   5   -0.0001582857
1   10   4   8   -0.0011848844
1   10   6   6   -0.0000251576
1   10   6   7   -0.0000545678
1   11   1   6   -0.0242604501
1   11   1   7   0.0111848766
1   11   2   6   0.0000000422
1   11   2   7   -0.0000000194
1   11   3   6   -0.0001586199
1   11   3   7   0.0000731291
1   11   5   5   -0.0001582857
1   11   5   8   -0.0011848844
1   11   6   6   -0.0000545678
1   11   6   7   0.0000251576
1   12   1   5   0.0252710580
1   12   1   8   0.0479232556
1   12   2   5   -0.0000001171
1   12   2   8   -0.0000001060
1   12   3   5   0.0012420989
1   12   3   8   0.0008834200
1   12   4   6   -0.0000427854
1   12   4   7   -0.0000928032
1   12   5   6   -0.0000928032
1   12   5   7   0.0000427854
1   12   6   5   0.0000191546
1   12   6   8   -0.0008613997
2   7   1   5   0.0000000437
2   7   1   8   -0.0000013957
2   7   2   5   -0.0000622619
2   7   2   8   -0.0000928757
2   7   3   5   -0.0000000005
2   7   3   8   -0.0000014362
2   7   4   6   -0.0000000619
2   7   4   7   -0.0000001343
2   7   5   6   -0.0000001343
2   7   5   7   0.0000000619
2   7   6   5   0.0000005538
2   7   6   8   0.0000004009
2   8   1   5   0.0000000899
2   8   1   8   0.0000002767
2   8   2   5   -0.1030358901
2   8   2   8   -0.0768051603
2   8   3   5   0.0000240021
2   8   3   8   0.0000138995
2   8   4   6   0.0000087389
2   8   4   7   0.0000189549
2   8   5   6   0.0000189549
2   8   5   7   -0.0000087389
2   8   6   5   -0.0010912521
2   8   6   8   -0.0009741003
2   9   1   5   0.0000000821
2   9   1   8   -0.0000012409
2   9   2   5   -0.0002953591
2   9   2   8   -0.0003605565
2   9   3   5   -0.0000004335
2   9   3   8   -0.0000071447
2   9   4   6   -0.0000002388
2   9   4   7   -0.0000005180
2   9   5   6   -0.0000005180
2   9   5   7   0.0000002388
2   9   6   5   0.0000016770
2   9   6   8   0.0000027967
2   10   1   6   -0.0000000117
2   10   1   7   -0.0000000254
2   10   2   6   0.0005391274
2   10   2   7   0.0011693891
2   10   3   6   -0.0000006986
2   10   3   7   -0.0000015153
2   10   4   5   0.0000019257
2   10   4   8   0.0000004171
2   10   6   6   0.0000011287
2   10   6   7   0.0000024483
2   11   1   6   -0.0000000254
2   11   1   7   0.0000000117
2   11   2   6   0.0011693891
2   11   2   7   -0.0005391274
2   11   3   6   -0.0000015153
2   11   3   7   0.0000006986
2   11   5   5   0.0000019257
2   11   5   8   0.0000004171
2   11   6   6   0.0000024483
2   11   6   7   -0.0000011287
2   12   1   5   -0.0000000012
2   12   1   8   0.0000001314
2   12   2   5   -0.0090329134
2   12   2   8   -0.0199423614
2   12   3   5   0.0000062174
2   12   3   8   0.0000032225
2   12   4   6   -0.0000034848
2   12   4   7   -0.0000075586
2   12   5   6   -0.0000075586
2   12   5   7   0.0000034848
2   12   6   5   -0.0000155287
2   12   6   8   -0.0000086293
3   7   1   5   -0.0005268744
3   7   1   8   -0.0042239974
3   7   2   5   -0.0000002592
3   7   2   8   -0.0000004504
3   7   3   5   0.0000629390
3   7   3   8   0.0007941026
3   7   4   6   -0.0007617362
3   7   4   7   -0.0016522368
3   7   5   6   -0.0016522368
3   7   5   7   0.0007617362
3   7   6   5   0.0028616274
3   7   6   8   0.0041542733
3   8   1   5   0.0000001044
3   8   1   8   -0.0000015431
3   8   2   5   0.0000137331
3   8   2   8   0.0000051200
3   8   3   5   -0.0007338742
3   8   3   8   0.0011154352
3   8   4   6   0.0000498005
3   8   4   7   0.0001080193
3   8   5   6   0.0001080193
3   8   5   7   -0.0000498005
3   8   6   5   0.0001169755
3   8   6   8   -0.0001796355
3   9   1   5   0.0000009064
3   9   1   8   0.0002875967
3   9   2   5   -0.0000009449
3   9   2   8   -0.0000033086
3   9   3   5   -0.0026808103
3   9   3   8   -0.0168798222
3   9   4   6   -0.0029302115
3   9   4   7   -0.0063557473
3   9   5   6   -0.0063557473
3   9   5   7   0.0029302115
3   9   6   5   0.0117010193
3   9   6   8   0.0163866391
3   10   1   6   -0.0001815313
3   10   1   7   -0.0003937487
3   10   2   6   -0.0000004258
3   10   2   7   -0.0000009235
3   10   3   6   -0.0091208123
3   10   3   7   -0.0197834111
3   10   4   5   -0.0005486057
3   10   4   8   -0.0034642522
3   10   6   6   -0.0002888884
3   10   6   7   -0.0006266106
3   11   1   6   -0.0003937487
3   11   1   7   0.0001815313
3   11   2   6   -0.0000009235
3   11   2   7   0.0000004258
3   11   3   6   -0.0197834111
3   11   3   7   0.0091208123
3   11   5   5   -0.0005486057
3   11   5   8   -0.0034642522
3   11   6   6   -0.0006266106
3   11   6   7   0.0002888884
3   12   1   5   0.0019146685
3   12   1   8   0.0015746563
3   12   2   5   0.0000059173
3   12   2   8   0.0000023311
3   12   3   5   0.0294813265
3   12   3   8   0.0420087005
3   12   4   6   -0.0002977698
3   12   4   7   -0.0006458747
3   12   5   6   -0.0006458747
3   12   5   7   0.0002977698
3   12   6   5   0.0004725449
3   12   6   8   -0.0013647815
4   7   1   6   -0.0008498313
4   7   1   7   -0.0018433185
4   7   2   6   -0.0000000354
4   7   2   7   -0.0000000768
4   7   3   6   -0.0007905990
4   7   3   7   -0.0017148413
4   7   4   5   0.0000562158
4   7   4   8   0.0004476475
4   7   6   6   -0.0000122498
4   7   6   7   -0.0000265704
4   8   1   6   0.0000039080
4   8   1   7   0.0000084767
4   8   2   6   0.0000042237
4   8   2   7   0.0000091613
4   8   3   6   0.0000477545
4   8   3   7   0.0001035814
4   8   4   5   -0.0007215866
4   8   4   8   0.0010960928
4   8   6   6   -0.0000220075
4   8   6   7   -0.0000477352
4   9   1   6   -0.0007165135
4   9   1   7   -0.0015541468
4   9   2   6   0.0000001171
4   9   2   7   0.0000002540
4   9   3   6   -0.0028874886
4   9   3   7   -0.0062630796
4   9   4   5   -0.0022809862
4   9   4   8   -0.0151332382
4   9   6   6   -0.0000560260
4   9   6   7   -0.0001215226
4   10   1   5   -0.0001308998
4   10   1   8   -0.0011055629
4   10   2   5   0.0000042511
4   10   2   8   -0.0000000223
4   10   3   5   -0.0005392447
4   10   3   8   -0.0033981807
4   10   4   6   -0.0099138699
4   10   4   7   -0.0215035852
4   10   5   6   -0.0019249458
4   10   5   7   0.0008874642
4   10   6   5   0.0043718128
4   10   6   8   0.0053869301
4   11   4   6   -0.0176359434
4   11   4   7   0.0081307581
4   11   5   6   -0.0008956476
4   11   5   7   -0.0019426960
4   12   1   6   -0.0000413448
4   12   1   7   -0.0000896786
4   12   2   6   -0.0000054375
4   12   2   7   -0.0000117941
4   12   3   6   -0.0002334258
4   12   3   7   -0.0005063099
4   12   4   5   0.0263370456
4   12   4   8   0.0366983665
4   12   6   6   -0.0009188934
4   12   6   7   -0.0019931171
5   7   1   6   -0.0018433185
5   7   1   7   0.0008498313
5   7   2   6   -0.0000000768
5   7   2   7   0.0000000354
5   7   3   6   -0.0017148413
5   7   3   7   0.0007905990
5   7   5   5   0.0000562158
5   7   5   8   0.0004476475
5   7   6   6   -0.0000265704
5   7   6   7   0.0000122498
5   8   1   6   0.0000084767
5   8   1   7   -0.0000039080
5   8   2   6   0.0000091613
5   8   2   7   -0.0000042237
5   8   3   6   0.0001035814
5   8   3   7   -0.0000477545
5   8   5   5   -0.0007215866
5   8   5   8   0.0010960928
5   8   6   6   -0.0000477352
5   8   6   7   0.0000220075
5   9   1   6   -0.0015541468
5   9   1   7   0.0007165135
5   9   2   6   0.0000002540
5   9   2   7   -0.0000001171
5   9   3   6   -0.0062630796
5   9   3   7   0.0028874886
5   9   5   5   -0.0022809862
5   9   5   8   -0.0151332382
5   9   6   6   -0.0001215226
5   9   6   7   0.0000560260
5   10   4   6   -0.0019426960
5   10   4   7   0.0008956476
5   10   5   6   -0.0081307581
5   10   5   7   -0.0176359434
5   11   1   5   -0.0001308998
5   11   1   8   -0.0011055629
5   11   2   5   0.0000042511
5   11   2   8   -0.0000000223
5   11   3   5   -0.0005392447
5   11   3   8   -0.0033981807
5   11   4   6   -0.0008874642
5   11   4   7   -0.0019249458
5   11   5   6   -0.0215035852
5   11   5   7   0.0099138699
5   11   6   5   0.0043718128
5   11   6   8   0.0053869301
5   12   1   6   -0.0000896786
5   12   1   7   0.0000413448
5   12   2   6   -0.0000117941
5   12   2   7   0.0000054375
5   12   3   6   -0.0005063099
5   12   3   7   0.0002334258
5   12   5   5   0.0263370456
5   12   5   8   0.0366983665
5   12   6   6   -0.0019931171
5   12   6   7   0.0009188934
6   7   1   5   0.0034543021
6   7   1   8   0.0046929268
6   7   2   5   0.0000000792
6   7   2   8   0.0000001938
6   7   3   5   0.0031429308
6   7   3   8   0.0044720821
6   7   4   6   -0.0000113461
6   7   4   7   -0.0000246101
6   7   5   6   -0.0000246101
6   7   5   7   0.0000113461
6   7   6   5   0.0001227560
6   7   6   8   0.0005120430
6   8   1   5   0.0000083923
6   8   1   8   -0.0000134051
6   8   2   5   -0.0011256810
6   8   2   8   -0.0010195183
6   8   3   5   0.0001151462
6   8   3   8   -0.0001690331
6   8   4   6   -0.0000217781
6   8   4   7   -0.0000472375
6   8   5   6   -0.0000472375
6   8   5   7   0.0000217781
6   8   6   5   -0.0008736606
6   8   6   8   0.0012056492
6   9   1   5   0.0029016905
6   9   1   8   0.0041293691
6   9   2   5   0.0000040565
6   9   2   8   0.0000040418
6   9   3   5   0.0116197113
6   9   3   8   0.0164663521
6   9   4   6   -0.0000669398
6   9   4   7   -0.0001451951
6   9   5   6   -0.0001451951
6   9   5   7   0.0000669398
6   9   6   5   -0.0020128056
6   9   6   8   -0.0141934938
6   10   1   6   -0.0000253438
6   10   1   7   -0.0000549718
6   10   2   6   -0.0000007920
6   10   2   7   -0.0000017180
6   10   3   6   -0.0002085021
6   10   3   7   -0.0004522496
6   10   4   5   0.0041096490
6   10   4   8   0.0052910814
6   10   6   6   -0.0079511020
6   10   6   7   -0.0172462621
6   11   1   6   -0.0000549718
6   11   1   7   0.0000253438
6   11   2   6   -0.0000017180
6   11   2   7   0.0000007920
6   11   3   6   -0.0004522496
6   11   3   7   0.0002085021
6   11   5   5   0.0041096490
6   11   5   8   0.0052910814
6   11   6   6   -0.0172462621
6   11   6   7   0.0079511020
6   12   1   5   0.0000672421
6   12   1   8   -0.0007626525
6   12   2   5   -0.0000047320
6   12   2   8   -0.0000101926
6   12   3   5   -0.0001601269
6   12   3   8   -0.0019272029
6   12   4   6   -0.0008749886
6   12   4   7   -0.0018978856
6   12   5   6   -0.0018978856
6   12   5   7   0.0008749886
6   12   6   5   0.0364959222
6   12   6   8   0.0478870952

End IJKA Block
Begin IABC Block
1   5   1   5   -0.0000369741
1   5   1   8   -0.0000234414
1   5   2   6   -0.0000073028
1   5   3   7   -0.0000073028
1   5   4   5   -0.0000527056
1   5   4   8   -0.0000321810
1   6   1   6   -0.0000331874
1   6   2   5   -0.0000073834
1   6   2   8   -0.0000115037
1   6   4   6   -0.0000498527
1   7   1   7   -0.0000331874
1   7   3   5   -0.0000073834
1   7   3   8   -0.0000115037
1   7   4   7   -0.0000498527
1   8   1   5   -0.0000224181
1   8   1   8   -0.0000682134
1   8   2   6   -0.0000112909
1   8   3   7   -0.0000112909
1   8   4   5   -0.0000311939
1   8   4   8   -0.0000947456
2   5   1   5   -0.0004477287
2   5   1   8   -0.0018740052
2   5   2   6   0.0030414432
2   5   3   7   0.0030414432
2   5   4   5   -0.0032305940
2   5   4   8   0.0005410008
2   6   1   6   -0.0002299454
2   6   2   5   0.0030620381
2   6   2   8   0.0016329926
2   6   4   6   -0.0006831524
2   7   1   7   -0.0002299454
2   7   3   5   0.0030620381
2   7   3   8   0.0016329926
2   7   4   7   -0.0006831524
2   8   1   5   -0.0018874681
2   8   1   8   -0.0018918815
2   8   2   6   0.0016208076
2   8   3   7   0.0016208076
2   8   4   5   0.0005558252
2   8   4   8   0.0002350784
3   5   1   5   -0.0001898910
3   5   1   8   -0.0001640965
3   5   2   6   0.0000063516
3   5   3   7   0.0000063516
3   5   4   5   -0.0004481411
3   5   4   8   -0.0002528868
3   6   1   6   -0.0001966803
3   6   2   5   0.0000048418
3   6   2   8   0.0000069819
3   6   4   6   -0.0002871623
3   7   1   7   -0.0001966803
3   7   3   5   0.0000048418
3   7   3   8   0.0000069819
3   7   4   7   -0.0002871623
3   8   1   5   -0.0001705068
3   8   1   8   -0.0003334916
3   8   2   6   0.0000095687
3   8   3   7   0.0000095687
3   8   4   5   -0.0002565140
3   8   4   8   -0.0007147978
4   5   1   6   0.0001504114
4   5   1   7   0.0003262483
4   5   2   5   0.0002779312
4   5   2   8   0.0000122021
4   5   3   5   0.0006028439
4   5   3   8   0.0000264668
4   5   4   6   0.0004848459
4   5   4   7   0.0010516504
4   6   1   5   0.0001492352
4   6   1   8   0.0001777759
4   6   2   6   0.0004537552
4   6   2   7   0.0001990651
4   6   3   6   0.0005858899
4   6   3   7   0.0000918648
4   6   4   5   0.0004871915
4   6   4   8   0.0003736520
4   7   1   5   0.0003236971
4   7   1   8   0.0003856032
4   7   2   6   0.0001992585
4   7   2   7   0.0002701148
4   7   3   6   0.0000917756
4   7   3   7   0.0009842135
4   7   4   5   0.0010567382
4   7   4   8   0.0008104664
4   8   1   6   0.0001785230
4   8   1   7   0.0003872236
4   8   2   5   0.0000158879
4   8   2   8   0.0000612583
4   8   3   5   0.0000344615
4   8   3   8   0.0001328718
4   8   4   6   0.0003751732
4   8   4   7   0.0008137658
5   5   1   6   0.0003262483
5   5   1   7   -0.0001504114
5   5   2   5   0.0006028439
5   5   2   8   0.0000264668
5   5   3   5   -0.0002779312
5   5   3   8   -0.0000122021
5   5   4   6   0.0010516504
5   5   4   7   -0.0004848459
5   6   1   5   0.0003236971
5   6   1   8   0.0003856032
5   6   2   6   0.0009842135
5   6   2   7   -0.0000917756
5   6   3   6   -0.0002701148
5   6   3   7   0.0001992585
5   6   4   5   0.0010567382
5   6   4   8   0.0008104664
5   7   1   5   -0.0001492352
5   7   1   8   -0.0001777759
5   7   2   6   -0.0000918648
5   7   2   7   0.0005858899
5   7   3   6   0.0001990651
5   7   3   7   -0.0004537552
5   7   4   5   -0.0004871915
5   7   4   8   -0.0003736520
5   8   1   6   0.0003872236
5   8   1   7   -0.0001785230
5   8   2   5   0.0000344615
5   8   2   8   0.0001328718
5   8   3   5   -0.0000158879
5   8   3   8   -0.0000612583
5   8   4   6   0.0008137658
5   8   4   7   -0.0003751732
6   5   1   5   -0.0040721259
6   5   1   8   -0.0001488304
6   5   2   6   -0.0018518931
6   5   3   7   -0.0018518931
6   5   4   5   -0.0072128391
6   5   4   8   -0.0036548603
6   6   1   6   -0.0031744473
6   6   2   5   -0.0018578920
6   6   2   8   -0.0012862738
6   6   4   6   -0.0067842883
6   7   1   7   -0.0031744473
6   7   3   5   -0.0018578920
6   7   3   8   -0.0012862738
6   7   4   7   -0.0067842883
6   8   1   5   -0.0001403062
6   8   1   8   -0.0031267117
6   8   2   6   -0.0012856406
6   8   3   7   -0.0012856406
6   8   4   5   -0.0037445933
6   8   4   8   -0.0080028838

End IABC Block
