Begin IJ Block
1   1   -5.4308532251
1   2   0.0002613105
1   5   -0.0147913349
2   2   -6.7919359055
2   5   -0.0280211203
3   3   -5.8280627208
3   4   -0.0000000000
4   4   -5.8280627208
5   5   -5.5656712260

End IJ Block
Begin IA Block
1   1   0.1059200635
2   1   0.0160669076
3   2   0.0867262104
3   3   0.0898124732
4   2   -0.0898124732
4   3   0.0867262104
5   1   -0.1208249661

End IA Block
Begin AB Block
1   1   -1.5389449768
2   2   -1.3600842710
3   3   -1.3600842710

End AB Block
Begin IJKL Block
1   6   1   6   1.6354283007
1   6   1   7   -0.0003947761
1   6   1   10   0.0170662273
1   6   2   6   -0.0003947761
1   6   2   7   -0.0000042755
1   6   2   10   -0.0000036018
1   6   3   8   -0.0000051454
1   6   4   9   -0.0000051454
1   6   5   6   0.0170662273
1   6   5   7   -0.0000036018
1   6   5   10   0.0000526421
1   7   1   6   -0.0003947761
1   7   1   7   0.1411884050
1   7   1   10   -0.0125066120
1   7   2   6   0.0000029962
1   7   2   7   0.0000279650
1   7   2   10   -0.0000022166
1   7   3   8   0.0000057401
1   7   4   9   0.0000057401
1   7   5   6   -0.0000048630
1   7   5   7   -0.0003372802
1   7   5   10   0.0000625106
1   8   1   8   0.1405375862
1   8   2   8   0.0000271500
1   8   3   6   -0.0000008496
1   8   3   7   0.0000065662
1   8   3   10   -0.0000010971
1   8   5   8   -0.0003286549
1   9   1   9   0.1405375862
1   9   2   9   0.0000271500
1   9   4   6   -0.0000008496
1   9   4   7   0.0000065662
1   9   4   10   -0.0000010971
1   9   5   9   -0.0003286549
1   10   1   6   0.0170662273
1   10   1   7   -0.0125066120
1   10   1   10   0.1550610823
1   10   2   6   -0.0000048630
1   10   2   7   0.0000003962
1   10   2   10   0.0000271155
1   10   3   8   0.0000003859
1   10   4   9   0.0000003859
1   10   5   6   0.0003719635
1   10   5   7   0.0000622180
1   10   5   10   -0.0003542073
2   6   1   6   -0.0003947761
2   6   1   7   0.0000029962
2   6   1   10   -0.0000048630
2   6   2   6   0.1411884050
2   6   2   7   0.0000279650
2   6   2   10   -0.0003372802
2   6   3   8   0.0000057401
2   6   4   9   0.0000057401
2   6   5   6   -0.0125066120
2   6   5   7   -0.0000022166
2   6   5   10   0.0000625106
2   7   1   6   -0.0000042755
2   7   1   7   0.0000279650
2   7   1   10   0.0000003962
2   7   2   6   0.0000279650
2   7   2   7   0.8720151422
2   7   2   10   0.0100382728
2   7   3   8   0.1537143948
2   7   4   9   0.1537143948
2   7   5   6   0.0000003962
2   7   5   7   0.0100382728
2   7   5   10   0.1404035966
2   8   1   8   0.0000271500
2   8   2   8   0.8189136919
2   8   3   6   0.0000065662
2   8   3   7   0.1583645115
2   8   3   10   0.0020304252
2   8   5   8   0.0089558381
2   9   1   9   0.0000271500
2   9   2   9   0.8189136919
2   9   4   6   0.0000065662
2   9   4   7   0.1583645115
2   9   4   10   0.0020304252
2   9   5   9   0.0089558381
2   10   1   6   -0.0000036018
2   10   1   7   -0.0000022166
2   10   1   10   0.0000271155
2   10   2   6   -0.0003372802
2   10   2   7   0.0100382728
2   10   2   10   0.7694039529
2   10   3   8   0.0019222575
2   10   4   9   0.0019222575
2   10   5   6   0.0000622180
2   10   5   7   0.1459531793
2   10   5   10   0.0087898120
3   6   1   8   -0.0000008496
3   6   2   8   0.0000065662
3   6   3   6   0.1405375862
3   6   3   7   0.0000271500
3   6   3   10   -0.0003286549
3   6   5   8   -0.0000010971
3   7   1   8   0.0000065662
3   7   2   8   0.1583645115
3   7   3   6   0.0000271500
3   7   3   7   0.8189136919
3   7   3   10   0.0089558381
3   7   5   8   0.0020304252
3   8   1   6   -0.0000051454
3   8   1   7   0.0000057401
3   8   1   10   0.0000003859
3   8   2   6   0.0000057401
3   8   2   7   0.1537143948
3   8   2   10   0.0019222575
3   8   3   8   0.8174725047
3   8   3   9   0.0000000000
3   8   4   8   0.0000000000
3   8   4   9   0.0319400498
3   8   5   6   0.0000003859
3   8   5   7   0.0019222575
3   8   5   10   0.0291221363
3   9   3   8   0.0000000000
3   9   3   9   0.7474797854
3   9   4   8   0.0380526695
3   9   4   9   0.0000000000
3   10   1   8   -0.0000010971
3   10   2   8   0.0020304252
3   10   3   6   -0.0003286549
3   10   3   7   0.0089558381
3   10   3   10   0.7037312459
3   10   4   10   0.0000000000
3   10   5   8   0.0349562580
4   6   1   9   -0.0000008496
4   6   2   9   0.0000065662
4   6   4   6   0.1405375862
4   6   4   7   0.0000271500
4   6   4   10   -0.0003286549
4   6   5   9   -0.0000010971
4   7   1   9   0.0000065662
4   7   2   9   0.1583645115
4   7   4   6   0.0000271500
4   7   4   7   0.8189136919
4   7   4   10   0.0089558381
4   7   5   9   0.0020304252
4   8   3   8   0.0000000000
4   8   3   9   0.0380526695
4   8   4   8   0.7474797854
4   8   4   9   0.0000000000
4   9   1   6   -0.0000051454
4   9   1   7   0.0000057401
4   9   1   10   0.0000003859
4   9   2   6   0.0000057401
4   9   2   7   0.1537143948
4   9   2   10   0.0019222575
4   9   3   8   0.0319400498
4   9   3   9   0.0000000000
4   9   4   8   0.0000000000
4   9   4   9   0.8174725047
4   9   5   6   0.0000003859
4   9   5   7   0.0019222575
4   9   5   10   0.0291221363
4   10   1   9   -0.0000010971
4   10   2   9   0.0020304252
4   10   3   10   0.0000000000
4   10   4   6   -0.0003286549
4   10   4   7   0.0089558381
4   10   4   10   0.7037312459
4   10   5   9   0.0349562580
5   6   1   6   0.0170662273
5   6   1   7   -0.0000048630
5   6   1   10   0.0003719635
5   6   2   6   -0.0125066120
5   6   2   7   0.0000003962
5   6   2   10   0.0000622180
5   6   3   8   0.0000003859
5   6   4   9   0.0000003859
5   6   5   6   0.1550610823
5   6   5   7   0.0000271155
5   6   5   10   -0.0003542073
5   7   1   6   -0.0000036018
5   7   1   7   -0.0003372802
5   7   1   10   0.0000622180
5   7   2   6   -0.0000022166
5   7   2   7   0.0100382728
5   7   2   10   0.1459531793
5   7   3   8   0.0019222575
5   7   4   9   0.0019222575
5   7   5   6   0.0000271155
5   7   5   7   0.7694039529
5   7   5   10   0.0087898120
5   8   1   8   -0.0003286549
5   8   2   8   0.0089558381
5   8   3   6   -0.0000010971
5   8   3   7   0.0020304252
5   8   3   10   0.0349562580
5   8   5   8   0.7037312459
5   8   5   9   0.0000000000
5   9   1   9   -0.0003286549
5   9   2   9   0.0089558381
5   9   4   6   -0.0000010971
5   9   4   7   0.0020304252
5   9   4   10   0.0349562580
5   9   5   8   0.0000000000
5   9   5   9   0.7037312459
5   10   1   6   0.0000526421
5   10   1   7   0.0000625106
5   10   1   10   -0.0003542073
5   10   2   6   0.0000625106
5   10   2   7   0.1404035966
5   10   2   10   0.0087898120
5   10   3   8   0.0291221363
5   10   4   9   0.0291221363
5   10   5   6   -0.0003542073
5   10   5   7   0.0087898120
5   10   5   10   0.7242878370

End IJKL Block
Begin IJAB Block
1   6   1   4   0.0128532768
1   6   2   5   0.0020038887
1   6   3   6   0.0020038887
1   7   1   4   -0.0000086692
1   7   2   5   0.0000114044
1   7   3   6   0.0000114044
1   8   1   5   -0.0000021687
1   8   1   6   -0.0000022459
1   8   2   4   0.0000420817
1   8   3   4   0.0000435792
1   9   1   5   0.0000022459
1   9   1   6   -0.0000021687
1   9   2   4   -0.0000435792
1   9   3   4   0.0000420817
1   10   1   4   0.0005088858
1   10   2   5   -0.0004223217
1   10   3   6   -0.0004223217
2   6   1   4   -0.0000086692
2   6   2   5   0.0000114044
2   6   3   6   0.0000114044
2   7   1   4   0.0011516404
2   7   2   5   0.0004007198
2   7   3   6   0.0004007198
2   8   1   5   0.0001117224
2   8   1   6   0.0001156981
2   8   2   4   0.0000543156
2   8   3   4   0.0000562485
2   9   1   5   -0.0001156981
2   9   1   6   0.0001117224
2   9   2   4   -0.0000562485
2   9   3   4   0.0000543156
2   10   1   4   -0.0005414193
2   10   2   5   -0.0000151483
2   10   3   6   -0.0000151483
3   6   1   5   0.0000420817
3   6   1   6   0.0000435792
3   6   2   4   -0.0000021687
3   6   3   4   -0.0000022459
3   7   1   5   0.0000543156
3   7   1   6   0.0000562485
3   7   2   4   0.0001117224
3   7   3   4   0.0001156981
3   8   1   4   0.0007408414
3   8   2   5   0.0007191757
3   8   2   6   0.0005617715
3   8   3   5   0.0005617715
3   8   3   6   0.0007584714
3   9   2   5   -0.0005617715
3   9   2   6   0.0003432329
3   9   3   5   -0.0003825287
3   9   3   6   0.0005617715
3   10   1   5   -0.0003816220
3   10   1   6   -0.0003952025
3   10   2   4   -0.0012251696
3   10   3   4   -0.0012687688
4   6   1   5   -0.0000435792
4   6   1   6   0.0000420817
4   6   2   4   0.0000022459
4   6   3   4   -0.0000021687
4   7   1   5   -0.0000562485
4   7   1   6   0.0000543156
4   7   2   4   -0.0001156981
4   7   3   4   0.0001117224
4   8   2   5   -0.0005617715
4   8   2   6   -0.0003825287
4   8   3   5   0.0003432329
4   8   3   6   0.0005617715
4   9   1   4   0.0007408414
4   9   2   5   0.0007584714
4   9   2   6   -0.0005617715
4   9   3   5   -0.0005617715
4   9   3   6   0.0007191757
4   10   1   5   0.0003952025
4   10   1   6   -0.0003816220
4   10   2   4   0.0012687688
4   10   3   4   -0.0012251696
5   6   1   4   0.0005088858
5   6   2   5   -0.0004223217
5   6   3   6   -0.0004223217
5   7   1   4   -0.0005414193
5   7   2   5   -0.0000151483
5   7   3   6   -0.0000151483
5   8   1   5   -0.0012251696
5   8   1   6   -0.0012687688
5   8   2   4   -0.0003816220
5   8   3   4   -0.0003952025
5   9   1   5   0.0012687688
5   9   1   6   -0.0012251696
5   9   2   4   0.0003952025
5   9   3   4   -0.0003816220
5   10   1   4   0.0060124962
5   10   2   5   0.0004977013
5   10   3   6   0.0004977013

End IJAB Block
Begin ABCD Block
1   4   1   4   0.2340415821
1   4   2   5   0.0359491931
1   4   3   6   0.0359491931
1   5   1   5   0.1847404703
1   5   2   4   0.0359519952
1   6   1   6   0.1847404703
1   6   3   4   0.0359519952
2   4   1   5   0.0359519952
2   4   2   4   0.1847404703
2   5   1   4   0.0359491931
2   5   2   5   0.1733360676
2   5   3   6   0.0092823012
2   6   2   6   0.1547714981
2   6   3   5   0.0092822683
3   4   1   6   0.0359519952
3   4   3   4   0.1847404703
3   5   2   6   0.0092822683
3   5   3   5   0.1547714981
3   6   1   4   0.0359491931
3   6   2   5   0.0092823012
3   6   3   6   0.1733360676

End ABCD Block
Begin AIJB Block
1   6   1   4   0.0097996715
1   6   2   4   -0.0000027551
1   6   3   5   0.0000332692
1   6   3   6   0.0000344531
1   6   4   5   -0.0000344531
1   6   4   6   0.0000332692
1   6   5   4   0.0003144846
1   7   1   4   -0.0000027551
1   7   2   4   0.0009547656
1   7   3   5   0.0000176419
1   7   3   6   0.0000182697
1   7   4   5   -0.0000182697
1   7   4   6   0.0000176419
1   7   5   4   -0.0000364529
1   8   1   5   -0.0000008948
1   8   1   6   -0.0000009267
1   8   2   5   0.0000280266
1   8   2   6   0.0000290239
1   8   3   4   0.0001975217
1   8   5   5   -0.0011955141
1   8   5   6   -0.0012380580
1   9   1   5   0.0000009267
1   9   1   6   -0.0000008948
1   9   2   5   -0.0000290239
1   9   2   6   0.0000280266
1   9   4   4   0.0001975217
1   9   5   5   0.0012380580
1   9   5   6   -0.0011955141
1   10   1   4   0.0003144846
1   10   2   4   -0.0000364529
1   10   3   5   -0.0001605613
1   10   3   6   -0.0001662751
1   10   4   5   0.0001662751
1   10   4   6   -0.0001605613
1   10   5   4   0.0037306655
2   6   1   5   0.0018010852
2   6   2   5   0.0000064648
2   6   3   4   -0.0000008948
2   6   4   4   0.0000009267
2   6   5   5   -0.0003468535
2   7   1   5   0.0000064648
2   7   2   5   0.0003383272
2   7   3   4   0.0000280266
2   7   4   4   -0.0000290239
2   7   5   5   0.0000146831
2   8   1   4   0.0000332692
2   8   2   4   0.0000176419
2   8   3   5   0.0006285251
2   8   3   6   0.0005444544
2   8   4   5   -0.0005444544
2   8   4   6   -0.0004567277
2   8   5   4   -0.0001605613
2   9   1   4   -0.0000344531
2   9   2   4   -0.0000182697
2   9   3   5   -0.0005444544
2   9   3   6   0.0004186433
2   9   4   5   0.0006666095
2   9   4   6   -0.0005444544
2   9   5   4   0.0001662751
2   10   1   5   -0.0003468535
2   10   2   5   0.0000146831
2   10   3   4   -0.0011955141
2   10   4   4   0.0012380580
2   10   5   5   0.0006382192
3   6   1   6   0.0018010852
3   6   2   6   0.0000064648
3   6   3   4   -0.0000009267
3   6   4   4   -0.0000008948
3   6   5   6   -0.0003468535
3   7   1   6   0.0000064648
3   7   2   6   0.0003383272
3   7   3   4   0.0000290239
3   7   4   4   0.0000280266
3   7   5   6   0.0000146831
3   8   1   4   0.0000344531
3   8   2   4   0.0000182697
3   8   3   5   0.0005444544
3   8   3   6   0.0006666095
3   8   4   5   0.0004186433
3   8   4   6   0.0005444544
3   8   5   4   -0.0001662751
3   9   1   4   0.0000332692
3   9   2   4   0.0000176419
3   9   3   5   -0.0004567277
3   9   3   6   0.0005444544
3   9   4   5   -0.0005444544
3   9   4   6   0.0006285251
3   9   5   4   -0.0001605613
3   10   1   6   -0.0003468535
3   10   2   6   0.0000146831
3   10   3   4   -0.0012380580
3   10   4   4   -0.0011955141
3   10   5   6   0.0006382192

1   6   6   1   -0.2905012808
1   6   7   1   0.0000199480
1   6   8   2   -0.0000274405
1   6   8   3   -0.0000284170
1   6   9   2   0.0000284170
1   6   9   3   -0.0000274405
1   6   10   1   -0.0007933511
1   7   6   1   0.0000199480
1   7   7   1   -0.1128004447
1   7   8   2   -0.0014859079
1   7   8   3   -0.0015387858
1   7   9   2   0.0015387858
1   7   9   3   -0.0014859079
1   7   10   1   0.0069078746
1   8   6   2   -0.0000278381
1   8   6   3   -0.0000288287
1   8   7   2   -0.0014852231
1   8   7   3   -0.0015380767
1   8   8   1   -0.1120286749
1   8   10   2   0.0006056414
1   8   10   3   0.0006271939
1   9   6   2   0.0000288287
1   9   6   3   -0.0000278381
1   9   7   2   0.0015380767
1   9   7   3   -0.0014852231
1   9   9   1   -0.1120286749
1   9   10   2   -0.0006271939
1   9   10   3   0.0006056414
1   10   6   1   -0.0007933511
1   10   7   1   0.0069078746
1   10   8   2   0.0006273842
1   10   8   3   0.0006497105
1   10   9   2   -0.0006497105
1   10   9   3   0.0006273842
1   10   10   1   -0.1177165090
2   6   6   2   -0.2234263040
2   6   7   2   0.0000074050
2   6   8   1   -0.0000278381
2   6   9   1   0.0000288287
2   6   10   2   -0.0001995681
2   7   6   2   0.0000074050
2   7   7   2   -0.1136140456
2   7   8   1   -0.0014852231
2   7   9   1   0.0015380767
2   7   10   2   0.0064167537
2   8   6   1   -0.0000274405
2   8   7   1   -0.0014859079
2   8   8   2   -0.1134463285
2   8   8   3   -0.0002973178
2   8   9   2   0.0002973178
2   8   9   3   0.0000049646
2   8   10   1   0.0006273842
2   9   6   1   0.0000284170
2   9   7   1   0.0015387858
2   9   8   2   0.0002973178
2   9   8   3   0.0000158327
2   9   9   2   -0.1134671258
2   9   9   3   0.0002973178
2   9   10   1   -0.0006497105
2   10   6   2   -0.0001995681
2   10   7   2   0.0064167537
2   10   8   1   0.0006056414
2   10   9   1   -0.0006271939
2   10   10   2   -0.1183108167
3   6   6   3   -0.2234263040
3   6   7   3   0.0000074050
3   6   8   1   -0.0000288287
3   6   9   1   -0.0000278381
3   6   10   3   -0.0001995681
3   7   6   3   0.0000074050
3   7   7   3   -0.1136140456
3   7   8   1   -0.0015380767
3   7   9   1   -0.0014852231
3   7   10   3   0.0064167537
3   8   6   1   -0.0000284170
3   8   7   1   -0.0015387858
3   8   8   2   -0.0002973178
3   8   8   3   -0.1134671258
3   8   9   2   0.0000158327
3   8   9   3   -0.0002973178
3   8   10   1   0.0006497105
3   9   6   1   -0.0000274405
3   9   7   1   -0.0014859079
3   9   8   2   0.0000049646
3   9   8   3   -0.0002973178
3   9   9   2   0.0002973178
3   9   9   3   -0.1134463285
3   9   10   1   0.0006273842
3   10   6   3   -0.0001995681
3   10   7   3   0.0064167537
3   10   8   1   0.0006271939
3   10   9   1   0.0006056414
3   10   10   3   -0.1183108167

End AIJB Block
Begin IJKA Block
1   6   1   4   -0.1020988296
1   6   2   4   0.0000358940
1   6   3   5   0.0000130868
1   6   3   6   0.0000135525
1   6   4   5   -0.0000135525
1   6   4   6   0.0000130868
1   6   5   4   -0.0014299996
1   7   1   4   -0.0001471926
1   7   2   4   0.0000074858
1   7   3   5   -0.0000002262
1   7   3   6   -0.0000002342
1   7   4   5   0.0000002342
1   7   4   6   -0.0000002262
1   7   5   4   -0.0000001739
1   8   1   5   0.0007273594
1   8   1   6   0.0007532434
1   8   2   5   -0.0000005984
1   8   2   6   -0.0000006197
1   8   3   4   0.0000043509
1   8   5   5   -0.0000011188
1   8   5   6   -0.0000011587
1   9   1   5   -0.0007532434
1   9   1   6   0.0007273594
1   9   2   5   0.0000006197
1   9   2   6   -0.0000005984
1   9   4   4   0.0000043509
1   9   5   5   0.0000011587
1   9   5   6   -0.0000011188
1   10   1   4   -0.0124691891
1   10   2   4   0.0000011730
1   10   3   5   -0.0000078060
1   10   3   6   -0.0000080838
1   10   4   5   0.0000080838
1   10   4   6   -0.0000078060
1   10   5   4   0.0000250837
2   6   1   4   0.0000377386
2   6   2   4   -0.0007874974
2   6   3   5   0.0000885591
2   6   3   6   0.0000917106
2   6   4   5   -0.0000917106
2   6   4   6   0.0000885591
2   6   5   4   0.0001253493
2   7   1   4   0.0000032488
2   7   2   4   -0.0028275445
2   7   3   5   -0.0049853245
2   7   3   6   -0.0051627337
2   7   4   5   0.0051627337
2   7   4   6   -0.0049853245
2   7   5   4   0.0117849146
2   8   1   5   0.0000008794
2   8   1   6   0.0000009106
2   8   2   5   -0.0149266613
2   8   2   6   -0.0154578456
2   8   3   4   -0.0005942778
2   8   5   5   -0.0004659485
2   8   5   6   -0.0004825298
2   9   1   5   -0.0000009106
2   9   1   6   0.0000008794
2   9   2   5   0.0154578456
2   9   2   6   -0.0149266613
2   9   4   4   -0.0005942778
2   9   5   5   0.0004825298
2   9   5   6   -0.0004659485
2   10   1   4   -0.0000069531
2   10   2   4   0.0262775977
2   10   3   5   -0.0006165434
2   10   3   6   -0.0006384839
2   10   4   5   0.0006384839
2   10   4   6   -0.0006165434
2   10   5   4   0.0004724153
3   6   1   5   0.0000060785
3   6   1   6   0.0000062948
3   6   2   5   0.0000842902
3   6   2   6   0.0000872898
3   6   3   4   -0.0007772299
3   6   5   5   -0.0000399515
3   6   5   6   -0.0000413732
3   7   1   5   0.0000000520
3   7   1   6   0.0000000539
3   7   2   5   -0.0049371472
3   7   2   6   -0.0051128419
3   7   3   4   -0.0023337637
3   7   5   5   -0.0000780859
3   7   5   6   -0.0000808647
3   8   1   4   0.0000106080
3   8   2   4   -0.0005962308
3   8   3   5   -0.0162769855
3   8   3   6   -0.0168562228
3   8   4   5   0.0015670154
3   8   4   6   -0.0015131674
3   8   5   4   0.0044543804
3   9   3   5   0.0137007849
3   9   3   6   -0.0132299793
3   9   4   5   -0.0015338388
3   9   4   6   -0.0015884224
3   10   1   5   -0.0000059883
3   10   1   6   -0.0000062014
3   10   2   5   -0.0004927546
3   10   2   6   -0.0005102899
3   10   3   4   0.0229250657
3   10   5   5   -0.0016444204
3   10   5   6   -0.0017029392
4   6   1   5   -0.0000062948
4   6   1   6   0.0000060785
4   6   2   5   -0.0000872898
4   6   2   6   0.0000842902
4   6   4   4   -0.0007772299
4   6   5   5   0.0000413732
4   6   5   6   -0.0000399515
4   7   1   5   -0.0000000539
4   7   1   6   0.0000000520
4   7   2   5   0.0051128419
4   7   2   6   -0.0049371472
4   7   4   4   -0.0023337637
4   7   5   5   0.0000808647
4   7   5   6   -0.0000780859
4   8   3   5   0.0015884224
4   8   3   6   -0.0015338388
4   8   4   5   -0.0132299793
4   8   4   6   -0.0137007849
4   9   1   4   0.0000106080
4   9   2   4   -0.0005962308
4   9   3   5   -0.0015131674
4   9   3   6   -0.0015670154
4   9   4   5   0.0168562228
4   9   4   6   -0.0162769855
4   9   5   4   0.0044543804
4   10   1   5   0.0000062014
4   10   1   6   -0.0000059883
4   10   2   5   0.0005102899
4   10   2   6   -0.0004927546
4   10   4   4   0.0229250657
4   10   5   5   0.0017029392
4   10   5   6   -0.0016444204
5   6   1   4   -0.0016889717
5   6   2   4   0.0001168555
5   6   3   5   -0.0000452457
5   6   3   6   -0.0000468559
5   6   4   5   0.0000468559
5   6   4   6   -0.0000452457
5   6   5   4   -0.0009731205
5   7   1   4   -0.0000054383
5   7   2   4   0.0119106277
5   7   3   5   -0.0001061775
5   7   3   6   -0.0001099559
5   7   4   5   0.0001099559
5   7   4   6   -0.0001061775
5   7   5   4   -0.0021742037
5   8   1   5   -0.0000098671
5   8   1   6   -0.0000102182
5   8   2   5   -0.0002822437
5   8   2   6   -0.0002922877
5   8   3   4   0.0041483879
5   8   5   5   -0.0131920319
5   8   5   6   -0.0136614872
5   9   1   5   0.0000102182
5   9   1   6   -0.0000098671
5   9   2   5   0.0002922877
5   9   2   6   -0.0002822437
5   9   4   4   0.0041483879
5   9   5   5   0.0136614872
5   9   5   6   -0.0131920319
5   10   1   4   0.0001167691
5   10   2   4   -0.0003862126
5   10   3   5   -0.0014966618
5   10   3   6   -0.0015499224
5   10   4   5   0.0015499224
5   10   4   6   -0.0014966618
5   10   5   4   0.0352773496

End IJKA Block
Begin IABC Block
1   4   1   4   -0.0003584752
1   4   2   5   0.0029632979
1   4   3   6   0.0029632979
1   5   1   5   -0.0001853646
1   5   2   4   0.0029840813
1   6   1   6   -0.0001853646
1   6   3   4   0.0029840813
2   4   1   4   -0.0001882277
2   4   2   5   0.0000300279
2   4   3   6   0.0000300279
2   5   1   5   -0.0001657305
2   5   2   4   0.0000308874
2   6   1   6   -0.0001657305
2   6   3   4   0.0000308874
3   4   1   5   0.0002615394
3   4   1   6   0.0002708466
3   4   2   4   0.0003806289
3   4   3   4   0.0003941741
3   5   1   4   0.0002580890
3   5   2   5   0.0006922922
3   5   2   6   0.0001628166
3   5   3   5   0.0003923508
3   5   3   6   0.0001562023
3   6   1   4   0.0002672734
3   6   2   5   0.0001617609
3   6   2   6   0.0003788683
3   6   3   5   0.0001572217
3   6   3   6   0.0007169283
4   4   1   5   -0.0002708466
4   4   1   6   0.0002615394
4   4   2   4   -0.0003941741
4   4   3   4   0.0003806289
4   5   1   4   -0.0002672734
4   5   2   5   -0.0007169283
4   5   2   6   0.0001572217
4   5   3   5   0.0003788683
4   5   3   6   -0.0001617609
4   6   1   4   0.0002580890
4   6   2   5   0.0001562023
4   6   2   6   -0.0003923508
4   6   3   5   -0.0001628166
4   6   3   6   0.0006922922
5   4   1   4   -0.0038484623
5   4   2   5   -0.0024356978
5   4   3   6   -0.0024356978
5   5   1   5   -0.0037632505
5   5   2   4   -0.0024724699
5   6   1   6   -0.0037632505
5   6   3   4   -0.0024724699

End IABC Block
