Begin IJ Block
1   1   -6.5899027648
1   2   -0.0261517438
1   3   0.0117123497
2   2   -7.2953049111
2   3   0.0815859978
3   3   -6.3364541215
4   4   -6.2315556247
4   5   0.0000000000
5   5   -6.2315556247

End IJ Block
Begin IA Block
1   1   0.0972004897
1   4   0.0571004058
2   1   0.0501323487
2   4   0.1178803105
3   1   -0.0781653463
3   4   0.0273841730
4   2   -0.1127529730
4   3   0.1455508972
5   2   0.1455508972
5   3   0.1127529730

End IA Block
Begin AB Block
1   1   -1.6352966712
1   4   -0.3246428158
2   2   -1.3087318811
3   3   -1.3087318811
4   4   -1.4275948132

End AB Block
Begin IJKL Block
1   6   1   6   1.6285257741
1   6   1   7   -0.0416746389
1   6   1   8   0.0624835036
1   6   2   6   -0.0416746389
1   6   2   7   0.0016807447
1   6   2   8   -0.0027316056
1   6   3   6   0.0624835036
1   6   3   7   -0.0027316056
1   6   3   8   0.0041674590
1   6   4   9   0.0000444325
1   6   5   10   0.0000444325
1   7   1   6   -0.0416746389
1   7   1   7   0.3135044167
1   7   1   8   -0.0620403556
1   7   2   6   0.0019672415
1   7   2   7   0.0122483321
1   7   2   8   -0.0018585646
1   7   3   6   -0.0031130717
1   7   3   7   -0.0120575501
1   7   3   8   0.0041890958
1   7   4   9   0.0030585643
1   7   5   10   0.0030585643
1   8   1   6   0.0624835036
1   8   1   7   -0.0620403556
1   8   1   8   0.3339611493
1   8   2   6   -0.0031130717
1   8   2   7   -0.0017303416
1   8   2   8   0.0110522533
1   8   3   6   0.0053959217
1   8   3   7   0.0042720252
1   8   3   8   -0.0116386203
1   8   4   9   -0.0006827262
1   8   5   10   -0.0006827262
1   9   1   9   0.3008746179
1   9   2   9   0.0108634618
1   9   3   9   -0.0103368085
1   9   4   6   0.0003430473
1   9   4   7   0.0031892161
1   9   4   8   -0.0008310448
1   10   1   10   0.3008746179
1   10   2   10   0.0108634618
1   10   3   10   -0.0103368085
1   10   5   6   0.0003430473
1   10   5   7   0.0031892161
1   10   5   8   -0.0008310448
2   6   1   6   -0.0416746389
2   6   1   7   0.0019672415
2   6   1   8   -0.0031130717
2   6   2   6   0.3135044167
2   6   2   7   0.0122483321
2   6   2   8   -0.0120575501
2   6   3   6   -0.0620403556
2   6   3   7   -0.0018585646
2   6   3   8   0.0041890958
2   6   4   9   0.0030585643
2   6   5   10   0.0030585643
2   7   1   6   0.0016807447
2   7   1   7   0.0122483321
2   7   1   8   -0.0017303416
2   7   2   6   0.0122483321
2   7   2   7   0.8691263899
2   7   2   8   0.0014437468
2   7   3   6   -0.0017303416
2   7   3   7   0.0014437468
2   7   3   8   0.1519070834
2   7   4   9   0.1488390300
2   7   5   10   0.1488390300
2   8   1   6   -0.0027316056
2   8   1   7   -0.0018585646
2   8   1   8   0.0110522533
2   8   2   6   -0.0120575501
2   8   2   7   0.0014437468
2   8   2   8   0.8083452048
2   8   3   6   0.0042720252
2   8   3   7   0.1566799992
2   8   3   8   0.0162070573
2   8   4   9   0.0035043497
2   8   5   10   0.0035043497
2   9   1   9   0.0108634618
2   9   2   9   0.8038752516
2   9   3   9   0.0069910268
2   9   4   6   0.0031892161
2   9   4   7   0.1536444092
2   9   4   8   0.0036342286
2   10   1   10   0.0108634618
2   10   2   10   0.8038752516
2   10   3   10   0.0069910268
2   10   5   6   0.0031892161
2   10   5   7   0.1536444092
2   10   5   8   0.0036342286
3   6   1   6   0.0624835036
3   6   1   7   -0.0031130717
3   6   1   8   0.0053959217
3   6   2   6   -0.0620403556
3   6   2   7   -0.0017303416
3   6   2   8   0.0042720252
3   6   3   6   0.3339611493
3   6   3   7   0.0110522533
3   6   3   8   -0.0116386203
3   6   4   9   -0.0006827262
3   6   5   10   -0.0006827262
3   7   1   6   -0.0027316056
3   7   1   7   -0.0120575501
3   7   1   8   0.0042720252
3   7   2   6   -0.0018585646
3   7   2   7   0.0014437468
3   7   2   8   0.1566799992
3   7   3   6   0.0110522533
3   7   3   7   0.8083452048
3   7   3   8   0.0162070573
3   7   4   9   0.0035043497
3   7   5   10   0.0035043497
3   8   1   6   0.0041674590
3   8   1   7   0.0041890958
3   8   1   8   -0.0116386203
3   8   2   6   0.0041890958
3   8   2   7   0.1519070834
3   8   2   8   0.0162070573
3   8   3   6   -0.0116386203
3   8   3   7   0.0162070573
3   8   3   8   0.8000438014
3   8   4   9   0.0309131657
3   8   5   10   0.0309131657
3   9   1   9   -0.0103368085
3   9   2   9   0.0069910268
3   9   3   9   0.7281035687
3   9   4   6   -0.0008310448
3   9   4   7   0.0036342286
3   9   4   8   0.0369543164
3   10   1   10   -0.0103368085
3   10   2   10   0.0069910268
3   10   3   10   0.7281035687
3   10   5   6   -0.0008310448
3   10   5   7   0.0036342286
3   10   5   8   0.0369543164
4   6   1   9   0.0003430473
4   6   2   9   0.0031892161
4   6   3   9   -0.0008310448
4   6   4   6   0.3008746179
4   6   4   7   0.0108634618
4   6   4   8   -0.0103368085
4   7   1   9   0.0031892161
4   7   2   9   0.1536444092
4   7   3   9   0.0036342286
4   7   4   6   0.0108634618
4   7   4   7   0.8038752516
4   7   4   8   0.0069910268
4   8   1   9   -0.0008310448
4   8   2   9   0.0036342286
4   8   3   9   0.0369543164
4   8   4   6   -0.0103368085
4   8   4   7   0.0069910268
4   8   4   8   0.7281035687
4   9   1   6   0.0000444325
4   9   1   7   0.0030585643
4   9   1   8   -0.0006827262
4   9   2   6   0.0030585643
4   9   2   7   0.1488390300
4   9   2   8   0.0035043497
4   9   3   6   -0.0006827262
4   9   3   7   0.0035043497
4   9   3   8   0.0309131657
4   9   4   9   0.7902938054
4   9   4   10   -0.0000000000
4   9   5   9   -0.0000000000
4   9   5   10   0.0301521752
4   10   4   9   -0.0000000000
4   10   4   10   0.7241097535
4   10   5   9   0.0360318768
4   10   5   10   0.0000000000
5   6   1   10   0.0003430473
5   6   2   10   0.0031892161
5   6   3   10   -0.0008310448
5   6   5   6   0.3008746179
5   6   5   7   0.0108634618
5   6   5   8   -0.0103368085
5   7   1   10   0.0031892161
5   7   2   10   0.1536444092
5   7   3   10   0.0036342286
5   7   5   6   0.0108634618
5   7   5   7   0.8038752516
5   7   5   8   0.0069910268
5   8   1   10   -0.0008310448
5   8   2   10   0.0036342286
5   8   3   10   0.0369543164
5   8   5   6   -0.0103368085
5   8   5   7   0.0069910268
5   8   5   8   0.7281035687
5   9   4   9   -0.0000000000
5   9   4   10   0.0360318768
5   9   5   9   0.7241097535
5   9   5   10   0.0000000000
5   10   1   6   0.0000444325
5   10   1   7   0.0030585643
5   10   1   8   -0.0006827262
5   10   2   6   0.0030585643
5   10   2   7   0.1488390300
5   10   2   8   0.0035043497
5   10   3   6   -0.0006827262
5   10   3   7   0.0035043497
5   10   3   8   0.0309131657
5   10   4   9   0.0301521752
5   10   4   10   0.0000000000
5   10   5   9   0.0000000000
5   10   5   10   0.7902938054

End IJKL Block
Begin IJAB Block
1   6   1   5   0.0053652995
1   6   1   8   0.0035378847
1   6   2   6   0.0003157214
1   6   3   7   0.0003157214
1   6   4   5   0.0035378847
1   6   4   8   0.0024703774
1   7   1   5   -0.0001074420
1   7   1   8   -0.0000618009
1   7   2   6   0.0000137311
1   7   3   7   0.0000137311
1   7   4   5   -0.0000879516
1   7   4   8   -0.0000519950
1   8   1   5   0.0002207644
1   8   1   8   0.0003622185
1   8   2   6   -0.0000854552
1   8   3   7   -0.0000854552
1   8   4   5   0.0001652993
1   8   4   8   0.0002144593
1   9   1   6   -0.0001192105
1   9   1   7   0.0001538868
1   9   2   5   -0.0000996451
1   9   2   8   -0.0001139932
1   9   3   5   0.0001286302
1   9   3   8   0.0001471519
1   9   4   6   -0.0000501608
1   9   4   7   0.0000647518
1   10   1   6   0.0001538868
1   10   1   7   0.0001192105
1   10   2   5   0.0001286302
1   10   2   8   0.0001471519
1   10   3   5   0.0000996451
1   10   3   8   0.0001139932
1   10   4   6   0.0000647518
1   10   4   7   0.0000501608
2   6   1   5   -0.0001074420
2   6   1   8   -0.0000879516
2   6   2   6   0.0000137311
2   6   3   7   0.0000137311
2   6   4   5   -0.0000618009
2   6   4   8   -0.0000519950
2   7   1   5   0.0004685675
2   7   1   8   0.0005591320
2   7   2   6   0.0009802234
2   7   3   7   0.0009802234
2   7   4   5   0.0005591320
2   7   4   8   0.0013263036
2   8   1   5   -0.0005494712
2   8   1   8   -0.0004301809
2   8   2   6   0.0000526691
2   8   3   7   0.0000526691
2   8   4   5   -0.0008795495
2   8   4   8   -0.0001203739
2   9   1   6   -0.0004269808
2   9   1   7   0.0005511823
2   9   2   5   -0.0001929364
2   9   2   8   -0.0005025128
2   9   3   5   0.0002490584
2   9   3   8   0.0006486852
2   9   4   6   -0.0010844805
2   9   4   7   0.0013999374
2   10   1   6   0.0005511823
2   10   1   7   0.0004269808
2   10   2   5   0.0002490584
2   10   2   8   0.0006486852
2   10   3   5   0.0001929364
2   10   3   8   0.0005025128
2   10   4   6   0.0013999374
2   10   4   7   0.0010844805
3   6   1   5   0.0002207644
3   6   1   8   0.0001652993
3   6   2   6   -0.0000854552
3   6   3   7   -0.0000854552
3   6   4   5   0.0003622185
3   6   4   8   0.0002144593
3   7   1   5   -0.0005494712
3   7   1   8   -0.0008795495
3   7   2   6   0.0000526691
3   7   3   7   0.0000526691
3   7   4   5   -0.0004301809
3   7   4   8   -0.0001203739
3   8   1   5   0.0009300291
3   8   1   8   0.0004132524
3   8   2   6   0.0004852566
3   8   3   7   0.0004852566
3   8   4   5   0.0004132524
3   8   4   8   0.0011290158
3   9   1   6   0.0006938488
3   9   1   7   -0.0008956777
3   9   2   5   0.0002174128
3   9   2   8   0.0000899490
3   9   3   5   -0.0002806545
3   9   3   8   -0.0001161137
3   9   4   6   0.0001211529
3   9   4   7   -0.0001563942
3   10   1   6   -0.0008956777
3   10   1   7   -0.0006938488
3   10   2   5   -0.0002806545
3   10   2   8   -0.0001161137
3   10   3   5   -0.0002174128
3   10   3   8   -0.0000899490
3   10   4   6   -0.0001563942
3   10   4   7   -0.0001211529
4   6   1   6   -0.0000996451
4   6   1   7   0.0001286302
4   6   2   5   -0.0001192105
4   6   2   8   -0.0000501608
4   6   3   5   0.0001538868
4   6   3   8   0.0000647518
4   6   4   6   -0.0001139932
4   6   4   7   0.0001471519
4   7   1   6   -0.0001929364
4   7   1   7   0.0002490584
4   7   2   5   -0.0004269808
4   7   2   8   -0.0010844805
4   7   3   5   0.0005511823
4   7   3   8   0.0013999374
4   7   4   6   -0.0005025128
4   7   4   7   0.0006486852
4   8   1   6   0.0002174128
4   8   1   7   -0.0002806545
4   8   2   5   0.0006938488
4   8   2   8   0.0001211529
4   8   3   5   -0.0008956777
4   8   3   8   -0.0001563942
4   8   4   6   0.0000899490
4   8   4   7   -0.0001161137
4   9   1   5   0.0004699464
4   9   1   8   0.0005704011
4   9   2   6   0.0015049264
4   9   2   7   -0.0013598233
4   9   3   6   -0.0013598233
4   9   3   7   0.0022068937
4   9   4   5   0.0005704011
4   9   4   8   0.0011476286
4   10   2   6   -0.0013598233
4   10   2   7   -0.0005365539
4   10   3   6   0.0012385212
4   10   3   7   0.0013598233
5   6   1   6   0.0001286302
5   6   1   7   0.0000996451
5   6   2   5   0.0001538868
5   6   2   8   0.0000647518
5   6   3   5   0.0001192105
5   6   3   8   0.0000501608
5   6   4   6   0.0001471519
5   6   4   7   0.0001139932
5   7   1   6   0.0002490584
5   7   1   7   0.0001929364
5   7   2   5   0.0005511823
5   7   2   8   0.0013999374
5   7   3   5   0.0004269808
5   7   3   8   0.0010844805
5   7   4   6   0.0006486852
5   7   4   7   0.0005025128
5   8   1   6   -0.0002806545
5   8   1   7   -0.0002174128
5   8   2   5   -0.0008956777
5   8   2   8   -0.0001563942
5   8   3   5   -0.0006938488
5   8   3   8   -0.0001211529
5   8   4   6   -0.0001161137
5   8   4   7   -0.0000899490
5   9   2   6   -0.0013598233
5   9   2   7   0.0012385212
5   9   3   6   -0.0005365539
5   9   3   7   0.0013598233
5   10   1   5   0.0004699464
5   10   1   8   0.0005704011
5   10   2   6   0.0022068937
5   10   2   7   0.0013598233
5   10   3   6   0.0013598233
5   10   3   7   0.0015049264
5   10   4   5   0.0005704011
5   10   4   8   0.0011476286

End IJAB Block
Begin ABCD Block
1   5   1   5   0.2058282597
1   5   1   8   0.0123460521
1   5   2   6   0.0211417943
1   5   3   7   0.0211417943
1   5   4   5   0.0123460521
1   5   4   8   0.0125395175
1   6   1   6   0.1366598420
1   6   2   5   0.0211420224
1   6   2   8   0.0046859390
1   6   4   6   0.0098326011
1   7   1   7   0.1366598420
1   7   3   5   0.0211420224
1   7   3   8   0.0046859390
1   7   4   7   0.0098326011
1   8   1   5   0.0123460521
1   8   1   8   0.1258838164
1   8   2   6   0.0046857529
1   8   3   7   0.0046857529
1   8   4   5   0.0125396740
1   8   4   8   0.0073459967
2   5   1   6   0.0211420224
2   5   2   5   0.1366598420
2   5   2   8   0.0098326011
2   5   4   6   0.0046859390
2   6   1   5   0.0211417943
2   6   1   8   0.0046857529
2   6   2   6   0.1281871465
2   6   3   7   0.0078339752
2   6   4   5   0.0046857529
2   6   4   8   0.0088391455
2   7   2   7   0.1125192421
2   7   3   6   0.0078339293
2   8   1   6   0.0046859390
2   8   2   5   0.0098326011
2   8   2   8   0.1098397789
2   8   4   6   0.0088394951
3   5   1   7   0.0211420224
3   5   3   5   0.1366598420
3   5   3   8   0.0098326011
3   5   4   7   0.0046859390
3   6   2   7   0.0078339293
3   6   3   6   0.1125192421
3   7   1   5   0.0211417943
3   7   1   8   0.0046857529
3   7   2   6   0.0078339752
3   7   3   7   0.1281871465
3   7   4   5   0.0046857529
3   7   4   8   0.0088391455
3   8   1   7   0.0046859390
3   8   3   5   0.0098326011
3   8   3   8   0.1098397789
3   8   4   7   0.0088394951
4   5   1   5   0.0123460521
4   5   1   8   0.0125396740
4   5   2   6   0.0046857529
4   5   3   7   0.0046857529
4   5   4   5   0.1258838164
4   5   4   8   0.0073459967
4   6   1   6   0.0098326011
4   6   2   5   0.0046859390
4   6   2   8   0.0088394951
4   6   4   6   0.1098397789
4   7   1   7   0.0098326011
4   7   3   5   0.0046859390
4   7   3   8   0.0088394951
4   7   4   7   0.1098397789
4   8   1   5   0.0125395175
4   8   1   8   0.0073459967
4   8   2   6   0.0088391455
4   8   3   7   0.0088391455
4   8   4   5   0.0073459967
4   8   4   8   0.1192889169

End ABCD Block
Begin AIJB Block
1   6   1   5   0.0040903409
1   6   1   8   0.0026550873
1   6   2   5   -0.0000629968
1   6   2   8   -0.0000554883
1   6   3   5   0.0001218784
1   6   3   8   0.0000910826
1   6   4   6   -0.0000778932
1   6   4   7   0.0001005510
1   6   5   6   0.0001005510
1   6   5   7   0.0000778932
1   7   1   5   -0.0000629968
1   7   1   8   -0.0000373125
1   7   2   5   0.0003519792
1   7   2   8   0.0004038309
1   7   3   5   -0.0003509947
1   7   3   8   -0.0006027030
1   7   4   6   -0.0000781923
1   7   4   7   0.0001009371
1   7   5   6   0.0001009371
1   7   5   7   0.0000781923
1   8   1   5   0.0001218784
1   8   1   8   0.0002471455
1   8   2   5   -0.0003509947
1   8   2   8   -0.0001993241
1   8   3   5   0.0006878008
1   8   3   8   0.0003491529
1   8   4   6   0.0001335173
1   8   4   7   -0.0001723552
1   8   5   6   -0.0001723552
1   8   5   7   -0.0001335173
1   9   1   6   -0.0000972766
1   9   1   7   0.0001255727
1   9   2   6   -0.0002902164
1   9   2   7   0.0003746354
1   9   3   6   0.0005505870
1   9   3   7   -0.0007107433
1   9   4   5   0.0004142699
1   9   4   8   0.0005346820
1   10   1   6   0.0001255727
1   10   1   7   0.0000972766
1   10   2   6   0.0003746354
1   10   2   7   0.0002902164
1   10   3   6   -0.0007107433
1   10   3   7   -0.0005505870
1   10   5   5   0.0004142699
1   10   5   8   0.0005346820
2   6   1   6   0.0002775065
2   6   2   6   0.0000067475
2   6   3   6   -0.0000633485
2   6   4   5   -0.0000972766
2   6   4   8   -0.0000422701
2   6   5   5   0.0001255727
2   6   5   8   0.0000545657
2   7   1   6   0.0000067475
2   7   2   6   0.0007608857
2   7   3   6   0.0000582611
2   7   4   5   -0.0002902164
2   7   4   8   -0.0007549657
2   7   5   5   0.0003746354
2   7   5   8   0.0009745725
2   8   1   6   -0.0000633485
2   8   2   6   0.0000582611
2   8   3   6   0.0002974546
2   8   4   5   0.0005505870
2   8   4   8   0.0001149020
2   8   5   5   -0.0007107433
2   8   5   8   -0.0001483250
2   9   1   5   -0.0000778932
2   9   1   8   -0.0000872652
2   9   2   5   -0.0000781923
2   9   2   8   -0.0002367365
2   9   3   5   0.0001335173
2   9   3   8   0.0000782851
2   9   4   6   0.0010395594
2   9   4   7   -0.0010064231
2   9   5   6   -0.0010064231
2   9   5   7   0.0010405498
2   10   1   5   0.0001005510
2   10   1   8   0.0001126492
2   10   2   5   0.0001009371
2   10   2   8   0.0003055991
2   10   3   5   -0.0001723552
2   10   3   8   -0.0001010569
2   10   4   6   -0.0010064231
2   10   4   7   -0.0005210146
2   10   5   6   0.0015590946
2   10   5   7   0.0010064231
3   6   1   7   0.0002775065
3   6   2   7   0.0000067475
3   6   3   7   -0.0000633485
3   6   4   5   0.0001255727
3   6   4   8   0.0000545657
3   6   5   5   0.0000972766
3   6   5   8   0.0000422701
3   7   1   7   0.0000067475
3   7   2   7   0.0007608857
3   7   3   7   0.0000582611
3   7   4   5   0.0003746354
3   7   4   8   0.0009745725
3   7   5   5   0.0002902164
3   7   5   8   0.0007549657
3   8   1   7   -0.0000633485
3   8   2   7   0.0000582611
3   8   3   7   0.0002974546
3   8   4   5   -0.0007107433
3   8   4   8   -0.0001483250
3   8   5   5   -0.0005505870
3   8   5   8   -0.0001149020
3   9   1   5   0.0001005510
3   9   1   8   0.0001126492
3   9   2   5   0.0001009371
3   9   2   8   0.0003055991
3   9   3   5   -0.0001723552
3   9   3   8   -0.0001010569
3   9   4   6   -0.0010064231
3   9   4   7   0.0015590946
3   9   5   6   -0.0005210146
3   9   5   7   0.0010064231
3   10   1   5   0.0000778932
3   10   1   8   0.0000872652
3   10   2   5   0.0000781923
3   10   2   8   0.0002367365
3   10   3   5   -0.0001335173
3   10   3   8   -0.0000782851
3   10   4   6   0.0010405498
3   10   4   7   0.0010064231
3   10   5   6   0.0010064231
3   10   5   7   0.0010395594
4   6   1   5   0.0026550873
4   6   1   8   0.0018295795
4   6   2   5   -0.0000373125
4   6   2   8   -0.0000339428
4   6   3   5   0.0002471455
4   6   3   8   0.0001374731
4   6   4   6   -0.0000872652
4   6   4   7   0.0001126492
4   6   5   6   0.0001126492
4   6   5   7   0.0000872652
4   7   1   5   -0.0000554883
4   7   1   8   -0.0000339428
4   7   2   5   0.0004038309
4   7   2   8   0.0009319497
4   7   3   5   -0.0001993241
4   7   3   8   -0.0000506730
4   7   4   6   -0.0002367365
4   7   4   7   0.0003055991
4   7   5   6   0.0003055991
4   7   5   7   0.0002367365
4   8   1   5   0.0000910826
4   8   1   8   0.0001374731
4   8   2   5   -0.0006027030
4   8   2   8   -0.0000506730
4   8   3   5   0.0003491529
4   8   3   8   0.0008750478
4   8   4   6   0.0000782851
4   8   4   7   -0.0001010569
4   8   5   6   -0.0001010569
4   8   5   7   -0.0000782851
4   9   1   6   -0.0000422701
4   9   1   7   0.0000545657
4   9   2   6   -0.0007549657
4   9   2   7   0.0009745725
4   9   3   6   0.0001149020
4   9   3   7   -0.0001483250
4   9   4   5   0.0005346820
4   9   4   8   0.0009122144
4   10   1   6   0.0000545657
4   10   1   7   0.0000422701
4   10   2   6   0.0009745725
4   10   2   7   0.0007549657
4   10   3   6   -0.0001483250
4   10   3   7   -0.0001149020
4   10   5   5   0.0005346820
4   10   5   8   0.0009122144

1   6   6   1   -0.2318169855
1   6   6   4   -0.0494186890
1   6   7   1   0.0022725699
1   6   7   4   0.0005084666
1   6   8   1   -0.0029914323
1   6   8   4   -0.0006295968
1   6   9   2   0.0003438584
1   6   9   3   -0.0004438810
1   6   10   2   -0.0004438810
1   6   10   3   -0.0003438584
1   7   6   1   0.0022725699
1   7   6   4   0.0005083051
1   7   7   1   -0.1462265433
1   7   7   4   -0.0288788991
1   7   8   1   0.0116847989
1   7   8   4   0.0035747318
1   7   9   2   0.0027639890
1   7   9   3   -0.0035679864
1   7   10   2   -0.0035679864
1   7   10   3   -0.0027639890
1   8   6   1   -0.0029914323
1   8   6   4   -0.0006282430
1   8   7   1   0.0116847989
1   8   7   4   0.0035774240
1   8   8   1   -0.1477492826
1   8   8   4   -0.0290008607
1   8   9   2   -0.0007324267
1   8   9   3   0.0009454771
1   8   10   2   0.0009454771
1   8   10   3   0.0007324267
1   9   6   2   0.0003457339
1   9   6   3   -0.0004463020
1   9   7   2   0.0027625131
1   9   7   3   -0.0035660813
1   9   8   2   -0.0007273751
1   9   8   3   0.0009389562
1   9   9   1   -0.1457966988
1   9   9   4   -0.0287315184
1   10   6   2   -0.0004463020
1   10   6   3   -0.0003457339
1   10   7   2   -0.0035660813
1   10   7   3   -0.0027625131
1   10   8   2   0.0009389562
1   10   8   3   0.0007273751
1   10   10   1   -0.1457966988
1   10   10   4   -0.0287315184
2   6   6   2   -0.1493567537
2   6   7   2   0.0003812424
2   6   8   2   -0.0004009043
2   6   9   1   0.0003457339
2   6   9   4   0.0002344927
2   6   10   1   -0.0004463020
2   6   10   4   -0.0003027026
2   7   6   2   0.0003812424
2   7   7   2   -0.1315861968
2   7   8   2   0.0043285694
2   7   9   1   0.0027625131
2   7   9   4   0.0031868759
2   7   10   1   -0.0035660813
2   7   10   4   -0.0041138839
2   8   6   2   -0.0004009043
2   8   7   2   0.0043285694
2   8   8   2   -0.1311780117
2   8   9   1   -0.0007273751
2   8   9   4   -0.0002464458
2   8   10   1   0.0009389562
2   8   10   4   0.0003181327
2   9   6   1   0.0003438584
2   9   6   4   0.0002320718
2   9   7   1   0.0027639890
2   9   7   4   0.0031903990
2   9   8   1   -0.0007324267
2   9   8   4   -0.0002464670
2   9   9   2   -0.1313359188
2   9   9   3   0.0008201118
2   9   10   2   0.0008201118
2   9   10   3   -0.0002023048
2   10   6   1   -0.0004438810
2   10   6   4   -0.0002995775
2   10   7   1   -0.0035679864
2   10   7   4   -0.0041184318
2   10   8   1   0.0009454771
2   10   8   4   0.0003181601
2   10   9   2   0.0008201118
2   10   9   3   -0.0002210529
2   10   10   2   -0.1317592765
2   10   10   3   -0.0008201118
3   6   6   3   -0.1493567537
3   6   7   3   0.0003812424
3   6   8   3   -0.0004009043
3   6   9   1   -0.0004463020
3   6   9   4   -0.0003027026
3   6   10   1   -0.0003457339
3   6   10   4   -0.0002344927
3   7   6   3   0.0003812424
3   7   7   3   -0.1315861968
3   7   8   3   0.0043285694
3   7   9   1   -0.0035660813
3   7   9   4   -0.0041138839
3   7   10   1   -0.0027625131
3   7   10   4   -0.0031868759
3   8   6   3   -0.0004009043
3   8   7   3   0.0043285694
3   8   8   3   -0.1311780117
3   8   9   1   0.0009389562
3   8   9   4   0.0003181327
3   8   10   1   0.0007273751
3   8   10   4   0.0002464458
3   9   6   1   -0.0004438810
3   9   6   4   -0.0002995775
3   9   7   1   -0.0035679864
3   9   7   4   -0.0041184318
3   9   8   1   0.0009454771
3   9   8   4   0.0003181601
3   9   9   2   0.0008201118
3   9   9   3   -0.1317592765
3   9   10   2   -0.0002210529
3   9   10   3   -0.0008201118
3   10   6   1   -0.0003438584
3   10   6   4   -0.0002320718
3   10   7   1   -0.0027639890
3   10   7   4   -0.0031903990
3   10   8   1   0.0007324267
3   10   8   4   0.0002464670
3   10   9   2   -0.0002023048
3   10   9   3   -0.0008201118
3   10   10   2   -0.0008201118
3   10   10   3   -0.1313359188
4   6   6   1   -0.0494186890
4   6   6   4   -0.1524751904
4   6   7   1   0.0005083051
4   6   7   4   0.0001056327
4   6   8   1   -0.0006282430
4   6   8   4   -0.0001567890
4   6   9   2   0.0002320718
4   6   9   3   -0.0002995775
4   6   10   2   -0.0002995775
4   6   10   3   -0.0002320718
4   7   6   1   0.0005084666
4   7   6   4   0.0001056327
4   7   7   1   -0.0288788991
4   7   7   4   -0.1492699976
4   7   8   1   0.0035774240
4   7   8   4   0.0000445957
4   7   9   2   0.0031903990
4   7   9   3   -0.0041184318
4   7   10   2   -0.0041184318
4   7   10   3   -0.0031903990
4   8   6   1   -0.0006295968
4   8   6   4   -0.0001567890
4   8   7   1   0.0035747318
4   8   7   4   0.0000445957
4   8   8   1   -0.0290008607
4   8   8   4   -0.1494574884
4   8   9   2   -0.0002464670
4   8   9   3   0.0003181601
4   8   10   2   0.0003181601
4   8   10   3   0.0002464670
4   9   6   2   0.0002344927
4   9   6   3   -0.0003027026
4   9   7   2   0.0031868759
4   9   7   3   -0.0041138839
4   9   8   2   -0.0002464458
4   9   8   3   0.0003181327
4   9   9   1   -0.0287315184
4   9   9   4   -0.1487125615
4   10   6   2   -0.0003027026
4   10   6   3   -0.0002344927
4   10   7   2   -0.0041138839
4   10   7   3   -0.0031868759
4   10   8   2   0.0003181327
4   10   8   3   0.0002464458
4   10   10   1   -0.0287315184
4   10   10   4   -0.1487125615

End AIJB Block
Begin IJKA Block
1   6   1   5   -0.0627889098
1   6   1   8   -0.0443584342
1   6   2   5   0.0019521220
1   6   2   8   0.0015562593
1   6   3   5   -0.0030278256
1   6   3   8   -0.0025565567
1   6   4   6   -0.0001474797
1   6   4   7   0.0001903791
1   6   5   6   0.0001903791
1   6   5   7   0.0001474797
1   7   1   5   0.0002008547
1   7   1   8   0.0005876029
1   7   2   5   -0.0002938476
1   7   2   8   -0.0004416990
1   7   3   5   0.0003829607
1   7   3   8   0.0003853719
1   7   4   6   0.0000977359
1   7   4   7   -0.0001261656
1   7   5   6   -0.0001261656
1   7   5   7   -0.0000977359
1   8   1   5   -0.0028568298
1   8   1   8   -0.0114461228
1   8   2   5   0.0004466609
1   8   2   8   0.0002666860
1   8   3   5   -0.0005407676
1   8   3   8   -0.0002879607
1   8   4   6   0.0000344767
1   8   4   7   -0.0000445054
1   8   5   6   -0.0000445054
1   8   5   7   -0.0000344767
1   9   1   6   0.0004459983
1   9   1   7   -0.0005757317
1   9   2   6   0.0003700746
1   9   2   7   -0.0004777230
1   9   3   6   -0.0003258795
1   9   3   7   0.0004206723
1   9   4   5   0.0000797055
1   9   4   8   0.0000770026
1   10   1   6   -0.0005757317
1   10   1   7   -0.0004459983
1   10   2   6   -0.0004777230
1   10   2   7   -0.0003700746
1   10   3   6   0.0004206723
1   10   3   7   0.0003258795
1   10   5   5   0.0000797055
1   10   5   8   0.0000770026
2   6   1   5   0.0019453290
2   6   1   8   0.0015535734
2   6   2   5   -0.0047561146
2   6   2   8   -0.0019048291
2   6   3   5   0.0017488419
2   6   3   8   0.0007161041
2   6   4   6   -0.0001834758
2   6   4   7   0.0002368458
2   6   5   6   0.0002368458
2   6   5   7   0.0001834758
2   7   1   5   -0.0002634410
2   7   1   8   -0.0003814334
2   7   2   5   -0.0087036269
2   7   2   8   -0.0206717559
2   7   3   5   0.0052375763
2   7   3   8   0.0002798376
2   7   4   6   0.0066298559
2   7   4   7   -0.0085583683
2   7   5   6   -0.0085583683
2   7   5   7   -0.0066298559
2   8   1   5   0.0003783095
2   8   1   8   0.0002138573
2   8   2   5   0.0140809173
2   8   2   8   -0.0006513749
2   8   3   5   -0.0017697152
2   8   3   8   -0.0034380956
2   8   4   6   0.0006944641
2   8   4   7   -0.0008964719
2   8   5   6   -0.0008964719
2   8   5   7   -0.0006944641
2   9   1   6   0.0002999422
2   9   1   7   -0.0003871903
2   9   2   6   0.0190783608
2   9   2   7   -0.0246279318
2   9   3   6   0.0009322701
2   9   3   7   -0.0012034516
2   9   4   5   -0.0008185082
2   9   4   8   -0.0038914477
2   10   1   6   -0.0003871903
2   10   1   7   -0.0002999422
2   10   2   6   -0.0246279318
2   10   2   7   -0.0190783608
2   10   3   6   -0.0012034516
2   10   3   7   -0.0009322701
2   10   5   5   -0.0008185082
2   10   5   8   -0.0038914477
3   6   1   5   -0.0030854988
3   6   1   8   -0.0025638641
3   6   2   5   0.0016709963
3   6   2   8   0.0006893072
3   6   3   5   -0.0055224997
3   6   3   8   -0.0022977212
3   6   4   6   0.0001403575
3   6   4   7   -0.0001811850
3   6   5   6   -0.0001811850
3   6   5   7   -0.0001403575
3   7   1   5   0.0003300782
3   7   1   8   0.0003076928
3   7   2   5   0.0052928255
3   7   2   8   0.0004328512
3   7   3   5   -0.0073436376
3   7   3   8   -0.0182120613
3   7   4   6   0.0003393101
3   7   4   7   -0.0004380096
3   7   5   6   -0.0004380096
3   7   5   7   -0.0003393101
3   8   1   5   -0.0004346490
3   8   1   8   -0.0002256369
3   8   2   5   -0.0018162974
3   8   2   8   -0.0034579856
3   8   3   5   0.0150741893
3   8   3   8   -0.0009137042
3   8   4   6   0.0018036067
3   8   4   7   -0.0023282452
3   8   5   6   -0.0023282452
3   8   5   7   -0.0018036067
3   9   1   6   -0.0002315060
3   9   1   7   0.0002988472
3   9   2   6   0.0007492072
3   9   2   7   -0.0009671389
3   9   3   6   0.0164941531
3   9   3   7   -0.0212920220
3   9   4   5   0.0013617427
3   9   4   8   -0.0001847856
3   10   1   6   0.0002988472
3   10   1   7   0.0002315060
3   10   2   6   -0.0009671389
3   10   2   7   -0.0007492072
3   10   3   6   -0.0212920220
3   10   3   7   -0.0164941531
3   10   5   5   0.0013617427
3   10   5   8   -0.0001847856
4   6   1   6   -0.0001501889
4   6   1   7   0.0001938763
4   6   2   6   -0.0001688124
4   6   2   7   0.0002179170
4   6   3   6   0.0001444472
4   6   3   7   -0.0001864644
4   6   4   5   -0.0041693734
4   6   4   8   -0.0016302713
4   7   1   6   0.0000711789
4   7   1   7   -0.0000918837
4   7   2   6   0.0066225853
4   7   2   7   -0.0085489828
4   7   3   6   0.0003238712
4   7   3   7   -0.0004180798
4   7   4   5   -0.0072809704
4   7   4   8   -0.0183870383
4   8   1   6   0.0000452257
4   8   1   7   -0.0000583811
4   8   2   6   0.0006059231
4   8   2   7   -0.0007821758
4   8   3   6   0.0018738580
4   8   3   7   -0.0024189314
4   8   4   5   0.0119234414
4   8   4   8   -0.0010396896
4   9   1   5   0.0000664661
4   9   1   8   0.0000704930
4   9   2   5   -0.0008968967
4   9   2   8   -0.0038564149
4   9   3   5   0.0012972327
4   9   3   8   -0.0001529349
4   9   4   6   0.0204490663
4   9   4   7   -0.0263973522
4   9   5   6   -0.0024315993
4   9   5   7   -0.0018836713
4   10   4   6   -0.0214139222
4   10   4   7   -0.0165885847
4   10   5   6   0.0019768102
4   10   5   7   -0.0025518307
5   6   1   6   0.0001938763
5   6   1   7   0.0001501889
5   6   2   6   0.0002179170
5   6   2   7   0.0001688124
5   6   3   6   -0.0001864644
5   6   3   7   -0.0001444472
5   6   5   5   -0.0041693734
5   6   5   8   -0.0016302713
5   7   1   6   -0.0000918837
5   7   1   7   -0.0000711789
5   7   2   6   -0.0085489828
5   7   2   7   -0.0066225853
5   7   3   6   -0.0004180798
5   7   3   7   -0.0003238712
5   7   5   5   -0.0072809704
5   7   5   8   -0.0183870383
5   8   1   6   -0.0000583811
5   8   1   7   -0.0000452257
5   8   2   6   -0.0007821758
5   8   2   7   -0.0006059231
5   8   3   6   -0.0024189314
5   8   3   7   -0.0018738580
5   8   5   5   0.0119234414
5   8   5   8   -0.0010396896
5   9   4   6   -0.0025518307
5   9   4   7   -0.0019768102
5   9   5   6   0.0165885847
5   9   5   7   -0.0214139222
5   10   1   5   0.0000664661
5   10   1   8   0.0000704930
5   10   2   5   -0.0008968967
5   10   2   8   -0.0038564149
5   10   3   5   0.0012972327
5   10   3   8   -0.0001529349
5   10   4   6   0.0018836713
5   10   4   7   -0.0024315993
5   10   5   6   -0.0263973522
5   10   5   7   -0.0204490663

End IJKA Block
Begin IABC Block
1   5   1   5   0.0010496092
1   5   1   8   -0.0000981636
1   5   2   6   0.0005528272
1   5   3   7   0.0005528272
1   5   4   5   0.0001583479
1   5   4   8   -0.0001166413
1   6   1   6   0.0001283409
1   6   2   5   0.0005549998
1   6   2   8   0.0003002995
1   6   4   6   0.0000621617
1   7   1   7   0.0001283409
1   7   3   5   0.0005549998
1   7   3   8   0.0003002995
1   7   4   7   0.0000621617
1   8   1   5   -0.0001017187
1   8   1   8   -0.0002108601
1   8   2   6   0.0002991104
1   8   3   7   0.0002991104
1   8   4   5   -0.0001181752
1   8   4   8   -0.0001200057
2   5   1   5   -0.0002442107
2   5   1   8   -0.0000475621
2   5   2   6   -0.0000200070
2   5   3   7   -0.0000200070
2   5   4   5   -0.0000874636
2   5   4   8   -0.0000304229
2   6   1   6   -0.0000724127
2   6   2   5   -0.0000210791
2   6   2   8   -0.0000675040
2   6   4   6   -0.0001026943
2   7   1   7   -0.0000724127
2   7   3   5   -0.0000210791
2   7   3   8   -0.0000675040
2   7   4   7   -0.0001026943
2   8   1   5   -0.0000489782
2   8   1   8   -0.0000404768
2   8   2   6   -0.0000652258
2   8   3   7   -0.0000652258
2   8   4   5   -0.0000323394
2   8   4   8   -0.0000551182
3   5   1   5   -0.0007487567
3   5   1   8   -0.0003472855
3   5   2   6   -0.0005645047
3   5   3   7   -0.0005645047
3   5   4   5   -0.0034273019
3   5   4   8   -0.0008018137
3   6   1   6   -0.0004920963
3   6   2   5   -0.0005634005
3   6   2   8   -0.0002214258
3   6   4   6   -0.0014905178
3   7   1   7   -0.0004920963
3   7   3   5   -0.0005634005
3   7   3   8   -0.0002214258
3   7   4   7   -0.0014905178
3   8   1   5   -0.0003496347
3   8   1   8   0.0000870952
3   8   2   6   -0.0002239771
3   8   3   7   -0.0002239771
3   8   4   5   -0.0008147685
3   8   4   8   -0.0001771935
4   5   1   6   -0.0009031328
4   5   1   7   0.0011658388
4   5   2   5   -0.0006431302
4   5   2   8   -0.0001208046
4   5   3   5   0.0008302059
4   5   3   8   0.0001559446
4   5   4   6   -0.0011181872
4   5   4   7   0.0014434488
4   6   1   5   -0.0008973847
4   6   1   8   -0.0006382585
4   6   2   6   -0.0004243242
4   6   2   7   0.0002316752
4   6   3   6   0.0000852056
4   6   3   7   -0.0001788482
4   6   4   5   -0.0011089688
4   6   4   8   -0.0008929318
4   7   1   5   0.0011584187
4   7   1   8   0.0008239171
4   7   2   6   0.0002308721
4   7   2   7   -0.0000660057
4   7   3   6   -0.0001794703
4   7   3   7   0.0005477529
4   7   4   5   0.0014315490
4   7   4   8   0.0011526705
4   8   1   6   -0.0006476643
4   8   1   7   0.0008360588
4   8   2   5   -0.0001198167
4   8   2   8   0.0002250351
4   8   3   5   0.0001546693
4   8   3   8   -0.0002904940
4   8   4   6   -0.0009105137
4   8   4   7   0.0011753667
5   5   1   6   0.0011658388
5   5   1   7   0.0009031328
5   5   2   5   0.0008302059
5   5   2   8   0.0001559446
5   5   3   5   0.0006431302
5   5   3   8   0.0001208046
5   5   4   6   0.0014434488
5   5   4   7   0.0011181872
5   6   1   5   0.0011584187
5   6   1   8   0.0008239171
5   6   2   6   0.0005477529
5   6   2   7   0.0001794703
5   6   3   6   0.0000660057
5   6   3   7   0.0002308721
5   6   4   5   0.0014315490
5   6   4   8   0.0011526705
5   7   1   5   0.0008973847
5   7   1   8   0.0006382585
5   7   2   6   0.0001788482
5   7   2   7   0.0000852056
5   7   3   6   0.0002316752
5   7   3   7   0.0004243242
5   7   4   5   0.0011089688
5   7   4   8   0.0008929318
5   8   1   6   0.0008360588
5   8   1   7   0.0006476643
5   8   2   5   0.0001546693
5   8   2   8   -0.0002904940
5   8   3   5   0.0001198167
5   8   3   8   -0.0002250351
5   8   4   6   0.0011753667
5   8   4   7   0.0009105137

End IABC Block
