Begin IJ Block
1   1   -5.5452999861
1   2   0.0001596841
1   5   -0.0125336845
2   2   -6.8402818299
2   5   -0.0192835881
3   3   -5.8643949156
3   4   0.0000000000
4   4   -5.8643949155
5   5   -5.6681465979

End IJ Block
Begin IA Block
1   1   0.1029845013
1   4   0.0720939102
2   1   0.0220595756
2   4   0.1130152579
3   2   0.0607379661
3   3   0.1332612029
4   2   -0.1332612029
4   3   0.0607379661
5   1   -0.1653106929
5   4   -0.1567871166

End IA Block
Begin AB Block
1   1   -1.5613051507
1   4   -0.3529706104
2   2   -1.3726883654
3   3   -1.3726883654
4   4   -1.5248007656

End AB Block
Begin IJKL Block
1   6   1   6   1.6356402827
1   6   1   7   -0.0006460452
1   6   1   10   0.0160824600
1   6   2   6   -0.0006460452
1   6   2   7   0.0000037769
1   6   2   10   -0.0000252659
1   6   3   8   0.0000060050
1   6   4   9   0.0000060050
1   6   5   6   0.0160824600
1   6   5   7   -0.0000252659
1   6   5   10   0.0001673718
1   7   1   6   -0.0006460452
1   7   1   7   0.1576431110
1   7   1   10   -0.0156807205
1   7   2   6   0.0000033758
1   7   2   7   0.0000931675
1   7   2   10   -0.0000283856
1   7   3   8   0.0000217509
1   7   4   9   0.0000217509
1   7   5   6   -0.0000089919
1   7   5   7   -0.0005362873
1   7   5   10   0.0000991565
1   8   1   8   0.1568389543
1   8   2   8   0.0000880130
1   8   3   6   -0.0000000615
1   8   3   7   0.0000234891
1   8   3   10   -0.0000105715
1   8   5   8   -0.0005133850
1   9   1   9   0.1568389543
1   9   2   9   0.0000880130
1   9   4   6   -0.0000000615
1   9   4   7   0.0000234891
1   9   4   10   -0.0000105715
1   9   5   9   -0.0005133850
1   10   1   6   0.0160824600
1   10   1   7   -0.0156807205
1   10   1   10   0.1706831946
1   10   2   6   -0.0000089919
1   10   2   7   -0.0000228747
1   10   2   10   0.0000862775
1   10   3   8   -0.0000076041
1   10   4   9   -0.0000076041
1   10   5   6   0.0003398526
1   10   5   7   0.0000993562
1   10   5   10   -0.0005651879
2   6   1   6   -0.0006460452
2   6   1   7   0.0000033758
2   6   1   10   -0.0000089919
2   6   2   6   0.1576431110
2   6   2   7   0.0000931675
2   6   2   10   -0.0005362873
2   6   3   8   0.0000217509
2   6   4   9   0.0000217509
2   6   5   6   -0.0156807205
2   6   5   7   -0.0000283856
2   6   5   10   0.0000991565
2   7   1   6   0.0000037769
2   7   1   7   0.0000931675
2   7   1   10   -0.0000228747
2   7   2   6   0.0000931675
2   7   2   7   0.8718239515
2   7   2   10   0.0097362773
2   7   3   8   0.1530453962
2   7   4   9   0.1530453962
2   7   5   6   -0.0000228747
2   7   5   7   0.0097362773
2   7   5   10   0.1427995605
2   8   1   8   0.0000880130
2   8   2   8   0.8167387942
2   8   3   6   0.0000234891
2   8   3   7   0.1577210520
2   8   3   10   0.0019238206
2   8   5   8   0.0085712510
2   9   1   9   0.0000880130
2   9   2   9   0.8167387942
2   9   4   6   0.0000234891
2   9   4   7   0.1577210520
2   9   4   10   0.0019238206
2   9   5   9   0.0085712510
2   10   1   6   -0.0000252659
2   10   1   7   -0.0000283856
2   10   1   10   0.0000862775
2   10   2   6   -0.0005362873
2   10   2   7   0.0097362773
2   10   2   10   0.7780835445
2   10   3   8   0.0018021837
2   10   4   9   0.0018021837
2   10   5   6   0.0000993562
2   10   5   7   0.1482028416
2   10   5   10   0.0086734305
3   6   1   8   -0.0000000615
3   6   2   8   0.0000234891
3   6   3   6   0.1568389543
3   6   3   7   0.0000880130
3   6   3   10   -0.0005133850
3   6   5   8   -0.0000105715
3   7   1   8   0.0000234891
3   7   2   8   0.1577210520
3   7   3   6   0.0000880130
3   7   3   7   0.8167387942
3   7   3   10   0.0085712510
3   7   5   8   0.0019238206
3   8   1   6   0.0000060050
3   8   1   7   0.0000217509
3   8   1   10   -0.0000076041
3   8   2   6   0.0000217509
3   8   2   7   0.1530453962
3   8   2   10   0.0018021837
3   8   3   8   0.8131964608
3   8   3   9   -0.0000000000
3   8   4   8   -0.0000000000
3   8   4   9   0.0316564300
3   8   5   6   -0.0000076041
3   8   5   7   0.0018021837
3   8   5   10   0.0296219921
3   9   3   8   -0.0000000000
3   9   3   9   0.7438039403
3   9   4   8   0.0377360904
3   9   4   9   -0.0000000000
3   10   1   8   -0.0000105715
3   10   2   8   0.0019238206
3   10   3   6   -0.0005133850
3   10   3   7   0.0085712510
3   10   3   10   0.7099985714
3   10   4   10   -0.0000000000
3   10   5   8   0.0354823005
4   6   1   9   -0.0000000615
4   6   2   9   0.0000234891
4   6   4   6   0.1568389543
4   6   4   7   0.0000880130
4   6   4   10   -0.0005133850
4   6   5   9   -0.0000105715
4   7   1   9   0.0000234891
4   7   2   9   0.1577210520
4   7   4   6   0.0000880130
4   7   4   7   0.8167387942
4   7   4   10   0.0085712510
4   7   5   9   0.0019238206
4   8   3   8   -0.0000000000
4   8   3   9   0.0377360904
4   8   4   8   0.7438039403
4   8   4   9   -0.0000000000
4   9   1   6   0.0000060050
4   9   1   7   0.0000217509
4   9   1   10   -0.0000076041
4   9   2   6   0.0000217509
4   9   2   7   0.1530453962
4   9   2   10   0.0018021837
4   9   3   8   0.0316564300
4   9   3   9   -0.0000000000
4   9   4   8   -0.0000000000
4   9   4   9   0.8131964607
4   9   5   6   -0.0000076041
4   9   5   7   0.0018021837
4   9   5   10   0.0296219921
4   10   1   9   -0.0000105715
4   10   2   9   0.0019238206
4   10   3   10   -0.0000000000
4   10   4   6   -0.0005133850
4   10   4   7   0.0085712510
4   10   4   10   0.7099985714
4   10   5   9   0.0354823005
5   6   1   6   0.0160824600
5   6   1   7   -0.0000089919
5   6   1   10   0.0003398526
5   6   2   6   -0.0156807205
5   6   2   7   -0.0000228747
5   6   2   10   0.0000993562
5   6   3   8   -0.0000076041
5   6   4   9   -0.0000076041
5   6   5   6   0.1706831946
5   6   5   7   0.0000862775
5   6   5   10   -0.0005651879
5   7   1   6   -0.0000252659
5   7   1   7   -0.0005362873
5   7   1   10   0.0000993562
5   7   2   6   -0.0000283856
5   7   2   7   0.0097362773
5   7   2   10   0.1482028416
5   7   3   8   0.0018021837
5   7   4   9   0.0018021837
5   7   5   6   0.0000862775
5   7   5   7   0.7780835445
5   7   5   10   0.0086734305
5   8   1   8   -0.0005133850
5   8   2   8   0.0085712510
5   8   3   6   -0.0000105715
5   8   3   7   0.0019238206
5   8   3   10   0.0354823005
5   8   5   8   0.7099985714
5   8   5   9   -0.0000000000
5   9   1   9   -0.0005133850
5   9   2   9   0.0085712510
5   9   4   6   -0.0000105715
5   9   4   7   0.0019238206
5   9   4   10   0.0354823005
5   9   5   8   -0.0000000000
5   9   5   9   0.7099985714
5   10   1   6   0.0001673718
5   10   1   7   0.0000991565
5   10   1   10   -0.0005651879
5   10   2   6   0.0000991565
5   10   2   7   0.1427995605
5   10   2   10   0.0086734305
5   10   3   8   0.0296219921
5   10   4   9   0.0296219921
5   10   5   6   -0.0005651879
5   10   5   7   0.0086734305
5   10   5   10   0.7411597138

End IJKL Block
Begin IJAB Block
1   6   1   5   0.0113735836
1   6   1   8   0.0087531726
1   6   2   6   0.0017135552
1   6   3   7   0.0017135552
1   6   4   5   0.0087531726
1   6   4   8   0.0082883737
1   7   1   5   -0.0000057456
1   7   1   8   -0.0000101600
1   7   2   6   0.0000100510
1   7   3   7   0.0000100510
1   7   4   5   -0.0000129367
1   7   4   8   -0.0000053415
1   8   1   6   -0.0000020343
1   8   1   7   -0.0000044633
1   8   2   5   0.0000324011
1   8   2   8   0.0000626255
1   8   3   5   0.0000710891
1   8   3   8   0.0001374024
1   8   4   6   -0.0000088895
1   8   4   7   -0.0000195039
1   9   1   6   0.0000044633
1   9   1   7   -0.0000020343
1   9   2   5   -0.0000710891
1   9   2   8   -0.0001374024
1   9   3   5   0.0000324011
1   9   3   8   0.0000626255
1   9   4   6   0.0000195039
1   9   4   7   -0.0000088895
1   10   1   5   0.0003527459
1   10   1   8   0.0006388114
1   10   2   6   -0.0003117255
1   10   3   7   -0.0003117255
1   10   4   5   0.0002374200
1   10   4   8   0.0000694992
2   6   1   5   -0.0000057456
2   6   1   8   -0.0000129367
2   6   2   6   0.0000100510
2   6   3   7   0.0000100510
2   6   4   5   -0.0000101600
2   6   4   8   -0.0000053415
2   7   1   5   0.0011078214
2   7   1   8   0.0014973516
2   7   2   6   0.0005663972
2   7   3   7   0.0005663972
2   7   4   5   0.0014973516
2   7   4   8   0.0027648553
2   8   1   6   0.0000825418
2   8   1   7   0.0001810996
2   8   2   5   0.0000435800
2   8   2   8   0.0002337228
2   8   3   5   0.0000956159
2   8   3   8   0.0005127960
2   8   4   6   0.0005219647
2   8   4   7   0.0011452085
2   9   1   6   -0.0001810996
2   9   1   7   0.0000825418
2   9   2   5   -0.0000956159
2   9   2   8   -0.0005127960
2   9   3   5   0.0000435800
2   9   3   8   0.0002337228
2   9   4   6   -0.0011452085
2   9   4   7   0.0005219647
2   10   1   5   -0.0004475171
2   10   1   8   -0.0012112579
2   10   2   6   -0.0000337264
2   10   3   7   -0.0000337264
2   10   4   5   -0.0019737293
2   10   4   8   -0.0032484017
3   6   1   6   0.0000324011
3   6   1   7   0.0000710891
3   6   2   5   -0.0000020343
3   6   2   8   -0.0000088895
3   6   3   5   -0.0000044633
3   6   3   8   -0.0000195039
3   6   4   6   0.0000626255
3   6   4   7   0.0001374024
3   7   1   6   0.0000435800
3   7   1   7   0.0000956159
3   7   2   5   0.0000825418
3   7   2   8   0.0005219647
3   7   3   5   0.0001810996
3   7   3   8   0.0011452085
3   7   4   6   0.0002337228
3   7   4   7   0.0005127960
3   8   1   5   0.0006573478
3   8   1   8   0.0007935376
3   8   2   6   0.0005455070
3   8   2   7   0.0006025747
3   8   3   6   0.0006025747
3   8   3   7   0.0015929345
3   8   4   5   0.0007935376
3   8   4   8   0.0016504405
3   9   2   6   -0.0006025747
3   9   2   7   0.0000000217
3   9   3   6   -0.0010474493
3   9   3   7   0.0006025747
3   10   1   6   -0.0002282386
3   10   1   7   -0.0005007634
3   10   2   5   -0.0007946454
3   10   2   8   -0.0010117377
3   10   3   5   -0.0017434795
3   10   3   8   -0.0022197875
3   10   4   6   -0.0002871466
3   10   4   7   -0.0006300096
4   6   1   6   -0.0000710891
4   6   1   7   0.0000324011
4   6   2   5   0.0000044633
4   6   2   8   0.0000195039
4   6   3   5   -0.0000020343
4   6   3   8   -0.0000088895
4   6   4   6   -0.0001374024
4   6   4   7   0.0000626255
4   7   1   6   -0.0000956159
4   7   1   7   0.0000435800
4   7   2   5   -0.0001810996
4   7   2   8   -0.0011452085
4   7   3   5   0.0000825418
4   7   3   8   0.0005219647
4   7   4   6   -0.0005127960
4   7   4   7   0.0002337228
4   8   2   6   -0.0006025747
4   8   2   7   -0.0010474493
4   8   3   6   0.0000000217
4   8   3   7   0.0006025747
4   9   1   5   0.0006573478
4   9   1   8   0.0007935376
4   9   2   6   0.0015929345
4   9   2   7   -0.0006025747
4   9   3   6   -0.0006025747
4   9   3   7   0.0005455070
4   9   4   5   0.0007935376
4   9   4   8   0.0016504405
4   10   1   6   0.0005007634
4   10   1   7   -0.0002282386
4   10   2   5   0.0017434795
4   10   2   8   0.0022197875
4   10   3   5   -0.0007946454
4   10   3   8   -0.0010117377
4   10   4   6   0.0006300096
4   10   4   7   -0.0002871466
5   6   1   5   0.0003527459
5   6   1   8   0.0002374200
5   6   2   6   -0.0003117255
5   6   3   7   -0.0003117255
5   6   4   5   0.0006388114
5   6   4   8   0.0000694992
5   7   1   5   -0.0004475171
5   7   1   8   -0.0019737293
5   7   2   6   -0.0000337264
5   7   3   7   -0.0000337264
5   7   4   5   -0.0012112579
5   7   4   8   -0.0032484017
5   8   1   6   -0.0007946454
5   8   1   7   -0.0017434795
5   8   2   5   -0.0002282386
5   8   2   8   -0.0002871466
5   8   3   5   -0.0005007634
5   8   3   8   -0.0006300096
5   8   4   6   -0.0010117377
5   8   4   7   -0.0022197875
5   9   1   6   0.0017434795
5   9   1   7   -0.0007946454
5   9   2   5   0.0005007634
5   9   2   8   0.0006300096
5   9   3   5   -0.0002282386
5   9   3   8   -0.0002871466
5   9   4   6   0.0022197875
5   9   4   7   -0.0010117377
5   10   1   5   0.0043968607
5   10   1   8   0.0054810910
5   10   2   6   0.0006975357
5   10   3   7   0.0006975357
5   10   4   5   0.0054810910
5   10   4   8   0.0080632423

End IJAB Block
Begin ABCD Block
1   5   1   5   0.2323526419
1   5   1   8   0.0068325217
1   5   2   6   0.0335832203
1   5   3   7   0.0335832203
1   5   4   5   0.0068325217
1   5   4   8   0.0235531308
1   6   1   6   0.1775103620
1   6   2   5   0.0335838567
1   6   2   8   0.0076090807
1   6   4   6   0.0138715402
1   7   1   7   0.1775103620
1   7   3   5   0.0335838567
1   7   3   8   0.0076090807
1   7   4   7   0.0138715402
1   8   1   5   0.0068325217
1   8   1   8   0.1691907234
1   8   2   6   0.0076087013
1   8   3   7   0.0076087013
1   8   4   5   0.0235612302
1   8   4   8   0.0101405489
2   5   1   6   0.0335838567
2   5   2   5   0.1775103620
2   5   2   8   0.0138715402
2   5   4   6   0.0076090807
2   6   1   5   0.0335832203
2   6   1   8   0.0076087013
2   6   2   6   0.1646963498
2   6   3   7   0.0088826975
2   6   4   5   0.0076087013
2   6   4   8   0.0107900089
2   7   2   7   0.1469310056
2   7   3   6   0.0088826466
2   8   1   6   0.0076090807
2   8   2   5   0.0138715402
2   8   2   8   0.1452062712
2   8   4   6   0.0107906503
3   5   1   7   0.0335838567
3   5   3   5   0.1775103620
3   5   3   8   0.0138715402
3   5   4   7   0.0076090807
3   6   2   7   0.0088826466
3   6   3   6   0.1469310056
3   7   1   5   0.0335832203
3   7   1   8   0.0076087013
3   7   2   6   0.0088826975
3   7   3   7   0.1646963498
3   7   4   5   0.0076087013
3   7   4   8   0.0107900089
3   8   1   7   0.0076090807
3   8   3   5   0.0138715402
3   8   3   8   0.1452062712
3   8   4   7   0.0107906503
4   5   1   5   0.0068325217
4   5   1   8   0.0235612302
4   5   2   6   0.0076087013
4   5   3   7   0.0076087013
4   5   4   5   0.1691907234
4   5   4   8   0.0101405489
4   6   1   6   0.0138715402
4   6   2   5   0.0076090807
4   6   2   8   0.0107906503
4   6   4   6   0.1452062712
4   7   1   7   0.0138715402
4   7   3   5   0.0076090807
4   7   3   8   0.0107906503
4   7   4   7   0.1452062712
4   8   1   5   0.0235531308
4   8   1   8   0.0101405489
4   8   2   6   0.0107900089
4   8   3   7   0.0107900089
4   8   4   5   0.0101405489
4   8   4   8   0.1537175372

End ABCD Block
Begin AIJB Block
1   6   1   5   0.0088813711
1   6   1   8   0.0066845342
1   6   2   5   -0.0000003800
1   6   2   8   -0.0000088618
1   6   3   6   0.0000278403
1   6   3   7   0.0000610825
1   6   4   6   -0.0000610825
1   6   4   7   0.0000278403
1   6   5   5   0.0002229849
1   6   5   8   0.0000863221
1   7   1   5   -0.0000003800
1   7   1   8   -0.0000036175
1   7   2   5   0.0009240010
1   7   2   8   0.0012289085
1   7   3   6   0.0000183704
1   7   3   7   0.0000403053
1   7   4   6   -0.0000403053
1   7   4   7   0.0000183704
1   7   5   5   -0.0001452205
1   7   5   8   -0.0011010770
1   8   1   6   -0.0000016176
1   8   1   7   -0.0000035491
1   8   2   6   0.0000426544
1   8   2   7   0.0000935853
1   8   3   5   0.0002552275
1   8   3   8   0.0004065818
1   8   5   6   -0.0007669859
1   8   5   7   -0.0016827937
1   9   1   6   0.0000035491
1   9   1   7   -0.0000016176
1   9   2   6   -0.0000935853
1   9   2   7   0.0000426544
1   9   4   5   0.0002552275
1   9   4   8   0.0004065818
1   9   5   6   0.0016827937
1   9   5   7   -0.0007669859
1   10   1   5   0.0002229849
1   10   1   8   0.0004470565
1   10   2   5   -0.0001452205
1   10   2   8   -0.0003933781
1   10   3   6   -0.0001068919
1   10   3   7   -0.0002345246
1   10   4   6   0.0002345246
1   10   4   7   -0.0001068919
1   10   5   5   0.0032356007
1   10   5   8   0.0040863154
2   6   1   6   0.0014990273
2   6   2   6   0.0000042230
2   6   3   5   -0.0000016176
2   6   3   8   -0.0000018466
2   6   4   5   0.0000035491
2   6   4   8   0.0000040514
2   6   5   6   -0.0002482050
2   7   1   6   0.0000042230
2   7   2   6   0.0004563655
2   7   3   5   0.0000426544
2   7   3   8   0.0003453213
2   7   4   5   -0.0000935853
2   7   4   8   -0.0007576468
2   7   5   6   0.0000240728
2   8   1   5   0.0000278403
2   8   1   8   0.0000544251
2   8   2   5   0.0000183704
2   8   2   8   0.0001021039
2   8   3   6   0.0003900849
2   8   3   7   0.0005393497
2   8   4   6   -0.0005393497
2   8   4   7   -0.0010358227
2   8   5   5   -0.0001068919
2   8   5   8   -0.0001893201
2   9   1   5   -0.0000610825
2   9   1   8   -0.0001194106
2   9   2   5   -0.0000403053
2   9   2   8   -0.0002240195
2   9   3   6   -0.0005393497
2   9   3   7   0.0000982962
2   9   4   6   0.0013276114
2   9   4   7   -0.0005393497
2   9   5   5   0.0002345246
2   9   5   8   0.0004153750
2   10   1   6   -0.0002482050
2   10   2   6   0.0000240728
2   10   3   5   -0.0007669859
2   10   3   8   -0.0009320871
2   10   4   5   0.0016827937
2   10   4   8   0.0020450314
2   10   5   6   0.0004394412
3   6   1   7   0.0014990273
3   6   2   7   0.0000042230
3   6   3   5   -0.0000035491
3   6   3   8   -0.0000040514
3   6   4   5   -0.0000016176
3   6   4   8   -0.0000018466
3   6   5   7   -0.0002482050
3   7   1   7   0.0000042230
3   7   2   7   0.0004563655
3   7   3   5   0.0000935853
3   7   3   8   0.0007576468
3   7   4   5   0.0000426544
3   7   4   8   0.0003453213
3   7   5   7   0.0000240728
3   8   1   5   0.0000610825
3   8   1   8   0.0001194106
3   8   2   5   0.0000403053
3   8   2   8   0.0002240195
3   8   3   6   0.0005393497
3   8   3   7   0.0013276114
3   8   4   6   0.0000982962
3   8   4   7   0.0005393497
3   8   5   5   -0.0002345246
3   8   5   8   -0.0004153750
3   9   1   5   0.0000278403
3   9   1   8   0.0000544251
3   9   2   5   0.0000183704
3   9   2   8   0.0001021039
3   9   3   6   -0.0010358227
3   9   3   7   0.0005393497
3   9   4   6   -0.0005393497
3   9   4   7   0.0003900849
3   9   5   5   -0.0001068919
3   9   5   8   -0.0001893201
3   10   1   7   -0.0002482050
3   10   2   7   0.0000240728
3   10   3   5   -0.0016827937
3   10   3   8   -0.0020450314
3   10   4   5   -0.0007669859
3   10   4   8   -0.0009320871
3   10   5   7   0.0004394412
4   6   1   5   0.0066845342
4   6   1   8   0.0063789909
4   6   2   5   -0.0000036175
4   6   2   8   -0.0000051954
4   6   3   6   0.0000544251
4   6   3   7   0.0001194106
4   6   4   6   -0.0001194106
4   6   4   7   0.0000544251
4   6   5   5   0.0004470565
4   6   5   8   -0.0000246172
4   7   1   5   -0.0000088618
4   7   1   8   -0.0000051954
4   7   2   5   0.0012289085
4   7   2   8   0.0021309618
4   7   3   6   0.0001021039
4   7   3   7   0.0002240195
4   7   4   6   -0.0002240195
4   7   4   7   0.0001021039
4   7   5   5   -0.0003933781
4   7   5   8   -0.0016907734
4   8   1   6   -0.0000018466
4   8   1   7   -0.0000040514
4   8   2   6   0.0003453213
4   8   2   7   0.0007576468
4   8   3   5   0.0004065818
4   8   3   8   0.0009736646
4   8   5   6   -0.0009320871
4   8   5   7   -0.0020450314
4   9   1   6   0.0000040514
4   9   1   7   -0.0000018466
4   9   2   6   -0.0007576468
4   9   2   7   0.0003453213
4   9   4   5   0.0004065818
4   9   4   8   0.0009736646
4   9   5   6   0.0020450314
4   9   5   7   -0.0009320871
4   10   1   5   0.0000863221
4   10   1   8   -0.0000246172
4   10   2   5   -0.0011010770
4   10   2   8   -0.0016907734
4   10   3   6   -0.0001893201
4   10   3   7   -0.0004153750
4   10   4   6   0.0004153750
4   10   4   7   -0.0001893201
4   10   5   5   0.0040863154
4   10   5   8   0.0062454035

1   6   6   1   -0.2828262639
1   6   6   4   -0.0631393958
1   6   7   1   0.0000427173
1   6   7   4   0.0000033169
1   6   8   2   -0.0000301176
1   6   8   3   -0.0000660790
1   6   9   2   0.0000660790
1   6   9   3   -0.0000301176
1   6   10   1   -0.0008392039
1   6   10   4   -0.0000099152
1   7   6   1   0.0000427173
1   7   6   4   0.0000030643
1   7   7   1   -0.1184403244
1   7   7   4   -0.0302466457
1   7   8   2   -0.0010544179
1   7   8   3   -0.0023134295
1   7   9   2   0.0023134295
1   7   9   3   -0.0010544179
1   7   10   1   0.0077431141
1   7   10   4   0.0034070676
1   8   6   2   -0.0000302706
1   8   6   3   -0.0000664148
1   8   7   2   -0.0010543160
1   8   7   3   -0.0023132059
1   8   8   1   -0.1178329309
1   8   8   4   -0.0294347030
1   8   10   2   0.0004220481
1   8   10   3   0.0009259881
1   9   6   2   0.0000664148
1   9   6   3   -0.0000302706
1   9   7   2   0.0023132059
1   9   7   3   -0.0010543160
1   9   9   1   -0.1178329309
1   9   9   4   -0.0294347030
1   9   10   2   -0.0009259881
1   9   10   3   0.0004220481
1   10   6   1   -0.0008392039
1   10   6   4   -0.0000063169
1   10   7   1   0.0077431141
1   10   7   4   0.0034188194
1   10   8   2   0.0004333148
1   10   8   3   0.0009507078
1   10   9   2   -0.0009507078
1   10   9   3   0.0004333148
1   10   10   1   -0.1228373790
1   10   10   4   -0.0314608446
2   6   6   2   -0.2111880924
2   6   7   2   0.0000159147
2   6   8   1   -0.0000302706
2   6   8   4   -0.0000197919
2   6   9   1   0.0000664148
2   6   9   4   0.0000434242
2   6   10   2   -0.0002104789
2   7   6   2   0.0000159147
2   7   7   2   -0.1194129499
2   7   8   1   -0.0010543160
2   7   8   4   -0.0013342648
2   7   9   1   0.0023132059
2   7   9   4   0.0029274233
2   7   10   2   0.0066561251
2   8   6   1   -0.0000301176
2   8   6   4   -0.0000196689
2   8   7   1   -0.0010544179
2   8   7   4   -0.0013352784
2   8   8   2   -0.1190696828
2   8   8   3   -0.0003063516
2   8   9   2   0.0003063516
2   8   9   3   0.0002590778
2   8   10   1   0.0004333148
2   8   10   4   0.0004297604
2   9   6   1   0.0000660790
2   9   6   4   0.0000431542
2   9   7   1   0.0023134295
2   9   7   4   0.0029296471
2   9   8   2   0.0003063516
2   9   8   3   0.0002734389
2   9   9   2   -0.1196021995
2   9   9   3   0.0003063516
2   9   10   1   -0.0009507078
2   9   10   4   -0.0009429092
2   10   6   2   -0.0002104789
2   10   7   2   0.0066561251
2   10   8   1   0.0004220481
2   10   8   4   0.0004168340
2   10   9   1   -0.0009259881
2   10   9   4   -0.0009145483
2   10   10   2   -0.1227285324
3   6   6   3   -0.2111880924
3   6   7   3   0.0000159147
3   6   8   1   -0.0000664148
3   6   8   4   -0.0000434242
3   6   9   1   -0.0000302706
3   6   9   4   -0.0000197919
3   6   10   3   -0.0002104789
3   7   6   3   0.0000159147
3   7   7   3   -0.1194129499
3   7   8   1   -0.0023132059
3   7   8   4   -0.0029274233
3   7   9   1   -0.0010543160
3   7   9   4   -0.0013342648
3   7   10   3   0.0066561251
3   8   6   1   -0.0000660790
3   8   6   4   -0.0000431542
3   8   7   1   -0.0023134295
3   8   7   4   -0.0029296471
3   8   8   2   -0.0003063516
3   8   8   3   -0.1196021995
3   8   9   2   0.0002734389
3   8   9   3   -0.0003063516
3   8   10   1   0.0009507078
3   8   10   4   0.0009429092
3   9   6   1   -0.0000301176
3   9   6   4   -0.0000196689
3   9   7   1   -0.0010544179
3   9   7   4   -0.0013352784
3   9   8   2   0.0002590778
3   9   8   3   -0.0003063516
3   9   9   2   0.0003063516
3   9   9   3   -0.1190696828
3   9   10   1   0.0004333148
3   9   10   4   0.0004297604
3   10   6   3   -0.0002104789
3   10   7   3   0.0066561251
3   10   8   1   0.0009259881
3   10   8   4   0.0009145483
3   10   9   1   0.0004220481
3   10   9   4   0.0004168340
3   10   10   3   -0.1227285324
4   6   6   1   -0.0631393958
4   6   6   4   -0.2217810419
4   6   7   1   0.0000030643
4   6   7   4   0.0000078048
4   6   8   2   -0.0000196689
4   6   8   3   -0.0000431542
4   6   9   2   0.0000431542
4   6   9   3   -0.0000196689
4   6   10   1   -0.0000063169
4   6   10   4   -0.0000228301
4   7   6   1   0.0000033169
4   7   6   4   0.0000078048
4   7   7   1   -0.0302466457
4   7   7   4   -0.1422387597
4   7   8   2   -0.0013352784
4   7   8   3   -0.0029296471
4   7   9   2   0.0029296471
4   7   9   3   -0.0013352784
4   7   10   1   0.0034188194
4   7   10   4   0.0085731733
4   8   6   2   -0.0000197919
4   8   6   3   -0.0000434242
4   8   7   2   -0.0013342648
4   8   7   3   -0.0029274233
4   8   8   1   -0.0294347030
4   8   8   4   -0.1411029146
4   8   10   2   0.0004168340
4   8   10   3   0.0009145483
4   9   6   2   0.0000434242
4   9   6   3   -0.0000197919
4   9   7   2   0.0029274233
4   9   7   3   -0.0013342648
4   9   9   1   -0.0294347030
4   9   9   4   -0.1411029146
4   9   10   2   -0.0009145483
4   9   10   3   0.0004168340
4   10   6   1   -0.0000099152
4   10   6   4   -0.0000228301
4   10   7   1   0.0034070676
4   10   7   4   0.0085731733
4   10   8   2   0.0004297604
4   10   8   3   0.0009429092
4   10   9   2   -0.0009429092
4   10   9   3   0.0004297604
4   10   10   1   -0.0314608446
4   10   10   4   -0.1457715296

End AIJB Block
Begin IJKA Block
1   6   1   5   -0.0966413015
1   6   1   8   -0.0808348420
1   6   2   5   0.0000613519
1   6   2   8   0.0000563041
1   6   3   6   0.0000157670
1   6   3   7   0.0000345934
1   6   4   6   -0.0000345934
1   6   4   7   0.0000157670
1   6   5   5   -0.0013659794
1   6   5   8   -0.0013859142
1   7   1   5   -0.0003322519
1   7   1   8   -0.0002180271
1   7   2   5   0.0000019937
1   7   2   8   -0.0000091281
1   7   3   6   -0.0000003502
1   7   3   7   -0.0000007684
1   7   4   6   0.0000007684
1   7   4   7   -0.0000003502
1   7   5   5   0.0000041287
1   7   5   8   0.0000051554
1   8   1   6   0.0006612724
1   8   1   7   0.0014508547
1   8   2   6   -0.0000015058
1   8   2   7   -0.0000033039
1   8   3   5   0.0000041247
1   8   3   8   0.0000032418
1   8   5   6   0.0000026990
1   8   5   7   0.0000059217
1   9   1   6   -0.0014508547
1   9   1   7   0.0006612724
1   9   2   6   0.0000033039
1   9   2   7   -0.0000015058
1   9   4   5   0.0000041247
1   9   4   8   0.0000032418
1   9   5   6   -0.0000059217
1   9   5   7   0.0000026990
1   10   1   5   -0.0092212274
1   10   1   8   -0.0219021300
1   10   2   5   0.0000081305
1   10   2   8   0.0000070838
1   10   3   6   -0.0000045024
1   10   3   7   -0.0000098784
1   10   4   6   0.0000098784
1   10   4   7   -0.0000045024
1   10   5   5   -0.0000162288
1   10   5   8   0.0000029469
2   6   1   5   0.0000515523
2   6   1   8   0.0000477413
2   6   2   5   -0.0010629247
2   6   2   8   0.0008387139
2   6   3   6   0.0000659341
2   6   3   7   0.0001446617
2   6   4   6   -0.0001446617
2   6   4   7   0.0000659341
2   6   5   5   0.0001942277
2   6   5   8   -0.0001562934
2   7   1   5   0.0000001185
2   7   1   8   -0.0000034428
2   7   2   5   -0.0036949649
2   7   2   8   -0.0198264243
2   7   3   6   -0.0034935006
2   7   3   7   -0.0076648615
2   7   4   6   0.0076648615
2   7   4   7   -0.0034935006
2   7   5   5   0.0116363138
2   7   5   8   0.0142078561
2   8   1   6   -0.0000000038
2   8   1   7   -0.0000000084
2   8   2   6   -0.0105449561
2   8   2   7   -0.0231359992
2   8   3   5   -0.0007681400
2   8   3   8   -0.0040442542
2   8   5   6   -0.0003551954
2   8   5   7   -0.0007793110
2   9   1   6   0.0000000084
2   9   1   7   -0.0000000038
2   9   2   6   0.0231359992
2   9   2   7   -0.0105449561
2   9   4   5   -0.0007681400
2   9   4   8   -0.0040442542
2   9   5   6   0.0007793110
2   9   5   7   -0.0003551954
2   10   1   5   0.0000008316
2   10   1   8   -0.0000015477
2   10   2   5   0.0315114165
2   10   2   8   0.0354520883
2   10   3   6   -0.0003353069
2   10   3   7   -0.0007356749
2   10   4   6   0.0007356749
2   10   4   7   -0.0003353069
2   10   5   5   0.0005813231
2   10   5   8   -0.0017412295
3   6   1   6   0.0000122175
3   6   1   7   0.0000268056
3   6   2   6   0.0000631506
3   6   2   7   0.0001385546
3   6   3   5   -0.0010422476
3   6   3   8   0.0008201963
3   6   5   6   -0.0000338606
3   6   5   7   -0.0000742914
3   7   1   6   0.0000003099
3   7   1   7   0.0000006799
3   7   2   6   -0.0034583015
3   7   2   7   -0.0075876334
3   7   3   5   -0.0032080031
3   7   3   8   -0.0177516264
3   7   5   6   -0.0000667035
3   7   5   7   -0.0001463497
3   8   1   5   0.0000071697
3   8   1   8   0.0000020295
3   8   2   5   -0.0007566314
3   8   2   8   -0.0039715005
3   8   3   6   -0.0114458077
3   8   3   7   -0.0251124988
3   8   4   6   0.0022891471
3   8   4   7   -0.0010433505
3   8   5   5   0.0039765923
3   8   5   8   0.0045549436
3   9   3   6   0.0204892552
3   9   3   7   -0.0093386197
3   9   4   6   -0.0010638375
3   9   4   7   -0.0023340964
3   10   1   6   -0.0000054424
3   10   1   7   -0.0000119409
3   10   2   6   -0.0002648770
3   10   2   7   -0.0005811493
3   10   3   5   0.0279245431
3   10   3   8   0.0306363109
3   10   4   8   -0.0000000000
3   10   5   6   -0.0010909935
3   10   5   7   -0.0023936776
4   6   1   6   -0.0000268056
4   6   1   7   0.0000122175
4   6   2   6   -0.0001385546
4   6   2   7   0.0000631506
4   6   4   5   -0.0010422476
4   6   4   8   0.0008201963
4   6   5   6   0.0000742914
4   6   5   7   -0.0000338606
4   7   1   6   -0.0000006799
4   7   1   7   0.0000003099
4   7   2   6   0.0075876334
4   7   2   7   -0.0034583015
4   7   4   5   -0.0032080031
4   7   4   8   -0.0177516264
4   7   5   6   0.0001463497
4   7   5   7   -0.0000667035
4   8   3   6   0.0023340964
4   8   3   7   -0.0010638375
4   8   4   6   -0.0093386197
4   8   4   7   -0.0204892552
4   9   1   5   0.0000071697
4   9   1   8   0.0000020295
4   9   2   5   -0.0007566314
4   9   2   8   -0.0039715005
4   9   3   6   -0.0010433505
4   9   3   7   -0.0022891471
4   9   4   6   0.0251124988
4   9   4   7   -0.0114458077
4   9   5   5   0.0039765923
4   9   5   8   0.0045549436
4   10   1   6   0.0000119409
4   10   1   7   -0.0000054424
4   10   2   6   0.0005811493
4   10   2   7   -0.0002648770
4   10   3   8   -0.0000000000
4   10   4   5   0.0279245431
4   10   4   8   0.0306363109
4   10   5   6   0.0023936776
4   10   5   7   -0.0010909935
5   6   1   5   -0.0014398587
5   6   1   8   -0.0014706047
5   6   2   5   0.0001869437
5   6   2   8   -0.0001451559
5   6   3   6   -0.0000330451
5   6   3   7   -0.0000725020
5   6   4   6   0.0000725020
5   6   4   7   -0.0000330451
5   6   5   5   -0.0012932023
5   6   5   8   0.0008902855
5   7   1   5   0.0000023257
5   7   1   8   -0.0000001752
5   7   2   5   0.0116911161
5   7   2   8   0.0144292773
5   7   3   6   -0.0000789270
5   7   3   7   -0.0001731685
5   7   4   6   0.0001731685
5   7   4   7   -0.0000789270
5   7   5   5   -0.0028269752
5   7   5   8   -0.0165991268
5   8   1   6   -0.0000046920
5   8   1   7   -0.0000102944
5   8   2   6   -0.0002471759
5   8   2   7   -0.0005423126
5   8   3   5   0.0038637502
5   8   3   8   0.0045338386
5   8   5   6   -0.0091279694
5   8   5   7   -0.0200270813
5   9   1   6   0.0000102944
5   9   1   7   -0.0000046920
5   9   2   6   0.0005423126
5   9   2   7   -0.0002471759
5   9   4   5   0.0038637502
5   9   4   8   0.0045338386
5   9   5   6   0.0200270813
5   9   5   7   -0.0091279694
5   10   1   5   0.0000402071
5   10   1   8   0.0000359715
5   10   2   5   -0.0000287968
5   10   2   8   -0.0022399313
5   10   3   6   -0.0010231272
5   10   3   7   -0.0022447765
5   10   4   6   0.0022447765
5   10   4   7   -0.0010231272
5   10   5   5   0.0365419787
5   10   5   8   0.0396624896

End IJKA Block
Begin IABC Block
1   5   1   5   0.0000351815
1   5   1   8   -0.0015100501
1   5   2   6   0.0024849166
1   5   3   7   0.0024849166
1   5   4   5   -0.0024154756
1   5   4   8   -0.0003956882
1   6   1   6   -0.0000810407
1   6   2   5   0.0025005606
1   6   2   8   0.0014455422
1   6   4   6   -0.0004732249
1   7   1   7   -0.0000810407
1   7   3   5   0.0025005606
1   7   3   8   0.0014455422
1   7   4   7   -0.0004732249
1   8   1   5   -0.0015193434
1   8   1   8   -0.0014985992
1   8   2   6   0.0014347934
1   8   3   7   0.0014347934
1   8   4   5   -0.0003886934
1   8   4   8   -0.0004486604
2   5   1   5   -0.0002436586
2   5   1   8   -0.0001871129
2   5   2   6   0.0000081142
2   5   3   7   0.0000081142
2   5   4   5   -0.0004353538
2   5   4   8   -0.0002516297
2   6   1   6   -0.0002277381
2   6   2   5   0.0000067029
2   6   2   8   -0.0000036466
2   6   4   6   -0.0002799696
2   7   1   7   -0.0002277381
2   7   3   5   0.0000067029
2   7   3   8   -0.0000036466
2   7   4   7   -0.0002799696
2   8   1   5   -0.0001903963
2   8   1   8   -0.0003345343
2   8   2   6   -0.0000008001
2   8   3   7   -0.0000008001
2   8   4   5   -0.0002508535
2   8   4   8   -0.0006194136
3   5   1   6   0.0002035954
3   5   1   7   0.0004466953
3   5   2   5   0.0003167311
3   5   2   8   0.0000482591
3   5   3   5   0.0006949189
3   5   3   8   0.0001058821
3   5   4   6   0.0006097435
3   5   4   7   0.0013377984
3   6   1   5   0.0002029935
3   6   1   8   0.0002275326
3   6   2   6   0.0004732219
3   6   2   7   0.0002419830
3   6   3   6   0.0005544519
3   6   3   7   0.0001102218
3   6   4   5   0.0006121661
3   6   4   8   0.0004684434
3   7   1   5   0.0004453749
3   7   1   8   0.0004992143
3   7   2   6   0.0002418304
3   7   2   7   0.0002527088
3   7   3   6   0.0001102913
3   7   3   7   0.0010382653
3   7   4   5   0.0013431135
3   7   4   8   0.0010277810
3   8   1   6   0.0002284546
3   8   1   7   0.0005012374
3   8   2   5   0.0000509052
3   8   2   8   0.0000166511
3   8   3   5   0.0001116877
3   8   3   8   0.0000365331
3   8   4   6   0.0004730775
3   8   4   7   0.0010379485
4   5   1   6   -0.0004466953
4   5   1   7   0.0002035954
4   5   2   5   -0.0006949189
4   5   2   8   -0.0001058821
4   5   3   5   0.0003167311
4   5   3   8   0.0000482591
4   5   4   6   -0.0013377984
4   5   4   7   0.0006097435
4   6   1   5   -0.0004453749
4   6   1   8   -0.0004992143
4   6   2   6   -0.0010382653
4   6   2   7   0.0001102913
4   6   3   6   0.0002527088
4   6   3   7   -0.0002418304
4   6   4   5   -0.0013431135
4   6   4   8   -0.0010277810
4   7   1   5   0.0002029935
4   7   1   8   0.0002275326
4   7   2   6   0.0001102218
4   7   2   7   -0.0005544519
4   7   3   6   -0.0002419830
4   7   3   7   0.0004732219
4   7   4   5   0.0006121661
4   7   4   8   0.0004684434
4   8   1   6   -0.0005012374
4   8   1   7   0.0002284546
4   8   2   5   -0.0001116877
4   8   2   8   -0.0000365331
4   8   3   5   0.0000509052
4   8   3   8   0.0000166511
4   8   4   6   -0.0010379485
4   8   4   7   0.0004730775
5   5   1   5   -0.0035669648
5   5   1   8   -0.0004011038
5   5   2   6   -0.0019067549
5   5   3   7   -0.0019067549
5   5   4   5   -0.0075101896
5   5   4   8   -0.0033847634
5   6   1   6   -0.0026374624
5   6   2   5   -0.0019143808
5   6   2   8   -0.0012870504
5   6   4   6   -0.0063384892
5   7   1   7   -0.0026374624
5   7   3   5   -0.0019143808
5   7   3   8   -0.0012870504
5   7   4   7   -0.0063384892
5   8   1   5   -0.0003985733
5   8   1   8   -0.0021367261
5   8   2   6   -0.0012845357
5   8   3   7   -0.0012845357
5   8   4   5   -0.0034659449
5   8   4   8   -0.0062269480

End IABC Block
