Begin IJ Block
1   1   -40.7580122508
1   2   0.0000116930
1   3   0.7534906603
1   6   0.0152012525
2   2   -5.5143507817
2   3   0.0000001325
2   6   -0.0115322602
3   3   -9.1613294421
3   6   -0.0542832204
4   4   -8.0763221780
5   5   -8.0763221780
6   6   -7.5678443792

End IJ Block
Begin IA Block
1   1   -0.0019025485
2   1   0.1115363569
3   1   0.0143712097
4   2   0.1186778958
4   3   0.0469586053
5   2   -0.0469586053
5   3   0.1186778958
6   1   0.0221020477

End IA Block
Begin AB Block
1   1   -1.7256109237
2   2   -1.5268177623
3   3   -1.5268177623

End AB Block
Begin IJKL Block
1   7   1   7   5.3485283685
1   7   1   8   -0.0000096047
1   7   1   9   -0.5326588088
1   7   1   12   -0.0107409993
1   7   2   7   -0.0000096047
1   7   2   8   0.0000009011
1   7   2   9   0.0000016497
1   7   2   12   0.0000000827
1   7   3   7   -0.5326588088
1   7   3   8   0.0000016497
1   7   3   9   0.0817170396
1   7   3   12   0.0017546418
1   7   4   10   0.0320144836
1   7   5   11   0.0320144836
1   7   6   7   -0.0107409993
1   7   6   8   0.0000000827
1   7   6   9   0.0017546418
1   7   6   12   0.0282832210
1   8   1   7   -0.0000096047
1   8   1   8   0.1186857445
1   8   1   9   0.0000144644
1   8   1   12   -0.0002552172
1   8   2   7   0.0000006441
1   8   2   8   0.0000007556
1   8   2   9   0.0000007822
1   8   2   12   -0.0000000003
1   8   3   7   0.0000017959
1   8   3   8   0.0000056480
1   8   3   9   -0.0000004309
1   8   3   12   0.0000016062
1   8   4   10   0.0000002982
1   8   5   11   0.0000002982
1   8   6   7   0.0000003133
1   8   6   8   -0.0006968243
1   8   6   9   -0.0000002237
1   8   6   12   0.0000032376
1   9   1   7   -0.5326588088
1   9   1   8   0.0000144644
1   9   1   9   1.2638305130
1   9   1   12   0.0151740867
1   9   2   7   0.0000017959
1   9   2   8   0.0000008420
1   9   2   9   -0.0000004383
1   9   2   12   0.0000000471
1   9   3   7   0.0862974783
1   9   3   8   -0.0000005746
1   9   3   9   -0.0237774963
1   9   3   12   -0.0004453067
1   9   4   10   0.0363730089
1   9   5   11   0.0363730089
1   9   6   7   0.0017089568
1   9   6   8   -0.0000002500
1   9   6   9   -0.0005414111
1   9   6   12   0.0323985542
1   10   1   10   1.1735188538
1   10   2   10   -0.0000000704
1   10   3   10   -0.0156029849
1   10   4   7   0.0372107858
1   10   4   8   0.0000003195
1   10   4   9   0.0370021106
1   10   4   12   0.0006081367
1   10   6   10   -0.0003580329
1   11   1   11   1.1735188538
1   11   2   11   -0.0000000704
1   11   3   11   -0.0156029849
1   11   5   7   0.0372107858
1   11   5   8   0.0000003195
1   11   5   9   0.0370021106
1   11   5   12   0.0006081367
1   11   6   11   -0.0003580329
1   12   1   7   -0.0107409993
1   12   1   8   -0.0002552172
1   12   1   9   0.0151740867
1   12   1   12   1.0802993901
1   12   2   7   0.0000003133
1   12   2   8   -0.0000000503
1   12   2   9   -0.0000000604
1   12   2   12   -0.0000000445
1   12   3   7   0.0017089568
1   12   3   8   0.0000014090
1   12   3   9   -0.0004704359
1   12   3   12   -0.0142887309
1   12   4   10   0.0005597747
1   12   5   11   0.0005597747
1   12   6   7   0.0333682313
1   12   6   8   0.0000030262
1   12   6   9   0.0333859683
1   12   6   12   0.0004789840
2   7   1   7   -0.0000096047
2   7   1   8   0.0000006441
2   7   1   9   0.0000017959
2   7   1   12   0.0000003133
2   7   2   7   0.1186857445
2   7   2   8   0.0000007556
2   7   2   9   0.0000056480
2   7   2   12   -0.0006968243
2   7   3   7   0.0000144644
2   7   3   8   0.0000007822
2   7   3   9   -0.0000004309
2   7   3   12   -0.0000002237
2   7   4   10   0.0000002982
2   7   5   11   0.0000002982
2   7   6   7   -0.0002552172
2   7   6   8   -0.0000000003
2   7   6   9   0.0000016062
2   7   6   12   0.0000032376
2   8   1   7   0.0000009011
2   8   1   8   0.0000007556
2   8   1   9   0.0000008420
2   8   1   12   -0.0000000503
2   8   2   7   0.0000007556
2   8   2   8   1.6355397604
2   8   2   9   -0.0000784170
2   8   2   12   0.0136009230
2   8   3   7   0.0000008420
2   8   3   8   -0.0000784170
2   8   3   9   0.0000020819
2   8   3   12   -0.0000022937
2   8   4   10   -0.0000008396
2   8   4   11   -0.0000000000
2   8   5   10   0.0000000000
2   8   5   11   -0.0000008396
2   8   6   7   -0.0000000503
2   8   6   8   0.0136009230
2   8   6   9   -0.0000022937
2   8   6   12   -0.0000601938
2   9   1   7   0.0000016497
2   9   1   8   0.0000007822
2   9   1   9   -0.0000004383
2   9   1   12   -0.0000000604
2   9   2   7   0.0000056480
2   9   2   8   -0.0000784170
2   9   2   9   0.1189534267
2   9   2   12   -0.0087397586
2   9   3   7   -0.0000005746
2   9   3   8   0.0000052772
2   9   3   9   0.0000098366
2   9   3   12   -0.0000011598
2   9   4   10   0.0000010382
2   9   5   11   0.0000010382
2   9   6   7   0.0000014090
2   9   6   8   0.0000008847
2   9   6   9   -0.0002357547
2   9   6   12   0.0000318556
2   10   1   10   -0.0000000704
2   10   2   10   0.1185233947
2   10   3   10   0.0000097580
2   10   4   7   0.0000003195
2   10   4   8   -0.0000021455
2   10   4   9   0.0000014732
2   10   4   12   0.0000001417
2   10   6   10   -0.0002310245
2   11   1   11   -0.0000000704
2   11   2   11   0.1185233947
2   11   3   11   0.0000097580
2   11   5   7   0.0000003195
2   11   5   8   -0.0000021455
2   11   5   9   0.0000014732
2   11   5   12   0.0000001417
2   11   6   11   -0.0002310245
2   12   1   7   0.0000000827
2   12   1   8   -0.0000000003
2   12   1   9   0.0000000471
2   12   1   12   -0.0000000445
2   12   2   7   -0.0006968243
2   12   2   8   0.0136009230
2   12   2   9   -0.0087397586
2   12   2   12   0.1327534175
2   12   3   7   -0.0000002500
2   12   3   8   0.0000008847
2   12   3   9   0.0000006926
2   12   3   12   0.0000098508
2   12   4   10   0.0000025109
2   12   5   11   0.0000025109
2   12   6   7   0.0000030262
2   12   6   8   0.0003295088
2   12   6   9   0.0000320162
2   12   6   12   -0.0002093800
3   7   1   7   -0.5326588088
3   7   1   8   0.0000017959
3   7   1   9   0.0862974783
3   7   1   12   0.0017089568
3   7   2   7   0.0000144644
3   7   2   8   0.0000008420
3   7   2   9   -0.0000005746
3   7   2   12   -0.0000002500
3   7   3   7   1.2638305130
3   7   3   8   -0.0000004383
3   7   3   9   -0.0237774963
3   7   3   12   -0.0005414111
3   7   4   10   0.0363730089
3   7   5   11   0.0363730089
3   7   6   7   0.0151740867
3   7   6   8   0.0000000471
3   7   6   9   -0.0004453067
3   7   6   12   0.0323985542
3   8   1   7   0.0000016497
3   8   1   8   0.0000056480
3   8   1   9   -0.0000005746
3   8   1   12   0.0000014090
3   8   2   7   0.0000007822
3   8   2   8   -0.0000784170
3   8   2   9   0.0000052772
3   8   2   12   0.0000008847
3   8   3   7   -0.0000004383
3   8   3   8   0.1189534267
3   8   3   9   0.0000098366
3   8   3   12   -0.0002357547
3   8   4   10   0.0000010382
3   8   5   11   0.0000010382
3   8   6   7   -0.0000000604
3   8   6   8   -0.0087397586
3   8   6   9   -0.0000011598
3   8   6   12   0.0000318556
3   9   1   7   0.0817170396
3   9   1   8   -0.0000004309
3   9   1   9   -0.0237774963
3   9   1   12   -0.0004704359
3   9   2   7   -0.0000004309
3   9   2   8   0.0000020819
3   9   2   9   0.0000098366
3   9   2   12   0.0000006926
3   9   3   7   -0.0237774963
3   9   3   8   0.0000098366
3   9   3   9   0.8722948243
3   9   3   12   0.0077880922
3   9   4   10   0.1544811007
3   9   5   11   0.1544811007
3   9   6   7   -0.0004704359
3   9   6   8   0.0000006926
3   9   6   9   0.0077880922
3   9   6   12   0.1402568186
3   10   1   10   -0.0156029849
3   10   2   10   0.0000097580
3   10   3   10   0.8208258896
3   10   4   7   0.0370021106
3   10   4   8   0.0000014732
3   10   4   9   0.1592096576
3   10   4   12   0.0016967866
3   10   6   10   0.0073051228
3   11   1   11   -0.0156029849
3   11   2   11   0.0000097580
3   11   3   11   0.8208258896
3   11   5   7   0.0370021106
3   11   5   8   0.0000014732
3   11   5   9   0.1592096576
3   11   5   12   0.0016967866
3   11   6   11   0.0073051228
3   12   1   7   0.0017546418
3   12   1   8   0.0000016062
3   12   1   9   -0.0004453067
3   12   1   12   -0.0142887309
3   12   2   7   -0.0000002237
3   12   2   8   -0.0000022937
3   12   2   9   -0.0000011598
3   12   2   12   0.0000098508
3   12   3   7   -0.0005414111
3   12   3   8   -0.0002357547
3   12   3   9   0.0077880922
3   12   3   12   0.7612147819
3   12   4   10   0.0015987654
3   12   5   11   0.0015987654
3   12   6   7   0.0333859683
3   12   6   8   0.0000320162
3   12   6   9   0.1456817249
3   12   6   12   0.0069293101
4   7   1   10   0.0372107858
4   7   2   10   0.0000003195
4   7   3   10   0.0370021106
4   7   4   7   1.1735188538
4   7   4   8   -0.0000000704
4   7   4   9   -0.0156029849
4   7   4   12   -0.0003580329
4   7   6   10   0.0006081367
4   8   1   10   0.0000003195
4   8   2   10   -0.0000021455
4   8   3   10   0.0000014732
4   8   4   7   -0.0000000704
4   8   4   8   0.1185233947
4   8   4   9   0.0000097580
4   8   4   12   -0.0002310245
4   8   6   10   0.0000001417
4   9   1   10   0.0370021106
4   9   2   10   0.0000014732
4   9   3   10   0.1592096576
4   9   4   7   -0.0156029849
4   9   4   8   0.0000097580
4   9   4   9   0.8208258896
4   9   4   12   0.0073051228
4   9   6   10   0.0016967866
4   10   1   7   0.0320144836
4   10   1   8   0.0000002982
4   10   1   9   0.0363730089
4   10   1   12   0.0005597747
4   10   2   7   0.0000002982
4   10   2   8   -0.0000008396
4   10   2   9   0.0000010382
4   10   2   12   0.0000025109
4   10   3   7   0.0363730089
4   10   3   8   0.0000010382
4   10   3   9   0.1544811007
4   10   3   12   0.0015987654
4   10   4   10   0.8210877085
4   10   5   11   0.0322743555
4   10   6   7   0.0005597747
4   10   6   8   0.0000025109
4   10   6   9   0.0015987654
4   10   6   12   0.0295668599
4   11   2   8   -0.0000000000
4   11   4   11   0.7504054243
4   11   5   10   0.0384079287
4   11   6   12   -0.0000000000
4   12   1   10   0.0006081367
4   12   2   10   0.0000001417
4   12   3   10   0.0016967866
4   12   4   7   -0.0003580329
4   12   4   8   -0.0002310245
4   12   4   9   0.0073051228
4   12   4   12   0.6973177310
4   12   6   10   0.0351422196
5   7   1   11   0.0372107858
5   7   2   11   0.0000003195
5   7   3   11   0.0370021106
5   7   5   7   1.1735188538
5   7   5   8   -0.0000000704
5   7   5   9   -0.0156029849
5   7   5   12   -0.0003580329
5   7   6   11   0.0006081367
5   8   1   11   0.0000003195
5   8   2   11   -0.0000021455
5   8   3   11   0.0000014732
5   8   5   7   -0.0000000704
5   8   5   8   0.1185233947
5   8   5   9   0.0000097580
5   8   5   12   -0.0002310245
5   8   6   11   0.0000001417
5   9   1   11   0.0370021106
5   9   2   11   0.0000014732
5   9   3   11   0.1592096576
5   9   5   7   -0.0156029849
5   9   5   8   0.0000097580
5   9   5   9   0.8208258896
5   9   5   12   0.0073051228
5   9   6   11   0.0016967866
5   10   2   8   0.0000000000
5   10   4   11   0.0384079287
5   10   5   10   0.7504054243
5   10   6   12   0.0000000000
5   11   1   7   0.0320144836
5   11   1   8   0.0000002982
5   11   1   9   0.0363730089
5   11   1   12   0.0005597747
5   11   2   7   0.0000002982
5   11   2   8   -0.0000008396
5   11   2   9   0.0000010382
5   11   2   12   0.0000025109
5   11   3   7   0.0363730089
5   11   3   8   0.0000010382
5   11   3   9   0.1544811007
5   11   3   12   0.0015987654
5   11   4   10   0.0322743555
5   11   5   11   0.8210877085
5   11   6   7   0.0005597747
5   11   6   8   0.0000025109
5   11   6   9   0.0015987654
5   11   6   12   0.0295668599
5   12   1   11   0.0006081367
5   12   2   11   0.0000001417
5   12   3   11   0.0016967866
5   12   5   7   -0.0003580329
5   12   5   8   -0.0002310245
5   12   5   9   0.0073051228
5   12   5   12   0.6973177310
5   12   6   11   0.0351422196
6   7   1   7   -0.0107409993
6   7   1   8   0.0000003133
6   7   1   9   0.0017089568
6   7   1   12   0.0333682313
6   7   2   7   -0.0002552172
6   7   2   8   -0.0000000503
6   7   2   9   0.0000014090
6   7   2   12   0.0000030262
6   7   3   7   0.0151740867
6   7   3   8   -0.0000000604
6   7   3   9   -0.0004704359
6   7   3   12   0.0333859683
6   7   4   10   0.0005597747
6   7   5   11   0.0005597747
6   7   6   7   1.0802993901
6   7   6   8   -0.0000000445
6   7   6   9   -0.0142887309
6   7   6   12   0.0004789840
6   8   1   7   0.0000000827
6   8   1   8   -0.0006968243
6   8   1   9   -0.0000002500
6   8   1   12   0.0000030262
6   8   2   7   -0.0000000003
6   8   2   8   0.0136009230
6   8   2   9   0.0000008847
6   8   2   12   0.0003295088
6   8   3   7   0.0000000471
6   8   3   8   -0.0087397586
6   8   3   9   0.0000006926
6   8   3   12   0.0000320162
6   8   4   10   0.0000025109
6   8   5   11   0.0000025109
6   8   6   7   -0.0000000445
6   8   6   8   0.1327534175
6   8   6   9   0.0000098508
6   8   6   12   -0.0002093800
6   9   1   7   0.0017546418
6   9   1   8   -0.0000002237
6   9   1   9   -0.0005414111
6   9   1   12   0.0333859683
6   9   2   7   0.0000016062
6   9   2   8   -0.0000022937
6   9   2   9   -0.0002357547
6   9   2   12   0.0000320162
6   9   3   7   -0.0004453067
6   9   3   8   -0.0000011598
6   9   3   9   0.0077880922
6   9   3   12   0.1456817249
6   9   4   10   0.0015987654
6   9   5   11   0.0015987654
6   9   6   7   -0.0142887309
6   9   6   8   0.0000098508
6   9   6   9   0.7612147819
6   9   6   12   0.0069293101
6   10   1   10   -0.0003580329
6   10   2   10   -0.0002310245
6   10   3   10   0.0073051228
6   10   4   7   0.0006081367
6   10   4   8   0.0000001417
6   10   4   9   0.0016967866
6   10   4   12   0.0351422196
6   10   6   10   0.6973177310
6   11   1   11   -0.0003580329
6   11   2   11   -0.0002310245
6   11   3   11   0.0073051228
6   11   5   7   0.0006081367
6   11   5   8   0.0000001417
6   11   5   9   0.0016967866
6   11   5   12   0.0351422196
6   11   6   11   0.6973177310
6   12   1   7   0.0282832210
6   12   1   8   0.0000032376
6   12   1   9   0.0323985542
6   12   1   12   0.0004789840
6   12   2   7   0.0000032376
6   12   2   8   -0.0000601938
6   12   2   9   0.0000318556
6   12   2   12   -0.0002093800
6   12   3   7   0.0323985542
6   12   3   8   0.0000318556
6   12   3   9   0.1402568186
6   12   3   12   0.0069293101
6   12   4   10   0.0295668599
6   12   4   11   -0.0000000000
6   12   5   10   0.0000000000
6   12   5   11   0.0295668599
6   12   6   7   0.0004789840
6   12   6   8   -0.0002093800
6   12   6   9   0.0069293101
6   12   6   12   0.7177661442

End IJKL Block
Begin IJAB Block
1   7   1   4   0.0001926233
1   7   2   5   0.0000437943
1   7   3   6   0.0000437943
1   8   1   4   0.0000000946
1   8   2   5   -0.0000000310
1   8   3   6   -0.0000000310
1   9   1   4   0.0001991009
1   9   2   5   0.0000441523
1   9   3   6   0.0000441523
1   10   1   5   0.0000008450
1   10   1   6   0.0000003344
1   10   2   4   0.0000045751
1   10   3   4   0.0000018103
1   11   1   5   -0.0000003344
1   11   1   6   0.0000008450
1   11   2   4   -0.0000018103
1   11   3   4   0.0000045751
1   12   1   4   -0.0000369137
1   12   2   5   0.0000015370
1   12   3   6   0.0000015370
2   7   1   4   0.0000000946
2   7   2   5   -0.0000000310
2   7   3   6   -0.0000000310
2   8   1   4   0.0144972026
2   8   2   5   0.0024499636
2   8   3   6   0.0024499636
2   9   1   4   -0.0000057440
2   9   2   5   0.0000079336
2   9   3   6   0.0000079336
2   10   1   5   -0.0000011076
2   10   1   6   -0.0000004383
2   10   2   4   0.0000278774
2   10   3   4   0.0000110306
2   11   1   5   0.0000004383
2   11   1   6   -0.0000011076
2   11   2   4   -0.0000110306
2   11   3   4   0.0000278774
2   12   1   4   0.0006443943
2   12   2   5   -0.0004865185
2   12   3   6   -0.0004865185
3   7   1   4   0.0001991009
3   7   2   5   0.0000441523
3   7   3   6   0.0000441523
3   8   1   4   -0.0000057440
3   8   2   5   0.0000079336
3   8   3   6   0.0000079336
3   9   1   4   0.0011925512
3   9   2   5   0.0001999238
3   9   3   6   0.0001999238
3   10   1   5   0.0000669993
3   10   1   6   0.0000265104
3   10   2   4   0.0000304001
3   10   3   4   0.0000120287
3   11   1   5   -0.0000265104
3   11   1   6   0.0000669993
3   11   2   4   -0.0000120287
3   11   3   4   0.0000304001
3   12   1   4   -0.0005735073
3   12   2   5   -0.0000153838
3   12   3   6   -0.0000153838
4   7   1   5   0.0000045751
4   7   1   6   0.0000018103
4   7   2   4   0.0000008450
4   7   3   4   0.0000003344
4   8   1   5   0.0000278774
4   8   1   6   0.0000110306
4   8   2   4   -0.0000011076
4   8   3   4   -0.0000004383
4   9   1   5   0.0000304001
4   9   1   6   0.0000120287
4   9   2   4   0.0000669993
4   9   3   4   0.0000265104
4   10   1   4   0.0009549893
4   10   2   5   0.0005664930
4   10   2   6   0.0001903532
4   10   3   5   0.0001903532
4   10   3   6   0.0001607349
4   11   1   4   -0.0000000000
4   11   2   5   -0.0001903532
4   11   2   6   0.0003826928
4   11   3   5   0.0000230653
4   11   3   6   0.0001903532
4   12   1   5   -0.0004642667
4   12   1   6   -0.0001837016
4   12   2   4   -0.0010691189
4   12   3   4   -0.0004230302
5   7   1   5   -0.0000018103
5   7   1   6   0.0000045751
5   7   2   4   -0.0000003344
5   7   3   4   0.0000008450
5   8   1   5   -0.0000110306
5   8   1   6   0.0000278774
5   8   2   4   0.0000004383
5   8   3   4   -0.0000011076
5   9   1   5   -0.0000120287
5   9   1   6   0.0000304001
5   9   2   4   -0.0000265104
5   9   3   4   0.0000669993
5   10   1   4   0.0000000000
5   10   2   5   -0.0001903532
5   10   2   6   0.0000230653
5   10   3   5   0.0003826928
5   10   3   6   0.0001903532
5   11   1   4   0.0009549893
5   11   2   5   0.0001607349
5   11   2   6   -0.0001903532
5   11   3   5   -0.0001903532
5   11   3   6   0.0005664930
5   12   1   5   0.0001837016
5   12   1   6   -0.0004642667
5   12   2   4   0.0004230302
5   12   3   4   -0.0010691189
6   7   1   4   -0.0000369137
6   7   2   5   0.0000015370
6   7   3   6   0.0000015370
6   8   1   4   0.0006443943
6   8   2   5   -0.0004865185
6   8   3   6   -0.0004865185
6   9   1   4   -0.0005735073
6   9   2   5   -0.0000153838
6   9   3   6   -0.0000153838
6   10   1   5   -0.0010691189
6   10   1   6   -0.0004230302
6   10   2   4   -0.0004642667
6   10   3   4   -0.0001837016
6   11   1   5   0.0004230302
6   11   1   6   -0.0010691189
6   11   2   4   0.0001837016
6   11   3   4   -0.0004642667
6   12   1   4   0.0083023906
6   12   2   5   0.0003101641
6   12   3   6   0.0003101641

End IJAB Block
Begin ABCD Block
1   4   1   4   0.2341763041
1   4   2   5   0.0388341011
1   4   3   6   0.0388341011
1   5   1   5   0.1934245172
1   5   2   4   0.0388492432
1   6   1   6   0.1934245172
1   6   3   4   0.0388492432
2   4   1   5   0.0388492432
2   4   2   4   0.1934245172
2   5   1   4   0.0388341011
2   5   2   5   0.1849288656
2   5   3   6   0.0098500372
2   6   2   6   0.1652290115
2   6   3   5   0.0098498169
3   4   1   6   0.0388492432
3   4   3   4   0.1934245172
3   5   2   6   0.0098498169
3   5   3   5   0.1652290115
3   6   1   4   0.0388341011
3   6   2   5   0.0098500372
3   6   3   6   0.1849288656

End ABCD Block
Begin AIJB Block
1   7   1   4   0.0002728294
1   7   2   4   0.0000003644
1   7   3   4   0.0003003027
1   7   4   5   0.0000019470
1   7   4   6   0.0000007704
1   7   5   5   -0.0000007704
1   7   5   6   0.0000019470
1   7   6   4   -0.0000145992
1   8   1   4   0.0000003644
1   8   2   4   0.0110914711
1   8   3   4   -0.0000006264
1   8   4   5   0.0000216644
1   8   4   6   0.0000085722
1   8   5   5   -0.0000085722
1   8   5   6   0.0000216644
1   8   6   4   0.0003306582
1   9   1   4   0.0003003027
1   9   2   4   -0.0000006264
1   9   3   4   0.0013639216
1   9   4   5   0.0000043769
1   9   4   6   0.0000017319
1   9   5   5   -0.0000017319
1   9   5   6   0.0000043769
1   9   6   4   0.0002526141
1   10   1   5   -0.0000012600
1   10   1   6   -0.0000004986
1   10   2   5   0.0000008643
1   10   2   6   0.0000003420
1   10   3   5   -0.0000184653
1   10   3   6   -0.0000073064
1   10   4   4   -0.0000860998
1   10   6   5   -0.0014136620
1   10   6   6   -0.0005593594
1   11   1   5   0.0000004986
1   11   1   6   -0.0000012600
1   11   2   5   -0.0000003420
1   11   2   6   0.0000008643
1   11   3   5   0.0000073064
1   11   3   6   -0.0000184653
1   11   5   4   -0.0000860998
1   11   6   5   0.0005593594
1   11   6   6   -0.0014136620
1   12   1   4   -0.0000145992
1   12   2   4   0.0003306582
1   12   3   4   0.0002526141
1   12   4   5   -0.0001221934
1   12   4   6   -0.0000483496
1   12   5   5   0.0000483496
1   12   5   6   -0.0001221934
1   12   6   4   0.0062822802
2   7   1   5   0.0000454031
2   7   2   5   -0.0000002304
2   7   3   5   0.0000423761
2   7   4   4   -0.0000012600
2   7   5   4   0.0000004986
2   7   6   5   0.0000033830
2   8   1   5   -0.0000002304
2   8   2   5   0.0022117010
2   8   3   5   0.0000040134
2   8   4   4   0.0000008643
2   8   5   4   -0.0000003420
2   8   6   5   -0.0003709674
2   9   1   5   0.0000423761
2   9   2   5   0.0000040134
2   9   3   5   0.0001812960
2   9   4   4   -0.0000184653
2   9   5   4   0.0000073064
2   9   6   5   0.0000072189
2   10   1   4   0.0000019470
2   10   2   4   0.0000216644
2   10   3   4   0.0000043769
2   10   4   5   0.0005628619
2   10   4   6   0.0002050084
2   10   5   5   -0.0002050084
2   10   5   6   -0.0000271408
2   10   6   4   -0.0001221934
2   11   1   4   -0.0000007704
2   11   2   4   -0.0000085722
2   11   3   4   -0.0000017319
2   11   4   5   -0.0002050084
2   11   4   6   0.0004641380
2   11   5   5   0.0001258648
2   11   5   6   -0.0002050084
2   11   6   4   0.0000483496
2   12   1   5   0.0000033830
2   12   2   5   -0.0003709674
2   12   3   5   0.0000072189
2   12   4   4   -0.0014136620
2   12   5   4   0.0005593594
2   12   6   5   0.0008096310
3   7   1   6   0.0000454031
3   7   2   6   -0.0000002304
3   7   3   6   0.0000423761
3   7   4   4   -0.0000004986
3   7   5   4   -0.0000012600
3   7   6   6   0.0000033830
3   8   1   6   -0.0000002304
3   8   2   6   0.0022117010
3   8   3   6   0.0000040134
3   8   4   4   0.0000003420
3   8   5   4   0.0000008643
3   8   6   6   -0.0003709674
3   9   1   6   0.0000423761
3   9   2   6   0.0000040134
3   9   3   6   0.0001812960
3   9   4   4   -0.0000073064
3   9   5   4   -0.0000184653
3   9   6   6   0.0000072189
3   10   1   4   0.0000007704
3   10   2   4   0.0000085722
3   10   3   4   0.0000017319
3   10   4   5   0.0002050084
3   10   4   6   0.0001258648
3   10   5   5   0.0004641380
3   10   5   6   0.0002050084
3   10   6   4   -0.0000483496
3   11   1   4   0.0000019470
3   11   2   4   0.0000216644
3   11   3   4   0.0000043769
3   11   4   5   -0.0000271408
3   11   4   6   0.0002050084
3   11   5   5   -0.0002050084
3   11   5   6   0.0005628619
3   11   6   4   -0.0001221934
3   12   1   6   0.0000033830
3   12   2   6   -0.0003709674
3   12   3   6   0.0000072189
3   12   4   4   -0.0005593594
3   12   5   4   -0.0014136620
3   12   6   6   0.0008096310

1   7   7   1   -0.1105636645
1   7   8   1   0.0000000322
1   7   9   1   0.0002479238
1   7   10   2   -0.0001236803
1   7   10   3   -0.0000489380
1   7   11   2   0.0000489380
1   7   11   3   -0.0001236803
1   7   12   1   0.0004897665
1   8   7   1   0.0000000322
1   8   8   1   -0.3001979149
1   8   9   1   0.0000063271
1   8   10   2   -0.0000134762
1   8   10   3   -0.0000053323
1   8   11   2   0.0000053323
1   8   11   3   -0.0000134762
1   8   12   1   -0.0006636736
1   9   7   1   0.0002479238
1   9   8   1   0.0000063271
1   9   9   1   -0.1053817464
1   9   10   2   -0.0014432872
1   9   10   3   -0.0005710815
1   9   11   2   0.0005710815
1   9   11   3   -0.0014432872
1   9   12   1   0.0054381180
1   10   7   2   -0.0001259974
1   10   7   3   -0.0000498548
1   10   8   2   -0.0000126872
1   10   8   3   -0.0000050201
1   10   9   2   -0.0014386075
1   10   9   3   -0.0005692298
1   10   10   1   -0.1039719151
1   10   12   2   0.0004744982
1   10   12   3   0.0001877500
1   11   7   2   0.0000498548
1   11   7   3   -0.0001259974
1   11   8   2   0.0000050201
1   11   8   3   -0.0000126872
1   11   9   2   0.0005692298
1   11   9   3   -0.0014386075
1   11   11   1   -0.1039719151
1   11   12   2   -0.0001877500
1   11   12   3   0.0004744982
1   12   7   1   0.0004897665
1   12   8   1   -0.0006636736
1   12   9   1   0.0054381180
1   12   10   2   0.0005143709
1   12   10   3   0.0002035269
1   12   11   2   -0.0002035269
1   12   11   3   0.0005143709
1   12   12   1   -0.1072222963
2   7   7   2   -0.1031729949
2   7   8   2   0.0000000365
2   7   9   2   0.0000175707
2   7   10   1   -0.0001259974
2   7   11   1   0.0000498548
2   7   12   2   0.0004538977
2   8   7   2   0.0000000365
2   8   8   2   -0.2391940409
2   8   9   2   0.0000011266
2   8   10   1   -0.0000126872
2   8   11   1   0.0000050201
2   8   12   2   -0.0001736862
2   9   7   2   0.0000175707
2   9   8   2   0.0000011266
2   9   9   2   -0.1028301380
2   9   10   1   -0.0014386075
2   9   11   1   0.0005692298
2   9   12   2   0.0056374369
2   10   7   1   -0.0001236803
2   10   8   1   -0.0000134762
2   10   9   1   -0.0014432872
2   10   10   2   -0.1027380425
2   10   10   3   -0.0001103533
2   10   11   2   0.0001103533
2   10   11   3   -0.0001205627
2   10   12   1   0.0005143709
2   11   7   1   0.0000489380
2   11   8   1   0.0000053323
2   11   9   1   0.0005710815
2   11   10   2   0.0001103533
2   11   10   3   -0.0001146672
2   11   11   2   -0.1025028126
2   11   11   3   0.0001103533
2   11   12   1   -0.0002035269
2   12   7   2   0.0004538977
2   12   8   2   -0.0001736862
2   12   9   2   0.0056374369
2   12   10   1   0.0004744982
2   12   11   1   -0.0001877500
2   12   12   2   -0.1090017459
3   7   7   3   -0.1031729949
3   7   8   3   0.0000000365
3   7   9   3   0.0000175707
3   7   10   1   -0.0000498548
3   7   11   1   -0.0001259974
3   7   12   3   0.0004538977
3   8   7   3   0.0000000365
3   8   8   3   -0.2391940409
3   8   9   3   0.0000011266
3   8   10   1   -0.0000050201
3   8   11   1   -0.0000126872
3   8   12   3   -0.0001736862
3   9   7   3   0.0000175707
3   9   8   3   0.0000011266
3   9   9   3   -0.1028301380
3   9   10   1   -0.0005692298
3   9   11   1   -0.0014386075
3   9   12   3   0.0056374369
3   10   7   1   -0.0000489380
3   10   8   1   -0.0000053323
3   10   9   1   -0.0005710815
3   10   10   2   -0.0001103533
3   10   10   3   -0.1025028126
3   10   11   2   -0.0001146672
3   10   11   3   -0.0001103533
3   10   12   1   0.0002035269
3   11   7   1   -0.0001236803
3   11   8   1   -0.0000134762
3   11   9   1   -0.0014432872
3   11   10   2   -0.0001205627
3   11   10   3   -0.0001103533
3   11   11   2   0.0001103533
3   11   11   3   -0.1027380425
3   11   12   1   0.0005143709
3   12   7   3   0.0004538977
3   12   8   3   -0.0001736862
3   12   9   3   0.0056374369
3   12   10   1   0.0001877500
3   12   11   1   0.0004744982
3   12   12   3   -0.1090017459

End AIJB Block
Begin IJKA Block
1   7   1   4   0.0015546537
1   7   2   4   -0.0000004736
1   7   3   4   -0.0002736753
1   7   4   5   -0.0011315131
1   7   4   6   -0.0004477184
1   7   5   5   0.0004477184
1   7   5   6   -0.0011315131
1   7   6   4   0.0024977830
1   8   1   4   -0.0005037027
1   8   2   4   -0.0000001856
1   8   3   4   0.0000028447
1   8   4   5   0.0000070945
1   8   4   6   0.0000028072
1   8   5   5   -0.0000028072
1   8   5   6   0.0000070945
1   8   6   4   0.0000051887
1   9   1   4   -0.0024334617
1   9   2   4   -0.0000004102
1   9   3   4   0.0000159731
1   9   4   5   -0.0010860355
1   9   4   6   -0.0004297237
1   9   5   5   0.0004297237
1   9   5   6   -0.0010860355
1   9   6   4   0.0023086652
1   10   1   5   -0.0170667604
1   10   1   6   -0.0067529952
1   10   2   5   0.0000000518
1   10   2   6   0.0000000205
1   10   3   5   -0.0001829231
1   10   3   6   -0.0000723792
1   10   4   4   -0.0000852407
1   10   6   5   -0.0000442127
1   10   6   6   -0.0000174941
1   11   1   5   0.0067529952
1   11   1   6   -0.0170667604
1   11   2   5   -0.0000000205
1   11   2   6   0.0000000518
1   11   3   5   0.0000723792
1   11   3   6   -0.0001829231
1   11   5   4   -0.0000852407
1   11   6   5   0.0000174941
1   11   6   6   -0.0000442127
1   12   1   4   -0.0163364387
1   12   2   4   -0.0000004542
1   12   3   4   0.0030678610
1   12   4   5   -0.0000864476
1   12   4   6   -0.0000342057
1   12   5   5   0.0000342057
1   12   5   6   -0.0000864476
1   12   6   4   0.0001355366
2   7   1   4   0.0000026216
2   7   2   4   -0.0000364325
2   7   3   4   0.0000025348
2   7   4   5   -0.0000000438
2   7   4   6   -0.0000000173
2   7   5   5   0.0000000173
2   7   5   6   -0.0000000438
2   7   6   4   0.0000000217
2   8   1   4   -0.0000003028
2   8   2   4   -0.1093184700
2   8   3   4   0.0000075763
2   8   4   5   0.0000114546
2   8   4   6   0.0000045324
2   8   5   5   -0.0000045324
2   8   5   6   0.0000114546
2   8   6   4   -0.0011527087
2   9   1   4   0.0000026684
2   9   2   4   -0.0000477336
2   9   3   4   0.0000106214
2   9   4   5   -0.0000002870
2   9   4   6   -0.0000001135
2   9   5   5   0.0000001135
2   9   5   6   -0.0000002870
2   9   6   4   -0.0000038671
2   10   1   5   -0.0000000228
2   10   1   6   -0.0000000090
2   10   2   5   0.0005364830
2   10   2   6   0.0002122762
2   10   3   5   -0.0000002280
2   10   3   6   -0.0000000902
2   10   4   4   0.0000045733
2   10   6   5   -0.0000024539
2   10   6   6   -0.0000009710
2   11   1   5   0.0000000090
2   11   1   6   -0.0000000228
2   11   2   5   -0.0002122762
2   11   2   6   0.0005364830
2   11   3   5   0.0000000902
2   11   3   6   -0.0000002280
2   11   5   4   0.0000045733
2   11   6   5   0.0000009710
2   11   6   6   -0.0000024539
2   12   1   4   0.0000000516
2   12   2   4   -0.0117879729
2   12   3   4   -0.0000010303
2   12   4   5   -0.0000114262
2   12   4   6   -0.0000045211
2   12   5   5   0.0000045211
2   12   5   6   -0.0000114262
2   12   6   4   0.0000973591
3   7   1   4   -0.0003195858
3   7   2   4   -0.0000003886
3   7   3   4   -0.0000082851
3   7   4   5   -0.0012234028
3   7   4   6   -0.0004840774
3   7   5   5   0.0004840774
3   7   5   6   -0.0012234028
3   7   6   4   0.0028944995
3   8   1   4   0.0000030105
3   8   2   4   0.0000096358
3   8   3   4   -0.0004820816
3   8   4   5   0.0000778595
3   8   4   6   0.0000308075
3   8   5   5   -0.0000308075
3   8   5   6   0.0000778595
3   8   6   4   0.0000606538
3   9   1   4   -0.0000412715
3   9   2   4   0.0000039891
3   9   3   4   -0.0019077113
3   9   4   5   -0.0047696715
3   9   4   6   -0.0018872691
3   9   5   5   0.0018872691
3   9   5   6   -0.0047696715
3   9   6   4   0.0121030075
3   10   1   5   -0.0003682078
3   10   1   6   -0.0001456929
3   10   2   5   0.0000005897
3   10   2   6   0.0000002333
3   10   3   5   -0.0145729592
3   10   3   6   -0.0057662451
3   10   4   4   -0.0003293656
3   10   6   5   -0.0003954639
3   10   6   6   -0.0001564776
3   11   1   5   0.0001456929
3   11   1   6   -0.0003682078
3   11   2   5   -0.0000002333
3   11   2   6   0.0000005897
3   11   3   5   0.0057662451
3   11   3   6   -0.0145729592
3   11   5   4   -0.0003293656
3   11   6   5   0.0001564776
3   11   6   6   -0.0003954639
3   12   1   4   0.0042053996
3   12   2   4   -0.0000074908
3   12   3   4   0.0110133405
3   12   4   5   -0.0006545012
3   12   4   6   -0.0002589738
3   12   5   5   0.0002589738
3   12   5   6   -0.0006545012
3   12   6   4   -0.0001359353
4   7   1   5   -0.0013763488
4   7   1   6   -0.0005445953
4   7   2   5   -0.0000000132
4   7   2   6   -0.0000000052
4   7   3   5   -0.0012765371
4   7   3   6   -0.0005051017
4   7   4   4   0.0000370878
4   7   6   5   -0.0000127931
4   7   6   6   -0.0000050620
4   8   1   5   0.0000063106
4   8   1   6   0.0000024970
4   8   2   5   0.0000012361
4   8   2   6   0.0000004891
4   8   3   5   0.0000742662
4   8   3   6   0.0000293857
4   8   4   4   -0.0004803045
4   8   6   5   -0.0000273174
4   8   6   6   -0.0000108090
4   9   1   5   -0.0011631404
4   9   1   6   -0.0004602327
4   9   2   5   -0.0000000483
4   9   2   6   -0.0000000191
4   9   3   5   -0.0047097913
4   9   3   6   -0.0018635756
4   9   4   4   -0.0013781618
4   9   6   5   -0.0000658923
4   9   6   6   -0.0000260723
4   10   1   4   -0.0000498370
4   10   2   4   0.0000113489
4   10   3   4   -0.0003385408
4   10   4   5   -0.0159297450
4   10   4   6   -0.0063030997
4   10   5   5   0.0005827637
4   10   5   6   -0.0014728115
4   10   6   4   0.0060185541
4   11   2   4   -0.0000000000
4   11   4   5   0.0051353931
4   11   4   6   -0.0129786147
4   11   5   5   -0.0014783189
4   11   5   6   -0.0005849429
4   11   6   4   0.0000000000
4   12   1   5   -0.0000828373
4   12   1   6   -0.0000327772
4   12   2   5   -0.0000105981
4   12   2   6   -0.0000041935
4   12   3   5   -0.0005140856
4   12   3   6   -0.0002034140
4   12   4   4   0.0088990376
4   12   6   5   -0.0016551747
4   12   6   6   -0.0006549214
5   7   1   5   0.0005445953
5   7   1   6   -0.0013763488
5   7   2   5   0.0000000052
5   7   2   6   -0.0000000132
5   7   3   5   0.0005051017
5   7   3   6   -0.0012765371
5   7   5   4   0.0000370878
5   7   6   5   0.0000050620
5   7   6   6   -0.0000127931
5   8   1   5   -0.0000024970
5   8   1   6   0.0000063106
5   8   2   5   -0.0000004891
5   8   2   6   0.0000012361
5   8   3   5   -0.0000293857
5   8   3   6   0.0000742662
5   8   5   4   -0.0004803045
5   8   6   5   0.0000108090
5   8   6   6   -0.0000273174
5   9   1   5   0.0004602327
5   9   1   6   -0.0011631404
5   9   2   5   0.0000000191
5   9   2   6   -0.0000000483
5   9   3   5   0.0018635756
5   9   3   6   -0.0047097913
5   9   5   4   -0.0013781618
5   9   6   5   0.0000260723
5   9   6   6   -0.0000658923
5   10   2   4   0.0000000000
5   10   4   5   0.0005849429
5   10   4   6   -0.0014783189
5   10   5   5   -0.0129786147
5   10   5   6   -0.0051353931
5   10   6   4   -0.0000000000
5   11   1   4   -0.0000498370
5   11   2   4   0.0000113489
5   11   3   4   -0.0003385408
5   11   4   5   -0.0014728115
5   11   4   6   -0.0005827637
5   11   5   5   0.0063030997
5   11   5   6   -0.0159297450
5   11   6   4   0.0060185541
5   12   1   5   0.0000327772
5   12   1   6   -0.0000828373
5   12   2   5   0.0000041935
5   12   2   6   -0.0000105981
5   12   3   5   0.0002034140
5   12   3   6   -0.0005140856
5   12   5   4   0.0088990376
5   12   6   5   0.0006549214
5   12   6   6   -0.0016551747
6   7   1   4   0.0039764406
6   7   2   4   -0.0000003701
6   7   3   4   0.0033986068
6   7   4   5   -0.0000153358
6   7   4   6   -0.0000060681
6   7   5   5   0.0000060681
6   7   5   6   -0.0000153358
6   7   6   4   0.0000659159
6   8   1   4   0.0000045050
6   8   2   4   -0.0015625939
6   8   3   4   0.0000562318
6   8   4   5   -0.0000381965
6   8   4   6   -0.0000151136
6   8   5   5   0.0000151136
6   8   5   6   -0.0000381965
6   8   6   4   -0.0005933670
6   9   1   4   0.0031210575
6   9   2   4   -0.0000069005
6   9   3   4   0.0120042669
6   9   4   5   -0.0000994675
6   9   4   6   -0.0000393574
6   9   5   5   0.0000393574
6   9   5   6   -0.0000994675
6   9   6   4   -0.0014797634
6   10   1   5   -0.0000478401
6   10   1   6   -0.0000189294
6   10   2   5   -0.0000072732
6   10   2   6   -0.0000028779
6   10   3   5   -0.0002501341
6   10   3   6   -0.0000989734
6   10   4   4   0.0050917517
6   10   6   5   -0.0130561946
6   10   6   6   -0.0051660900
6   11   1   5   0.0000189294
6   11   1   6   -0.0000478401
6   11   2   5   0.0000028779
6   11   2   6   -0.0000072732
6   11   3   5   0.0000989734
6   11   3   6   -0.0002501341
6   11   5   4   0.0050917517
6   11   6   5   0.0051660900
6   11   6   6   -0.0130561946
6   12   1   4   0.0002358573
6   12   2   4   0.0002095306
6   12   3   4   -0.0012268484
6   12   4   5   -0.0014935637
6   12   4   6   -0.0005909750
6   12   5   5   0.0005909750
6   12   5   6   -0.0014935637
6   12   6   4   0.0328439704

End IJKA Block
Begin IABC Block
1   4   1   4   -0.0000253331
1   4   2   5   -0.0000041502
1   4   3   6   -0.0000041502
1   5   1   5   -0.0000239923
1   5   2   4   -0.0000042001
1   6   1   6   -0.0000239923
1   6   3   4   -0.0000042001
2   4   1   4   -0.0010247934
2   4   2   5   0.0036206265
2   4   3   6   0.0036206265
2   5   1   5   -0.0003945773
2   5   2   4   0.0036455520
2   6   1   6   -0.0003945773
2   6   3   4   0.0036455520
3   4   1   4   -0.0000583550
3   4   2   5   0.0000332669
3   4   3   6   0.0000332669
3   5   1   5   -0.0000531739
3   5   2   4   0.0000350586
3   6   1   6   -0.0000531739
3   6   3   4   0.0000350586
4   4   1   5   0.0002432710
4   4   1   6   0.0000962577
4   4   2   4   0.0003109886
4   4   3   4   0.0001230523
4   5   1   4   0.0002315282
4   5   2   5   0.0007391294
4   5   2   6   0.0000585057
4   5   3   5   0.0001758566
4   5   3   6   0.0001468284
4   6   1   4   0.0000916113
4   6   2   5   0.0000580972
4   6   2   6   0.0004444401
4   6   3   5   0.0001478608
4   6   3   6   0.0002924596
5   4   1   5   -0.0000962577
5   4   1   6   0.0002432710
5   4   2   4   -0.0001230523
5   4   3   4   0.0003109886
5   5   1   4   -0.0000916113
5   5   2   5   -0.0002924596
5   5   2   6   0.0001478608
5   5   3   5   0.0004444401
5   5   3   6   -0.0000580972
5   6   1   4   0.0002315282
5   6   2   5   0.0001468284
5   6   2   6   -0.0001758566
5   6   3   5   -0.0000585057
5   6   3   6   0.0007391294
6   4   1   4   -0.0032286186
6   4   2   5   -0.0025842771
6   4   3   6   -0.0025842771
6   5   1   5   -0.0041269918
6   5   2   4   -0.0026785298
6   6   1   6   -0.0041269918
6   6   3   4   -0.0026785298

End IABC Block
