Begin IJ Block
1   1   -6.6917943969
1   2   -0.0356805006
1   3   0.0213980610
2   2   -7.3400470473
2   3   0.0992533662
3   3   -6.4024924107
4   4   -6.2681277708
4   5   0.0000000000
5   5   -6.2681277708

End IJ Block
Begin IA Block
1   1   0.0983448467
2   1   0.0497214176
3   1   -0.0653538460
4   2   0.1474265667
4   3   0.1100468928
5   2   -0.1100468928
5   3   0.1474265667

End IA Block
Begin AB Block
1   1   -1.6379401980
2   2   -1.3034667458
3   3   -1.3034667458

End AB Block
Begin IJKL Block
1   6   1   6   1.6260464356
1   6   1   7   -0.0520097639
1   6   1   8   0.0685039810
1   6   2   6   -0.0520097639
1   6   2   7   0.0027593171
1   6   2   8   -0.0039113404
1   6   3   6   0.0685039810
1   6   3   7   -0.0039113404
1   6   3   8   0.0053817580
1   6   4   9   0.0001260906
1   6   5   10   0.0001260906
1   7   1   6   -0.0520097639
1   7   1   7   0.3298818669
1   7   1   8   -0.0681359664
1   7   2   6   0.0030991561
1   7   2   7   0.0158596607
1   7   2   8   -0.0022589145
1   7   3   6   -0.0043398813
1   7   3   7   -0.0146818289
1   7   3   8   0.0052097626
1   7   4   9   0.0040672071
1   7   5   10   0.0040672071
1   8   1   6   0.0685039810
1   8   1   7   -0.0681359664
1   8   1   8   0.3489105329
1   8   2   6   -0.0043398813
1   8   2   7   -0.0021038049
1   8   2   8   0.0142636187
1   8   3   6   0.0066512257
1   8   3   7   0.0053229724
1   8   3   8   -0.0140395644
1   8   4   9   -0.0008809805
1   8   5   10   -0.0008809805
1   9   1   9   0.3144335070
1   9   2   9   0.0140481244
1   9   3   9   -0.0125073735
1   9   4   6   0.0004840799
1   9   4   7   0.0042348408
1   9   4   8   -0.0010620273
1   10   1   10   0.3144335070
1   10   2   10   0.0140481244
1   10   3   10   -0.0125073735
1   10   5   6   0.0004840799
1   10   5   7   0.0042348408
1   10   5   8   -0.0010620273
2   6   1   6   -0.0520097639
2   6   1   7   0.0030991561
2   6   1   8   -0.0043398813
2   6   2   6   0.3298818669
2   6   2   7   0.0158596607
2   6   2   8   -0.0146818289
2   6   3   6   -0.0681359664
2   6   3   7   -0.0022589145
2   6   3   8   0.0052097626
2   6   4   9   0.0040672071
2   6   5   10   0.0040672071
2   7   1   6   0.0027593171
2   7   1   7   0.0158596607
2   7   1   8   -0.0021038049
2   7   2   6   0.0158596607
2   7   2   7   0.8689149175
2   7   2   8   -0.0009036690
2   7   3   6   -0.0021038049
2   7   3   7   -0.0009036690
2   7   3   8   0.1530493030
2   7   4   9   0.1485940678
2   7   5   10   0.1485940678
2   8   1   6   -0.0039113404
2   8   1   7   -0.0022589145
2   8   1   8   0.0142636187
2   8   2   6   -0.0146818289
2   8   2   7   -0.0009036690
2   8   2   8   0.8123235795
2   8   3   6   0.0053229724
2   8   3   7   0.1577510301
2   8   3   8   0.0165601787
2   8   4   9   0.0035354492
2   8   5   10   0.0035354492
2   9   1   9   0.0140481244
2   9   2   9   0.8031524584
2   9   3   9   0.0058706633
2   9   4   6   0.0042348408
2   9   4   7   0.1534103346
2   9   4   8   0.0036522217
2   10   1   10   0.0140481244
2   10   2   10   0.8031524584
2   10   3   10   0.0058706633
2   10   5   6   0.0042348408
2   10   5   7   0.1534103346
2   10   5   8   0.0036522217
3   6   1   6   0.0685039810
3   6   1   7   -0.0043398813
3   6   1   8   0.0066512257
3   6   2   6   -0.0681359664
3   6   2   7   -0.0021038049
3   6   2   8   0.0053229724
3   6   3   6   0.3489105329
3   6   3   7   0.0142636187
3   6   3   8   -0.0140395644
3   6   4   9   -0.0008809805
3   6   5   10   -0.0008809805
3   7   1   6   -0.0039113404
3   7   1   7   -0.0146818289
3   7   1   8   0.0053229724
3   7   2   6   -0.0022589145
3   7   2   7   -0.0009036690
3   7   2   8   0.1577510301
3   7   3   6   0.0142636187
3   7   3   7   0.8123235795
3   7   3   8   0.0165601787
3   7   4   9   0.0035354492
3   7   5   10   0.0035354492
3   8   1   6   0.0053817580
3   8   1   7   0.0052097626
3   8   1   8   -0.0140395644
3   8   2   6   0.0052097626
3   8   2   7   0.1530493030
3   8   2   8   0.0165601787
3   8   3   6   -0.0140395644
3   8   3   7   0.0165601787
3   8   3   8   0.8083651606
3   8   4   9   0.0311647092
3   8   5   10   0.0311647092
3   9   1   9   -0.0125073735
3   9   2   9   0.0058706633
3   9   3   9   0.7312041883
3   9   4   6   -0.0010620273
3   9   4   7   0.0036522217
3   9   4   8   0.0372281635
3   10   1   10   -0.0125073735
3   10   2   10   0.0058706633
3   10   3   10   0.7312041883
3   10   5   6   -0.0010620273
3   10   5   7   0.0036522217
3   10   5   8   0.0372281635
4   6   1   9   0.0004840799
4   6   2   9   0.0042348408
4   6   3   9   -0.0010620273
4   6   4   6   0.3144335070
4   6   4   7   0.0140481244
4   6   4   8   -0.0125073735
4   7   1   9   0.0042348408
4   7   2   9   0.1534103346
4   7   3   9   0.0036522217
4   7   4   6   0.0140481244
4   7   4   7   0.8031524584
4   7   4   8   0.0058706633
4   8   1   9   -0.0010620273
4   8   2   9   0.0036522217
4   8   3   9   0.0372281635
4   8   4   6   -0.0125073735
4   8   4   7   0.0058706633
4   8   4   8   0.7312041883
4   9   1   6   0.0001260906
4   9   1   7   0.0040672071
4   9   1   8   -0.0008809805
4   9   2   6   0.0040672071
4   9   2   7   0.1485940678
4   9   2   8   0.0035354492
4   9   3   6   -0.0008809805
4   9   3   7   0.0035354492
4   9   3   8   0.0311647092
4   9   4   9   0.7891327800
4   9   5   10   0.0300758245
4   10   4   10   0.7231084843
4   10   5   9   0.0359484712
5   6   1   10   0.0004840799
5   6   2   10   0.0042348408
5   6   3   10   -0.0010620273
5   6   5   6   0.3144335070
5   6   5   7   0.0140481244
5   6   5   8   -0.0125073735
5   7   1   10   0.0042348408
5   7   2   10   0.1534103346
5   7   3   10   0.0036522217
5   7   5   6   0.0140481244
5   7   5   7   0.8031524584
5   7   5   8   0.0058706633
5   8   1   10   -0.0010620273
5   8   2   10   0.0036522217
5   8   3   10   0.0372281635
5   8   5   6   -0.0125073735
5   8   5   7   0.0058706633
5   8   5   8   0.7312041883
5   9   4   10   0.0359484712
5   9   5   9   0.7231084843
5   10   1   6   0.0001260906
5   10   1   7   0.0040672071
5   10   1   8   -0.0008809805
5   10   2   6   0.0040672071
5   10   2   7   0.1485940678
5   10   2   8   0.0035354492
5   10   3   6   -0.0008809805
5   10   3   7   0.0035354492
5   10   3   8   0.0311647092
5   10   4   9   0.0300758245
5   10   5   10   0.7891327800

End IJKL Block
Begin IJAB Block
1   6   1   4   0.0052127740
1   6   2   5   0.0002649262
1   6   3   6   0.0002649262
1   7   1   4   -0.0001388507
1   7   2   5   0.0000163910
1   7   3   6   0.0000163910
1   8   1   4   0.0002462762
1   8   2   5   -0.0000721921
1   8   3   6   -0.0000721921
1   9   1   5   0.0001787107
1   9   1   6   0.0001333990
1   9   2   4   0.0001368476
1   9   3   4   0.0001021502
1   10   1   5   -0.0001333990
1   10   1   6   0.0001787107
1   10   2   4   -0.0001021502
1   10   3   4   0.0001368476
2   6   1   4   -0.0001388507
2   6   2   5   0.0000163910
2   6   3   6   0.0000163910
2   7   1   4   0.0004369317
2   7   2   5   0.0009760130
2   7   3   6   0.0009760130
2   8   1   4   -0.0005328268
2   8   2   5   0.0000605464
2   8   3   6   0.0000605464
2   9   1   5   0.0006022222
2   9   1   6   0.0004495301
2   9   2   4   0.0002670773
2   9   3   4   0.0001993604
2   10   1   5   -0.0004495301
2   10   1   6   0.0006022222
2   10   2   4   -0.0001993604
2   10   3   4   0.0002670773
3   6   1   4   0.0002462762
3   6   2   5   -0.0000721921
3   6   3   6   -0.0000721921
3   7   1   4   -0.0005328268
3   7   2   5   0.0000605464
3   7   3   6   0.0000605464
3   8   1   4   0.0007614760
3   8   2   5   0.0004555904
3   8   3   6   0.0004555904
3   9   1   5   -0.0007831914
3   9   1   6   -0.0005846150
3   9   2   4   -0.0002556216
3   9   3   4   -0.0001908093
3   10   1   5   0.0005846150
3   10   1   6   -0.0007831914
3   10   2   4   0.0001908093
3   10   3   4   -0.0002556216
4   6   1   5   0.0001368476
4   6   1   6   0.0001021502
4   6   2   4   0.0001787107
4   6   3   4   0.0001333990
4   7   1   5   0.0002670773
4   7   1   6   0.0001993604
4   7   2   4   0.0006022222
4   7   3   4   0.0004495301
4   8   1   5   -0.0002556216
4   8   1   6   -0.0001908093
4   8   2   4   -0.0007831914
4   8   3   4   -0.0005846150
4   9   1   4   0.0004998012
4   9   2   5   0.0022250393
4   9   2   6   0.0013356111
4   9   3   5   0.0013356111
4   9   3   6   0.0014327305
4   10   2   5   -0.0013356111
4   10   2   6   0.0012759678
4   10   3   5   -0.0004836590
4   10   3   6   0.0013356111
5   6   1   5   -0.0001021502
5   6   1   6   0.0001368476
5   6   2   4   -0.0001333990
5   6   3   4   0.0001787107
5   7   1   5   -0.0001993604
5   7   1   6   0.0002670773
5   7   2   4   -0.0004495301
5   7   3   4   0.0006022222
5   8   1   5   0.0001908093
5   8   1   6   -0.0002556216
5   8   2   4   0.0005846150
5   8   3   4   -0.0007831914
5   9   2   5   -0.0013356111
5   9   2   6   -0.0004836590
5   9   3   5   0.0012759678
5   9   3   6   0.0013356111
5   10   1   4   0.0004998012
5   10   2   5   0.0014327305
5   10   2   6   -0.0013356111
5   10   3   5   -0.0013356111
5   10   3   6   0.0022250393

End IJAB Block
Begin ABCD Block
1   4   1   4   0.2036086838
1   4   2   5   0.0206919562
1   4   3   6   0.0206919562
1   5   1   5   0.1349721888
1   5   2   4   0.0206921323
1   6   1   6   0.1349721888
1   6   3   4   0.0206921323
2   4   1   5   0.0206921323
2   4   2   4   0.1349721888
2   5   1   4   0.0206919562
2   5   2   5   0.1271745698
2   5   3   6   0.0078376566
2   6   2   6   0.1114993086
2   6   3   5   0.0078376047
3   4   1   6   0.0206921323
3   4   3   4   0.1349721888
3   5   2   6   0.0078376047
3   5   3   5   0.1114993086
3   6   1   4   0.0206919562
3   6   2   5   0.0078376566
3   6   3   6   0.1271745698

End ABCD Block
Begin AIJB Block
1   6   1   4   0.0038997091
1   6   2   4   -0.0000831230
1   6   3   4   0.0001334575
1   6   4   5   0.0001028276
1   6   4   6   0.0000767559
1   6   5   5   -0.0000767559
1   6   5   6   0.0001028276
1   7   1   4   -0.0000831230
1   7   2   4   0.0003176634
1   7   3   4   -0.0003262437
1   7   4   5   0.0001029474
1   7   4   6   0.0000768453
1   7   5   5   -0.0000768453
1   7   5   6   0.0001029474
1   8   1   4   0.0001334575
1   8   2   4   -0.0003262437
1   8   3   4   0.0005546526
1   8   4   5   -0.0001550614
1   8   4   6   -0.0001157459
1   8   5   5   0.0001157459
1   8   5   6   -0.0001550614
1   9   1   5   0.0001446024
1   9   1   6   0.0001079388
1   9   2   5   0.0003867298
1   9   2   6   0.0002886753
1   9   3   5   -0.0006059916
1   9   3   6   -0.0004523438
1   9   4   4   0.0004372723
1   10   1   5   -0.0001079388
1   10   1   6   0.0001446024
1   10   2   5   -0.0002886753
1   10   2   6   0.0003867298
1   10   3   5   0.0004523438
1   10   3   6   -0.0006059916
1   10   5   4   0.0004372723
2   6   1   5   0.0002420529
2   6   2   5   0.0000082886
2   6   3   5   -0.0000516415
2   6   4   4   0.0001446024
2   6   5   4   -0.0001079388
2   7   1   5   0.0000082886
2   7   2   5   0.0007502492
2   7   3   5   0.0000595676
2   7   4   4   0.0003867298
2   7   5   4   -0.0002886753
2   8   1   5   -0.0000516415
2   8   2   5   0.0000595676
2   8   3   5   0.0002815978
2   8   4   4   -0.0006059916
2   8   5   4   0.0004523438
2   9   1   4   0.0001028276
2   9   2   4   0.0001029474
2   9   3   4   -0.0001550614
2   9   4   5   0.0015658986
2   9   4   6   0.0009773875
2   9   5   5   -0.0009773875
2   9   5   6   -0.0004746454
2   10   1   4   -0.0000767559
2   10   2   4   -0.0000768453
2   10   3   4   0.0001157459
2   10   4   5   -0.0009773875
2   10   4   6   0.0010544495
2   10   5   5   0.0009860946
2   10   5   6   -0.0009773875
3   6   1   6   0.0002420529
3   6   2   6   0.0000082886
3   6   3   6   -0.0000516415
3   6   4   4   0.0001079388
3   6   5   4   0.0001446024
3   7   1   6   0.0000082886
3   7   2   6   0.0007502492
3   7   3   6   0.0000595676
3   7   4   4   0.0002886753
3   7   5   4   0.0003867298
3   8   1   6   -0.0000516415
3   8   2   6   0.0000595676
3   8   3   6   0.0002815978
3   8   4   4   -0.0004523438
3   8   5   4   -0.0006059916
3   9   1   4   0.0000767559
3   9   2   4   0.0000768453
3   9   3   4   -0.0001157459
3   9   4   5   0.0009773875
3   9   4   6   0.0009860946
3   9   5   5   0.0010544495
3   9   5   6   0.0009773875
3   10   1   4   0.0001028276
3   10   2   4   0.0001029474
3   10   3   4   -0.0001550614
3   10   4   5   -0.0004746454
3   10   4   6   0.0009773875
3   10   5   5   -0.0009773875
3   10   5   6   0.0015658986

1   6   6   1   -0.2287776402
1   6   7   1   0.0027517723
1   6   8   1   -0.0032223996
1   6   9   2   -0.0005072143
1   6   9   3   -0.0003786113
1   6   10   2   0.0003786113
1   6   10   3   -0.0005072143
1   7   6   1   0.0027517723
1   7   7   1   -0.1477207279
1   7   8   1   0.0118281509
1   7   9   2   -0.0036889577
1   7   9   3   -0.0027536308
1   7   10   2   0.0027536308
1   7   10   3   -0.0036889577
1   8   6   1   -0.0032223996
1   8   7   1   0.0118281509
1   8   8   1   -0.1486955037
1   8   9   2   0.0009013685
1   8   9   3   0.0006728286
1   8   10   2   -0.0006728286
1   8   10   3   0.0009013685
1   9   6   2   -0.0005101340
1   9   6   3   -0.0003807907
1   9   7   2   -0.0036863334
1   9   7   3   -0.0027516719
1   9   8   2   0.0008961575
1   9   8   3   0.0006689388
1   9   9   1   -0.1472389488
1   10   6   2   0.0003807907
1   10   6   3   -0.0005101340
1   10   7   2   0.0027516719
1   10   7   3   -0.0036863334
1   10   8   2   -0.0006689388
1   10   8   3   0.0008961575
1   10   10   1   -0.1472389488
2   6   6   2   -0.1472205941
2   6   7   2   0.0004319103
2   6   8   2   -0.0004017218
2   6   9   1   -0.0005101340
2   6   10   1   0.0003807907
2   7   6   2   0.0004319103
2   7   7   2   -0.1316147976
2   7   8   2   0.0041142490
2   7   9   1   -0.0036863334
2   7   10   1   0.0027516719
2   8   6   2   -0.0004017218
2   8   7   2   0.0041142490
2   8   8   2   -0.1310106842
2   8   9   1   0.0008961575
2   8   10   1   -0.0006689388
2   9   6   1   -0.0005072143
2   9   7   1   -0.0036889577
2   9   8   1   0.0009013685
2   9   9   2   -0.1318097587
2   9   9   3   -0.0008179945
2   9   10   2   0.0008179945
2   9   10   3   -0.0002515299
2   10   6   1   0.0003786113
2   10   7   1   0.0027536308
2   10   8   1   -0.0006728286
2   10   9   2   0.0008179945
2   10   9   3   -0.0002337193
2   10   10   2   -0.1313245095
2   10   10   3   0.0008179945
3   6   6   3   -0.1472205941
3   6   7   3   0.0004319103
3   6   8   3   -0.0004017218
3   6   9   1   -0.0003807907
3   6   10   1   -0.0005101340
3   7   6   3   0.0004319103
3   7   7   3   -0.1316147976
3   7   8   3   0.0041142490
3   7   9   1   -0.0027516719
3   7   10   1   -0.0036863334
3   8   6   3   -0.0004017218
3   8   7   3   0.0041142490
3   8   8   3   -0.1310106842
3   8   9   1   0.0006689388
3   8   10   1   0.0008961575
3   9   6   1   -0.0003786113
3   9   7   1   -0.0027536308
3   9   8   1   0.0006728286
3   9   9   2   -0.0008179945
3   9   9   3   -0.1313245095
3   9   10   2   -0.0002337193
3   9   10   3   -0.0008179945
3   10   6   1   -0.0005072143
3   10   7   1   -0.0036889577
3   10   8   1   0.0009013685
3   10   9   2   -0.0002515299
3   10   9   3   -0.0008179945
3   10   10   2   0.0008179945
3   10   10   3   -0.1318097587

End AIJB Block
Begin IJKA Block
1   6   1   4   -0.0610347155
1   6   2   4   0.0023571650
1   6   3   4   -0.0032061721
1   6   4   5   0.0002053615
1   6   4   6   0.0001532925
1   6   5   5   -0.0001532925
1   6   5   6   0.0002053615
1   7   1   4   0.0006262213
1   7   2   4   -0.0003954948
1   7   3   4   0.0004752607
1   7   4   5   -0.0001753402
1   7   4   6   -0.0001308831
1   7   5   5   0.0001308831
1   7   5   6   -0.0001753402
1   8   1   4   -0.0025973438
1   8   2   4   0.0005219752
1   8   3   4   -0.0006060931
1   8   4   5   -0.0000415444
1   8   4   6   -0.0000310109
1   8   5   5   0.0000310109
1   8   5   6   -0.0000415444
1   9   1   5   -0.0009665055
1   9   1   6   -0.0007214502
1   9   2   5   -0.0006325556
1   9   2   6   -0.0004721726
1   9   3   5   0.0005200194
1   9   3   6   0.0003881697
1   9   4   4   0.0000964503
1   10   1   5   0.0007214502
1   10   1   6   -0.0009665055
1   10   2   5   0.0004721726
1   10   2   6   -0.0006325556
1   10   3   5   -0.0003881697
1   10   3   6   0.0005200194
1   10   5   4   0.0000964503
2   6   1   4   0.0023544330
2   6   2   4   -0.0052117261
2   6   3   4   0.0019856717
2   6   4   5   0.0002126196
2   6   4   6   0.0001587104
2   6   5   5   -0.0001587104
2   6   5   6   0.0002126196
2   7   1   4   -0.0003618186
2   7   2   4   -0.0087302144
2   7   3   4   0.0045003482
2   7   4   5   -0.0086037242
2   7   4   6   -0.0064222693
2   7   5   5   0.0064222693
2   7   5   6   -0.0086037242
2   8   1   4   0.0004607333
2   8   2   4   0.0118347928
2   8   3   4   -0.0020636041
2   8   4   5   -0.0008989591
2   8   4   6   -0.0006710300
2   8   5   5   0.0006710300
2   8   5   6   -0.0008989591
2   9   1   5   -0.0005314516
2   9   1   6   -0.0003967032
2   9   2   5   -0.0247866663
2   9   2   6   -0.0185020629
2   9   3   5   -0.0012099593
2   9   3   6   -0.0009031768
2   9   4   4   -0.0007323230
2   10   1   5   0.0003967032
2   10   1   6   -0.0005314516
2   10   2   5   0.0185020629
2   10   2   6   -0.0247866663
2   10   3   5   0.0009031768
2   10   3   6   -0.0012099593
2   10   5   4   -0.0007323230
3   6   1   4   -0.0032547816
3   6   2   4   0.0018996363
3   6   3   4   -0.0059689486
3   6   4   5   -0.0001807529
3   6   4   6   -0.0001349234
3   6   5   5   0.0001349234
3   6   5   6   -0.0001807529
3   7   1   4   0.0004233598
3   7   2   4   0.0045583355
3   7   3   4   -0.0074831227
3   7   4   5   -0.0004563599
3   7   4   6   -0.0003406508
3   7   5   5   0.0003406508
3   7   5   6   -0.0004563599
3   8   1   4   -0.0005171327
3   8   2   4   -0.0020718360
3   8   3   4   0.0126805130
3   8   4   5   -0.0023575356
3   8   4   6   -0.0017597878
3   8   5   5   0.0017597878
3   8   5   6   -0.0023575356
3   9   1   5   0.0003922959
3   9   1   6   0.0002928301
3   9   2   5   -0.0009862809
3   9   2   6   -0.0007362116
3   9   3   5   -0.0215140404
3   9   3   6   -0.0160592040
3   9   4   4   0.0011151711
3   10   1   5   -0.0002928301
3   10   1   6   0.0003922959
3   10   2   5   0.0007362116
3   10   2   6   -0.0009862809
3   10   3   5   0.0160592040
3   10   3   6   -0.0215140404
3   10   5   4   0.0011151711
4   6   1   5   0.0002106092
4   6   1   6   0.0001572097
4   6   2   5   0.0001910353
4   6   2   6   0.0001425987
4   6   3   5   -0.0001857069
4   6   3   6   -0.0001386214
4   6   4   4   -0.0044850191
4   7   1   5   -0.0001364144
4   7   1   6   -0.0001018268
4   7   2   5   -0.0085983087
4   7   2   6   -0.0064182269
4   7   3   5   -0.0004399176
4   7   3   6   -0.0003283775
4   7   4   4   -0.0072689352
4   8   1   5   -0.0000563254
4   8   1   6   -0.0000420442
4   8   2   5   -0.0007910965
4   8   2   6   -0.0005905158
4   8   3   5   -0.0024359851
4   8   3   6   -0.0018183465
4   8   4   4   0.0099047334
4   9   1   4   0.0000763957
4   9   2   4   -0.0008363521
4   9   3   4   0.0010524028
4   9   4   5   -0.0265177388
4   9   4   6   -0.0197942259
4   9   5   5   0.0018199672
4   9   5   6   -0.0024381562
4   10   4   5   0.0160646916
4   10   4   6   -0.0215213920
4   10   5   5   -0.0025581906
4   10   5   6   -0.0019095671
5   6   1   5   -0.0001572097
5   6   1   6   0.0002106092
5   6   2   5   -0.0001425987
5   6   2   6   0.0001910353
5   6   3   5   0.0001386214
5   6   3   6   -0.0001857069
5   6   5   4   -0.0044850191
5   7   1   5   0.0001018268
5   7   1   6   -0.0001364144
5   7   2   5   0.0064182269
5   7   2   6   -0.0085983087
5   7   3   5   0.0003283775
5   7   3   6   -0.0004399176
5   7   5   4   -0.0072689352
5   8   1   5   0.0000420442
5   8   1   6   -0.0000563254
5   8   2   5   0.0005905158
5   8   2   6   -0.0007910965
5   8   3   5   0.0018183465
5   8   3   6   -0.0024359851
5   8   5   4   0.0099047334
5   9   4   5   0.0019095671
5   9   4   6   -0.0025581906
5   9   5   5   -0.0215213920
5   9   5   6   -0.0160646916
5   10   1   4   0.0000763957
5   10   2   4   -0.0008363521
5   10   3   4   0.0010524028
5   10   4   5   -0.0024381562
5   10   4   6   -0.0018199672
5   10   5   5   0.0197942259
5   10   5   6   -0.0265177388

End IJKA Block
Begin IABC Block
1   4   1   4   0.0010483421
1   4   2   5   0.0004996173
1   4   3   6   0.0004996173
1   5   1   5   0.0001272715
1   5   2   4   0.0005014998
1   6   1   6   0.0001272715
1   6   3   4   0.0005014998
2   4   1   4   -0.0002148034
2   4   2   5   -0.0000168258
2   4   3   6   -0.0000168258
2   5   1   5   -0.0000343719
2   5   2   4   -0.0000191093
2   6   1   6   -0.0000343719
2   6   3   4   -0.0000191093
3   4   1   4   -0.0005108742
3   4   2   5   -0.0004767225
3   4   3   6   -0.0004767225
3   5   1   5   -0.0004377203
3   5   2   4   -0.0004750791
3   6   1   6   -0.0004377203
3   6   3   4   -0.0004750791
4   4   1   5   0.0012303403
4   4   1   6   0.0009183903
4   4   2   4   0.0008170675
4   4   3   4   0.0006099019
4   5   1   4   0.0012214751
4   5   2   5   0.0005217249
4   5   2   6   0.0001714672
4   5   3   5   0.0000470979
4   5   3   6   0.0002289198
4   6   1   4   0.0009117728
4   6   2   5   0.0001708777
4   6   2   6   0.0000630956
4   6   3   5   0.0002297095
4   6   3   6   0.0003894428
5   4   1   5   -0.0009183903
5   4   1   6   0.0012303403
5   4   2   4   -0.0006099019
5   4   3   4   0.0008170675
5   5   1   4   -0.0009117728
5   5   2   5   -0.0003894428
5   5   2   6   0.0002297095
5   5   3   5   0.0000630956
5   5   3   6   -0.0001708777
5   6   1   4   0.0012214751
5   6   2   5   0.0002289198
5   6   2   6   -0.0000470979
5   6   3   5   -0.0001714672
5   6   3   6   0.0005217249

End IABC Block
