Begin IJ Block
1   1   -40.8714468783
1   2   0.0000376350
1   3   0.7526657221
1   6   0.0221642485
2   2   -5.8277883526
2   3   0.0002784584
2   6   -0.0152154460
3   3   -9.2723212521
3   6   -0.0684904668
4   4   -8.1600803796
4   5   -0.0000000000
5   5   -8.1600803796
6   6   -7.7741514077

End IJ Block
Begin IA Block
1   1   -0.0048871436
2   1   0.1055100116
3   1   0.0293474768
4   2   0.1907420820
4   3   0.0490326865
5   2   -0.0490326865
5   3   0.1907420820
6   1   -0.1932195149

End IA Block
Begin AB Block
1   1   -1.7966853055
2   2   -1.6096123193
3   3   -1.6096123193

End AB Block
Begin IJKL Block
1   7   1   7   5.3484918929
1   7   1   8   -0.0000186445
1   7   1   9   -0.5325305417
1   7   1   12   -0.0155269309
1   7   2   7   -0.0000186445
1   7   2   8   -0.0000005498
1   7   2   9   0.0000019265
1   7   2   12   0.0000012415
1   7   3   7   -0.5325305417
1   7   3   8   0.0000019265
1   7   3   9   0.0816500706
1   7   3   12   0.0025720891
1   7   4   10   0.0317993659
1   7   5   11   0.0317993659
1   7   6   7   -0.0155269309
1   7   6   8   0.0000012415
1   7   6   9   0.0025720891
1   7   6   12   0.0282262681
1   8   1   7   -0.0000186445
1   8   1   8   0.1537497933
1   8   1   9   0.0000806854
1   8   1   12   -0.0004947468
1   8   2   7   0.0000003112
1   8   2   8   -0.0000020465
1   8   2   9   0.0000003884
1   8   2   12   -0.0000001327
1   8   3   7   0.0000023654
1   8   3   8   0.0000043315
1   8   3   9   -0.0000006028
1   8   3   12   0.0000012825
1   8   4   10   0.0000023956
1   8   5   11   0.0000023956
1   8   6   7   0.0000010858
1   8   6   8   -0.0011718663
1   8   6   9   -0.0000014427
1   8   6   12   0.0000097391
1   9   1   7   -0.5325305417
1   9   1   8   0.0000806854
1   9   1   9   1.2639804401
1   9   1   12   0.0217322866
1   9   2   7   0.0000023654
1   9   2   8   -0.0000006147
1   9   2   9   -0.0000009222
1   9   2   12   0.0000005004
1   9   3   7   0.0862195608
1   9   3   8   -0.0000009090
1   9   3   9   -0.0238040927
1   9   3   12   -0.0006303647
1   9   4   10   0.0361215709
1   9   5   11   0.0361215709
1   9   6   7   0.0024951197
1   9   6   8   -0.0000009203
1   9   6   9   -0.0007490299
1   9   6   12   0.0324309884
1   10   1   10   1.1692407761
1   10   1   11   -0.0000000000
1   10   2   10   -0.0000007310
1   10   3   10   -0.0155944808
1   10   3   11   -0.0000000000
1   10   4   7   0.0369857598
1   10   4   8   0.0000024183
1   10   4   9   0.0367639620
1   10   4   12   0.0008466174
1   10   6   10   -0.0005659794
1   11   1   10   -0.0000000000
1   11   1   11   1.1692407761
1   11   2   11   -0.0000007310
1   11   3   10   -0.0000000000
1   11   3   11   -0.0155944808
1   11   5   7   0.0369857598
1   11   5   8   0.0000024183
1   11   5   9   0.0367639620
1   11   5   12   0.0008466174
1   11   6   11   -0.0005659794
1   12   1   7   -0.0155269309
1   12   1   8   -0.0004947468
1   12   1   9   0.0217322866
1   12   1   12   1.0932825454
1   12   2   7   0.0000010858
1   12   2   8   -0.0000002001
1   12   2   9   -0.0000001135
1   12   2   12   -0.0000004381
1   12   3   7   0.0024951197
1   12   3   8   0.0000009852
1   12   3   9   -0.0006809869
1   12   3   12   -0.0143809350
1   12   4   10   0.0007716286
1   12   5   11   0.0007716286
1   12   6   7   0.0335144509
1   12   6   8   0.0000091415
1   12   6   9   0.0334845897
1   12   6   12   0.0006413770
2   7   1   7   -0.0000186445
2   7   1   8   0.0000003112
2   7   1   9   0.0000023654
2   7   1   12   0.0000010858
2   7   2   7   0.1537497933
2   7   2   8   -0.0000020465
2   7   2   9   0.0000043315
2   7   2   12   -0.0011718663
2   7   3   7   0.0000806854
2   7   3   8   0.0000003884
2   7   3   9   -0.0000006028
2   7   3   12   -0.0000014427
2   7   4   10   0.0000023956
2   7   5   11   0.0000023956
2   7   6   7   -0.0004947468
2   7   6   8   -0.0000001327
2   7   6   9   0.0000012825
2   7   6   12   0.0000097391
2   8   1   7   -0.0000005498
2   8   1   8   -0.0000020465
2   8   1   9   -0.0000006147
2   8   1   12   -0.0000002001
2   8   2   7   -0.0000020465
2   8   2   8   1.6353202139
2   8   2   9   -0.0007423068
2   8   2   12   0.0194304649
2   8   3   7   -0.0000006147
2   8   3   8   -0.0007423068
2   8   3   9   -0.0000078485
2   8   3   12   -0.0000068595
2   8   4   10   -0.0000086329
2   8   5   11   -0.0000086329
2   8   6   7   -0.0000002001
2   8   6   8   0.0194304649
2   8   6   9   -0.0000068595
2   8   6   12   0.0001049953
2   9   1   7   0.0000019265
2   9   1   8   0.0000003884
2   9   1   9   -0.0000009222
2   9   1   12   -0.0000001135
2   9   2   7   0.0000043315
2   9   2   8   -0.0007423068
2   9   2   9   0.1540481664
2   9   2   12   -0.0149898234
2   9   3   7   -0.0000009090
2   9   3   8   0.0000033717
2   9   3   9   0.0000606349
2   9   3   12   -0.0000083856
2   9   4   10   0.0000144340
2   9   5   11   0.0000144340
2   9   6   7   0.0000009852
2   9   6   8   -0.0000128358
2   9   6   9   -0.0004768369
2   9   6   12   0.0000945152
2   10   1   10   -0.0000007310
2   10   2   10   0.1532906075
2   10   3   10   0.0000584121
2   10   4   7   0.0000024183
2   10   4   8   -0.0000003367
2   10   4   9   0.0000158424
2   10   4   12   -0.0000045354
2   10   6   10   -0.0004619770
2   11   1   11   -0.0000007310
2   11   2   11   0.1532906075
2   11   3   11   0.0000584121
2   11   5   7   0.0000024183
2   11   5   8   -0.0000003367
2   11   5   9   0.0000158424
2   11   5   12   -0.0000045354
2   11   6   11   -0.0004619770
2   12   1   7   0.0000012415
2   12   1   8   -0.0000001327
2   12   1   9   0.0000005004
2   12   1   12   -0.0000004381
2   12   2   7   -0.0011718663
2   12   2   8   0.0194304649
2   12   2   9   -0.0149898234
2   12   2   12   0.1692870254
2   12   3   7   -0.0000009203
2   12   3   8   -0.0000128358
2   12   3   9   -0.0000043530
2   12   3   12   0.0000581597
2   12   4   10   -0.0000023519
2   12   5   11   -0.0000023519
2   12   6   7   0.0000091415
2   12   6   8   0.0004701891
2   12   6   9   0.0000943162
2   12   6   12   -0.0005066194
3   7   1   7   -0.5325305417
3   7   1   8   0.0000023654
3   7   1   9   0.0862195608
3   7   1   12   0.0024951197
3   7   2   7   0.0000806854
3   7   2   8   -0.0000006147
3   7   2   9   -0.0000009090
3   7   2   12   -0.0000009203
3   7   3   7   1.2639804401
3   7   3   8   -0.0000009222
3   7   3   9   -0.0238040927
3   7   3   12   -0.0007490299
3   7   4   10   0.0361215709
3   7   5   11   0.0361215709
3   7   6   7   0.0217322866
3   7   6   8   0.0000005004
3   7   6   9   -0.0006303647
3   7   6   12   0.0324309884
3   8   1   7   0.0000019265
3   8   1   8   0.0000043315
3   8   1   9   -0.0000009090
3   8   1   12   0.0000009852
3   8   2   7   0.0000003884
3   8   2   8   -0.0007423068
3   8   2   9   0.0000033717
3   8   2   12   -0.0000128358
3   8   3   7   -0.0000009222
3   8   3   8   0.1540481664
3   8   3   9   0.0000606349
3   8   3   12   -0.0004768369
3   8   4   10   0.0000144340
3   8   5   11   0.0000144340
3   8   6   7   -0.0000001135
3   8   6   8   -0.0149898234
3   8   6   9   -0.0000083856
3   8   6   12   0.0000945152
3   9   1   7   0.0816500706
3   9   1   8   -0.0000006028
3   9   1   9   -0.0238040927
3   9   1   12   -0.0006809869
3   9   2   7   -0.0000006028
3   9   2   8   -0.0000078485
3   9   2   9   0.0000606349
3   9   2   12   -0.0000043530
3   9   3   7   -0.0238040927
3   9   3   8   0.0000606349
3   9   3   9   0.8718218071
3   9   3   12   0.0109771174
3   9   4   10   0.1532266223
3   9   5   11   0.1532266223
3   9   6   7   -0.0006809869
3   9   6   8   -0.0000043530
3   9   6   9   0.0109771174
3   9   6   12   0.1406498917
3   10   1   10   -0.0155944808
3   10   1   11   -0.0000000000
3   10   2   10   0.0000584121
3   10   3   10   0.8173786796
3   10   4   7   0.0367639620
3   10   4   8   0.0000158424
3   10   4   9   0.1578774889
3   10   4   12   0.0021359946
3   10   6   10   0.0096305478
3   11   1   10   -0.0000000000
3   11   1   11   -0.0155944808
3   11   2   11   0.0000584121
3   11   3   11   0.8173786796
3   11   5   7   0.0367639620
3   11   5   8   0.0000158424
3   11   5   9   0.1578774889
3   11   5   12   0.0021359946
3   11   6   11   0.0096305478
3   12   1   7   0.0025720891
3   12   1   8   0.0000012825
3   12   1   9   -0.0006303647
3   12   1   12   -0.0143809350
3   12   2   7   -0.0000014427
3   12   2   8   -0.0000068595
3   12   2   9   -0.0000083856
3   12   2   12   0.0000581597
3   12   3   7   -0.0007490299
3   12   3   8   -0.0004768369
3   12   3   9   0.0109771174
3   12   3   12   0.7712679149
3   12   4   10   0.0020155212
3   12   5   11   0.0020155212
3   12   6   7   0.0334845897
3   12   6   8   0.0000943162
3   12   6   9   0.1462093550
3   12   6   12   0.0097546941
4   7   1   10   0.0369857598
4   7   2   10   0.0000024183
4   7   3   10   0.0367639620
4   7   4   7   1.1692407761
4   7   4   8   -0.0000007310
4   7   4   9   -0.0155944808
4   7   4   12   -0.0005659794
4   7   5   7   -0.0000000000
4   7   5   9   -0.0000000000
4   7   6   10   0.0008466174
4   8   1   10   0.0000024183
4   8   2   10   -0.0000003367
4   8   3   10   0.0000158424
4   8   4   7   -0.0000007310
4   8   4   8   0.1532906075
4   8   4   9   0.0000584121
4   8   4   12   -0.0004619770
4   8   6   10   -0.0000045354
4   9   1   10   0.0367639620
4   9   2   10   0.0000158424
4   9   3   10   0.1578774889
4   9   4   7   -0.0155944808
4   9   4   8   0.0000584121
4   9   4   9   0.8173786796
4   9   4   12   0.0096305478
4   9   5   7   -0.0000000000
4   9   6   10   0.0021359946
4   10   1   7   0.0317993659
4   10   1   8   0.0000023956
4   10   1   9   0.0361215709
4   10   1   12   0.0007716286
4   10   2   7   0.0000023956
4   10   2   8   -0.0000086329
4   10   2   9   0.0000144340
4   10   2   12   -0.0000023519
4   10   3   7   0.0361215709
4   10   3   8   0.0000144340
4   10   3   9   0.1532266223
4   10   3   12   0.0020155212
4   10   4   10   0.8145502153
4   10   4   11   0.0000000000
4   10   5   10   0.0000000000
4   10   5   11   0.0317395363
4   10   6   7   0.0007716286
4   10   6   8   -0.0000023519
4   10   6   9   0.0020155212
4   10   6   12   0.0290961780
4   11   4   10   0.0000000000
4   11   4   11   0.7449841580
4   11   5   10   0.0378265210
4   11   5   11   0.0000000000
4   12   1   10   0.0008466174
4   12   2   10   -0.0000045354
4   12   3   10   0.0021359946
4   12   4   7   -0.0005659794
4   12   4   8   -0.0004619770
4   12   4   9   0.0096305478
4   12   4   12   0.7044377285
4   12   5   12   0.0000000000
4   12   6   10   0.0349542102
5   7   1   11   0.0369857598
5   7   2   11   0.0000024183
5   7   3   11   0.0367639620
5   7   4   7   -0.0000000000
5   7   4   9   -0.0000000000
5   7   5   7   1.1692407761
5   7   5   8   -0.0000007310
5   7   5   9   -0.0155944808
5   7   5   12   -0.0005659794
5   7   6   11   0.0008466174
5   8   1   11   0.0000024183
5   8   2   11   -0.0000003367
5   8   3   11   0.0000158424
5   8   5   7   -0.0000007310
5   8   5   8   0.1532906075
5   8   5   9   0.0000584121
5   8   5   12   -0.0004619770
5   8   6   11   -0.0000045354
5   9   1   11   0.0367639620
5   9   2   11   0.0000158424
5   9   3   11   0.1578774889
5   9   4   7   -0.0000000000
5   9   5   7   -0.0155944808
5   9   5   8   0.0000584121
5   9   5   9   0.8173786796
5   9   5   12   0.0096305478
5   9   6   11   0.0021359946
5   10   4   10   0.0000000000
5   10   4   11   0.0378265210
5   10   5   10   0.7449841580
5   10   5   11   0.0000000000
5   11   1   7   0.0317993659
5   11   1   8   0.0000023956
5   11   1   9   0.0361215709
5   11   1   12   0.0007716286
5   11   2   7   0.0000023956
5   11   2   8   -0.0000086329
5   11   2   9   0.0000144340
5   11   2   12   -0.0000023519
5   11   3   7   0.0361215709
5   11   3   8   0.0000144340
5   11   3   9   0.1532266223
5   11   3   12   0.0020155212
5   11   4   10   0.0317395363
5   11   4   11   0.0000000000
5   11   5   10   0.0000000000
5   11   5   11   0.8145502153
5   11   6   7   0.0007716286
5   11   6   8   -0.0000023519
5   11   6   9   0.0020155212
5   11   6   12   0.0290961780
5   12   1   11   0.0008466174
5   12   2   11   -0.0000045354
5   12   3   11   0.0021359946
5   12   4   12   0.0000000000
5   12   5   7   -0.0005659794
5   12   5   8   -0.0004619770
5   12   5   9   0.0096305478
5   12   5   12   0.7044377285
5   12   6   11   0.0349542102
6   7   1   7   -0.0155269309
6   7   1   8   0.0000010858
6   7   1   9   0.0024951197
6   7   1   12   0.0335144509
6   7   2   7   -0.0004947468
6   7   2   8   -0.0000002001
6   7   2   9   0.0000009852
6   7   2   12   0.0000091415
6   7   3   7   0.0217322866
6   7   3   8   -0.0000001135
6   7   3   9   -0.0006809869
6   7   3   12   0.0334845897
6   7   4   10   0.0007716286
6   7   5   11   0.0007716286
6   7   6   7   1.0932825454
6   7   6   8   -0.0000004381
6   7   6   9   -0.0143809350
6   7   6   12   0.0006413770
6   8   1   7   0.0000012415
6   8   1   8   -0.0011718663
6   8   1   9   -0.0000009203
6   8   1   12   0.0000091415
6   8   2   7   -0.0000001327
6   8   2   8   0.0194304649
6   8   2   9   -0.0000128358
6   8   2   12   0.0004701891
6   8   3   7   0.0000005004
6   8   3   8   -0.0149898234
6   8   3   9   -0.0000043530
6   8   3   12   0.0000943162
6   8   4   10   -0.0000023519
6   8   5   11   -0.0000023519
6   8   6   7   -0.0000004381
6   8   6   8   0.1692870254
6   8   6   9   0.0000581597
6   8   6   12   -0.0005066194
6   9   1   7   0.0025720891
6   9   1   8   -0.0000014427
6   9   1   9   -0.0007490299
6   9   1   12   0.0334845897
6   9   2   7   0.0000012825
6   9   2   8   -0.0000068595
6   9   2   9   -0.0004768369
6   9   2   12   0.0000943162
6   9   3   7   -0.0006303647
6   9   3   8   -0.0000083856
6   9   3   9   0.0109771174
6   9   3   12   0.1462093550
6   9   4   10   0.0020155212
6   9   5   11   0.0020155212
6   9   6   7   -0.0143809350
6   9   6   8   0.0000581597
6   9   6   9   0.7712679149
6   9   6   12   0.0097546941
6   10   1   10   -0.0005659794
6   10   2   10   -0.0004619770
6   10   3   10   0.0096305478
6   10   4   7   0.0008466174
6   10   4   8   -0.0000045354
6   10   4   9   0.0021359946
6   10   4   12   0.0349542102
6   10   6   10   0.7044377285
6   10   6   11   0.0000000000
6   11   1   11   -0.0005659794
6   11   2   11   -0.0004619770
6   11   3   11   0.0096305478
6   11   5   7   0.0008466174
6   11   5   8   -0.0000045354
6   11   5   9   0.0021359946
6   11   5   12   0.0349542102
6   11   6   10   0.0000000000
6   11   6   11   0.7044377285
6   12   1   7   0.0282262681
6   12   1   8   0.0000097391
6   12   1   9   0.0324309884
6   12   1   12   0.0006413770
6   12   2   7   0.0000097391
6   12   2   8   0.0001049953
6   12   2   9   0.0000945152
6   12   2   12   -0.0005066194
6   12   3   7   0.0324309884
6   12   3   8   0.0000945152
6   12   3   9   0.1406498917
6   12   3   12   0.0097546941
6   12   4   10   0.0290961780
6   12   5   11   0.0290961780
6   12   6   7   0.0006413770
6   12   6   8   -0.0005066194
6   12   6   9   0.0097546941
6   12   6   12   0.7272663364

End IJKL Block
Begin IJAB Block
1   7   1   4   0.0002185241
1   7   2   5   0.0001163034
1   7   3   6   0.0001163034
1   8   1   4   0.0000008064
1   8   2   5   -0.0000004375
1   8   3   6   -0.0000004375
1   9   1   4   0.0002213768
1   9   2   5   0.0001160480
1   9   3   6   0.0001160480
1   10   1   5   0.0000026438
1   10   1   6   0.0000006796
1   10   2   4   0.0000162113
1   10   3   4   0.0000041673
1   11   1   5   -0.0000006796
1   11   1   6   0.0000026438
1   11   2   4   -0.0000041673
1   11   3   4   0.0000162113
1   12   1   4   -0.0000347278
1   12   2   5   0.0000039096
1   12   3   6   0.0000039096
2   7   1   4   0.0000008064
2   7   2   5   -0.0000004375
2   7   3   6   -0.0000004375
2   8   1   4   0.0119200870
2   8   2   5   0.0017467341
2   8   3   6   0.0017467341
2   9   1   4   -0.0000111893
2   9   2   5   0.0000137673
2   9   3   6   0.0000137673
2   10   1   5   -0.0000009575
2   10   1   6   -0.0000002461
2   10   2   4   0.0000763026
2   10   3   4   0.0000196145
2   11   1   5   0.0000002461
2   11   1   6   -0.0000009575
2   11   2   4   -0.0000196145
2   11   3   4   0.0000763026
2   12   1   4   0.0004688898
2   12   2   5   -0.0003977296
2   12   3   6   -0.0003977296
3   7   1   4   0.0002213768
3   7   2   5   0.0001160480
3   7   3   6   0.0001160480
3   8   1   4   -0.0000111893
3   8   2   5   0.0000137673
3   8   3   6   0.0000137673
3   9   1   4   0.0011568230
3   9   2   5   0.0005205004
3   9   3   6   0.0005205004
3   10   1   5   0.0002205657
3   10   1   6   0.0000566992
3   10   2   4   0.0001085924
3   10   3   4   0.0000279150
3   11   1   5   -0.0000566992
3   11   1   6   0.0002205657
3   11   2   4   -0.0000279150
3   11   3   4   0.0001085924
3   12   1   4   -0.0005869420
3   12   2   5   -0.0000156548
3   12   3   6   -0.0000156548
4   7   1   5   0.0000162113
4   7   1   6   0.0000041673
4   7   2   4   0.0000026438
4   7   3   4   0.0000006796
4   8   1   5   0.0000763026
4   8   1   6   0.0000196145
4   8   2   4   -0.0000009575
4   8   3   4   -0.0000002461
4   9   1   5   0.0001085924
4   9   1   6   0.0000279150
4   9   2   4   0.0002205657
4   9   3   4   0.0000566992
4   10   1   4   0.0007158980
4   10   2   5   0.0016002814
4   10   2   6   0.0003522522
4   10   3   5   0.0003522522
4   10   3   6   0.0003205357
4   11   2   5   -0.0003522522
4   11   2   6   0.0011092265
4   11   3   5   0.0001705192
4   11   3   6   0.0003522522
4   12   1   5   -0.0005749430
4   12   1   6   -0.0001477964
4   12   2   4   -0.0019320610
4   12   3   4   -0.0004966609
5   7   1   5   -0.0000041673
5   7   1   6   0.0000162113
5   7   2   4   -0.0000006796
5   7   3   4   0.0000026438
5   8   1   5   -0.0000196145
5   8   1   6   0.0000763026
5   8   2   4   0.0000002461
5   8   3   4   -0.0000009575
5   9   1   5   -0.0000279150
5   9   1   6   0.0001085924
5   9   2   4   -0.0000566992
5   9   3   4   0.0002205657
5   10   2   5   -0.0003522522
5   10   2   6   0.0001705192
5   10   3   5   0.0011092265
5   10   3   6   0.0003522522
5   11   1   4   0.0007158980
5   11   2   5   0.0003205357
5   11   2   6   -0.0003522522
5   11   3   5   -0.0003522522
5   11   3   6   0.0016002814
5   12   1   5   0.0001477964
5   12   1   6   -0.0005749430
5   12   2   4   0.0004966609
5   12   3   4   -0.0019320610
6   7   1   4   -0.0000347278
6   7   2   5   0.0000039096
6   7   3   6   0.0000039096
6   8   1   4   0.0004688898
6   8   2   5   -0.0003977296
6   8   3   6   -0.0003977296
6   9   1   4   -0.0005869420
6   9   2   5   -0.0000156548
6   9   3   6   -0.0000156548
6   10   1   5   -0.0019320610
6   10   1   6   -0.0004966609
6   10   2   4   -0.0005749430
6   10   3   4   -0.0001477964
6   11   1   5   0.0004966609
6   11   1   6   -0.0019320610
6   11   2   4   0.0001477964
6   11   3   4   -0.0005749430
6   12   1   4   0.0055136229
6   12   2   5   0.0005499266
6   12   3   6   0.0005499266

End IJAB Block
Begin ABCD Block
1   4   1   4   0.2327720514
1   4   2   5   0.0340980621
1   4   3   6   0.0340980621
1   5   1   5   0.1790877350
1   5   2   4   0.0340995696
1   6   1   6   0.1790877350
1   6   3   4   0.0340995696
2   4   1   5   0.0340995696
2   4   2   4   0.1790877350
2   5   1   4   0.0340980621
2   5   2   5   0.1665362103
2   5   3   6   0.0089657125
2   6   2   6   0.1486047850
2   6   3   5   0.0089657128
3   4   1   6   0.0340995696
3   4   3   4   0.1790877350
3   5   2   6   0.0089657128
3   5   3   5   0.1486047850
3   6   1   4   0.0340980621
3   6   2   5   0.0089657125
3   6   3   6   0.1665362103

End ABCD Block
Begin AIJB Block
1   7   1   4   0.0002250996
1   7   2   4   0.0000010197
1   7   3   4   0.0002110173
1   7   4   5   0.0000112013
1   7   4   6   0.0000028794
1   7   5   5   -0.0000028794
1   7   5   6   0.0000112013
1   7   6   4   -0.0000061004
1   8   1   4   0.0000010197
1   8   2   4   0.0090745926
1   8   3   4   -0.0000038746
1   8   4   5   0.0000612690
1   8   4   6   0.0000157500
1   8   5   5   -0.0000157500
1   8   5   6   0.0000612690
1   8   6   4   0.0002958086
1   9   1   4   0.0002110173
1   9   2   4   -0.0000038746
1   9   3   4   0.0009255696
1   9   4   5   0.0000397469
1   9   4   6   0.0000102175
1   9   5   5   -0.0000102175
1   9   5   6   0.0000397469
1   9   6   4   -0.0001152797
1   10   1   5   -0.0000040863
1   10   1   6   -0.0000010504
1   10   2   5   -0.0000004690
1   10   2   6   -0.0000001206
1   10   3   5   0.0000829204
1   10   3   6   0.0000213158
1   10   4   4   0.0002443217
1   10   6   5   -0.0017748761
1   10   6   6   -0.0004562545
1   11   1   5   0.0000010504
1   11   1   6   -0.0000040863
1   11   2   5   0.0000001206
1   11   2   6   -0.0000004690
1   11   3   5   -0.0000213158
1   11   3   6   0.0000829204
1   11   5   4   0.0002443217
1   11   6   5   0.0004562545
1   11   6   6   -0.0017748761
1   12   1   4   -0.0000061004
1   12   2   4   0.0002958086
1   12   3   4   -0.0001152797
1   12   4   5   -0.0002668084
1   12   4   6   -0.0000685865
1   12   5   5   0.0000685865
1   12   5   6   -0.0002668084
1   12   6   4   0.0034123708
2   7   1   5   0.0001175797
2   7   2   5   -0.0000006752
2   7   3   5   0.0001077124
2   7   4   4   -0.0000040863
2   7   5   4   0.0000010504
2   7   6   5   0.0000077769
2   8   1   5   -0.0000006752
2   8   2   5   0.0015652702
2   8   3   5   0.0000079158
2   8   4   4   -0.0000004690
2   8   5   4   0.0000001206
2   8   6   5   -0.0003290439
2   9   1   5   0.0001077124
2   9   2   5   0.0000079158
2   9   3   5   0.0004316685
2   9   4   4   0.0000829204
2   9   5   4   -0.0000213158
2   9   6   5   0.0000181904
2   10   1   4   0.0000112013
2   10   2   4   0.0000612690
2   10   3   4   0.0000397469
2   10   4   5   0.0014039752
2   10   4   6   0.0003261451
2   10   5   5   -0.0003261451
2   10   5   6   0.0000550453
2   10   6   4   -0.0002668084
2   11   1   4   -0.0000028794
2   11   2   4   -0.0000157500
2   11   3   4   -0.0000102175
2   11   4   5   -0.0003261451
2   11   4   6   0.0011298523
2   11   5   5   0.0002190776
2   11   5   6   -0.0003261451
2   11   6   4   0.0000685865
2   12   1   5   0.0000077769
2   12   2   5   -0.0003290439
2   12   3   5   0.0000181904
2   12   4   4   -0.0017748761
2   12   5   4   0.0004562545
2   12   6   5   0.0006092968
3   7   1   6   0.0001175797
3   7   2   6   -0.0000006752
3   7   3   6   0.0001077124
3   7   4   4   -0.0000010504
3   7   5   4   -0.0000040863
3   7   6   6   0.0000077769
3   8   1   6   -0.0000006752
3   8   2   6   0.0015652702
3   8   3   6   0.0000079158
3   8   4   4   -0.0000001206
3   8   5   4   -0.0000004690
3   8   6   6   -0.0003290439
3   9   1   6   0.0001077124
3   9   2   6   0.0000079158
3   9   3   6   0.0004316685
3   9   4   4   0.0000213158
3   9   5   4   0.0000829204
3   9   6   6   0.0000181904
3   10   1   4   0.0000028794
3   10   2   4   0.0000157500
3   10   3   4   0.0000102175
3   10   4   5   0.0003261451
3   10   4   6   0.0002190776
3   10   5   5   0.0011298523
3   10   5   6   0.0003261451
3   10   6   4   -0.0000685865
3   11   1   4   0.0000112013
3   11   2   4   0.0000612690
3   11   3   4   0.0000397469
3   11   4   5   0.0000550453
3   11   4   6   0.0003261451
3   11   5   5   -0.0003261451
3   11   5   6   0.0014039752
3   11   6   4   -0.0002668084
3   12   1   6   0.0000077769
3   12   2   6   -0.0003290439
3   12   3   6   0.0000181904
3   12   4   4   -0.0004562545
3   12   5   4   -0.0017748761
3   12   6   6   0.0006092968

1   7   7   1   -0.1197956417
1   7   8   1   0.0000003947
1   7   9   1   0.0001099002
1   7   10   2   -0.0002071949
1   7   10   3   -0.0000532621
1   7   11   2   0.0000532621
1   7   11   3   -0.0002071949
1   7   12   1   0.0006368743
1   8   7   1   0.0000003947
1   8   8   1   -0.2844681104
1   8   9   1   0.0000415038
1   8   10   2   -0.0000632927
1   8   10   3   -0.0000162702
1   8   11   2   0.0000162702
1   8   11   3   -0.0000632927
1   8   12   1   -0.0009156967
1   9   7   1   0.0001099002
1   9   8   1   0.0000415038
1   9   9   1   -0.1173450572
1   9   10   2   -0.0023824974
1   9   10   3   -0.0006124514
1   9   11   2   0.0006124514
1   9   11   3   -0.0023824974
1   9   12   1   0.0075632110
1   10   7   2   -0.0002094573
1   10   7   3   -0.0000538437
1   10   8   2   -0.0000640221
1   10   8   3   -0.0000164577
1   10   9   2   -0.0023824145
1   10   9   3   -0.0006124300
1   10   10   1   -0.1167042882
1   10   12   2   0.0010140112
1   10   12   3   0.0002606645
1   11   7   2   0.0000538437
1   11   7   3   -0.0002094573
1   11   8   2   0.0000164577
1   11   8   3   -0.0000640221
1   11   9   2   0.0006124300
1   11   9   3   -0.0023824145
1   11   11   1   -0.1167042882
1   11   12   2   -0.0002606645
1   11   12   3   0.0010140112
1   12   7   1   0.0006368743
1   12   8   1   -0.0009156967
1   12   9   1   0.0075632110
1   12   10   2   0.0010434938
1   12   10   3   0.0002682434
1   12   11   2   -0.0002682434
1   12   11   3   0.0010434938
1   12   12   1   -0.1226058824
2   7   7   2   -0.1193494568
2   7   8   2   0.0000000883
2   7   9   2   0.0000474433
2   7   10   1   -0.0002094573
2   7   11   1   0.0000538437
2   7   12   2   0.0005288523
2   8   7   2   0.0000000883
2   8   8   2   -0.2138361446
2   8   9   2   0.0000150445
2   8   10   1   -0.0000640221
2   8   11   1   0.0000164577
2   8   12   2   -0.0002233534
2   9   7   2   0.0000474433
2   9   8   2   0.0000150445
2   9   9   2   -0.1183024455
2   9   10   1   -0.0023824145
2   9   11   1   0.0006124300
2   9   12   2   0.0066235661
2   10   7   1   -0.0002071949
2   10   8   1   -0.0000632927
2   10   9   1   -0.0023824974
2   10   10   2   -0.1185437723
2   10   10   3   -0.0001842612
2   10   11   2   0.0001842612
2   10   11   3   -0.0003415968
2   10   12   1   0.0010434938
2   11   7   1   0.0000532621
2   11   8   1   0.0000162702
2   11   9   1   0.0006124514
2   11   10   2   0.0001842612
2   11   10   3   -0.0003278312
2   11   11   2   -0.1178743443
2   11   11   3   0.0001842612
2   11   12   1   -0.0002682434
2   12   7   2   0.0005288523
2   12   8   2   -0.0002233534
2   12   9   2   0.0066235661
2   12   10   1   0.0010140112
2   12   11   1   -0.0002606645
2   12   12   2   -0.1225261926
3   7   7   3   -0.1193494568
3   7   8   3   0.0000000883
3   7   9   3   0.0000474433
3   7   10   1   -0.0000538437
3   7   11   1   -0.0002094573
3   7   12   3   0.0005288523
3   8   7   3   0.0000000883
3   8   8   3   -0.2138361446
3   8   9   3   0.0000150445
3   8   10   1   -0.0000164577
3   8   11   1   -0.0000640221
3   8   12   3   -0.0002233534
3   9   7   3   0.0000474433
3   9   8   3   0.0000150445
3   9   9   3   -0.1183024455
3   9   10   1   -0.0006124300
3   9   11   1   -0.0023824145
3   9   12   3   0.0066235661
3   10   7   1   -0.0000532621
3   10   8   1   -0.0000162702
3   10   9   1   -0.0006124514
3   10   10   2   -0.0001842612
3   10   10   3   -0.1178743443
3   10   11   2   -0.0003278312
3   10   11   3   -0.0001842612
3   10   12   1   0.0002682434
3   11   7   1   -0.0002071949
3   11   8   1   -0.0000632927
3   11   9   1   -0.0023824974
3   11   10   2   -0.0003415968
3   11   10   3   -0.0001842612
3   11   11   2   0.0001842612
3   11   11   3   -0.1185437723
3   11   12   1   0.0010434938
3   12   7   3   0.0005288523
3   12   8   3   -0.0002233534
3   12   9   3   0.0066235661
3   12   10   1   0.0002606645
3   12   11   1   0.0010140112
3   12   12   3   -0.1225261926

End AIJB Block
Begin IJKA Block
1   7   1   4   0.0038980509
1   7   2   4   -0.0000004593
1   7   3   4   -0.0006627884
1   7   4   5   -0.0019265565
1   7   4   6   -0.0004952459
1   7   5   5   0.0004952459
1   7   5   6   -0.0019265565
1   7   6   4   0.0025973062
1   8   1   4   -0.0010212621
1   8   2   4   -0.0000000025
1   8   3   4   0.0000030504
1   8   4   5   0.0000134911
1   8   4   6   0.0000034681
1   8   5   5   -0.0000034681
1   8   5   6   0.0000134911
1   8   6   4   0.0000147709
1   9   1   4   -0.0050693198
1   9   2   4   -0.0000003578
1   9   3   4   0.0000782857
1   9   4   5   -0.0018333204
1   9   4   6   -0.0004712784
1   9   5   5   0.0004712784
1   9   5   6   -0.0018333204
1   9   6   4   0.0025439314
1   10   1   5   -0.0289697968
1   10   1   6   -0.0074470560
1   10   2   5   0.0000002268
1   10   2   6   0.0000000583
1   10   3   5   -0.0002042927
1   10   3   6   -0.0000525161
1   10   4   4   -0.0002186931
1   10   6   5   -0.0000758649
1   10   6   6   -0.0000195020
1   11   1   5   0.0074470560
1   11   1   6   -0.0289697968
1   11   2   5   -0.0000000583
1   11   2   6   0.0000002268
1   11   3   5   0.0000525161
1   11   3   6   -0.0002042927
1   11   5   4   -0.0002186931
1   11   6   5   0.0000195020
1   11   6   6   -0.0000758649
1   12   1   4   0.0287837016
1   12   2   4   -0.0000006348
1   12   3   4   0.0009393541
1   12   4   5   -0.0001243171
1   12   4   6   -0.0000319573
1   12   5   5   0.0000319573
1   12   5   6   -0.0001243171
1   12   6   4   0.0000138967
2   7   1   4   0.0000021713
2   7   2   4   -0.0000822577
2   7   3   4   0.0000018275
2   7   4   5   -0.0000001390
2   7   4   6   -0.0000000357
2   7   5   5   0.0000000357
2   7   5   6   -0.0000001390
2   7   6   4   0.0000006107
2   8   1   4   -0.0000001326
2   8   2   4   -0.0978410816
2   8   3   4   0.0000608005
2   8   4   5   0.0000286983
2   8   4   6   0.0000073773
2   8   5   5   -0.0000073773
2   8   5   6   0.0000286983
2   8   6   4   -0.0015625991
2   9   1   4   0.0000021154
2   9   2   4   -0.0001540376
2   9   3   4   0.0000074514
2   9   4   5   -0.0000003485
2   9   4   6   -0.0000000896
2   9   5   5   0.0000000896
2   9   5   6   -0.0000003485
2   9   6   4   0.0000020159
2   10   1   5   -0.0000001041
2   10   1   6   -0.0000000268
2   10   2   5   0.0012505372
2   10   2   6   0.0003214665
2   10   3   5   -0.0000018536
2   10   3   6   -0.0000004765
2   10   4   4   0.0000053687
2   10   6   5   0.0000016798
2   10   6   6   0.0000004318
2   11   1   5   0.0000000268
2   11   1   6   -0.0000001041
2   11   2   5   -0.0003214665
2   11   2   6   0.0012505372
2   11   3   5   0.0000004765
2   11   3   6   -0.0000018536
2   11   5   4   0.0000053687
2   11   6   5   -0.0000004318
2   11   6   6   0.0000016798
2   12   1   4   0.0000001338
2   12   2   4   -0.0122292510
2   12   3   4   0.0000028974
2   12   4   5   -0.0000132329
2   12   4   6   -0.0000034017
2   12   5   5   0.0000034017
2   12   5   6   -0.0000132329
2   12   6   4   0.0000047145
3   7   1   4   -0.0007411934
3   7   2   4   -0.0000004436
3   7   3   4   0.0000889111
3   7   4   5   -0.0020698205
3   7   4   6   -0.0005320738
3   7   5   5   0.0005320738
3   7   5   6   -0.0020698205
3   7   6   4   0.0028795340
3   8   1   4   0.0000032317
3   8   2   4   0.0000638584
3   8   3   4   -0.0009968569
3   8   4   5   0.0001500080
3   8   4   6   0.0000385615
3   8   5   5   -0.0000385615
3   8   5   6   0.0001500080
3   8   6   4   0.0001763542
3   9   1   4   -0.0000025351
3   9   2   4   0.0000033687
3   9   3   4   -0.0034775572
3   9   4   5   -0.0078882446
3   9   4   6   -0.0020277739
3   9   5   5   0.0020277739
3   9   5   6   -0.0078882446
3   9   6   4   0.0117095961
3   10   1   5   -0.0004891872
3   10   1   6   -0.0001257518
3   10   2   5   0.0000017224
3   10   2   6   0.0000004428
3   10   3   5   -0.0233999003
3   10   3   6   -0.0060152430
3   10   4   4   -0.0007392210
3   10   6   5   -0.0007592400
3   10   6   6   -0.0001951723
3   11   1   5   0.0001257518
3   11   1   6   -0.0004891872
3   11   2   5   -0.0000004428
3   11   2   6   0.0000017224
3   11   3   5   0.0060152430
3   11   3   6   -0.0233999003
3   11   5   4   -0.0007392210
3   11   6   5   0.0001951723
3   11   6   6   -0.0007592400
3   12   1   4   0.0014915028
3   12   2   4   -0.0000083277
3   12   3   4   0.0287619269
3   12   4   5   -0.0009066789
3   12   4   6   -0.0002330734
3   12   5   5   0.0002330734
3   12   5   6   -0.0009066789
3   12   6   4   0.0005808337
4   7   1   5   -0.0023154822
4   7   1   6   -0.0005952242
4   7   2   5   -0.0000001298
4   7   2   6   -0.0000000334
4   7   3   5   -0.0021551252
4   7   3   6   -0.0005540024
4   7   4   4   0.0000732188
4   7   6   5   -0.0000413925
4   7   6   6   -0.0000106405
4   8   1   5   0.0000119485
4   8   1   6   0.0000030715
4   8   2   5   0.0000204279
4   8   2   6   0.0000052512
4   8   3   5   0.0001426166
4   8   3   6   0.0000366614
4   8   4   4   -0.0009804917
4   8   6   5   -0.0000751149
4   8   6   6   -0.0000193092
4   9   1   5   -0.0019496182
4   9   1   6   -0.0005011742
4   9   2   5   0.0000003133
4   9   2   6   0.0000000805
4   9   3   5   -0.0078295737
4   9   3   6   -0.0020126919
4   9   4   4   -0.0029426054
4   9   6   5   -0.0001249868
4   9   6   6   -0.0000321295
4   10   1   4   -0.0001843338
4   10   2   4   0.0000114182
4   10   3   4   -0.0007404976
4   10   4   5   -0.0254556878
4   10   4   6   -0.0065437094
4   10   5   5   0.0006090828
4   10   5   6   -0.0023693933
4   10   6   4   0.0041420618
4   11   4   5   0.0053134008
4   11   4   6   -0.0206696635
4   11   5   5   -0.0024166310
4   11   5   6   -0.0006212258
4   12   1   5   -0.0001242309
4   12   1   6   -0.0000319351
4   12   2   5   -0.0000098420
4   12   2   6   -0.0000025300
4   12   3   5   -0.0007209896
4   12   3   6   -0.0001853396
4   12   4   4   0.0251442039
4   12   6   5   -0.0025553124
4   12   6   6   -0.0006568757
5   7   1   5   0.0005952242
5   7   1   6   -0.0023154822
5   7   2   5   0.0000000334
5   7   2   6   -0.0000001298
5   7   3   5   0.0005540024
5   7   3   6   -0.0021551252
5   7   5   4   0.0000732188
5   7   6   5   0.0000106405
5   7   6   6   -0.0000413925
5   8   1   5   -0.0000030715
5   8   1   6   0.0000119485
5   8   2   5   -0.0000052512
5   8   2   6   0.0000204279
5   8   3   5   -0.0000366614
5   8   3   6   0.0001426166
5   8   5   4   -0.0009804917
5   8   6   5   0.0000193092
5   8   6   6   -0.0000751149
5   9   1   5   0.0005011742
5   9   1   6   -0.0019496182
5   9   2   5   -0.0000000805
5   9   2   6   0.0000003133
5   9   3   5   0.0020126919
5   9   3   6   -0.0078295737
5   9   5   4   -0.0029426054
5   9   6   5   0.0000321295
5   9   6   6   -0.0001249868
5   10   4   5   0.0006212258
5   10   4   6   -0.0024166310
5   10   5   5   -0.0206696635
5   10   5   6   -0.0053134008
5   11   1   4   -0.0001843338
5   11   2   4   0.0000114182
5   11   3   4   -0.0007404976
5   11   4   5   -0.0023693933
5   11   4   6   -0.0006090828
5   11   5   5   0.0065437094
5   11   5   6   -0.0254556878
5   11   6   4   0.0041420618
5   12   1   5   0.0000319351
5   12   1   6   -0.0001242309
5   12   2   5   0.0000025300
5   12   2   6   -0.0000098420
5   12   3   5   0.0001853396
5   12   3   6   -0.0007209896
5   12   5   4   0.0251442039
5   12   6   5   0.0006568757
5   12   6   6   -0.0025553124
6   7   1   4   0.0034072420
6   7   2   4   0.0000000233
6   7   3   4   0.0031627874
6   7   4   5   -0.0000328727
6   7   4   6   -0.0000084503
6   7   5   5   0.0000084503
6   7   5   6   -0.0000328727
6   7   6   4   0.0001501096
6   8   1   4   0.0000130018
6   8   2   4   -0.0017959053
6   8   3   4   0.0001644845
6   8   4   5   -0.0000807800
6   8   4   6   -0.0000207655
6   8   5   5   0.0000207655
6   8   5   6   -0.0000807800
6   8   6   4   -0.0012388707
6   9   1   4   0.0029310950
6   9   2   4   -0.0000053696
6   9   3   4   0.0118685528
6   9   4   5   -0.0001675290
6   9   4   6   -0.0000430655
6   9   5   5   0.0000430655
6   9   5   6   -0.0001675290
6   9   6   4   -0.0026767448
6   10   1   5   -0.0000828036
6   10   1   6   -0.0000212857
6   10   2   5   -0.0000167420
6   10   2   6   -0.0000043037
6   10   3   5   -0.0004574372
6   10   3   6   -0.0001175901
6   10   4   4   0.0039563055
6   10   6   5   -0.0204785809
6   10   6   6   -0.0052642806
6   11   1   5   0.0000212857
6   11   1   6   -0.0000828036
6   11   2   5   0.0000043037
6   11   2   6   -0.0000167420
6   11   3   5   0.0001175901
6   11   3   6   -0.0004574372
6   11   5   4   0.0039563055
6   11   6   5   0.0052642806
6   11   6   6   -0.0204785809
6   12   1   4   0.0000826614
6   12   2   4   0.0001018783
6   12   3   4   -0.0002265889
6   12   4   5   -0.0023282065
6   12   4   6   -0.0005984952
6   12   5   5   0.0005984952
6   12   5   6   -0.0023282065
6   12   6   4   0.0353501863

End IJKA Block
Begin IABC Block
1   4   1   4   -0.0000433382
1   4   2   5   -0.0000104463
1   4   3   6   -0.0000104463
1   5   1   5   -0.0000360977
1   5   2   4   -0.0000105493
1   6   1   6   -0.0000360977
1   6   3   4   -0.0000105493
2   4   1   4   -0.0000340592
2   4   2   5   0.0025916687
2   4   3   6   0.0025916687
2   5   1   5   -0.0000854235
2   5   2   4   0.0026093591
2   6   1   6   -0.0000854235
2   6   3   4   0.0026093591
3   4   1   4   -0.0002151143
3   4   2   5   0.0000307185
3   4   3   6   0.0000307185
3   5   1   5   -0.0001840158
3   5   2   4   0.0000312468
3   6   1   6   -0.0001840158
3   6   3   4   0.0000312468
4   4   1   5   0.0004498362
4   4   1   6   0.0001156361
4   4   2   4   0.0006226256
4   4   3   4   0.0001600539
4   5   1   4   0.0004464348
4   5   2   5   0.0010261258
4   5   2   6   0.0000642937
4   5   3   5   0.0001356117
4   5   3   6   0.0002484737
4   6   1   4   0.0001147618
4   6   2   5   0.0000638733
4   6   2   6   0.0005275430
4   6   3   5   0.0002501090
4   6   3   6   0.0002637787
5   4   1   5   -0.0001156361
5   4   1   6   0.0004498362
5   4   2   4   -0.0001600539
5   4   3   4   0.0006226256
5   5   1   4   -0.0001147618
5   5   2   5   -0.0002637787
5   5   2   6   0.0002501090
5   5   3   5   0.0005275430
5   5   3   6   -0.0000638733
5   6   1   4   0.0004464348
5   6   2   5   0.0002484737
5   6   2   6   -0.0001356117
5   6   3   5   -0.0000642937
5   6   3   6   0.0010261258
6   4   1   4   -0.0038239784
6   4   2   5   -0.0023294073
6   4   3   6   -0.0023294073
6   5   1   5   -0.0033656903
6   5   2   4   -0.0023560877
6   6   1   6   -0.0033656903
6   6   3   4   -0.0023560877

End IABC Block
