Begin IJ Block
1   1   -5.4108003381
1   2   0.0002238716
1   5   -0.0144312391
2   2   -6.7831663486
2   5   -0.0278748133
3   3   -5.8209260707
3   4   0.0000000000
4   4   -5.8209260707
5   5   -5.5531376758

End IJ Block
Begin IA Block
1   1   0.1065025730
2   1   0.0152131456
3   2   -0.0459519604
3   3   0.1121414759
4   2   0.1121414759
4   3   0.0459519604
5   1   -0.1145294584

End IA Block
Begin AB Block
1   1   -1.5343731065
2   2   -1.3565347450
3   3   -1.3565347450

End AB Block
Begin IJKL Block
1   6   1   6   1.6354492212
1   6   1   7   -0.0003351316
1   6   1   10   0.0165446869
1   6   2   6   -0.0003351316
1   6   2   7   -0.0000035129
1   6   2   10   -0.0000031750
1   6   3   8   -0.0000044860
1   6   4   9   -0.0000044860
1   6   5   6   0.0165446869
1   6   5   7   -0.0000031750
1   6   5   10   0.0000414002
1   7   1   6   -0.0003351316
1   7   1   7   0.1383053310
1   7   1   10   -0.0119807859
1   7   2   6   0.0000030118
1   7   2   7   0.0000235256
1   7   2   10   -0.0000015113
1   7   3   8   0.0000045604
1   7   4   9   0.0000045604
1   7   5   6   -0.0000036791
1   7   5   7   -0.0003137480
1   7   5   10   0.0000569522
1   8   1   8   0.1376766096
1   8   2   8   0.0000228795
1   8   3   6   -0.0000009301
1   8   3   7   0.0000052984
1   8   3   10   -0.0000006643
1   8   5   8   -0.0003060466
1   9   1   9   0.1376766096
1   9   2   9   0.0000228795
1   9   4   6   -0.0000009301
1   9   4   7   0.0000052984
1   9   4   10   -0.0000006643
1   9   5   9   -0.0003060466
1   10   1   6   0.0165446869
1   10   1   7   -0.0119807859
1   10   1   10   0.1519134461
1   10   2   6   -0.0000036791
1   10   2   7   0.0000008747
1   10   2   10   0.0000228911
1   10   3   8   0.0000007595
1   10   4   9   0.0000007595
1   10   5   6   0.0003543019
1   10   5   7   0.0000566594
1   10   5   10   -0.0003274897
2   6   1   6   -0.0003351316
2   6   1   7   0.0000030118
2   6   1   10   -0.0000036791
2   6   2   6   0.1383053310
2   6   2   7   0.0000235256
2   6   2   10   -0.0003137480
2   6   3   8   0.0000045604
2   6   4   9   0.0000045604
2   6   5   6   -0.0119807859
2   6   5   7   -0.0000015113
2   6   5   10   0.0000569522
2   7   1   6   -0.0000035129
2   7   1   7   0.0000235256
2   7   1   10   0.0000008747
2   7   2   6   0.0000235256
2   7   2   7   0.8720539965
2   7   2   10   0.0097779589
2   7   3   8   0.1538160405
2   7   4   9   0.1538160405
2   7   5   6   0.0000008747
2   7   5   7   0.0097779589
2   7   5   10   0.1403818264
2   8   1   8   0.0000228795
2   8   2   8   0.8192213245
2   8   3   6   0.0000052984
2   8   3   7   0.1584680788
2   8   3   10   0.0019985195
2   8   5   8   0.0087663743
2   9   1   9   0.0000228795
2   9   2   9   0.8192213245
2   9   4   6   0.0000052984
2   9   4   7   0.1584680788
2   9   4   10   0.0019985195
2   9   5   9   0.0087663743
2   10   1   6   -0.0000031750
2   10   1   7   -0.0000015113
2   10   1   10   0.0000228911
2   10   2   6   -0.0003137480
2   10   2   7   0.0097779589
2   10   2   10   0.7689708598
2   10   3   8   0.0018930403
2   10   4   9   0.0018930403
2   10   5   6   0.0000566594
2   10   5   7   0.1459241051
2   10   5   10   0.0085595001
3   6   1   8   -0.0000009301
3   6   2   8   0.0000052984
3   6   3   6   0.1376766096
3   6   3   7   0.0000228795
3   6   3   10   -0.0003060466
3   6   5   8   -0.0000006643
3   7   1   8   0.0000052984
3   7   2   8   0.1584680788
3   7   3   6   0.0000228795
3   7   3   7   0.8192213245
3   7   3   10   0.0087663743
3   7   5   8   0.0019985195
3   8   1   6   -0.0000044860
3   8   1   7   0.0000045604
3   8   1   10   0.0000007595
3   8   2   6   0.0000045604
3   8   2   7   0.1538160405
3   8   2   10   0.0018930403
3   8   3   8   0.8180591571
3   8   3   9   -0.0000000000
3   8   4   8   -0.0000000000
3   8   4   9   0.0319822524
3   8   5   6   0.0000007595
3   8   5   7   0.0018930403
3   8   5   10   0.0291399124
3   9   3   8   -0.0000000000
3   9   3   9   0.7479769946
3   9   4   8   0.0380999101
3   9   4   9   -0.0000000000
3   10   1   8   -0.0000006643
3   10   2   8   0.0019985195
3   10   3   6   -0.0003060466
3   10   3   7   0.0087663743
3   10   3   10   0.7035257445
3   10   4   10   -0.0000000000
3   10   5   8   0.0349651440
4   6   1   9   -0.0000009301
4   6   2   9   0.0000052984
4   6   4   6   0.1376766096
4   6   4   7   0.0000228795
4   6   4   10   -0.0003060466
4   6   5   9   -0.0000006643
4   7   1   9   0.0000052984
4   7   2   9   0.1584680788
4   7   4   6   0.0000228795
4   7   4   7   0.8192213245
4   7   4   10   0.0087663743
4   7   5   9   0.0019985195
4   8   3   8   -0.0000000000
4   8   3   9   0.0380999101
4   8   4   8   0.7479769946
4   8   4   9   -0.0000000000
4   9   1   6   -0.0000044860
4   9   1   7   0.0000045604
4   9   1   10   0.0000007595
4   9   2   6   0.0000045604
4   9   2   7   0.1538160405
4   9   2   10   0.0018930403
4   9   3   8   0.0319822524
4   9   3   9   -0.0000000000
4   9   4   8   -0.0000000000
4   9   4   9   0.8180591572
4   9   5   6   0.0000007595
4   9   5   7   0.0018930403
4   9   5   10   0.0291399124
4   10   1   9   -0.0000006643
4   10   2   9   0.0019985195
4   10   3   10   -0.0000000000
4   10   4   6   -0.0003060466
4   10   4   7   0.0087663743
4   10   4   10   0.7035257445
4   10   5   9   0.0349651440
5   6   1   6   0.0165446869
5   6   1   7   -0.0000036791
5   6   1   10   0.0003543019
5   6   2   6   -0.0119807859
5   6   2   7   0.0000008747
5   6   2   10   0.0000566594
5   6   3   8   0.0000007595
5   6   4   9   0.0000007595
5   6   5   6   0.1519134461
5   6   5   7   0.0000228911
5   6   5   10   -0.0003274897
5   7   1   6   -0.0000031750
5   7   1   7   -0.0003137480
5   7   1   10   0.0000566594
5   7   2   6   -0.0000015113
5   7   2   7   0.0097779589
5   7   2   10   0.1459241051
5   7   3   8   0.0018930403
5   7   4   9   0.0018930403
5   7   5   6   0.0000228911
5   7   5   7   0.7689708598
5   7   5   10   0.0085595001
5   8   1   8   -0.0003060466
5   8   2   8   0.0087663743
5   8   3   6   -0.0000006643
5   8   3   7   0.0019985195
5   8   3   10   0.0349651440
5   8   5   8   0.7035257445
5   8   5   9   -0.0000000000
5   9   1   9   -0.0003060466
5   9   2   9   0.0087663743
5   9   4   6   -0.0000006643
5   9   4   7   0.0019985195
5   9   4   10   0.0349651440
5   9   5   8   -0.0000000000
5   9   5   9   0.7035257445
5   10   1   6   0.0000414002
5   10   1   7   0.0000569522
5   10   1   10   -0.0003274897
5   10   2   6   0.0000569522
5   10   2   7   0.1403818264
5   10   2   10   0.0085595001
5   10   3   8   0.0291399124
5   10   4   9   0.0291399124
5   10   5   6   -0.0003274897
5   10   5   7   0.0085595001
5   10   5   10   0.7237326743

End IJKL Block
Begin IJAB Block
1   6   1   4   0.0130680380
1   6   2   5   0.0020627203
1   6   3   6   0.0020627203
1   7   1   4   -0.0000081331
1   7   2   5   0.0000108733
1   7   3   6   0.0000108733
1   8   1   5   0.0000012241
1   8   1   6   -0.0000029873
1   8   2   4   -0.0000213903
1   8   3   4   0.0000522010
1   9   1   5   -0.0000029873
1   9   1   6   -0.0000012241
1   9   2   4   0.0000522010
1   9   3   4   0.0000213903
1   10   1   4   0.0005188881
1   10   2   5   -0.0004277615
1   10   3   6   -0.0004277615
2   6   1   4   -0.0000081331
2   6   2   5   0.0000108733
2   6   3   6   0.0000108733
2   7   1   4   0.0011494838
2   7   2   5   0.0003737479
2   7   3   6   0.0003737479
2   8   1   5   -0.0000557556
2   8   1   6   0.0001360664
2   8   2   4   -0.0000269719
2   8   3   4   0.0000658224
2   9   1   5   0.0001360664
2   9   1   6   0.0000557556
2   9   2   4   0.0000658224
2   9   3   4   0.0000269719
2   10   1   4   -0.0005337155
2   10   2   5   -0.0000150593
2   10   3   6   -0.0000150593
3   6   1   5   -0.0000213903
3   6   1   6   0.0000522010
3   6   2   4   0.0000012241
3   6   3   4   -0.0000029873
3   7   1   5   -0.0000269719
3   7   1   6   0.0000658224
3   7   2   4   -0.0000557556
3   7   3   4   0.0001360664
3   8   1   4   0.0007501281
3   8   2   5   0.0003153887
3   8   2   6   -0.0003677819
3   8   3   5   -0.0003677819
3   8   3   6   0.0010622210
3   9   2   5   -0.0003677819
3   9   2   6   0.0000347700
3   9   3   5   0.0007120624
3   9   3   6   0.0003677819
3   10   1   5   0.0002043917
3   10   1   6   -0.0004987988
3   10   2   4   0.0006449702
3   10   3   4   -0.0015739897
4   6   1   5   0.0000522010
4   6   1   6   0.0000213903
4   6   2   4   -0.0000029873
4   6   3   4   -0.0000012241
4   7   1   5   0.0000658224
4   7   1   6   0.0000269719
4   7   2   4   0.0001360664
4   7   3   4   0.0000557556
4   8   2   5   -0.0003677819
4   8   2   6   0.0007120624
4   8   3   5   0.0000347700
4   8   3   6   0.0003677819
4   9   1   4   0.0007501281
4   9   2   5   0.0010622210
4   9   2   6   0.0003677819
4   9   3   5   0.0003677819
4   9   3   6   0.0003153887
4   10   1   5   -0.0004987988
4   10   1   6   -0.0002043917
4   10   2   4   -0.0015739897
4   10   3   4   -0.0006449702
5   6   1   4   0.0005188881
5   6   2   5   -0.0004277615
5   6   3   6   -0.0004277615
5   7   1   4   -0.0005337155
5   7   2   5   -0.0000150593
5   7   3   6   -0.0000150593
5   8   1   5   0.0006449702
5   8   1   6   -0.0015739897
5   8   2   4   0.0002043917
5   8   3   4   -0.0004987988
5   9   1   5   -0.0015739897
5   9   1   6   -0.0006449702
5   9   2   4   -0.0004987988
5   9   3   4   -0.0002043917
5   10   1   4   0.0061503162
5   10   2   5   0.0004836138
5   10   3   6   0.0004836138

End IJAB Block
Begin ABCD Block
1   4   1   4   0.2342423830
1   4   2   5   0.0363566188
1   4   3   6   0.0363566188
1   5   1   5   0.1859766893
1   5   2   4   0.0363599012
1   6   1   6   0.1859766893
1   6   3   4   0.0363599012
2   4   1   5   0.0363599012
2   4   2   4   0.1859766893
2   5   1   4   0.0363566188
2   5   2   5   0.1748793282
2   5   3   6   0.0093560183
2   6   2   6   0.1561673364
2   6   3   5   0.0093559735
3   4   1   6   0.0363599012
3   4   3   4   0.1859766893
3   5   2   6   0.0093559735
3   5   3   5   0.1561673364
3   6   1   4   0.0363566188
3   6   2   5   0.0093560183
3   6   3   6   0.1748793282

End ABCD Block
Begin AIJB Block
1   6   1   4   0.0099671793
1   6   2   4   -0.0000024786
1   6   3   5   -0.0000168311
1   6   3   6   0.0000410748
1   6   4   5   0.0000410748
1   6   4   6   0.0000168311
1   6   5   4   0.0003176333
1   7   1   4   -0.0000024786
1   7   2   4   0.0009662162
1   7   3   5   -0.0000084127
1   7   3   6   0.0000205303
1   7   4   5   0.0000205303
1   7   4   6   0.0000084127
1   7   5   4   -0.0000156821
1   8   1   5   0.0000004487
1   8   1   6   -0.0000010950
1   8   2   5   -0.0000118472
1   8   2   6   0.0000289119
1   8   3   4   0.0001823392
1   8   5   5   0.0006416420
1   8   5   6   -0.0015658676
1   9   1   5   -0.0000010950
1   9   1   6   -0.0000004487
1   9   2   5   0.0000289119
1   9   2   6   0.0000118472
1   9   4   4   0.0001823392
1   9   5   5   -0.0015658676
1   9   5   6   -0.0006416420
1   10   1   4   0.0003176333
1   10   2   4   -0.0000156821
1   10   3   5   0.0000833731
1   10   3   6   -0.0002034643
1   10   4   5   -0.0002034643
1   10   4   6   -0.0000833731
1   10   5   4   0.0038352631
2   6   1   5   0.0018551670
2   6   2   5   0.0000061243
2   6   3   4   0.0000004487
2   6   4   4   -0.0000010950
2   6   5   5   -0.0003500534
2   7   1   5   0.0000061243
2   7   2   5   0.0003171539
2   7   3   4   -0.0000118472
2   7   4   4   0.0000289119
2   7   5   5   0.0000137248
2   8   1   4   -0.0000168311
2   8   2   4   -0.0000084127
2   8   3   5   0.0002431169
2   8   3   6   -0.0003605504
2   8   4   5   -0.0003605504
2   8   4   6   0.0007799750
2   8   5   4   0.0000833731
2   9   1   4   0.0000410748
2   9   2   4   0.0000205303
2   9   3   5   -0.0003605504
2   9   3   6   -0.0000478272
2   9   4   5   0.0009752647
2   9   4   6   0.0003605504
2   9   5   4   -0.0002034643
2   10   1   5   -0.0003500534
2   10   2   5   0.0000137248
2   10   3   4   0.0006416420
2   10   4   4   -0.0015658676
2   10   5   5   0.0006472933
3   6   1   6   0.0018551670
3   6   2   6   0.0000061243
3   6   3   4   -0.0000010950
3   6   4   4   -0.0000004487
3   6   5   6   -0.0003500534
3   7   1   6   0.0000061243
3   7   2   6   0.0003171539
3   7   3   4   0.0000289119
3   7   4   4   0.0000118472
3   7   5   6   0.0000137248
3   8   1   4   0.0000410748
3   8   2   4   0.0000205303
3   8   3   5   -0.0003605504
3   8   3   6   0.0009752647
3   8   4   5   -0.0000478272
3   8   4   6   0.0003605504
3   8   5   4   -0.0002034643
3   9   1   4   0.0000168311
3   9   2   4   0.0000084127
3   9   3   5   0.0007799750
3   9   3   6   0.0003605504
3   9   4   5   0.0003605504
3   9   4   6   0.0002431169
3   9   5   4   -0.0000833731
3   10   1   6   -0.0003500534
3   10   2   6   0.0000137248
3   10   3   4   -0.0015658676
3   10   4   4   -0.0006416420
3   10   5   6   0.0006472933

1   6   6   1   -0.2918490980
1   6   7   1   0.0000166573
1   6   8   2   0.0000131419
1   6   8   3   -0.0000320716
1   6   9   2   -0.0000320716
1   6   9   3   -0.0000131419
1   6   10   1   -0.0007688617
1   7   6   1   0.0000166573
1   7   7   1   -0.1117287589
1   7   8   2   0.0007829394
1   7   8   3   -0.0019106906
1   7   9   2   -0.0019106906
1   7   9   3   -0.0007829394
1   7   10   1   0.0067489426
1   8   6   2   0.0000133329
1   8   6   3   -0.0000325378
1   8   7   2   0.0007824631
1   8   7   3   -0.0019095282
1   8   8   1   -0.1109202341
1   8   10   2   -0.0003143404
1   8   10   3   0.0007671185
1   9   6   2   -0.0000325378
1   9   6   3   -0.0000133329
1   9   7   2   -0.0019095282
1   9   7   3   -0.0007824631
1   9   9   1   -0.1109202341
1   9   10   2   0.0007671185
1   9   10   3   0.0003143404
1   10   6   1   -0.0007688617
1   10   7   1   0.0067489426
1   10   8   2   -0.0003263156
1   10   8   3   0.0007963427
1   10   9   2   0.0007963427
1   10   9   3   0.0003263156
1   10   10   1   -0.1165123264
2   6   6   2   -0.2255639769
2   6   7   2   0.0000061107
2   6   8   1   0.0000133329
2   6   9   1   -0.0000325378
2   6   10   2   -0.0001944310
2   7   6   2   0.0000061107
2   7   7   2   -0.1124140687
2   7   8   1   0.0007824631
2   7   9   1   -0.0019095282
2   7   10   2   0.0063472314
2   8   6   1   0.0000131419
2   8   7   1   0.0007829394
2   8   8   2   -0.1120449975
2   8   8   3   0.0001956049
2   8   9   2   0.0001956049
2   8   9   3   -0.0001935041
2   8   10   1   -0.0003263156
2   9   6   1   -0.0000320716
2   9   7   1   -0.0019106906
2   9   8   2   0.0001956049
2   9   8   3   -0.0002036988
2   9   9   2   -0.1124422004
2   9   9   3   -0.0001956049
2   9   10   1   0.0007963427
2   10   6   2   -0.0001944310
2   10   7   2   0.0063472314
2   10   8   1   -0.0003143404
2   10   9   1   0.0007671185
2   10   10   2   -0.1172193536
3   6   6   3   -0.2255639769
3   6   7   3   0.0000061107
3   6   8   1   -0.0000325378
3   6   9   1   -0.0000133329
3   6   10   3   -0.0001944310
3   7   6   3   0.0000061107
3   7   7   3   -0.1124140687
3   7   8   1   -0.0019095282
3   7   9   1   -0.0007824631
3   7   10   3   0.0063472314
3   8   6   1   -0.0000320716
3   8   7   1   -0.0019106906
3   8   8   2   0.0001956049
3   8   8   3   -0.1124422004
3   8   9   2   -0.0002036988
3   8   9   3   -0.0001956049
3   8   10   1   0.0007963427
3   9   6   1   -0.0000131419
3   9   7   1   -0.0007829394
3   9   8   2   -0.0001935041
3   9   8   3   -0.0001956049
3   9   9   2   -0.0001956049
3   9   9   3   -0.1120449975
3   9   10   1   0.0003263156
3   10   6   3   -0.0001944310
3   10   7   3   0.0063472314
3   10   8   1   0.0007671185
3   10   9   1   0.0003143404
3   10   10   3   -0.1172193536

End AIJB Block
Begin IJKA Block
1   6   1   4   -0.1030613237
1   6   2   4   0.0000312407
1   6   3   5   -0.0000064798
1   6   3   6   0.0000158134
1   6   4   5   0.0000158134
1   6   4   6   0.0000064798
1   6   5   4   -0.0013966036
1   7   1   4   -0.0001438087
1   7   2   4   0.0000075252
1   7   3   5   0.0000001226
1   7   3   6   -0.0000002993
1   7   4   5   -0.0000002993
1   7   4   6   -0.0000001226
1   7   5   4   -0.0000005802
1   8   1   5   -0.0003739670
1   8   1   6   0.0009126316
1   8   2   5   0.0000002746
1   8   2   6   -0.0000006702
1   8   3   4   0.0000042035
1   8   5   5   0.0000007635
1   8   5   6   -0.0000018633
1   9   1   5   0.0009126316
1   9   1   6   0.0003739670
1   9   2   5   -0.0000006702
1   9   2   6   -0.0000002746
1   9   4   4   0.0000042035
1   9   5   5   -0.0000018633
1   9   5   6   -0.0000007635
1   10   1   4   -0.0124707036
1   10   2   4   0.0000009182
1   10   3   5   0.0000041484
1   10   3   6   -0.0000101239
1   10   4   5   -0.0000101239
1   10   4   6   -0.0000041484
1   10   5   4   0.0000302059
2   6   1   4   0.0000328998
2   6   2   4   -0.0007434373
2   6   3   5   -0.0000460707
2   6   3   6   0.0001124313
2   6   4   5   0.0001124313
2   6   4   6   0.0000460707
2   6   5   4   0.0001153304
2   7   1   4   0.0000032271
2   7   2   4   -0.0026886467
2   7   3   5   0.0026308712
2   7   3   6   -0.0064203958
2   7   4   5   -0.0064203958
2   7   4   6   -0.0026308712
2   7   5   4   0.0117927123
2   8   1   5   -0.0000004375
2   8   1   6   0.0000010676
2   8   2   5   0.0078958091
2   8   2   6   -0.0192689862
2   8   3   4   -0.0005602358
2   8   5   5   0.0002436077
2   8   5   6   -0.0005945018
2   9   1   5   0.0000010676
2   9   1   6   0.0000004375
2   9   2   5   -0.0192689862
2   9   2   6   -0.0078958091
2   9   4   4   -0.0005602358
2   9   5   5   -0.0005945018
2   9   5   6   -0.0002436077
2   10   1   4   -0.0000066941
2   10   2   4   0.0253866911
2   10   3   5   0.0003306672
2   10   3   6   -0.0008069625
2   10   4   5   -0.0008069625
2   10   4   6   -0.0003306672
2   10   5   4   0.0004322380
3   6   1   5   -0.0000025430
3   6   1   6   0.0000062059
3   6   2   5   -0.0000438610
3   6   2   6   0.0001070388
3   6   3   4   -0.0007343329
3   6   5   5   0.0000202133
3   6   5   6   -0.0000493287
3   7   1   5   -0.0000000153
3   7   1   6   0.0000000373
3   7   2   5   0.0026041038
3   7   2   6   -0.0063550725
3   7   3   4   -0.0022005204
3   7   5   5   0.0000410540
3   7   5   6   -0.0001001884
3   8   1   4   0.0000104753
3   8   2   4   -0.0005626083
3   8   3   5   0.0086144908
3   8   3   6   -0.0210228619
3   8   4   5   -0.0019535993
3   8   4   6   -0.0008005220
3   8   5   4   0.0045478310
3   9   3   5   -0.0170917935
3   9   3   6   -0.0070036658
3   9   4   5   0.0008103031
3   9   4   6   -0.0019774691
3   10   1   5   0.0000032409
3   10   1   6   -0.0000079091
3   10   2   5   0.0002644517
3   10   2   6   -0.0006453697
3   10   3   4   0.0221207157
3   10   5   5   0.0008716191
3   10   5   6   -0.0021271051
4   6   1   5   0.0000062059
4   6   1   6   0.0000025430
4   6   2   5   0.0001070388
4   6   2   6   0.0000438610
4   6   4   4   -0.0007343329
4   6   5   5   -0.0000493287
4   6   5   6   -0.0000202133
4   7   1   5   0.0000000373
4   7   1   6   0.0000000153
4   7   2   5   -0.0063550725
4   7   2   6   -0.0026041038
4   7   4   4   -0.0022005204
4   7   5   5   -0.0001001884
4   7   5   6   -0.0000410540
4   8   3   5   -0.0019774691
4   8   3   6   -0.0008103031
4   8   4   5   0.0070036658
4   8   4   6   -0.0170917935
4   9   1   4   0.0000104753
4   9   2   4   -0.0005626083
4   9   3   5   0.0008005220
4   9   3   6   -0.0019535993
4   9   4   5   -0.0210228619
4   9   4   6   -0.0086144908
4   9   5   4   0.0045478310
4   10   1   5   -0.0000079091
4   10   1   6   -0.0000032409
4   10   2   5   -0.0006453697
4   10   2   6   -0.0002644517
4   10   4   4   0.0221207157
4   10   5   5   -0.0021271051
4   10   5   6   -0.0008716191
5   6   1   4   -0.0016638895
5   6   2   4   0.0001074913
5   6   3   5   0.0000232568
5   6   3   6   -0.0000567560
5   6   4   5   -0.0000567560
5   6   4   6   -0.0000232568
5   6   5   4   -0.0009172753
5   7   1   4   -0.0000054506
5   7   2   4   0.0119056872
5   7   3   5   0.0000560875
5   7   3   6   -0.0001368763
5   7   4   5   -0.0001368763
5   7   4   6   -0.0000560875
5   7   5   4   -0.0020664949
5   8   1   5   0.0000050821
5   8   1   6   -0.0000124025
5   8   2   5   0.0001480108
5   8   2   6   -0.0003612066
5   8   3   4   0.0042038361
5   8   5   5   0.0069948170
5   8   5   6   -0.0170701988
5   9   1   5   -0.0000124025
5   9   1   6   -0.0000050821
5   9   2   5   -0.0003612066
5   9   2   6   -0.0001480108
5   9   4   4   0.0042038361
5   9   5   5   -0.0170701988
5   9   5   6   -0.0069948170
5   10   1   4   0.0001214911
5   10   2   4   -0.0004398806
5   10   3   5   0.0007931713
5   10   3   6   -0.0019356605
5   10   4   5   -0.0019356605
5   10   4   6   -0.0007931713
5   10   5   4   0.0351493904

End IJKA Block
Begin IABC Block
1   4   1   4   -0.0004385074
1   4   2   5   0.0030490374
1   4   3   6   0.0030490374
1   5   1   5   -0.0002103871
1   5   2   4   0.0030705128
1   6   1   6   -0.0002103871
1   6   3   4   0.0030705128
2   4   1   4   -0.0001795131
2   4   2   5   0.0000300277
2   4   3   6   0.0000300277
2   5   1   5   -0.0001588473
2   5   2   4   0.0000309690
2   6   1   6   -0.0001588473
2   6   3   4   0.0000309690
3   4   1   5   -0.0001360154
3   4   1   6   0.0003319329
3   4   2   4   -0.0001995940
3   4   3   4   0.0004870906
3   5   1   4   -0.0001339569
3   5   2   5   -0.0003705719
3   5   2   6   0.0002021281
3   5   3   5   0.0005014017
3   5   3   6   -0.0000822880
3   6   1   4   0.0003269094
3   6   2   5   0.0002008162
3   6   2   6   -0.0002054583
3   6   3   5   -0.0000828256
3   6   3   6   0.0009043461
4   4   1   5   0.0003319329
4   4   1   6   0.0001360154
4   4   2   4   0.0004870906
4   4   3   4   0.0001995940
4   5   1   4   0.0003269094
4   5   2   5   0.0009043461
4   5   2   6   0.0000828256
4   5   3   5   0.0002054583
4   5   3   6   0.0002008162
4   6   1   4   0.0001339569
4   6   2   5   0.0000822880
4   6   2   6   0.0005014017
4   6   3   5   0.0002021281
4   6   3   6   0.0003705719
5   4   1   4   -0.0038337969
5   4   2   5   -0.0024559238
5   4   3   6   -0.0024559238
5   5   1   5   -0.0038445695
5   5   2   4   -0.0024959078
5   6   1   6   -0.0038445695
5   6   3   4   -0.0024959078

End IABC Block
