Begin IJ Block
1   1   -5.3726964336
1   2   0.0001662500
1   5   -0.0098835606
2   2   -6.7699928701
2   5   -0.0094725368
3   3   -5.7995416282
3   4   0.0000000000
4   4   -5.7995416282
5   5   -5.6650801601

End IJ Block
Begin IA Block
1   1   0.1083075737
2   1   0.0168396801
3   2   0.1565803669
3   3   -0.0414393682
4   2   0.0414393682
4   3   0.1565803669
5   1   -0.2610468778

End IA Block
Begin AB Block
1   1   -1.5154761405
2   2   -1.3468674371
3   3   -1.3468674371

End AB Block
Begin IJKL Block
1   6   1   6   1.6516147162
1   6   1   7   -0.0002276112
1   6   1   10   0.0108619498
1   6   2   6   -0.0002276112
1   6   2   7   0.0000000546
1   6   2   10   -0.0000021301
1   6   3   8   0.0000002273
1   6   4   9   0.0000002273
1   6   5   6   0.0108619498
1   6   5   7   -0.0000021301
1   6   5   10   0.0001145304
1   7   1   6   -0.0002276112
1   7   1   7   0.1327944584
1   7   1   10   -0.0110034367
1   7   2   6   0.0000000546
1   7   2   7   0.0000139071
1   7   2   10   -0.0000081073
1   7   3   8   0.0000035187
1   7   4   9   0.0000035187
1   7   5   6   -0.0000021301
1   7   5   7   -0.0001437792
1   7   5   10   0.0000232537
1   8   1   8   0.1320275161
1   8   2   8   0.0000128289
1   8   3   6   0.0000002273
1   8   3   7   0.0000035187
1   8   3   10   -0.0000024325
1   8   5   8   -0.0001378954
1   9   1   9   0.1320275161
1   9   2   9   0.0000128289
1   9   4   6   0.0000002273
1   9   4   7   0.0000035187
1   9   4   10   -0.0000024325
1   9   5   9   -0.0001378954
1   10   1   6   0.0108619498
1   10   1   7   -0.0110034367
1   10   1   10   0.1387775109
1   10   2   6   -0.0000021301
1   10   2   7   -0.0000081073
1   10   2   10   0.0000132148
1   10   3   8   -0.0000024325
1   10   4   9   -0.0000024325
1   10   5   6   0.0001145304
1   10   5   7   0.0000232537
1   10   5   10   -0.0001522215
2   6   1   6   -0.0002276112
2   6   1   7   0.0000000546
2   6   1   10   -0.0000021301
2   6   2   6   0.1327944584
2   6   2   7   0.0000139071
2   6   2   10   -0.0001437792
2   6   3   8   0.0000035187
2   6   4   9   0.0000035187
2   6   5   6   -0.0110034367
2   6   5   7   -0.0000081073
2   6   5   10   0.0000232537
2   7   1   6   0.0000000546
2   7   1   7   0.0000139071
2   7   1   10   -0.0000081073
2   7   2   6   0.0000139071
2   7   2   7   0.8834304429
2   7   2   10   0.0058663796
2   7   3   8   0.1658850084
2   7   4   9   0.1658850084
2   7   5   6   -0.0000081073
2   7   5   7   0.0058663796
2   7   5   10   0.1592639255
2   8   1   8   0.0000128289
2   8   2   8   0.8297345836
2   8   3   6   0.0000035187
2   8   3   7   0.1658850084
2   8   3   10   0.0013729461
2   8   5   8   0.0055848748
2   9   1   9   0.0000128289
2   9   2   9   0.8297345836
2   9   4   6   0.0000035187
2   9   4   7   0.1658850084
2   9   4   10   0.0013729461
2   9   5   9   0.0055848748
2   10   1   6   -0.0000021301
2   10   1   7   -0.0000081073
2   10   1   10   0.0000132148
2   10   2   6   -0.0001437792
2   10   2   7   0.0058663796
2   10   2   10   0.8044684836
2   10   3   8   0.0013729461
2   10   4   9   0.0013729461
2   10   5   6   0.0000232537
2   10   5   7   0.1592639255
2   10   5   10   0.0060172934
3   6   1   8   0.0000002273
3   6   2   8   0.0000035187
3   6   3   6   0.1320275161
3   6   3   7   0.0000128289
3   6   3   10   -0.0001378954
3   6   5   8   -0.0000024325
3   7   1   8   0.0000035187
3   7   2   8   0.1658850084
3   7   3   6   0.0000128289
3   7   3   7   0.8297345836
3   7   3   10   0.0055848748
3   7   5   8   0.0013729461
3   8   1   6   0.0000002273
3   8   1   7   0.0000035187
3   8   1   10   -0.0000024325
3   8   2   6   0.0000035187
3   8   2   7   0.1658850084
3   8   2   10   0.0013729461
3   8   3   8   0.8396351565
3   8   3   9   -0.0000000000
3   8   4   8   -0.0000000000
3   8   4   9   0.0408225443
3   8   5   6   -0.0000024325
3   8   5   7   0.0013729461
3   8   5   10   0.0392642042
3   9   3   8   -0.0000000000
3   9   3   9   0.7579900679
3   9   4   8   0.0408225443
3   9   4   9   -0.0000000000
3   10   1   8   -0.0000024325
3   10   2   8   0.0013729461
3   10   3   6   -0.0001378954
3   10   3   7   0.0055848748
3   10   3   10   0.7357422892
3   10   4   10   -0.0000000000
3   10   5   8   0.0392642042
4   6   1   9   0.0000002273
4   6   2   9   0.0000035187
4   6   4   6   0.1320275161
4   6   4   7   0.0000128289
4   6   4   10   -0.0001378954
4   6   5   9   -0.0000024325
4   7   1   9   0.0000035187
4   7   2   9   0.1658850084
4   7   4   6   0.0000128289
4   7   4   7   0.8297345836
4   7   4   10   0.0055848748
4   7   5   9   0.0013729461
4   8   3   8   -0.0000000000
4   8   3   9   0.0408225443
4   8   4   8   0.7579900679
4   8   4   9   -0.0000000000
4   9   1   6   0.0000002273
4   9   1   7   0.0000035187
4   9   1   10   -0.0000024325
4   9   2   6   0.0000035187
4   9   2   7   0.1658850084
4   9   2   10   0.0013729461
4   9   3   8   0.0408225443
4   9   3   9   -0.0000000000
4   9   4   8   -0.0000000000
4   9   4   9   0.8396351566
4   9   5   6   -0.0000024325
4   9   5   7   0.0013729461
4   9   5   10   0.0392642042
4   10   1   9   -0.0000024325
4   10   2   9   0.0013729461
4   10   3   10   -0.0000000000
4   10   4   6   -0.0001378954
4   10   4   7   0.0055848748
4   10   4   10   0.7357422892
4   10   5   9   0.0392642042
5   6   1   6   0.0108619498
5   6   1   7   -0.0000021301
5   6   1   10   0.0001145304
5   6   2   6   -0.0110034367
5   6   2   7   -0.0000081073
5   6   2   10   0.0000232537
5   6   3   8   -0.0000024325
5   6   4   9   -0.0000024325
5   6   5   6   0.1387775109
5   6   5   7   0.0000132148
5   6   5   10   -0.0001522215
5   7   1   6   -0.0000021301
5   7   1   7   -0.0001437792
5   7   1   10   0.0000232537
5   7   2   6   -0.0000081073
5   7   2   7   0.0058663796
5   7   2   10   0.1592639255
5   7   3   8   0.0013729461
5   7   4   9   0.0013729461
5   7   5   6   0.0000132148
5   7   5   7   0.8044684836
5   7   5   10   0.0060172934
5   8   1   8   -0.0001378954
5   8   2   8   0.0055848748
5   8   3   6   -0.0000024325
5   8   3   7   0.0013729461
5   8   3   10   0.0392642042
5   8   5   8   0.7357422892
5   8   5   9   -0.0000000000
5   9   1   9   -0.0001378954
5   9   2   9   0.0055848748
5   9   4   6   -0.0000024325
5   9   4   7   0.0013729461
5   9   4   10   0.0392642042
5   9   5   8   -0.0000000000
5   9   5   9   0.7357422892
5   10   1   6   0.0001145304
5   10   1   7   0.0000232537
5   10   1   10   -0.0001522215
5   10   2   6   0.0000232537
5   10   2   7   0.1592639255
5   10   2   10   0.0060172934
5   10   3   8   0.0392642042
5   10   4   9   0.0392642042
5   10   5   6   -0.0001522215
5   10   5   7   0.0060172934
5   10   5   10   0.7906207334

End IJKL Block
Begin IJAB Block
1   6   1   4   0.0103402668
1   6   2   5   0.0019477520
1   6   3   6   0.0019477520
1   7   1   4   0.0000004141
1   7   2   5   0.0000044461
1   7   3   6   0.0000044461
1   8   1   5   -0.0000004198
1   8   1   6   0.0000001111
1   8   2   4   0.0000507740
1   8   3   4   -0.0000134375
1   9   1   5   -0.0000001111
1   9   1   6   -0.0000004198
1   9   2   4   0.0000134375
1   9   3   4   0.0000507740
1   10   1   4   0.0001736030
1   10   2   5   -0.0002673616
1   10   3   6   -0.0002673616
2   6   1   4   0.0000004141
2   6   2   5   0.0000044461
2   6   3   6   0.0000044461
2   7   1   4   0.0008039034
2   7   2   5   0.0002669147
2   7   3   6   0.0002669147
2   8   1   5   0.0000581994
2   8   1   6   -0.0000154026
2   8   2   4   0.0000183977
2   8   3   4   -0.0000048690
2   9   1   5   0.0000154026
2   9   1   6   0.0000581994
2   9   2   4   0.0000048690
2   9   3   4   0.0000183977
2   10   1   4   -0.0001315263
2   10   2   5   0.0000144274
2   10   3   6   0.0000144274
3   6   1   5   0.0000507740
3   6   1   6   -0.0000134375
3   6   2   4   -0.0000004198
3   6   3   4   0.0000001111
3   7   1   5   0.0000183977
3   7   1   6   -0.0000048690
3   7   2   4   0.0000581994
3   7   3   4   -0.0000154026
3   8   1   4   0.0002138182
3   8   2   5   0.0010291892
3   8   2   6   -0.0002522767
3   8   3   5   -0.0002522767
3   8   3   6   0.0001427170
3   9   2   5   0.0002522767
3   9   2   6   0.0008772865
3   9   3   5   0.0000091857
3   9   3   6   -0.0002522767
3   10   1   5   -0.0001613358
3   10   1   6   0.0000426979
3   10   2   4   -0.0016110934
3   10   3   4   0.0004263797
4   6   1   5   0.0000134375
4   6   1   6   0.0000507740
4   6   2   4   -0.0000001111
4   6   3   4   -0.0000004198
4   7   1   5   0.0000048690
4   7   1   6   0.0000183977
4   7   2   4   0.0000154026
4   7   3   4   0.0000581994
4   8   2   5   0.0002522767
4   8   2   6   0.0000091857
4   8   3   5   0.0008772865
4   8   3   6   -0.0002522767
4   9   1   4   0.0002138182
4   9   2   5   0.0001427170
4   9   2   6   0.0002522767
4   9   3   5   0.0002522767
4   9   3   6   0.0010291892
4   10   1   5   -0.0000426979
4   10   1   6   -0.0001613358
4   10   2   4   -0.0004263797
4   10   3   4   -0.0016110934
5   6   1   4   0.0001736030
5   6   2   5   -0.0002673616
5   6   3   6   -0.0002673616
5   7   1   4   -0.0001315263
5   7   2   5   0.0000144274
5   7   3   6   0.0000144274
5   8   1   5   -0.0016110934
5   8   1   6   0.0004263797
5   8   2   4   -0.0001613358
5   8   3   4   0.0000426979
5   9   1   5   -0.0004263797
5   9   1   6   -0.0016110934
5   9   2   4   -0.0000426979
5   9   3   4   -0.0001613358
5   10   1   4   0.0034785833
5   10   2   5   0.0003275746
5   10   3   6   0.0003275746

End IJAB Block
Begin ABCD Block
1   4   1   4   0.2350640291
1   4   2   5   0.0371995153
1   4   3   6   0.0371995153
1   5   1   5   0.1884719229
1   5   2   4   0.0371995153
1   6   1   6   0.1884719229
1   6   3   4   0.0371995153
2   4   1   5   0.0371995153
2   4   2   4   0.1884719229
2   5   1   4   0.0371995153
2   5   2   5   0.1777978753
2   5   3   6   0.0094984733
2   6   2   6   0.1588009286
2   6   3   5   0.0094984733
3   4   1   6   0.0371995153
3   4   3   4   0.1884719229
3   5   2   6   0.0094984733
3   5   3   5   0.1588009286
3   6   1   4   0.0371995153
3   6   2   5   0.0094984733
3   6   3   6   0.1777978753

End ABCD Block
Begin AIJB Block
1   6   1   4   0.0103402668
1   6   2   4   0.0000004141
1   6   3   5   0.0000507740
1   6   3   6   -0.0000134375
1   6   4   5   0.0000134375
1   6   4   6   0.0000507740
1   6   5   4   0.0001736030
1   7   1   4   0.0000004141
1   7   2   4   0.0008039034
1   7   3   5   0.0000183977
1   7   3   6   -0.0000048690
1   7   4   5   0.0000048690
1   7   4   6   0.0000183977
1   7   5   4   -0.0001315263
1   8   1   5   -0.0000004198
1   8   1   6   0.0000001111
1   8   2   5   0.0000581994
1   8   2   6   -0.0000154026
1   8   3   4   0.0002138182
1   8   5   5   -0.0016110934
1   8   5   6   0.0004263797
1   9   1   5   -0.0000001111
1   9   1   6   -0.0000004198
1   9   2   5   0.0000154026
1   9   2   6   0.0000581994
1   9   4   4   0.0002138182
1   9   5   5   -0.0004263797
1   9   5   6   -0.0016110934
1   10   1   4   0.0001736030
1   10   2   4   -0.0001315263
1   10   3   5   -0.0001613358
1   10   3   6   0.0000426979
1   10   4   5   -0.0000426979
1   10   4   6   -0.0001613358
1   10   5   4   0.0034785833
2   6   1   5   0.0019477520
2   6   2   5   0.0000044461
2   6   3   4   -0.0000004198
2   6   4   4   -0.0000001111
2   6   5   5   -0.0002673616
2   7   1   5   0.0000044461
2   7   2   5   0.0002669147
2   7   3   4   0.0000581994
2   7   4   4   0.0000154026
2   7   5   5   0.0000144274
2   8   1   4   0.0000507740
2   8   2   4   0.0000183977
2   8   3   5   0.0010291892
2   8   3   6   -0.0002522767
2   8   4   5   0.0002522767
2   8   4   6   0.0000091857
2   8   5   4   -0.0001613358
2   9   1   4   0.0000134375
2   9   2   4   0.0000048690
2   9   3   5   0.0002522767
2   9   3   6   0.0008772865
2   9   4   5   0.0001427170
2   9   4   6   0.0002522767
2   9   5   4   -0.0000426979
2   10   1   5   -0.0002673616
2   10   2   5   0.0000144274
2   10   3   4   -0.0016110934
2   10   4   4   -0.0004263797
2   10   5   5   0.0003275746
3   6   1   6   0.0019477520
3   6   2   6   0.0000044461
3   6   3   4   0.0000001111
3   6   4   4   -0.0000004198
3   6   5   6   -0.0002673616
3   7   1   6   0.0000044461
3   7   2   6   0.0002669147
3   7   3   4   -0.0000154026
3   7   4   4   0.0000581994
3   7   5   6   0.0000144274
3   8   1   4   -0.0000134375
3   8   2   4   -0.0000048690
3   8   3   5   -0.0002522767
3   8   3   6   0.0001427170
3   8   4   5   0.0008772865
3   8   4   6   -0.0002522767
3   8   5   4   0.0000426979
3   9   1   4   0.0000507740
3   9   2   4   0.0000183977
3   9   3   5   0.0000091857
3   9   3   6   -0.0002522767
3   9   4   5   0.0002522767
3   9   4   6   0.0010291892
3   9   5   4   -0.0001613358
3   10   1   6   -0.0002673616
3   10   2   6   0.0000144274
3   10   3   4   0.0004263797
3   10   4   4   -0.0016110934
3   10   5   6   0.0003275746

1   6   6   1   -0.2944671391
1   6   7   1   0.0000091492
1   6   8   2   -0.0000394079
1   6   8   3   0.0000104294
1   6   9   2   -0.0000104294
1   6   9   3   -0.0000394079
1   6   10   1   -0.0003736193
1   7   6   1   0.0000091492
1   7   7   1   -0.1079070563
1   7   8   2   -0.0018651862
1   7   8   3   0.0004936260
1   7   9   2   -0.0004936260
1   7   9   3   -0.0018651862
1   7   10   1   0.0065947255
1   8   6   2   -0.0000394079
1   8   6   3   0.0000104294
1   8   7   2   -0.0018651862
1   8   7   3   0.0004936260
1   8   8   1   -0.1072604782
1   8   10   2   0.0006144647
1   8   10   3   -0.0001626195
1   9   6   2   -0.0000104294
1   9   6   3   -0.0000394079
1   9   7   2   -0.0004936260
1   9   7   3   -0.0018651862
1   9   9   1   -0.1072604782
1   9   10   2   0.0001626195
1   9   10   3   0.0006144647
1   10   6   1   -0.0003736193
1   10   7   1   0.0065947255
1   10   8   2   0.0006144647
1   10   8   3   -0.0001626195
1   10   9   2   0.0001626195
1   10   9   3   0.0006144647
1   10   10   1   -0.1107229683
2   6   6   2   -0.2295670039
2   6   7   2   0.0000034531
2   6   8   1   -0.0000394079
2   6   9   1   -0.0000104294
2   6   10   2   -0.0001104481
2   7   6   2   0.0000034531
2   7   7   2   -0.1097956540
2   7   8   1   -0.0018651862
2   7   9   1   -0.0004936260
2   7   10   2   0.0062234657
2   8   6   1   -0.0000394079
2   8   7   1   -0.0018651862
2   8   8   2   -0.1097329872
2   8   8   3   0.0001147430
2   8   9   2   -0.0001147430
2   8   9   3   -0.0002015972
2   8   10   1   0.0006144647
2   9   6   1   -0.0000104294
2   9   7   1   -0.0004936260
2   9   8   2   -0.0001147430
2   9   8   3   -0.0002015972
2   9   9   2   -0.1093297929
2   9   9   3   -0.0001147430
2   9   10   1   0.0001626195
2   10   6   2   -0.0001104481
2   10   7   2   0.0062234657
2   10   8   1   0.0006144647
2   10   9   1   0.0001626195
2   10   10   2   -0.1120544918
3   6   6   3   -0.2295670039
3   6   7   3   0.0000034531
3   6   8   1   0.0000104294
3   6   9   1   -0.0000394079
3   6   10   3   -0.0001104481
3   7   6   3   0.0000034531
3   7   7   3   -0.1097956540
3   7   8   1   0.0004936260
3   7   9   1   -0.0018651862
3   7   10   3   0.0062234657
3   8   6   1   0.0000104294
3   8   7   1   0.0004936260
3   8   8   2   0.0001147430
3   8   8   3   -0.1093297929
3   8   9   2   -0.0002015972
3   8   9   3   0.0001147430
3   8   10   1   -0.0001626195
3   9   6   1   -0.0000394079
3   9   7   1   -0.0018651862
3   9   8   2   -0.0002015972
3   9   8   3   0.0001147430
3   9   9   2   -0.0001147430
3   9   9   3   -0.1097329872
3   9   10   1   0.0006144647
3   10   6   3   -0.0001104481
3   10   7   3   0.0062234657
3   10   8   1   -0.0001626195
3   10   9   1   0.0006144647
3   10   10   3   -0.1120544918

End AIJB Block
Begin IJKA Block
1   6   1   4   -0.1030103114
1   6   2   4   0.0000219933
1   6   3   5   0.0000196269
1   6   3   6   -0.0000051943
1   6   4   5   0.0000051943
1   6   4   6   0.0000196269
1   6   5   4   -0.0010057886
1   7   1   4   -0.0003752125
1   7   2   4   -0.0000006187
1   7   3   5   -0.0000000036
1   7   3   6   0.0000000010
1   7   4   5   -0.0000000010
1   7   4   6   -0.0000000036
1   7   5   4   0.0000015051
1   8   1   5   0.0016483469
1   8   1   6   -0.0004362390
1   8   2   5   -0.0000004472
1   8   2   6   0.0000001184
1   8   3   4   0.0000005805
1   8   5   5   0.0000030008
1   8   5   6   -0.0000007942
1   9   1   5   0.0004362390
1   9   1   6   0.0016483469
1   9   2   5   -0.0000001184
1   9   2   6   -0.0000004472
1   9   4   4   0.0000005805
1   9   5   5   0.0000007942
1   9   5   6   0.0000030008
1   10   1   4   -0.0115876188
1   10   2   4   0.0000013092
1   10   3   5   -0.0000032928
1   10   3   6   0.0000008714
1   10   4   5   -0.0000008714
1   10   4   6   -0.0000032928
1   10   5   4   -0.0000182629
2   6   1   4   0.0000219933
2   6   2   4   -0.0006491988
2   6   3   5   0.0001154836
2   6   3   6   -0.0000305630
2   6   4   5   0.0000305630
2   6   4   6   0.0001154836
2   6   5   4   0.0001083262
2   7   1   4   -0.0000006187
2   7   2   4   -0.0025626289
2   7   3   5   -0.0063714332
2   7   3   6   0.0016862150
2   7   4   5   -0.0016862150
2   7   4   6   -0.0063714332
2   7   5   4   0.0111965366
2   8   1   5   -0.0000004472
2   8   1   6   0.0000001184
2   8   2   5   -0.0259843468
2   8   2   6   0.0068768195
2   8   3   4   -0.0005091244
2   8   5   5   -0.0007868254
2   8   5   6   0.0002082352
2   9   1   5   -0.0000001184
2   9   1   6   -0.0000004472
2   9   2   5   -0.0068768195
2   9   2   6   -0.0259843468
2   9   4   4   -0.0005091244
2   9   5   5   -0.0002082352
2   9   5   6   -0.0007868254
2   10   1   4   0.0000013092
2   10   2   4   0.0457954821
2   10   3   5   -0.0008015419
2   10   3   6   0.0002121300
2   10   4   5   -0.0002121300
2   10   4   6   -0.0008015419
2   10   5   4   0.0010001885
3   6   1   5   0.0000196269
3   6   1   6   -0.0000051943
3   6   2   5   0.0001154836
3   6   2   6   -0.0000305630
3   6   3   4   -0.0006362402
3   6   5   5   -0.0000415835
3   6   5   6   0.0000110052
3   7   1   5   -0.0000000036
3   7   1   6   0.0000000010
3   7   2   5   -0.0063714332
3   7   2   6   0.0016862150
3   7   3   4   -0.0023531069
3   7   5   5   -0.0001677814
3   7   5   6   0.0000444038
3   8   1   4   0.0000005805
3   8   2   4   -0.0005091244
3   8   3   5   -0.0262771361
3   8   3   6   0.0069543069
3   8   4   5   -0.0004064545
3   8   4   6   -0.0015358050
3   8   5   4   0.0027272897
3   9   3   5   -0.0061413979
3   9   3   6   -0.0232055262
3   9   4   5   -0.0015358050
3   9   4   6   0.0004064545
3   10   1   5   -0.0000032928
3   10   1   6   0.0000008714
3   10   2   5   -0.0008015419
3   10   2   6   0.0002121300
3   10   3   4   0.0409887955
3   10   5   5   -0.0013432099
3   10   5   6   0.0003554837
4   6   1   5   0.0000051943
4   6   1   6   0.0000196269
4   6   2   5   0.0000305630
4   6   2   6   0.0001154836
4   6   4   4   -0.0006362402
4   6   5   5   -0.0000110052
4   6   5   6   -0.0000415835
4   7   1   5   -0.0000000010
4   7   1   6   -0.0000000036
4   7   2   5   -0.0016862150
4   7   2   6   -0.0063714332
4   7   4   4   -0.0023531069
4   7   5   5   -0.0000444038
4   7   5   6   -0.0001677814
4   8   3   5   -0.0004064545
4   8   3   6   -0.0015358050
4   8   4   5   -0.0232055262
4   8   4   6   0.0061413979
4   9   1   4   0.0000005805
4   9   2   4   -0.0005091244
4   9   3   5   -0.0015358050
4   9   3   6   0.0004064545
4   9   4   5   -0.0069543069
4   9   4   6   -0.0262771361
4   9   5   4   0.0027272897
4   10   1   5   -0.0000008714
4   10   1   6   -0.0000032928
4   10   2   5   -0.0002121300
4   10   2   6   -0.0008015419
4   10   4   4   0.0409887955
4   10   5   5   -0.0003554837
4   10   5   6   -0.0013432099
5   6   1   4   -0.0010057886
5   6   2   4   0.0001083262
5   6   3   5   -0.0000415835
5   6   3   6   0.0000110052
5   6   4   5   -0.0000110052
5   6   4   6   -0.0000415835
5   6   5   4   -0.0007358123
5   7   1   4   0.0000015051
5   7   2   4   0.0111965366
5   7   3   5   -0.0001677814
5   7   3   6   0.0000444038
5   7   4   5   -0.0000444038
5   7   4   6   -0.0001677814
5   7   5   4   -0.0020551329
5   8   1   5   0.0000030008
5   8   1   6   -0.0000007942
5   8   2   5   -0.0007868254
5   8   2   6   0.0002082352
5   8   3   4   0.0027272897
5   8   5   5   -0.0222254999
5   8   5   6   0.0058820316
5   9   1   5   0.0000007942
5   9   1   6   0.0000030008
5   9   2   5   -0.0002082352
5   9   2   6   -0.0007868254
5   9   4   4   0.0027272897
5   9   5   5   -0.0058820316
5   9   5   6   -0.0222254999
5   10   1   4   -0.0000182629
5   10   2   4   0.0010001885
5   10   3   5   -0.0013432099
5   10   3   6   0.0003554837
5   10   4   5   -0.0003554837
5   10   4   6   -0.0013432099
5   10   5   4   0.0443212967

End IJKA Block
Begin IABC Block
1   4   1   4   -0.0005902660
1   4   2   5   0.0032396603
1   4   3   6   0.0032396603
1   5   1   5   -0.0003431957
1   5   2   4   0.0032396603
1   6   1   6   -0.0003431957
1   6   3   4   0.0032396603
2   4   1   4   -0.0002780640
2   4   2   5   0.0000172112
2   4   3   6   0.0000172112
2   5   1   5   -0.0002736790
2   5   2   4   0.0000172112
2   6   1   6   -0.0002736790
2   6   3   4   0.0000172112
3   4   1   5   0.0005125848
3   4   1   6   -0.0001356568
3   4   2   4   0.0011842580
3   4   3   4   -0.0003134167
3   5   1   4   0.0005125848
3   5   2   5   0.0013296275
3   5   2   6   -0.0000578307
3   5   3   5   -0.0002362278
3   5   3   6   0.0002185155
3   6   1   4   -0.0001356568
3   6   2   5   -0.0000578307
3   6   2   6   0.0008925964
3   6   3   5   0.0002185155
3   6   3   6   -0.0003518891
4   4   1   5   0.0001356568
4   4   1   6   0.0005125848
4   4   2   4   0.0003134167
4   4   3   4   0.0011842580
4   5   1   4   0.0001356568
4   5   2   5   0.0003518891
4   5   2   6   0.0002185155
4   5   3   5   0.0008925964
4   5   3   6   0.0000578307
4   6   1   4   0.0005125848
4   6   2   5   0.0002185155
4   6   2   6   0.0002362278
4   6   3   5   0.0000578307
4   6   3   6   0.0013296275
5   4   1   4   -0.0059546729
5   4   2   5   -0.0022933188
5   4   3   6   -0.0022933188
5   5   1   5   -0.0045195234
5   5   2   4   -0.0022933188
5   6   1   6   -0.0045195234
5   6   3   4   -0.0022933188

End IABC Block
