Begin IJ Block
1   1   -41.1689108696
1   2   0.0026891517
1   3   0.7512701445
1   4   0.0402989792
2   2   -6.6965398252
2   3   -0.0134333871
2   4   0.0019983348
3   3   -9.5679954258
3   4   -0.0198792328
4   4   -8.3196793398
5   5   -8.3967607621
6   6   -8.3967607621

End IJ Block
Begin IA Block
1   1   -0.0129777658
1   4   -0.0419192098
2   1   0.1020147283
2   4   0.0650675677
3   1   0.0846520359
3   4   0.2398087058
4   1   -0.2722491647
4   4   -0.0908461133
5   2   0.1859630053
5   3   0.3388995286
6   2   -0.3388995286
6   3   0.1859630053

End IA Block
Begin AB Block
1   1   -1.8981332855
1   4   -0.3951348097
2   2   -1.5981588890
2   3   -0.0000000000
3   3   -1.5981588890
4   4   -1.7094432707

End AB Block
Begin IJKL Block
1   7   1   7   5.3560734513
1   7   1   8   -0.0017927858
1   7   1   9   -0.5331491761
1   7   1   10   -0.0255214138
1   7   2   7   -0.0017927858
1   7   2   8   0.0000012217
1   7   2   9   0.0002913995
1   7   2   10   -0.0000758064
1   7   3   7   -0.5331491761
1   7   3   8   0.0002913995
1   7   3   9   0.0859794120
1   7   3   10   0.0037742755
1   7   4   7   -0.0255214138
1   7   4   8   -0.0000758064
1   7   4   9   0.0037742755
1   7   4   10   0.0342094500
1   7   5   11   0.0358036333
1   7   6   12   0.0358036333
1   8   1   7   -0.0017927858
1   8   1   8   0.2503937606
1   8   1   9   0.0046463378
1   8   1   10   -0.0056233124
1   8   2   7   0.0000012217
1   8   2   8   0.0000036310
1   8   2   9   0.0000000184
1   8   2   10   -0.0000001772
1   8   3   7   0.0002913995
1   8   3   8   0.0000404212
1   8   3   9   -0.0000768597
1   8   3   10   0.0000298494
1   8   4   7   -0.0000758064
1   8   4   8   -0.0031837333
1   8   4   9   -0.0001319299
1   8   4   10   0.0002097305
1   8   5   11   0.0001425702
1   8   6   12   0.0001425702
1   9   1   7   -0.5331491761
1   9   1   8   0.0046463378
1   9   1   9   1.2637927068
1   9   1   10   0.0267191217
1   9   2   7   0.0002913995
1   9   2   8   0.0000000184
1   9   2   9   -0.0000812365
1   9   2   10   -0.0000992026
1   9   3   7   0.0859794120
1   9   3   8   -0.0000768597
1   9   3   9   -0.0231451282
1   9   3   10   -0.0014236068
1   9   4   7   0.0037742755
1   9   4   8   -0.0001319299
1   9   4   9   -0.0021728125
1   9   4   10   0.0355708747
1   9   5   11   0.0371080453
1   9   6   12   0.0371080453
1   10   1   7   -0.0255214138
1   10   1   8   -0.0056233124
1   10   1   9   0.0267191217
1   10   1   10   1.1321122760
1   10   2   7   -0.0000758064
1   10   2   8   -0.0000001772
1   10   2   9   -0.0000992026
1   10   2   10   -0.0000551582
1   10   3   7   0.0037742755
1   10   3   8   0.0000298494
1   10   3   9   -0.0014236068
1   10   3   10   -0.0137862045
1   10   4   7   0.0342094500
1   10   4   8   0.0002097305
1   10   4   9   0.0355708747
1   10   4   10   0.0014873239
1   10   5   11   0.0013999043
1   10   6   12   0.0013999043
1   11   1   11   1.1611445654
1   11   2   11   -0.0000522991
1   11   3   11   -0.0144243225
1   11   4   11   -0.0010439432
1   11   5   7   0.0358036333
1   11   5   8   0.0001425702
1   11   5   9   0.0371080453
1   11   5   10   0.0013999043
1   12   1   12   1.1611445654
1   12   2   12   -0.0000522991
1   12   3   12   -0.0144243225
1   12   4   12   -0.0010439432
1   12   6   7   0.0358036333
1   12   6   8   0.0001425702
1   12   6   9   0.0371080453
1   12   6   10   0.0013999043
2   7   1   7   -0.0017927858
2   7   1   8   0.0000012217
2   7   1   9   0.0002913995
2   7   1   10   -0.0000758064
2   7   2   7   0.2503937606
2   7   2   8   0.0000036310
2   7   2   9   0.0000404212
2   7   2   10   -0.0031837333
2   7   3   7   0.0046463378
2   7   3   8   0.0000000184
2   7   3   9   -0.0000768597
2   7   3   10   -0.0001319299
2   7   4   7   -0.0056233124
2   7   4   8   -0.0000001772
2   7   4   9   0.0000298494
2   7   4   10   0.0002097305
2   7   5   11   0.0001425702
2   7   6   12   0.0001425702
2   8   1   7   0.0000012217
2   8   1   8   0.0000036310
2   8   1   9   0.0000000184
2   8   1   10   -0.0000001772
2   8   2   7   0.0000036310
2   8   2   8   1.6501088721
2   8   2   9   -0.0144181018
2   8   2   10   0.0399620437
2   8   3   7   0.0000000184
2   8   3   8   -0.0144181018
2   8   3   9   0.0002179717
2   8   3   10   -0.0006331531
2   8   4   7   -0.0000001772
2   8   4   8   0.0399620437
2   8   4   9   -0.0006331531
2   8   4   10   0.0019675710
2   8   5   11   0.0000547982
2   8   6   12   0.0000547982
2   9   1   7   0.0002913995
2   9   1   8   0.0000000184
2   9   1   9   -0.0000812365
2   9   1   10   -0.0000992026
2   9   2   7   0.0000404212
2   9   2   8   -0.0144181018
2   9   2   9   0.2526587963
2   9   2   10   -0.0407889142
2   9   3   7   -0.0000768597
2   9   3   8   0.0002179717
2   9   3   9   0.0033959431
2   9   3   10   -0.0006734519
2   9   4   7   0.0000298494
2   9   4   8   -0.0006331531
2   9   4   9   -0.0048265253
2   9   4   10   0.0014835545
2   9   5   11   0.0008229480
2   9   6   12   0.0008229480
2   10   1   7   -0.0000758064
2   10   1   8   -0.0000001772
2   10   1   9   -0.0000992026
2   10   1   10   -0.0000551582
2   10   2   7   -0.0031837333
2   10   2   8   0.0399620437
2   10   2   9   -0.0407889142
2   10   2   10   0.2720475682
2   10   3   7   -0.0001319299
2   10   3   8   -0.0006331531
2   10   3   9   -0.0006734519
2   10   3   10   0.0031554974
2   10   4   7   0.0002097305
2   10   4   8   0.0019675710
2   10   4   9   0.0014835545
2   10   4   10   -0.0050064887
2   10   5   11   -0.0002491247
2   10   6   12   -0.0002491247
2   11   1   11   -0.0000522991
2   11   2   11   0.2467999119
2   11   3   11   0.0030681814
2   11   4   11   -0.0043254305
2   11   5   7   0.0001425702
2   11   5   8   0.0000547982
2   11   5   9   0.0008229480
2   11   5   10   -0.0002491247
2   12   1   12   -0.0000522991
2   12   2   12   0.2467999119
2   12   3   12   0.0030681814
2   12   4   12   -0.0043254305
2   12   6   7   0.0001425702
2   12   6   8   0.0000547982
2   12   6   9   0.0008229480
2   12   6   10   -0.0002491247
3   7   1   7   -0.5331491761
3   7   1   8   0.0002913995
3   7   1   9   0.0859794120
3   7   1   10   0.0037742755
3   7   2   7   0.0046463378
3   7   2   8   0.0000000184
3   7   2   9   -0.0000768597
3   7   2   10   -0.0001319299
3   7   3   7   1.2637927068
3   7   3   8   -0.0000812365
3   7   3   9   -0.0231451282
3   7   3   10   -0.0021728125
3   7   4   7   0.0267191217
3   7   4   8   -0.0000992026
3   7   4   9   -0.0014236068
3   7   4   10   0.0355708747
3   7   5   11   0.0371080453
3   7   6   12   0.0371080453
3   8   1   7   0.0002913995
3   8   1   8   0.0000404212
3   8   1   9   -0.0000768597
3   8   1   10   0.0000298494
3   8   2   7   0.0000000184
3   8   2   8   -0.0144181018
3   8   2   9   0.0002179717
3   8   2   10   -0.0006331531
3   8   3   7   -0.0000812365
3   8   3   8   0.2526587963
3   8   3   9   0.0033959431
3   8   3   10   -0.0048265253
3   8   4   7   -0.0000992026
3   8   4   8   -0.0407889142
3   8   4   9   -0.0006734519
3   8   4   10   0.0014835545
3   8   5   11   0.0008229480
3   8   6   12   0.0008229480
3   9   1   7   0.0859794120
3   9   1   8   -0.0000768597
3   9   1   9   -0.0231451282
3   9   1   10   -0.0014236068
3   9   2   7   -0.0000768597
3   9   2   8   0.0002179717
3   9   2   9   0.0033959431
3   9   2   10   -0.0006734519
3   9   3   7   -0.0231451282
3   9   3   8   0.0033959431
3   9   3   9   0.8825809712
3   9   3   10   0.0070939105
3   9   4   7   -0.0014236068
3   9   4   8   -0.0006734519
3   9   4   9   0.0070939105
3   9   4   10   0.1610339501
3   9   5   11   0.1637444947
3   9   6   12   0.1637444947
3   10   1   7   0.0037742755
3   10   1   8   0.0000298494
3   10   1   9   -0.0014236068
3   10   1   10   -0.0137862045
3   10   2   7   -0.0001319299
3   10   2   8   -0.0006331531
3   10   2   9   -0.0006734519
3   10   2   10   0.0031554974
3   10   3   7   -0.0021728125
3   10   3   8   -0.0048265253
3   10   3   9   0.0070939105
3   10   3   10   0.8091822839
3   10   4   7   0.0355708747
3   10   4   8   0.0014835545
3   10   4   9   0.1610339501
3   10   4   10   0.0134687049
3   10   5   11   0.0032099028
3   10   6   12   0.0032099028
3   11   1   11   -0.0144243225
3   11   2   11   0.0030681814
3   11   3   11   0.8233458581
3   11   4   11   0.0092542826
3   11   5   7   0.0371080453
3   11   5   8   0.0008229480
3   11   5   9   0.1637444947
3   11   5   10   0.0032099028
3   12   1   12   -0.0144243225
3   12   2   12   0.0030681814
3   12   3   12   0.8233458581
3   12   4   12   0.0092542826
3   12   6   7   0.0371080453
3   12   6   8   0.0008229480
3   12   6   9   0.1637444947
3   12   6   10   0.0032099028
4   7   1   7   -0.0255214138
4   7   1   8   -0.0000758064
4   7   1   9   0.0037742755
4   7   1   10   0.0342094500
4   7   2   7   -0.0056233124
4   7   2   8   -0.0000001772
4   7   2   9   0.0000298494
4   7   2   10   0.0002097305
4   7   3   7   0.0267191217
4   7   3   8   -0.0000992026
4   7   3   9   -0.0014236068
4   7   3   10   0.0355708747
4   7   4   7   1.1321122760
4   7   4   8   -0.0000551582
4   7   4   9   -0.0137862045
4   7   4   10   0.0014873239
4   7   5   11   0.0013999043
4   7   6   12   0.0013999043
4   8   1   7   -0.0000758064
4   8   1   8   -0.0031837333
4   8   1   9   -0.0001319299
4   8   1   10   0.0002097305
4   8   2   7   -0.0000001772
4   8   2   8   0.0399620437
4   8   2   9   -0.0006331531
4   8   2   10   0.0019675710
4   8   3   7   -0.0000992026
4   8   3   8   -0.0407889142
4   8   3   9   -0.0006734519
4   8   3   10   0.0014835545
4   8   4   7   -0.0000551582
4   8   4   8   0.2720475682
4   8   4   9   0.0031554974
4   8   4   10   -0.0050064887
4   8   5   11   -0.0002491247
4   8   6   12   -0.0002491247
4   9   1   7   0.0037742755
4   9   1   8   -0.0001319299
4   9   1   9   -0.0021728125
4   9   1   10   0.0355708747
4   9   2   7   0.0000298494
4   9   2   8   -0.0006331531
4   9   2   9   -0.0048265253
4   9   2   10   0.0014835545
4   9   3   7   -0.0014236068
4   9   3   8   -0.0006734519
4   9   3   9   0.0070939105
4   9   3   10   0.1610339501
4   9   4   7   -0.0137862045
4   9   4   8   0.0031554974
4   9   4   9   0.8091822839
4   9   4   10   0.0134687049
4   9   5   11   0.0032099028
4   9   6   12   0.0032099028
4   10   1   7   0.0342094500
4   10   1   8   0.0002097305
4   10   1   9   0.0355708747
4   10   1   10   0.0014873239
4   10   2   7   0.0002097305
4   10   2   8   0.0019675710
4   10   2   9   0.0014835545
4   10   2   10   -0.0050064887
4   10   3   7   0.0355708747
4   10   3   8   0.0014835545
4   10   3   9   0.1610339501
4   10   3   10   0.0134687049
4   10   4   7   0.0014873239
4   10   4   8   -0.0050064887
4   10   4   9   0.0134687049
4   10   4   10   0.8010069897
4   10   5   11   0.0393948064
4   10   6   12   0.0393948064
4   11   1   11   -0.0010439432
4   11   2   11   -0.0043254305
4   11   3   11   0.0092542826
4   11   4   11   0.7354433315
4   11   5   7   0.0013999043
4   11   5   8   -0.0002491247
4   11   5   9   0.0032099028
4   11   5   10   0.0393948064
4   12   1   12   -0.0010439432
4   12   2   12   -0.0043254305
4   12   3   12   0.0092542826
4   12   4   12   0.7354433315
4   12   6   7   0.0013999043
4   12   6   8   -0.0002491247
4   12   6   9   0.0032099028
4   12   6   10   0.0393948064
5   7   1   11   0.0358036333
5   7   2   11   0.0001425702
5   7   3   11   0.0371080453
5   7   4   11   0.0013999043
5   7   5   7   1.1611445654
5   7   5   8   -0.0000522991
5   7   5   9   -0.0144243225
5   7   5   10   -0.0010439432
5   8   1   11   0.0001425702
5   8   2   11   0.0000547982
5   8   3   11   0.0008229480
5   8   4   11   -0.0002491247
5   8   5   7   -0.0000522991
5   8   5   8   0.2467999119
5   8   5   9   0.0030681814
5   8   5   10   -0.0043254305
5   9   1   11   0.0371080453
5   9   2   11   0.0008229480
5   9   3   11   0.1637444947
5   9   4   11   0.0032099028
5   9   5   7   -0.0144243225
5   9   5   8   0.0030681814
5   9   5   9   0.8233458581
5   9   5   10   0.0092542826
5   10   1   11   0.0013999043
5   10   2   11   -0.0002491247
5   10   3   11   0.0032099028
5   10   4   11   0.0393948064
5   10   5   7   -0.0010439432
5   10   5   8   -0.0043254305
5   10   5   9   0.0092542826
5   10   5   10   0.7354433315
5   11   1   7   0.0358036333
5   11   1   8   0.0001425702
5   11   1   9   0.0371080453
5   11   1   10   0.0013999043
5   11   2   7   0.0001425702
5   11   2   8   0.0000547982
5   11   2   9   0.0008229480
5   11   2   10   -0.0002491247
5   11   3   7   0.0371080453
5   11   3   8   0.0008229480
5   11   3   9   0.1637444947
5   11   3   10   0.0032099028
5   11   4   7   0.0013999043
5   11   4   8   -0.0002491247
5   11   4   9   0.0032099028
5   11   4   10   0.0393948064
5   11   5   11   0.8276454831
5   11   6   12   0.0399623296
5   12   5   12   0.7477208239
5   12   6   11   0.0399623296
6   7   1   12   0.0358036333
6   7   2   12   0.0001425702
6   7   3   12   0.0371080453
6   7   4   12   0.0013999043
6   7   6   7   1.1611445654
6   7   6   8   -0.0000522991
6   7   6   9   -0.0144243225
6   7   6   10   -0.0010439432
6   8   1   12   0.0001425702
6   8   2   12   0.0000547982
6   8   3   12   0.0008229480
6   8   4   12   -0.0002491247
6   8   6   7   -0.0000522991
6   8   6   8   0.2467999119
6   8   6   9   0.0030681814
6   8   6   10   -0.0043254305
6   9   1   12   0.0371080453
6   9   2   12   0.0008229480
6   9   3   12   0.1637444947
6   9   4   12   0.0032099028
6   9   6   7   -0.0144243225
6   9   6   8   0.0030681814
6   9   6   9   0.8233458581
6   9   6   10   0.0092542826
6   10   1   12   0.0013999043
6   10   2   12   -0.0002491247
6   10   3   12   0.0032099028
6   10   4   12   0.0393948064
6   10   6   7   -0.0010439432
6   10   6   8   -0.0043254305
6   10   6   9   0.0092542826
6   10   6   10   0.7354433315
6   11   5   12   0.0399623296
6   11   6   11   0.7477208239
6   12   1   7   0.0358036333
6   12   1   8   0.0001425702
6   12   1   9   0.0371080453
6   12   1   10   0.0013999043
6   12   2   7   0.0001425702
6   12   2   8   0.0000547982
6   12   2   9   0.0008229480
6   12   2   10   -0.0002491247
6   12   3   7   0.0371080453
6   12   3   8   0.0008229480
6   12   3   9   0.1637444947
6   12   3   10   0.0032099028
6   12   4   7   0.0013999043
6   12   4   8   -0.0002491247
6   12   4   9   0.0032099028
6   12   4   10   0.0393948064
6   12   5   11   0.0399623296
6   12   6   12   0.8276454831

End IJKL Block
Begin IJAB Block
1   7   1   5   0.0001481422
1   7   1   8   0.0001539038
1   7   2   6   0.0002221629
1   7   3   7   0.0002221629
1   7   4   5   0.0001539038
1   7   4   8   0.0003291560
1   8   1   5   0.0000046038
1   8   1   8   0.0000015312
1   8   2   6   -0.0000017226
1   8   3   7   -0.0000017226
1   8   4   5   0.0000021919
1   8   4   8   0.0000005174
1   9   1   5   0.0001072970
1   9   1   8   0.0000359232
1   9   2   6   0.0002126173
1   9   3   7   0.0002126173
1   9   4   5   0.0000323730
1   9   4   8   -0.0000476071
1   10   1   5   -0.0000107341
1   10   1   8   -0.0000743412
1   10   2   6   0.0000163932
1   10   3   7   0.0000163932
1   10   4   5   0.0000316839
1   10   4   8   -0.0000218321
1   11   1   6   -0.0000116063
1   11   1   7   -0.0000211514
1   11   2   5   0.0000182801
1   11   2   8   0.0000624228
1   11   3   5   0.0000333137
1   11   3   8   0.0001137594
1   11   4   6   -0.0000312935
1   11   4   7   -0.0000570294
1   12   1   6   0.0000211514
1   12   1   7   -0.0000116063
1   12   2   5   -0.0000333137
1   12   2   8   -0.0001137594
1   12   3   5   0.0000182801
1   12   3   8   0.0000624228
1   12   4   6   0.0000570294
1   12   4   7   -0.0000312935
2   7   1   5   0.0000046038
2   7   1   8   0.0000021919
2   7   2   6   -0.0000017226
2   7   3   7   -0.0000017226
2   7   4   5   0.0000015312
2   7   4   8   0.0000005174
2   8   1   5   0.0052238803
2   8   1   8   0.0037857820
2   8   2   6   0.0004914586
2   8   3   7   0.0004914586
2   8   4   5   0.0037857820
2   8   4   8   0.0029173808
2   9   1   5   -0.0000098362
2   9   1   8   -0.0000188914
2   9   2   6   0.0000054376
2   9   3   7   0.0000054376
2   9   4   5   -0.0000261848
2   9   4   8   -0.0000267341
2   10   1   5   0.0000961355
2   10   1   8   0.0002744252
2   10   2   6   -0.0001197126
2   10   3   7   -0.0001197126
2   10   4   5   0.0001024224
2   10   4   8   0.0001604819
2   11   1   6   0.0000398767
2   11   1   7   0.0000726714
2   11   2   5   0.0000510780
2   11   2   8   0.0000653095
2   11   3   5   0.0000930846
2   11   3   8   0.0001190202
2   11   4   6   0.0000097613
2   11   4   7   0.0000177891
2   12   1   6   -0.0000726714
2   12   1   7   0.0000398767
2   12   2   5   -0.0000930846
2   12   2   8   -0.0001190202
2   12   3   5   0.0000510780
2   12   3   8   0.0000653095
2   12   4   6   -0.0000177891
2   12   4   7   0.0000097613
3   7   1   5   0.0001072970
3   7   1   8   0.0000323730
3   7   2   6   0.0002126173
3   7   3   7   0.0002126173
3   7   4   5   0.0000359232
3   7   4   8   -0.0000476071
3   8   1   5   -0.0000098362
3   8   1   8   -0.0000261848
3   8   2   6   0.0000054376
3   8   3   7   0.0000054376
3   8   4   5   -0.0000188914
3   8   4   8   -0.0000267341
3   9   1   5   0.0005812888
3   9   1   8   0.0006171359
3   9   2   6   0.0007854505
3   9   3   7   0.0007854505
3   9   4   5   0.0006171359
3   9   4   8   0.0012684471
3   10   1   5   -0.0004833732
3   10   1   8   -0.0003918413
3   10   2   6   0.0000518720
3   10   3   7   0.0000518720
3   10   4   5   -0.0012003013
3   10   4   8   -0.0006596689
3   11   1   6   0.0002510163
3   11   1   7   0.0004574528
3   11   2   5   0.0000575712
3   11   2   8   0.0001911874
3   11   3   5   0.0001049179
3   11   3   8   0.0003484205
3   11   4   6   0.0007731487
3   11   4   7   0.0014089884
3   12   1   6   -0.0004574528
3   12   1   7   0.0002510163
3   12   2   5   -0.0001049179
3   12   2   8   -0.0003484205
3   12   3   5   0.0000575712
3   12   3   8   0.0001911874
3   12   4   6   -0.0014089884
3   12   4   7   0.0007731487
4   7   1   5   -0.0000107341
4   7   1   8   0.0000316839
4   7   2   6   0.0000163932
4   7   3   7   0.0000163932
4   7   4   5   -0.0000743412
4   7   4   8   -0.0000218321
4   8   1   5   0.0000961355
4   8   1   8   0.0001024224
4   8   2   6   -0.0001197126
4   8   3   7   -0.0001197126
4   8   4   5   0.0002744252
4   8   4   8   0.0001604819
4   9   1   5   -0.0004833732
4   9   1   8   -0.0012003013
4   9   2   6   0.0000518720
4   9   3   7   0.0000518720
4   9   4   5   -0.0003918413
4   9   4   8   -0.0006596689
4   10   1   5   0.0017096371
4   10   1   8   0.0011007350
4   10   2   6   0.0003260624
4   10   3   7   0.0003260624
4   10   4   5   0.0011007350
4   10   4   8   0.0013475332
4   11   1   6   -0.0008887483
4   11   1   7   -0.0016196575
4   11   2   5   -0.0001223251
4   11   2   8   -0.0001065411
4   11   3   5   -0.0002229257
4   11   3   8   -0.0001941608
4   11   4   6   -0.0004747890
4   11   4   7   -0.0008652570
4   12   1   6   0.0016196575
4   12   1   7   -0.0008887483
4   12   2   5   0.0002229257
4   12   2   8   0.0001941608
4   12   3   5   -0.0001223251
4   12   3   8   -0.0001065411
4   12   4   6   0.0008652570
4   12   4   7   -0.0004747890
5   7   1   6   0.0000182801
5   7   1   7   0.0000333137
5   7   2   5   -0.0000116063
5   7   2   8   -0.0000312935
5   7   3   5   -0.0000211514
5   7   3   8   -0.0000570294
5   7   4   6   0.0000624228
5   7   4   7   0.0001137594
5   8   1   6   0.0000510780
5   8   1   7   0.0000930846
5   8   2   5   0.0000398767
5   8   2   8   0.0000097613
5   8   3   5   0.0000726714
5   8   3   8   0.0000177891
5   8   4   6   0.0000653095
5   8   4   7   0.0001190202
5   9   1   6   0.0000575712
5   9   1   7   0.0001049179
5   9   2   5   0.0002510163
5   9   2   8   0.0007731487
5   9   3   5   0.0004574528
5   9   3   8   0.0014089884
5   9   4   6   0.0001911874
5   9   4   7   0.0003484205
5   10   1   6   -0.0001223251
5   10   1   7   -0.0002229257
5   10   2   5   -0.0008887483
5   10   2   8   -0.0004747890
5   10   3   5   -0.0016196575
5   10   3   8   -0.0008652570
5   10   4   6   -0.0001065411
5   10   4   7   -0.0001941608
5   11   1   5   0.0002836673
5   11   1   8   0.0003818429
5   11   2   6   0.0008462673
5   11   2   7   0.0011272008
5   11   3   6   0.0011272008
5   11   3   7   0.0022819569
5   11   4   5   0.0003818429
5   11   4   8   0.0007584671
5   12   2   6   -0.0011272008
5   12   2   7   0.0003907817
5   12   3   6   -0.0018264713
5   12   3   7   0.0011272008
6   7   1   6   -0.0000333137
6   7   1   7   0.0000182801
6   7   2   5   0.0000211514
6   7   2   8   0.0000570294
6   7   3   5   -0.0000116063
6   7   3   8   -0.0000312935
6   7   4   6   -0.0001137594
6   7   4   7   0.0000624228
6   8   1   6   -0.0000930846
6   8   1   7   0.0000510780
6   8   2   5   -0.0000726714
6   8   2   8   -0.0000177891
6   8   3   5   0.0000398767
6   8   3   8   0.0000097613
6   8   4   6   -0.0001190202
6   8   4   7   0.0000653095
6   9   1   6   -0.0001049179
6   9   1   7   0.0000575712
6   9   2   5   -0.0004574528
6   9   2   8   -0.0014089884
6   9   3   5   0.0002510163
6   9   3   8   0.0007731487
6   9   4   6   -0.0003484205
6   9   4   7   0.0001911874
6   10   1   6   0.0002229257
6   10   1   7   -0.0001223251
6   10   2   5   0.0016196575
6   10   2   8   0.0008652570
6   10   3   5   -0.0008887483
6   10   3   8   -0.0004747890
6   10   4   6   0.0001941608
6   10   4   7   -0.0001065411
6   11   2   6   -0.0011272008
6   11   2   7   -0.0018264713
6   11   3   6   0.0003907817
6   11   3   7   0.0011272008
6   12   1   5   0.0002836673
6   12   1   8   0.0003818429
6   12   2   6   0.0022819569
6   12   2   7   -0.0011272008
6   12   3   6   -0.0011272008
6   12   3   7   0.0008462673
6   12   4   5   0.0003818429
6   12   4   8   0.0007584671

End IJAB Block
Begin ABCD Block
1   5   1   5   0.2155080353
1   5   1   8   0.0145306149
1   5   2   6   0.0237798716
1   5   3   7   0.0237798716
1   5   4   5   0.0145306149
1   5   4   8   0.0150063825
1   6   1   6   0.1459273513
1   6   2   5   0.0237798716
1   6   2   8   0.0046399462
1   6   4   6   0.0113070630
1   7   1   7   0.1459273513
1   7   3   5   0.0237798716
1   7   3   8   0.0046399462
1   7   4   7   0.0113070630
1   8   1   5   0.0145306149
1   8   1   8   0.1347241788
1   8   2   6   0.0046399462
1   8   3   7   0.0046399462
1   8   4   5   0.0150063825
1   8   4   8   0.0071395015
2   5   1   6   0.0237798716
2   5   2   5   0.1459273513
2   5   2   8   0.0113070630
2   5   4   6   0.0046399462
2   6   1   5   0.0237798716
2   6   1   8   0.0046399462
2   6   2   6   0.1345146328
2   6   3   7   0.0078803859
2   6   4   5   0.0046399462
2   6   4   8   0.0083332722
2   7   2   7   0.1187538609
2   7   3   6   0.0078803859
2   8   1   6   0.0046399462
2   8   2   5   0.0113070630
2   8   2   8   0.1143335018
2   8   4   6   0.0083332722
3   5   1   7   0.0237798716
3   5   3   5   0.1459273513
3   5   3   8   0.0113070630
3   5   4   7   0.0046399462
3   6   2   7   0.0078803859
3   6   3   6   0.1187538609
3   7   1   5   0.0237798716
3   7   1   8   0.0046399462
3   7   2   6   0.0078803859
3   7   3   7   0.1345146328
3   7   4   5   0.0046399462
3   7   4   8   0.0083332722
3   8   1   7   0.0046399462
3   8   3   5   0.0113070630
3   8   3   8   0.1143335018
3   8   4   7   0.0083332722
4   5   1   5   0.0145306149
4   5   1   8   0.0150063825
4   5   2   6   0.0046399462
4   5   3   7   0.0046399462
4   5   4   5   0.1347241788
4   5   4   8   0.0071395015
4   6   1   6   0.0113070630
4   6   2   5   0.0046399462
4   6   2   8   0.0083332722
4   6   4   6   0.1143335018
4   7   1   7   0.0113070630
4   7   3   5   0.0046399462
4   7   3   8   0.0083332722
4   7   4   7   0.1143335018
4   8   1   5   0.0150063825
4   8   1   8   0.0071395015
4   8   2   6   0.0083332722
4   8   3   7   0.0083332722
4   8   4   5   0.0071395015
4   8   4   8   0.1200453245

End ABCD Block
Begin AIJB Block
1   7   1   5   0.0001481422
1   7   1   8   0.0001539038
1   7   2   5   0.0000046038
1   7   2   8   0.0000021919
1   7   3   5   0.0001072970
1   7   3   8   0.0000323730
1   7   4   5   -0.0000107341
1   7   4   8   0.0000316839
1   7   5   6   0.0000182801
1   7   5   7   0.0000333137
1   7   6   6   -0.0000333137
1   7   6   7   0.0000182801
1   8   1   5   0.0000046038
1   8   1   8   0.0000015312
1   8   2   5   0.0052238803
1   8   2   8   0.0037857820
1   8   3   5   -0.0000098362
1   8   3   8   -0.0000261848
1   8   4   5   0.0000961355
1   8   4   8   0.0001024224
1   8   5   6   0.0000510780
1   8   5   7   0.0000930846
1   8   6   6   -0.0000930846
1   8   6   7   0.0000510780
1   9   1   5   0.0001072970
1   9   1   8   0.0000359232
1   9   2   5   -0.0000098362
1   9   2   8   -0.0000188914
1   9   3   5   0.0005812888
1   9   3   8   0.0006171359
1   9   4   5   -0.0004833732
1   9   4   8   -0.0012003013
1   9   5   6   0.0000575712
1   9   5   7   0.0001049179
1   9   6   6   -0.0001049179
1   9   6   7   0.0000575712
1   10   1   5   -0.0000107341
1   10   1   8   -0.0000743412
1   10   2   5   0.0000961355
1   10   2   8   0.0002744252
1   10   3   5   -0.0004833732
1   10   3   8   -0.0003918413
1   10   4   5   0.0017096371
1   10   4   8   0.0011007350
1   10   5   6   -0.0001223251
1   10   5   7   -0.0002229257
1   10   6   6   0.0002229257
1   10   6   7   -0.0001223251
1   11   1   6   -0.0000116063
1   11   1   7   -0.0000211514
1   11   2   6   0.0000398767
1   11   2   7   0.0000726714
1   11   3   6   0.0002510163
1   11   3   7   0.0004574528
1   11   4   6   -0.0008887483
1   11   4   7   -0.0016196575
1   11   5   5   0.0002836673
1   11   5   8   0.0003818429
1   12   1   6   0.0000211514
1   12   1   7   -0.0000116063
1   12   2   6   -0.0000726714
1   12   2   7   0.0000398767
1   12   3   6   -0.0004574528
1   12   3   7   0.0002510163
1   12   4   6   0.0016196575
1   12   4   7   -0.0008887483
1   12   6   5   0.0002836673
1   12   6   8   0.0003818429
2   7   1   6   0.0002221629
2   7   2   6   -0.0000017226
2   7   3   6   0.0002126173
2   7   4   6   0.0000163932
2   7   5   5   -0.0000116063
2   7   5   8   -0.0000312935
2   7   6   5   0.0000211514
2   7   6   8   0.0000570294
2   8   1   6   -0.0000017226
2   8   2   6   0.0004914586
2   8   3   6   0.0000054376
2   8   4   6   -0.0001197126
2   8   5   5   0.0000398767
2   8   5   8   0.0000097613
2   8   6   5   -0.0000726714
2   8   6   8   -0.0000177891
2   9   1   6   0.0002126173
2   9   2   6   0.0000054376
2   9   3   6   0.0007854505
2   9   4   6   0.0000518720
2   9   5   5   0.0002510163
2   9   5   8   0.0007731487
2   9   6   5   -0.0004574528
2   9   6   8   -0.0014089884
2   10   1   6   0.0000163932
2   10   2   6   -0.0001197126
2   10   3   6   0.0000518720
2   10   4   6   0.0003260624
2   10   5   5   -0.0008887483
2   10   5   8   -0.0004747890
2   10   6   5   0.0016196575
2   10   6   8   0.0008652570
2   11   1   5   0.0000182801
2   11   1   8   0.0000624228
2   11   2   5   0.0000510780
2   11   2   8   0.0000653095
2   11   3   5   0.0000575712
2   11   3   8   0.0001911874
2   11   4   5   -0.0001223251
2   11   4   8   -0.0001065411
2   11   5   6   0.0008462673
2   11   5   7   0.0011272008
2   11   6   6   -0.0011272008
2   11   6   7   -0.0018264713
2   12   1   5   -0.0000333137
2   12   1   8   -0.0001137594
2   12   2   5   -0.0000930846
2   12   2   8   -0.0001190202
2   12   3   5   -0.0001049179
2   12   3   8   -0.0003484205
2   12   4   5   0.0002229257
2   12   4   8   0.0001941608
2   12   5   6   -0.0011272008
2   12   5   7   0.0003907817
2   12   6   6   0.0022819569
2   12   6   7   -0.0011272008
3   7   1   7   0.0002221629
3   7   2   7   -0.0000017226
3   7   3   7   0.0002126173
3   7   4   7   0.0000163932
3   7   5   5   -0.0000211514
3   7   5   8   -0.0000570294
3   7   6   5   -0.0000116063
3   7   6   8   -0.0000312935
3   8   1   7   -0.0000017226
3   8   2   7   0.0004914586
3   8   3   7   0.0000054376
3   8   4   7   -0.0001197126
3   8   5   5   0.0000726714
3   8   5   8   0.0000177891
3   8   6   5   0.0000398767
3   8   6   8   0.0000097613
3   9   1   7   0.0002126173
3   9   2   7   0.0000054376
3   9   3   7   0.0007854505
3   9   4   7   0.0000518720
3   9   5   5   0.0004574528
3   9   5   8   0.0014089884
3   9   6   5   0.0002510163
3   9   6   8   0.0007731487
3   10   1   7   0.0000163932
3   10   2   7   -0.0001197126
3   10   3   7   0.0000518720
3   10   4   7   0.0003260624
3   10   5   5   -0.0016196575
3   10   5   8   -0.0008652570
3   10   6   5   -0.0008887483
3   10   6   8   -0.0004747890
3   11   1   5   0.0000333137
3   11   1   8   0.0001137594
3   11   2   5   0.0000930846
3   11   2   8   0.0001190202
3   11   3   5   0.0001049179
3   11   3   8   0.0003484205
3   11   4   5   -0.0002229257
3   11   4   8   -0.0001941608
3   11   5   6   0.0011272008
3   11   5   7   0.0022819569
3   11   6   6   0.0003907817
3   11   6   7   0.0011272008
3   12   1   5   0.0000182801
3   12   1   8   0.0000624228
3   12   2   5   0.0000510780
3   12   2   8   0.0000653095
3   12   3   5   0.0000575712
3   12   3   8   0.0001911874
3   12   4   5   -0.0001223251
3   12   4   8   -0.0001065411
3   12   5   6   -0.0018264713
3   12   5   7   0.0011272008
3   12   6   6   -0.0011272008
3   12   6   7   0.0008462673
4   7   1   5   0.0001539038
4   7   1   8   0.0003291560
4   7   2   5   0.0000015312
4   7   2   8   0.0000005174
4   7   3   5   0.0000359232
4   7   3   8   -0.0000476071
4   7   4   5   -0.0000743412
4   7   4   8   -0.0000218321
4   7   5   6   0.0000624228
4   7   5   7   0.0001137594
4   7   6   6   -0.0001137594
4   7   6   7   0.0000624228
4   8   1   5   0.0000021919
4   8   1   8   0.0000005174
4   8   2   5   0.0037857820
4   8   2   8   0.0029173808
4   8   3   5   -0.0000188914
4   8   3   8   -0.0000267341
4   8   4   5   0.0002744252
4   8   4   8   0.0001604819
4   8   5   6   0.0000653095
4   8   5   7   0.0001190202
4   8   6   6   -0.0001190202
4   8   6   7   0.0000653095
4   9   1   5   0.0000323730
4   9   1   8   -0.0000476071
4   9   2   5   -0.0000261848
4   9   2   8   -0.0000267341
4   9   3   5   0.0006171359
4   9   3   8   0.0012684471
4   9   4   5   -0.0003918413
4   9   4   8   -0.0006596689
4   9   5   6   0.0001911874
4   9   5   7   0.0003484205
4   9   6   6   -0.0003484205
4   9   6   7   0.0001911874
4   10   1   5   0.0000316839
4   10   1   8   -0.0000218321
4   10   2   5   0.0001024224
4   10   2   8   0.0001604819
4   10   3   5   -0.0012003013
4   10   3   8   -0.0006596689
4   10   4   5   0.0011007350
4   10   4   8   0.0013475332
4   10   5   6   -0.0001065411
4   10   5   7   -0.0001941608
4   10   6   6   0.0001941608
4   10   6   7   -0.0001065411
4   11   1   6   -0.0000312935
4   11   1   7   -0.0000570294
4   11   2   6   0.0000097613
4   11   2   7   0.0000177891
4   11   3   6   0.0007731487
4   11   3   7   0.0014089884
4   11   4   6   -0.0004747890
4   11   4   7   -0.0008652570
4   11   5   5   0.0003818429
4   11   5   8   0.0007584671
4   12   1   6   0.0000570294
4   12   1   7   -0.0000312935
4   12   2   6   -0.0000177891
4   12   2   7   0.0000097613
4   12   3   6   -0.0014089884
4   12   3   7   0.0007731487
4   12   4   6   0.0008652570
4   12   4   7   -0.0004747890
4   12   6   5   0.0003818429
4   12   6   8   0.0007584671

1   7   7   1   -0.1395160106
1   7   7   4   -0.0293209008
1   7   8   1   -0.0000035785
1   7   8   4   -0.0000010741
1   7   9   1   0.0000437906
1   7   9   4   0.0000444778
1   7   10   1   0.0009111613
1   7   10   4   0.0003891873
1   7   11   2   -0.0001755919
1   7   11   3   -0.0003199991
1   7   12   2   0.0003199991
1   7   12   3   -0.0001755919
1   8   7   1   -0.0000035785
1   8   7   4   -0.0000010741
1   8   8   1   -0.2461818951
1   8   8   4   -0.0571696349
1   8   9   1   0.0008596751
1   8   9   4   0.0002113171
1   8   10   1   -0.0019873224
1   8   10   4   -0.0004698487
1   8   11   2   -0.0001358967
1   8   11   3   -0.0002476585
1   8   12   2   0.0002476585
1   8   12   3   -0.0001358967
1   9   7   1   0.0000437906
1   9   7   4   0.0000444778
1   9   8   1   0.0008596751
1   9   8   4   0.0002113171
1   9   9   1   -0.1388508432
1   9   9   4   -0.0285416902
1   9   10   1   0.0107413490
1   9   10   4   0.0037355542
1   9   11   2   -0.0019327499
1   9   11   3   -0.0035222491
1   9   12   2   0.0035222491
1   9   12   3   -0.0019327499
1   10   7   1   0.0009111613
1   10   7   4   0.0003891873
1   10   8   1   -0.0019873224
1   10   8   4   -0.0004698487
1   10   9   1   0.0107413490
1   10   9   4   0.0037355542
1   10   10   1   -0.1417451235
1   10   10   4   -0.0292417627
1   10   11   2   0.0005793980
1   10   11   3   0.0010558966
1   10   12   2   -0.0010558966
1   10   12   3   0.0005793980
1   11   7   2   -0.0001755919
1   11   7   3   -0.0003199991
1   11   8   2   -0.0001358967
1   11   8   3   -0.0002476585
1   11   9   2   -0.0019327499
1   11   9   3   -0.0035222491
1   11   10   2   0.0005793980
1   11   10   3   0.0010558966
1   11   11   1   -0.1382321348
1   11   11   4   -0.0282520188
1   12   7   2   0.0003199991
1   12   7   3   -0.0001755919
1   12   8   2   0.0002476585
1   12   8   3   -0.0001358967
1   12   9   2   0.0035222491
1   12   9   3   -0.0019327499
1   12   10   2   -0.0010558966
1   12   10   3   0.0005793980
1   12   12   1   -0.1382321348
1   12   12   4   -0.0282520188
2   7   7   2   -0.1323750789
2   7   8   2   -0.0000011324
2   7   9   2   0.0000836620
2   7   10   2   0.0004381713
2   7   11   1   -0.0001755919
2   7   11   4   -0.0002428200
2   7   12   1   0.0003199991
2   7   12   4   0.0004425159
2   8   7   2   -0.0000011324
2   8   8   2   -0.1619592551
2   8   9   2   0.0001921670
2   8   10   2   -0.0003559873
2   8   11   1   -0.0001358967
2   8   11   4   -0.0000884294
2   8   12   1   0.0002476585
2   8   12   4   0.0001611541
2   9   7   2   0.0000836620
2   9   8   2   0.0001921670
2   9   9   2   -0.1306090920
2   9   10   2   0.0053299170
2   9   11   1   -0.0019327499
2   9   11   4   -0.0023014487
2   9   12   1   0.0035222491
2   9   12   4   0.0041941669
2   10   7   2   0.0004381713
2   10   8   2   -0.0003559873
2   10   9   2   0.0053299170
2   10   10   2   -0.1310652525
2   10   11   1   0.0005793980
2   10   11   4   0.0002907483
2   10   12   1   -0.0010558966
2   10   12   4   -0.0005298606
2   11   7   1   -0.0001755919
2   11   7   4   -0.0002428200
2   11   8   1   -0.0001358967
2   11   8   4   -0.0000884294
2   11   9   1   -0.0019327499
2   11   9   4   -0.0023014487
2   11   10   1   0.0005793980
2   11   10   4   0.0002907483
2   11   11   2   -0.1300882478
2   11   11   3   -0.0006122981
2   11   12   2   0.0006122981
2   11   12   3   0.0003899349
2   12   7   1   0.0003199991
2   12   7   4   0.0004425159
2   12   8   1   0.0002476585
2   12   8   4   0.0001611541
2   12   9   1   0.0035222491
2   12   9   4   0.0041941669
2   12   10   1   -0.0010558966
2   12   10   4   -0.0005298606
2   12   11   2   0.0006122981
2   12   11   3   0.0003899349
2   12   12   2   -0.1308681177
2   12   12   3   0.0006122981
3   7   7   3   -0.1323750789
3   7   8   3   -0.0000011324
3   7   9   3   0.0000836620
3   7   10   3   0.0004381713
3   7   11   1   -0.0003199991
3   7   11   4   -0.0004425159
3   7   12   1   -0.0001755919
3   7   12   4   -0.0002428200
3   8   7   3   -0.0000011324
3   8   8   3   -0.1619592551
3   8   9   3   0.0001921670
3   8   10   3   -0.0003559873
3   8   11   1   -0.0002476585
3   8   11   4   -0.0001611541
3   8   12   1   -0.0001358967
3   8   12   4   -0.0000884294
3   9   7   3   0.0000836620
3   9   8   3   0.0001921670
3   9   9   3   -0.1306090920
3   9   10   3   0.0053299170
3   9   11   1   -0.0035222491
3   9   11   4   -0.0041941669
3   9   12   1   -0.0019327499
3   9   12   4   -0.0023014487
3   10   7   3   0.0004381713
3   10   8   3   -0.0003559873
3   10   9   3   0.0053299170
3   10   10   3   -0.1310652525
3   10   11   1   0.0010558966
3   10   11   4   0.0005298606
3   10   12   1   0.0005793980
3   10   12   4   0.0002907483
3   11   7   1   -0.0003199991
3   11   7   4   -0.0004425159
3   11   8   1   -0.0002476585
3   11   8   4   -0.0001611541
3   11   9   1   -0.0035222491
3   11   9   4   -0.0041941669
3   11   10   1   0.0010558966
3   11   10   4   0.0005298606
3   11   11   2   -0.0006122981
3   11   11   3   -0.1308681177
3   11   12   2   0.0003899349
3   11   12   3   -0.0006122981
3   12   7   1   -0.0001755919
3   12   7   4   -0.0002428200
3   12   8   1   -0.0001358967
3   12   8   4   -0.0000884294
3   12   9   1   -0.0019327499
3   12   9   4   -0.0023014487
3   12   10   1   0.0005793980
3   12   10   4   0.0002907483
3   12   11   2   0.0003899349
3   12   11   3   -0.0006122981
3   12   12   2   0.0006122981
3   12   12   3   -0.1300882478
4   7   7   1   -0.0293209008
4   7   7   4   -0.1467890199
4   7   8   1   -0.0000010741
4   7   8   4   -0.0000004052
4   7   9   1   0.0000444778
4   7   9   4   0.0000903197
4   7   10   1   0.0003891873
4   7   10   4   0.0002446428
4   7   11   2   -0.0002428200
4   7   11   3   -0.0004425159
4   7   12   2   0.0004425159
4   7   12   3   -0.0002428200
4   8   7   1   -0.0000010741
4   8   7   4   -0.0000004052
4   8   8   1   -0.0571696349
4   8   8   4   -0.1622817435
4   8   9   1   0.0002113171
4   8   9   4   0.0001251345
4   8   10   1   -0.0004698487
4   8   10   4   -0.0002753999
4   8   11   2   -0.0000884294
4   8   11   3   -0.0001611541
4   8   12   2   0.0001611541
4   8   12   3   -0.0000884294
4   9   7   1   0.0000444778
4   9   7   4   0.0000903197
4   9   8   1   0.0002113171
4   9   8   4   0.0001251345
4   9   9   1   -0.0285416902
4   9   9   4   -0.1452891076
4   9   10   1   0.0037355542
4   9   10   4   0.0020262110
4   9   11   2   -0.0023014487
4   9   11   3   -0.0041941669
4   9   12   2   0.0041941669
4   9   12   3   -0.0023014487
4   10   7   1   0.0003891873
4   10   7   4   0.0002446428
4   10   8   1   -0.0004698487
4   10   8   4   -0.0002753999
4   10   9   1   0.0037355542
4   10   9   4   0.0020262110
4   10   10   1   -0.0292417627
4   10   10   4   -0.1458321837
4   10   11   2   0.0002907483
4   10   11   3   0.0005298606
4   10   12   2   -0.0005298606
4   10   12   3   0.0002907483
4   11   7   2   -0.0002428200
4   11   7   3   -0.0004425159
4   11   8   2   -0.0000884294
4   11   8   3   -0.0001611541
4   11   9   2   -0.0023014487
4   11   9   3   -0.0041941669
4   11   10   2   0.0002907483
4   11   10   3   0.0005298606
4   11   11   1   -0.0282520188
4   11   11   4   -0.1447424245
4   12   7   2   0.0004425159
4   12   7   3   -0.0002428200
4   12   8   2   0.0001611541
4   12   8   3   -0.0000884294
4   12   9   2   0.0041941669
4   12   9   3   -0.0023014487
4   12   10   2   -0.0005298606
4   12   10   3   0.0002907483
4   12   12   1   -0.0282520188
4   12   12   4   -0.1447424245

End AIJB Block
Begin IJKA Block
1   7   1   5   0.0100353389
1   7   1   8   0.0314741446
1   7   2   5   -0.0000108007
1   7   2   8   -0.0000197417
1   7   3   5   -0.0016588067
1   7   3   8   -0.0050993938
1   7   4   5   0.0019154354
1   7   4   8   0.0007271486
1   7   5   6   -0.0013567335
1   7   5   7   -0.0024725151
1   7   6   6   0.0024725151
1   7   6   7   -0.0013567335
1   8   1   5   -0.0031430837
1   8   1   8   -0.0010358882
1   8   2   5   0.0000009748
1   8   2   8   0.0000004940
1   8   3   5   0.0000025586
1   8   3   8   0.0000052846
1   8   4   5   0.0000840124
1   8   4   8   0.0000307064
1   8   5   6   0.0000108444
1   8   5   7   0.0000197629
1   8   6   6   -0.0000197629
1   8   6   7   0.0000108444
1   9   1   5   -0.0158354267
1   9   1   8   -0.0474442484
1   9   2   5   -0.0000037265
1   9   2   8   0.0000020810
1   9   3   5   0.0004280136
1   9   3   8   0.0013680417
1   9   4   5   0.0019998789
1   9   4   8   0.0011063514
1   9   5   6   -0.0013069577
1   9   5   7   -0.0023818035
1   9   6   6   0.0023818035
1   9   6   7   -0.0013069577
1   10   1   5   0.0487124369
1   10   1   8   0.0210214790
1   10   2   5   -0.0000016376
1   10   2   8   0.0000025183
1   10   3   5   -0.0007763050
1   10   3   8   -0.0003098999
1   10   4   5   -0.0004452782
1   10   4   8   -0.0013778607
1   10   5   6   -0.0000994256
1   10   5   7   -0.0001811935
1   10   6   6   0.0001811935
1   10   6   7   -0.0000994256
1   11   1   6   -0.0327247193
1   11   1   7   -0.0596376249
1   11   2   6   0.0000020886
1   11   2   7   0.0000038062
1   11   3   6   0.0005466816
1   11   3   7   0.0009962741
1   11   4   6   -0.0000137815
1   11   4   7   -0.0000251155
1   11   5   5   -0.0004869755
1   11   5   8   -0.0016564160
1   12   1   6   0.0596376249
1   12   1   7   -0.0327247193
1   12   2   6   -0.0000038062
1   12   2   7   0.0000020886
1   12   3   6   -0.0009962741
1   12   3   7   0.0005466816
1   12   4   6   0.0000251155
1   12   4   7   -0.0000137815
1   12   6   5   -0.0004869755
1   12   6   8   -0.0016564160
2   7   1   5   -0.0000108007
2   7   1   8   -0.0000197417
2   7   2   5   -0.0001816861
2   7   2   8   -0.0000945634
2   7   3   5   -0.0000060984
2   7   3   8   0.0000006372
2   7   4   5   0.0000116626
2   7   4   8   0.0000043671
2   7   5   6   -0.0000053468
2   7   5   7   -0.0000097440
2   7   6   6   0.0000097440
2   7   6   7   -0.0000053468
2   8   1   5   0.0000009748
2   8   1   8   0.0000004940
2   8   2   5   -0.0708341757
2   8   2   8   -0.0553304655
2   8   3   5   0.0007279120
2   8   3   8   0.0006480270
2   8   4   5   -0.0020835345
2   8   4   8   -0.0019384298
2   8   5   6   0.0000718847
2   8   5   7   0.0001310029
2   8   6   6   -0.0001310029
2   8   6   7   0.0000718847
2   9   1   5   -0.0000037265
2   9   1   8   0.0000020810
2   9   2   5   -0.0005492264
2   9   2   8   0.0001748077
2   9   3   5   -0.0000857028
2   9   3   8   -0.0001326636
2   9   4   5   0.0001402956
2   9   4   8   0.0001575297
2   9   5   6   -0.0000191656
2   9   5   7   -0.0000349275
2   9   6   6   0.0000349275
2   9   6   7   -0.0000191656
2   10   1   5   -0.0000016376
2   10   1   8   0.0000025183
2   10   2   5   -0.0049031921
2   10   2   8   -0.0134458979
2   10   3   5   0.0002019529
2   10   3   8   0.0001235954
2   10   4   5   -0.0003105170
2   10   4   8   -0.0001355445
2   10   5   6   -0.0000212011
2   10   5   7   -0.0000386369
2   10   6   6   0.0000386369
2   10   6   7   -0.0000212011
2   11   1   6   0.0000020886
2   11   1   7   0.0000038062
2   11   2   6   0.0001028592
2   11   2   7   0.0001874509
2   11   3   6   -0.0000959974
2   11   3   7   -0.0001749460
2   11   4   6   0.0001160952
2   11   4   7   0.0002115723
2   11   5   5   0.0000270355
2   11   5   8   0.0000383990
2   12   1   6   -0.0000038062
2   12   1   7   0.0000020886
2   12   2   6   -0.0001874509
2   12   2   7   0.0001028592
2   12   3   6   0.0001749460
2   12   3   7   -0.0000959974
2   12   4   6   -0.0002115723
2   12   4   7   0.0001160952
2   12   6   5   0.0000270355
2   12   6   8   0.0000383990
3   7   1   5   -0.0016588067
3   7   1   8   -0.0050993938
3   7   2   5   -0.0000060984
3   7   2   8   0.0000006372
3   7   3   5   0.0003516723
3   7   3   8   0.0012689993
3   7   4   5   0.0020953726
3   7   4   8   0.0010997970
3   7   5   6   -0.0013964466
3   7   5   7   -0.0025448884
3   7   6   6   0.0025448884
3   7   6   7   -0.0013964466
3   8   1   5   0.0000025586
3   8   1   8   0.0000052846
3   8   2   5   0.0007279120
3   8   2   8   0.0006480270
3   8   3   5   -0.0031291815
3   8   3   8   -0.0009651420
3   8   4   5   0.0010163597
3   8   4   8   0.0003458745
3   8   5   6   0.0001658269
3   8   5   7   0.0003022034
3   8   6   6   -0.0003022034
3   8   6   7   0.0001658269
3   9   1   5   0.0004280136
3   9   1   8   0.0013680417
3   9   2   5   -0.0000857028
3   9   2   8   -0.0001326636
3   9   3   5   -0.0089294459
3   9   3   8   -0.0253475518
3   9   4   5   0.0081769127
3   9   4   8   0.0036610543
3   9   5   6   -0.0053402622
3   9   5   7   -0.0097321095
3   9   6   6   0.0097321095
3   9   6   7   -0.0053402622
3   10   1   5   -0.0007763050
3   10   1   8   -0.0003098999
3   10   2   5   0.0002019529
3   10   2   8   0.0001235954
3   10   3   5   0.0304026457
3   10   3   8   0.0126207232
3   10   4   5   -0.0001046611
3   10   4   8   -0.0015527555
3   10   5   6   -0.0006030327
3   10   5   7   -0.0010989685
3   10   6   6   0.0010989685
3   10   6   7   -0.0006030327
3   11   1   6   0.0005466816
3   11   1   7   0.0009962741
3   11   2   6   -0.0000959974
3   11   2   7   -0.0001749460
3   11   3   6   -0.0201094206
3   11   3   7   -0.0366474674
3   11   4   6   -0.0008634057
3   11   4   7   -0.0015734731
3   11   5   5   -0.0009222728
3   11   5   8   -0.0038868770
3   12   1   6   -0.0009962741
3   12   1   7   0.0005466816
3   12   2   6   0.0001749460
3   12   2   7   -0.0000959974
3   12   3   6   0.0366474674
3   12   3   7   -0.0201094206
3   12   4   6   0.0015734731
3   12   4   7   -0.0008634057
3   12   6   5   -0.0009222728
3   12   6   8   -0.0038868770
4   7   1   5   0.0019154354
4   7   1   8   0.0007271486
4   7   2   5   0.0000116626
4   7   2   8   0.0000043671
4   7   3   5   0.0020953726
4   7   3   8   0.0010997970
4   7   4   5   0.0003571365
4   7   4   8   0.0008278082
4   7   5   6   -0.0000548551
4   7   5   7   -0.0000999681
4   7   6   6   0.0000999681
4   7   6   7   -0.0000548551
4   8   1   5   0.0000840124
4   8   1   8   0.0000307064
4   8   2   5   -0.0020835345
4   8   2   8   -0.0019384298
4   8   3   5   0.0010163597
4   8   3   8   0.0003458745
4   8   4   5   -0.0037399490
4   8   4   8   -0.0012435228
4   8   5   6   -0.0000975344
4   8   5   7   -0.0001777470
4   8   6   6   0.0001777470
4   8   6   7   -0.0000975344
4   9   1   5   0.0019998789
4   9   1   8   0.0011063514
4   9   2   5   0.0001402956
4   9   2   8   0.0001575297
4   9   3   5   0.0081769127
4   9   3   8   0.0036610543
4   9   4   5   -0.0073160587
4   9   4   8   -0.0214052897
4   9   5   6   -0.0002256481
4   9   5   7   -0.0004112217
4   9   6   6   0.0004112217
4   9   6   7   -0.0002256481
4   10   1   5   -0.0004452782
4   10   1   8   -0.0013778607
4   10   2   5   -0.0003105170
4   10   2   8   -0.0001355445
4   10   3   5   -0.0001046611
4   10   3   8   -0.0015527555
4   10   4   5   0.0294547919
4   10   4   8   0.0114378712
4   10   5   6   -0.0010827875
4   10   5   7   -0.0019732751
4   10   6   6   0.0019732751
4   10   6   7   -0.0010827875
4   11   1   6   -0.0000137815
4   11   1   7   -0.0000251155
4   11   2   6   0.0001160952
4   11   2   7   0.0002115723
4   11   3   6   -0.0008634057
4   11   3   7   -0.0015734731
4   11   4   6   -0.0170396142
4   11   4   7   -0.0310530431
4   11   5   5   0.0017145799
4   11   5   8   0.0005952951
4   12   1   6   0.0000251155
4   12   1   7   -0.0000137815
4   12   2   6   -0.0002115723
4   12   2   7   0.0001160952
4   12   3   6   0.0015734731
4   12   3   7   -0.0008634057
4   12   4   6   0.0310530431
4   12   4   7   -0.0170396142
4   12   6   5   0.0017145799
4   12   6   8   0.0005952951
5   7   1   6   -0.0013567335
5   7   1   7   -0.0024725151
5   7   2   6   -0.0000053468
5   7   2   7   -0.0000097440
5   7   3   6   -0.0013964466
5   7   3   7   -0.0025448884
5   7   4   6   -0.0000548551
5   7   4   7   -0.0000999681
5   7   5   5   0.0002244852
5   7   5   8   0.0007796050
5   8   1   6   0.0000108444
5   8   1   7   0.0000197629
5   8   2   6   0.0000718847
5   8   2   7   0.0001310029
5   8   3   6   0.0001658269
5   8   3   7   0.0003022034
5   8   4   6   -0.0000975344
5   8   4   7   -0.0001777470
5   8   5   5   -0.0028772684
5   8   5   8   -0.0008647870
5   9   1   6   -0.0013069577
5   9   1   7   -0.0023818035
5   9   2   6   -0.0000191656
5   9   2   7   -0.0000349275
5   9   3   6   -0.0053402622
5   9   3   7   -0.0097321095
5   9   4   6   -0.0002256481
5   9   4   7   -0.0004112217
5   9   5   5   -0.0078003169
5   9   5   8   -0.0227223924
5   10   1   6   -0.0000994256
5   10   1   7   -0.0001811935
5   10   2   6   -0.0000212011
5   10   2   7   -0.0000386369
5   10   3   6   -0.0006030327
5   10   3   7   -0.0010989685
5   10   4   6   -0.0010827875
5   10   4   7   -0.0019732751
5   10   5   5   0.0264521413
5   10   5   8   0.0106639992
5   11   1   5   -0.0004869755
5   11   1   8   -0.0016564160
5   11   2   5   0.0000270355
5   11   2   8   0.0000383990
5   11   3   5   -0.0009222728
5   11   3   8   -0.0038868770
5   11   4   5   0.0017145799
5   11   4   8   0.0005952951
5   11   5   6   -0.0201220772
5   11   5   7   -0.0366705328
5   11   6   6   0.0022733084
5   11   6   7   -0.0012474236
5   12   5   6   0.0321239160
5   12   5   7   -0.0176272301
5   12   6   6   -0.0012474236
5   12   6   7   -0.0022733084
6   7   1   6   0.0024725151
6   7   1   7   -0.0013567335
6   7   2   6   0.0000097440
6   7   2   7   -0.0000053468
6   7   3   6   0.0025448884
6   7   3   7   -0.0013964466
6   7   4   6   0.0000999681
6   7   4   7   -0.0000548551
6   7   6   5   0.0002244852
6   7   6   8   0.0007796050
6   8   1   6   -0.0000197629
6   8   1   7   0.0000108444
6   8   2   6   -0.0001310029
6   8   2   7   0.0000718847
6   8   3   6   -0.0003022034
6   8   3   7   0.0001658269
6   8   4   6   0.0001777470
6   8   4   7   -0.0000975344
6   8   6   5   -0.0028772684
6   8   6   8   -0.0008647870
6   9   1   6   0.0023818035
6   9   1   7   -0.0013069577
6   9   2   6   0.0000349275
6   9   2   7   -0.0000191656
6   9   3   6   0.0097321095
6   9   3   7   -0.0053402622
6   9   4   6   0.0004112217
6   9   4   7   -0.0002256481
6   9   6   5   -0.0078003169
6   9   6   8   -0.0227223924
6   10   1   6   0.0001811935
6   10   1   7   -0.0000994256
6   10   2   6   0.0000386369
6   10   2   7   -0.0000212011
6   10   3   6   0.0010989685
6   10   3   7   -0.0006030327
6   10   4   6   0.0019732751
6   10   4   7   -0.0010827875
6   10   6   5   0.0264521413
6   10   6   8   0.0106639992
6   11   5   6   0.0022733084
6   11   5   7   -0.0012474236
6   11   6   6   -0.0176272301
6   11   6   7   -0.0321239160
6   12   1   5   -0.0004869755
6   12   1   8   -0.0016564160
6   12   2   5   0.0000270355
6   12   2   8   0.0000383990
6   12   3   5   -0.0009222728
6   12   3   8   -0.0038868770
6   12   4   5   0.0017145799
6   12   4   8   0.0005952951
6   12   5   6   -0.0012474236
6   12   5   7   -0.0022733084
6   12   6   6   0.0366705328
6   12   6   7   -0.0201220772

End IJKA Block
Begin IABC Block
1   5   1   5   -0.0000522388
1   5   1   8   -0.0000216183
1   5   2   6   -0.0000274573
1   5   3   7   -0.0000274573
1   5   4   5   -0.0000246761
1   5   4   8   -0.0000094900
1   6   1   6   -0.0000230301
1   6   2   5   -0.0000274573
1   6   2   8   -0.0000392835
1   6   4   6   -0.0000090988
1   7   1   7   -0.0000230301
1   7   3   5   -0.0000274573
1   7   3   8   -0.0000392835
1   7   4   7   -0.0000090988
1   8   1   5   -0.0000216183
1   8   1   8   -0.0000124731
1   8   2   6   -0.0000392835
1   8   3   7   -0.0000392835
1   8   4   5   -0.0000094900
1   8   4   8   -0.0000031398
2   5   1   5   0.0009502173
2   5   1   8   -0.0002769359
2   5   2   6   0.0009238939
2   5   3   7   0.0009238939
2   5   4   5   -0.0001350581
2   5   4   8   -0.0002867748
2   6   1   6   0.0001170456
2   6   2   5   0.0009238939
2   6   2   8   0.0005028922
2   6   4   6   0.0000026537
2   7   1   7   0.0001170456
2   7   3   5   0.0009238939
2   7   3   8   0.0005028922
2   7   4   7   0.0000026537
2   8   1   5   -0.0002769359
2   8   1   8   -0.0002867309
2   8   2   6   0.0005028922
2   8   3   7   0.0005028922
2   8   4   5   -0.0002867748
2   8   4   8   -0.0002358443
3   5   1   5   -0.0002347314
3   5   1   8   -0.0001048236
3   5   2   6   -0.0000077709
3   5   3   7   -0.0000077709
3   5   4   5   -0.0001202562
3   5   4   8   -0.0001072644
3   6   1   6   -0.0001322563
3   6   2   5   -0.0000077709
3   6   2   8   -0.0000735323
3   6   4   6   -0.0001561469
3   7   1   7   -0.0001322563
3   7   3   5   -0.0000077709
3   7   3   8   -0.0000735323
3   7   4   7   -0.0001561469
3   8   1   5   -0.0001048236
3   8   1   8   -0.0001006564
3   8   2   6   -0.0000735323
3   8   3   7   -0.0000735323
3   8   4   5   -0.0001072644
3   8   4   8   -0.0001635037
4   5   1   5   -0.0023261132
4   5   1   8   -0.0003928980
4   5   2   6   -0.0010901958
4   5   3   7   -0.0010901958
4   5   4   5   -0.0043737642
4   5   4   8   -0.0012379595
4   6   1   6   -0.0009966440
4   6   2   5   -0.0010901958
4   6   2   8   -0.0005304174
4   6   4   6   -0.0022432524
4   7   1   7   -0.0009966440
4   7   3   5   -0.0010901958
4   7   3   8   -0.0005304174
4   7   4   7   -0.0022432524
4   8   1   5   -0.0003928980
4   8   1   8   0.0000395842
4   8   2   6   -0.0005304174
4   8   3   7   -0.0005304174
4   8   4   5   -0.0012379595
4   8   4   8   -0.0008480114
5   5   1   6   0.0005582311
5   5   1   7   0.0010173221
5   5   2   5   0.0004766315
5   5   2   8   0.0000126061
5   5   3   5   0.0008686147
5   5   3   8   0.0000229734
5   5   4   6   0.0007303171
5   5   4   7   0.0013309320
5   6   1   5   0.0005582311
5   6   1   8   0.0003703929
5   6   2   6   0.0003603213
5   6   2   7   0.0002902154
5   6   3   6   0.0000762198
5   6   3   7   0.0001592487
5   6   4   5   0.0007303171
5   6   4   8   0.0006065798
5   7   1   5   0.0010173221
5   7   1   8   0.0006750052
5   7   2   6   0.0002902154
5   7   2   7   0.0000418238
5   7   3   6   0.0001592487
5   7   3   7   0.0006566506
5   7   4   5   0.0013309320
5   7   4   8   0.0011054327
5   8   1   6   0.0003703929
5   8   1   7   0.0006750052
5   8   2   5   0.0000126061
5   8   2   8   -0.0002902987
5   8   3   5   0.0000229734
5   8   3   8   -0.0005290411
5   8   4   6   0.0006065798
5   8   4   7   0.0011054327
6   5   1   6   -0.0010173221
6   5   1   7   0.0005582311
6   5   2   5   -0.0008686147
6   5   2   8   -0.0000229734
6   5   3   5   0.0004766315
6   5   3   8   0.0000126061
6   5   4   6   -0.0013309320
6   5   4   7   0.0007303171
6   6   1   5   -0.0010173221
6   6   1   8   -0.0006750052
6   6   2   6   -0.0006566506
6   6   2   7   0.0001592487
6   6   3   6   0.0000418238
6   6   3   7   -0.0002902154
6   6   4   5   -0.0013309320
6   6   4   8   -0.0011054327
6   7   1   5   0.0005582311
6   7   1   8   0.0003703929
6   7   2   6   0.0001592487
6   7   2   7   -0.0000762198
6   7   3   6   -0.0002902154
6   7   3   7   0.0003603213
6   7   4   5   0.0007303171
6   7   4   8   0.0006065798
6   8   1   6   -0.0006750052
6   8   1   7   0.0003703929
6   8   2   5   -0.0000229734
6   8   2   8   0.0005290411
6   8   3   5   0.0000126061
6   8   3   8   -0.0002902987
6   8   4   6   -0.0011054327
6   8   4   7   0.0006065798

End IABC Block
