Begin IJ Block
1   1   -5.5452616451
1   2   0.0004867672
1   5   -0.0165355381
2   2   -6.8412963263
2   5   -0.0270378381
3   3   -5.8668857081
3   4   -0.0000000000
4   4   -5.8668857081
5   5   -5.6367446395

End IJ Block
Begin IA Block
1   1   0.1028271955
2   1   0.0210421884
3   2   0.0391544359
3   3   0.1376822727
4   2   0.1376822727
4   3   -0.0391544359
5   1   -0.1421790601

End IA Block
Begin AB Block
1   1   -1.5618326151
2   2   -1.3728092196
3   3   -1.3728092196

End AB Block
Begin IJKL Block
1   6   1   6   1.6352862233
1   6   1   7   -0.0008671696
1   6   1   10   0.0200946619
1   6   2   6   -0.0008671696
1   6   2   7   -0.0000088986
1   6   2   10   -0.0000082877
1   6   3   8   -0.0000097738
1   6   4   9   -0.0000097738
1   6   5   6   0.0200946619
1   6   5   7   -0.0000082877
1   6   5   10   0.0001208999
1   7   1   6   -0.0008671696
1   7   1   7   0.1576416618
1   7   1   10   -0.0157242106
1   7   2   6   0.0000036154
1   7   2   7   0.0000746615
1   7   2   10   -0.0000111745
1   7   3   8   0.0000181090
1   7   4   9   0.0000181090
1   7   5   6   -0.0000160623
1   7   5   7   -0.0005263800
1   7   5   10   0.0001059643
1   8   1   8   0.1568477659
1   8   2   8   0.0000717537
1   8   3   6   -0.0000000972
1   8   3   7   0.0000197482
1   8   3   10   -0.0000060177
1   8   5   8   -0.0005090086
1   9   1   9   0.1568477659
1   9   2   9   0.0000717537
1   9   4   6   -0.0000000972
1   9   4   7   0.0000197482
1   9   4   10   -0.0000060177
1   9   5   9   -0.0005090086
1   10   1   6   0.0200946619
1   10   1   7   -0.0157242106
1   10   1   10   0.1732856652
1   10   2   6   -0.0000160623
1   10   2   7   -0.0000066183
1   10   2   10   0.0000714749
1   10   3   8   -0.0000034971
1   10   4   9   -0.0000034971
1   10   5   6   0.0005022740
1   10   5   7   0.0001058147
1   10   5   10   -0.0005595894
2   6   1   6   -0.0008671696
2   6   1   7   0.0000036154
2   6   1   10   -0.0000160623
2   6   2   6   0.1576416618
2   6   2   7   0.0000746615
2   6   2   10   -0.0005263800
2   6   3   8   0.0000181090
2   6   4   9   0.0000181090
2   6   5   6   -0.0157242106
2   6   5   7   -0.0000111745
2   6   5   10   0.0001059643
2   7   1   6   -0.0000088986
2   7   1   7   0.0000746615
2   7   1   10   -0.0000066183
2   7   2   6   0.0000746615
2   7   2   7   0.8717622156
2   7   2   10   0.0111740713
2   7   3   8   0.1530841689
2   7   4   9   0.1530841689
2   7   5   6   -0.0000066183
2   7   5   7   0.0111740713
2   7   5   10   0.1407586939
2   8   1   8   0.0000717537
2   8   2   8   0.8169221092
2   8   3   6   0.0000197482
2   8   3   7   0.1577369973
2   8   3   10   0.0021584500
2   8   5   8   0.0097721031
2   9   1   9   0.0000717537
2   9   2   9   0.8169221092
2   9   4   6   0.0000197482
2   9   4   7   0.1577369973
2   9   4   10   0.0021584500
2   9   5   9   0.0097721031
2   10   1   6   -0.0000082877
2   10   1   7   -0.0000111745
2   10   1   10   0.0000714749
2   10   2   6   -0.0005263800
2   10   2   7   0.0111740713
2   10   2   10   0.7718208648
2   10   3   8   0.0020346385
2   10   4   9   0.0020346385
2   10   5   6   0.0001058147
2   10   5   7   0.1463153406
2   10   5   10   0.0100002819
3   6   1   8   -0.0000000972
3   6   2   8   0.0000197482
3   6   3   6   0.1568477659
3   6   3   7   0.0000717537
3   6   3   10   -0.0005090086
3   6   5   8   -0.0000060177
3   7   1   8   0.0000197482
3   7   2   8   0.1577369973
3   7   3   6   0.0000717537
3   7   3   7   0.8169221092
3   7   3   10   0.0097721031
3   7   5   8   0.0021584500
3   8   1   6   -0.0000097738
3   8   1   7   0.0000181090
3   8   1   10   -0.0000034971
3   8   2   6   0.0000181090
3   8   2   7   0.1530841689
3   8   2   10   0.0020346385
3   8   3   8   0.8136844666
3   8   3   9   0.0000000000
3   8   4   8   0.0000000000
3   8   4   9   0.0316815041
3   8   5   6   -0.0000034971
3   8   5   7   0.0020346385
3   8   5   10   0.0290997763
3   9   3   8   0.0000000000
3   9   3   9   0.7442421199
3   9   4   8   0.0377608426
3   9   4   9   0.0000000000
3   10   1   8   -0.0000060177
3   10   2   8   0.0021584500
3   10   3   6   -0.0005090086
3   10   3   7   0.0097721031
3   10   3   10   0.7046364714
3   10   4   10   0.0000000000
3   10   5   8   0.0349621438
4   6   1   9   -0.0000000972
4   6   2   9   0.0000197482
4   6   4   6   0.1568477659
4   6   4   7   0.0000717537
4   6   4   10   -0.0005090086
4   6   5   9   -0.0000060177
4   7   1   9   0.0000197482
4   7   2   9   0.1577369973
4   7   4   6   0.0000717537
4   7   4   7   0.8169221092
4   7   4   10   0.0097721031
4   7   5   9   0.0021584500
4   8   3   8   0.0000000000
4   8   3   9   0.0377608426
4   8   4   8   0.7442421199
4   8   4   9   0.0000000000
4   9   1   6   -0.0000097738
4   9   1   7   0.0000181090
4   9   1   10   -0.0000034971
4   9   2   6   0.0000181090
4   9   2   7   0.1530841689
4   9   2   10   0.0020346385
4   9   3   8   0.0316815041
4   9   3   9   0.0000000000
4   9   4   8   0.0000000000
4   9   4   9   0.8136844666
4   9   5   6   -0.0000034971
4   9   5   7   0.0020346385
4   9   5   10   0.0290997763
4   10   1   9   -0.0000060177
4   10   2   9   0.0021584500
4   10   3   10   0.0000000000
4   10   4   6   -0.0005090086
4   10   4   7   0.0097721031
4   10   4   10   0.7046364714
4   10   5   9   0.0349621438
5   6   1   6   0.0200946619
5   6   1   7   -0.0000160623
5   6   1   10   0.0005022740
5   6   2   6   -0.0157242106
5   6   2   7   -0.0000066183
5   6   2   10   0.0001058147
5   6   3   8   -0.0000034971
5   6   4   9   -0.0000034971
5   6   5   6   0.1732856652
5   6   5   7   0.0000714749
5   6   5   10   -0.0005595894
5   7   1   6   -0.0000082877
5   7   1   7   -0.0005263800
5   7   1   10   0.0001058147
5   7   2   6   -0.0000111745
5   7   2   7   0.0111740713
5   7   2   10   0.1463153406
5   7   3   8   0.0020346385
5   7   4   9   0.0020346385
5   7   5   6   0.0000714749
5   7   5   7   0.7718208648
5   7   5   10   0.0100002819
5   8   1   8   -0.0005090086
5   8   2   8   0.0097721031
5   8   3   6   -0.0000060177
5   8   3   7   0.0021584500
5   8   3   10   0.0349621438
5   8   5   8   0.7046364714
5   8   5   9   0.0000000000
5   9   1   9   -0.0005090086
5   9   2   9   0.0097721031
5   9   4   6   -0.0000060177
5   9   4   7   0.0021584500
5   9   4   10   0.0349621438
5   9   5   8   0.0000000000
5   9   5   9   0.7046364714
5   10   1   6   0.0001208999
5   10   1   7   0.0001059643
5   10   1   10   -0.0005595894
5   10   2   6   0.0001059643
5   10   2   7   0.1407586939
5   10   2   10   0.0100002819
5   10   3   8   0.0290997763
5   10   4   9   0.0290997763
5   10   5   6   -0.0005595894
5   10   5   7   0.0100002819
5   10   5   10   0.7282605905

End IJKL Block
Begin IJAB Block
1   6   1   4   0.0116686319
1   6   2   5   0.0016775357
1   6   3   6   0.0016775357
1   7   1   4   -0.0000119145
1   7   2   5   0.0000143968
1   7   3   6   0.0000143968
1   8   1   5   0.0000000416
1   8   1   6   0.0000001461
1   8   2   4   0.0000228778
1   8   3   4   0.0000804473
1   9   1   5   0.0000001461
1   9   1   6   -0.0000000416
1   9   2   4   0.0000804473
1   9   3   4   -0.0000228778
1   10   1   4   0.0004581965
1   10   2   5   -0.0003903078
1   10   3   6   -0.0003903078
2   6   1   4   -0.0000119145
2   6   2   5   0.0000143968
2   6   3   6   0.0000143968
2   7   1   4   0.0011556586
2   7   2   5   0.0005532092
2   7   3   6   0.0005532092
2   8   1   5   0.0000676947
2   8   1   6   0.0002380411
2   8   2   4   0.0000333899
2   8   3   4   0.0001174120
2   9   1   5   0.0002380411
2   9   1   6   -0.0000676947
2   9   2   4   0.0001174120
2   9   3   4   -0.0000333899
2   10   1   4   -0.0006010081
2   10   2   5   -0.0000157583
2   10   3   6   -0.0000157583
3   6   1   5   0.0000228778
3   6   1   6   0.0000804473
3   6   2   4   0.0000000416
3   6   3   4   0.0000001461
3   7   1   5   0.0000333899
3   7   1   6   0.0001174120
3   7   2   4   0.0000676947
3   7   3   4   0.0002380411
3   8   1   4   0.0007096599
3   8   2   5   0.0003600640
3   8   2   6   0.0004084383
3   8   3   5   0.0004084383
3   8   3   6   0.0016801397
3   9   2   5   0.0004084383
3   9   2   6   0.0001619725
3   9   3   5   0.0011581032
3   9   3   6   -0.0004084383
3   10   1   5   -0.0001653387
3   10   1   6   -0.0005813952
3   10   2   4   -0.0005595354
3   10   3   4   -0.0019675449
4   6   1   5   0.0000804473
4   6   1   6   -0.0000228778
4   6   2   4   0.0000001461
4   6   3   4   -0.0000000416
4   7   1   5   0.0001174120
4   7   1   6   -0.0000333899
4   7   2   4   0.0002380411
4   7   3   4   -0.0000676947
4   8   2   5   0.0004084383
4   8   2   6   0.0011581032
4   8   3   5   0.0001619725
4   8   3   6   -0.0004084383
4   9   1   4   0.0007096599
4   9   2   5   0.0016801397
4   9   2   6   -0.0004084383
4   9   3   5   -0.0004084383
4   9   3   6   0.0003600640
4   10   1   5   -0.0005813952
4   10   1   6   0.0001653387
4   10   2   4   -0.0019675449
4   10   3   4   0.0005595354
5   6   1   4   0.0004581965
5   6   2   5   -0.0003903078
5   6   3   6   -0.0003903078
5   7   1   4   -0.0006010081
5   7   2   5   -0.0000157583
5   7   3   6   -0.0000157583
5   8   1   5   -0.0005595354
5   8   1   6   -0.0019675449
5   8   2   4   -0.0001653387
5   8   3   4   -0.0005813952
5   9   1   5   -0.0019675449
5   9   1   6   0.0005595354
5   9   2   4   -0.0005813952
5   9   3   4   0.0001653387
5   10   1   4   0.0053871138
5   10   2   5   0.0005614793
5   10   3   6   0.0005614793

End IJAB Block
Begin ABCD Block
1   4   1   4   0.2323259221
1   4   2   5   0.0335802187
1   4   3   6   0.0335802187
1   5   1   5   0.1774951332
1   5   2   4   0.0335815100
1   6   1   6   0.1774951332
1   6   3   4   0.0335815100
2   4   1   5   0.0335815100
2   4   2   4   0.1774951332
2   5   1   4   0.0335802187
2   5   2   5   0.1646912608
2   5   3   6   0.0088825213
2   6   2   6   0.1469262113
2   6   3   5   0.0088825282
3   4   1   6   0.0335815100
3   4   3   4   0.1774951332
3   5   2   6   0.0088825282
3   5   3   5   0.1469262113
3   6   1   4   0.0335802187
3   6   2   5   0.0088825213
3   6   3   6   0.1646912608

End ABCD Block
Begin AIJB Block
1   6   1   4   0.0088798799
1   6   2   4   -0.0000041561
1   6   3   5   0.0000184242
1   6   3   6   0.0000647867
1   6   4   5   0.0000647867
1   6   4   6   -0.0000184242
1   6   5   4   0.0002894696
1   7   1   4   -0.0000041561
1   7   2   4   0.0009191436
1   7   3   5   0.0000124884
1   7   3   6   0.0000439140
1   7   4   5   0.0000439140
1   7   4   6   -0.0000124884
1   7   5   4   -0.0001348744
1   8   1   5   0.0000000520
1   8   1   6   0.0000001827
1   8   2   5   0.0000271726
1   8   2   6   0.0000955495
1   8   3   4   0.0002534787
1   8   5   5   -0.0005079402
1   8   5   6   -0.0017861158
1   9   1   5   0.0000001827
1   9   1   6   -0.0000000520
1   9   2   5   0.0000955495
1   9   2   6   -0.0000271726
1   9   4   4   0.0002534787
1   9   5   5   -0.0017861158
1   9   5   6   0.0005079402
1   10   1   4   0.0002894696
1   10   2   4   -0.0001348744
1   10   3   5   -0.0000782533
1   10   3   6   -0.0002751692
1   10   4   5   -0.0002751692
1   10   4   6   0.0000782533
1   10   5   4   0.0033421636
2   6   1   5   0.0015019946
2   6   2   5   0.0000082867
2   6   3   4   0.0000000520
2   6   4   4   0.0000001827
2   6   5   5   -0.0003229941
2   7   1   5   0.0000082867
2   7   2   5   0.0004568824
2   7   3   4   0.0000271726
2   7   4   4   0.0000955495
2   7   5   5   0.0000189687
2   8   1   4   0.0000184242
2   8   2   4   0.0000124884
2   8   3   5   0.0002503291
2   8   3   6   0.0003738955
2   8   4   5   0.0003738955
2   8   4   6   0.0011672657
2   8   5   4   -0.0000782533
2   9   1   4   0.0000647867
2   9   2   4   0.0000439140
2   9   3   5   0.0003738955
2   9   3   6   0.0000411675
2   9   4   5   0.0014587623
2   9   4   6   -0.0003738955
2   9   5   4   -0.0002751692
2   10   1   5   -0.0003229941
2   10   2   5   0.0000189687
2   10   3   4   -0.0005079402
2   10   4   4   -0.0017861158
2   10   5   5   0.0006027205
3   6   1   6   0.0015019946
3   6   2   6   0.0000082867
3   6   3   4   0.0000001827
3   6   4   4   -0.0000000520
3   6   5   6   -0.0003229941
3   7   1   6   0.0000082867
3   7   2   6   0.0004568824
3   7   3   4   0.0000955495
3   7   4   4   -0.0000271726
3   7   5   6   0.0000189687
3   8   1   4   0.0000647867
3   8   2   4   0.0000439140
3   8   3   5   0.0003738955
3   8   3   6   0.0014587623
3   8   4   5   0.0000411675
3   8   4   6   -0.0003738955
3   8   5   4   -0.0002751692
3   9   1   4   -0.0000184242
3   9   2   4   -0.0000124884
3   9   3   5   0.0011672657
3   9   3   6   -0.0003738955
3   9   4   5   -0.0003738955
3   9   4   6   0.0002503291
3   9   5   4   0.0000782533
3   10   1   6   -0.0003229941
3   10   2   6   0.0000189687
3   10   3   4   -0.0017861158
3   10   4   4   0.0005079402
3   10   5   6   0.0006027205

1   6   6   1   -0.2827937191
1   6   7   1   0.0000497688
1   6   8   2   -0.0000201194
1   6   8   3   -0.0000707476
1   6   9   2   -0.0000707476
1   6   9   3   0.0000201194
1   6   10   1   -0.0009524934
1   7   6   1   0.0000497688
1   7   7   1   -0.1185299180
1   7   8   2   -0.0006963893
1   7   8   3   -0.0024487766
1   7   9   2   -0.0024487766
1   7   9   3   0.0006963893
1   7   10   1   0.0077334552
1   8   6   2   -0.0000203326
1   8   6   3   -0.0000714972
1   8   7   2   -0.0006964174
1   8   7   3   -0.0024488752
1   8   8   1   -0.1179201415
1   8   10   2   0.0002982958
1   8   10   3   0.0010489245
1   9   6   2   -0.0000714972
1   9   6   3   0.0000203326
1   9   7   2   -0.0024488752
1   9   7   3   0.0006964174
1   9   9   1   -0.1179201415
1   9   10   2   0.0010489245
1   9   10   3   -0.0002982958
1   10   6   1   -0.0009524934
1   10   7   1   0.0077334552
1   10   8   2   0.0003065542
1   10   8   3   0.0010779640
1   10   9   2   0.0010779640
1   10   9   3   -0.0003065542
1   10   10   1   -0.1238395762
2   6   6   2   -0.2111795465
2   6   7   2   0.0000177486
2   6   8   1   -0.0000203326
2   6   9   1   -0.0000714972
2   6   10   2   -0.0002299334
2   7   6   2   0.0000177486
2   7   7   2   -0.1194277719
2   7   8   1   -0.0006964174
2   7   9   1   -0.0024488752
2   7   10   2   0.0066532338
2   8   6   1   -0.0000201194
2   8   7   1   -0.0006963893
2   8   8   2   -0.1190070337
2   8   8   3   -0.0002133899
2   8   9   2   -0.0002133899
2   8   9   3   -0.0003375791
2   8   10   1   0.0003065542
2   9   6   1   -0.0000707476
2   9   7   1   -0.0024487766
2   9   8   2   -0.0002133899
2   9   8   3   -0.0003520986
2   9   9   2   -0.1196967115
2   9   9   3   0.0002133899
2   9   10   1   0.0010779640
2   10   6   2   -0.0002299334
2   10   7   2   0.0066532338
2   10   8   1   0.0002982958
2   10   9   1   0.0010489245
2   10   10   2   -0.1235157222
3   6   6   3   -0.2111795465
3   6   7   3   0.0000177486
3   6   8   1   -0.0000714972
3   6   9   1   0.0000203326
3   6   10   3   -0.0002299334
3   7   6   3   0.0000177486
3   7   7   3   -0.1194277719
3   7   8   1   -0.0024488752
3   7   9   1   0.0006964174
3   7   10   3   0.0066532338
3   8   6   1   -0.0000707476
3   8   7   1   -0.0024487766
3   8   8   2   -0.0002133899
3   8   8   3   -0.1196967115
3   8   9   2   -0.0003520986
3   8   9   3   0.0002133899
3   8   10   1   0.0010779640
3   9   6   1   0.0000201194
3   9   7   1   0.0006963893
3   9   8   2   -0.0003375791
3   9   8   3   0.0002133899
3   9   9   2   0.0002133899
3   9   9   3   -0.1190070337
3   9   10   1   -0.0003065542
3   10   6   3   -0.0002299334
3   10   7   3   0.0066532338
3   10   8   1   0.0010489245
3   10   9   1   -0.0002982958
3   10   10   3   -0.1235157222

End AIJB Block
Begin IJKA Block
1   6   1   4   -0.0966718972
1   6   2   4   0.0000692034
1   6   3   5   0.0000091290
1   6   3   6   0.0000321010
1   6   4   5   0.0000321010
1   6   4   6   -0.0000091290
1   6   5   4   -0.0015954981
1   7   1   4   -0.0001551959
1   7   2   4   0.0000074101
1   7   3   5   -0.0000001054
1   7   3   6   -0.0000003705
1   7   4   5   -0.0000003705
1   7   4   6   0.0000001054
1   7   5   4   0.0000028048
1   8   1   5   0.0003687859
1   8   1   6   0.0012967951
1   8   2   5   -0.0000006545
1   8   2   6   -0.0000023016
1   8   3   4   0.0000057578
1   8   5   5   0.0000008789
1   8   5   6   0.0000030907
1   9   1   5   0.0012967951
1   9   1   6   -0.0003687859
1   9   2   5   -0.0000023016
1   9   2   6   0.0000006545
1   9   4   4   0.0000057578
1   9   5   5   0.0000030907
1   9   5   6   -0.0000008789
1   10   1   4   -0.0121017109
1   10   2   4   0.0000036440
1   10   3   5   -0.0000039981
1   10   3   6   -0.0000140587
1   10   4   5   -0.0000140587
1   10   4   6   0.0000039981
1   10   5   4   -0.0000008672
2   6   1   4   0.0000726719
2   6   2   4   -0.0010587115
2   6   3   5   0.0000444951
2   6   3   6   0.0001564621
2   6   4   5   0.0001564621
2   6   4   6   -0.0000444951
2   6   5   4   0.0001925000
2   7   1   4   0.0000033797
2   7   2   4   -0.0036639718
2   7   3   5   -0.0022941288
2   7   3   6   -0.0080670519
2   7   4   5   -0.0080670519
2   7   4   6   0.0022941288
2   7   5   4   0.0116701016
2   8   1   5   0.0000005173
2   8   1   6   0.0000018190
2   8   2   5   -0.0067901744
2   8   2   6   -0.0238769023
2   8   3   4   -0.0007769397
2   8   5   5   -0.0002222129
2   8   5   6   -0.0007813874
2   9   1   5   0.0000018190
2   9   1   6   -0.0000005173
2   9   2   5   -0.0238769023
2   9   2   6   0.0067901744
2   9   4   4   -0.0007769397
2   9   5   5   -0.0007813874
2   9   5   6   0.0002222129
2   10   1   4   -0.0000086700
2   10   2   4   0.0291489958
2   10   3   5   -0.0002586079
2   10   3   6   -0.0009093662
2   10   4   5   -0.0009093662
2   10   4   6   0.0002586079
2   10   5   4   0.0005932315
3   6   1   5   0.0000069203
3   6   1   6   0.0000243345
3   6   2   5   0.0000422896
3   6   2   6   0.0001487066
3   6   3   4   -0.0010402905
3   6   5   5   -0.0000228162
3   6   5   6   -0.0000802305
3   7   1   5   0.0000001153
3   7   1   6   0.0000004055
3   7   2   5   -0.0022783965
3   7   2   6   -0.0080117308
3   7   3   4   -0.0031140291
3   7   5   5   -0.0000365610
3   7   5   6   -0.0001285627
3   8   1   4   0.0000116984
3   8   2   4   -0.0007783730
3   8   3   5   -0.0073817650
3   8   3   6   -0.0259571658
3   8   4   5   -0.0024166599
3   8   4   6   0.0006872559
3   8   5   4   0.0040708838
3   9   3   5   -0.0210716551
3   9   3   6   0.0059924110
3   9   4   5   -0.0007020981
3   9   4   6   -0.0024688509
3   10   1   5   -0.0000029882
3   10   1   6   -0.0000105078
3   10   2   5   -0.0002053419
3   10   2   6   -0.0007220621
3   10   3   4   0.0254832805
3   10   5   5   -0.0007395142
3   10   5   6   -0.0026004206
4   6   1   5   0.0000243345
4   6   1   6   -0.0000069203
4   6   2   5   0.0001487066
4   6   2   6   -0.0000422896
4   6   4   4   -0.0010402905
4   6   5   5   -0.0000802305
4   6   5   6   0.0000228162
4   7   1   5   0.0000004055
4   7   1   6   -0.0000001153
4   7   2   5   -0.0080117308
4   7   2   6   0.0022783965
4   7   4   4   -0.0031140291
4   7   5   5   -0.0001285627
4   7   5   6   0.0000365610
4   8   3   5   -0.0024688509
4   8   3   6   0.0007020981
4   8   4   5   -0.0059924110
4   8   4   6   -0.0210716551
4   9   1   4   0.0000116984
4   9   2   4   -0.0007783730
4   9   3   5   -0.0006872559
4   9   3   6   -0.0024166599
4   9   4   5   -0.0259571658
4   9   4   6   0.0073817650
4   9   5   4   0.0040708838
4   10   1   5   -0.0000105078
4   10   1   6   0.0000029882
4   10   2   5   -0.0007220621
4   10   2   6   0.0002053419
4   10   4   4   0.0254832805
4   10   5   5   -0.0026004206
4   10   5   6   0.0007395142
5   6   1   4   -0.0018233859
5   6   2   4   0.0001795564
5   6   3   5   -0.0000242787
5   6   3   6   -0.0000853735
5   6   4   5   -0.0000853735
5   6   4   6   0.0000242787
5   6   5   4   -0.0013172958
5   7   1   4   -0.0000052816
5   7   2   4   0.0118337176
5   7   3   5   -0.0000488154
5   7   3   6   -0.0001716540
5   7   4   5   -0.0001716540
5   7   4   6   0.0000488154
5   7   5   4   -0.0028207602
5   8   1   5   -0.0000049016
5   8   1   6   -0.0000172361
5   8   2   5   -0.0001339926
5   8   2   6   -0.0004711703
5   8   3   4   0.0039093662
5   8   5   5   -0.0059279195
5   8   5   6   -0.0208448776
5   9   1   5   -0.0000172361
5   9   1   6   0.0000049016
5   9   2   5   -0.0004711703
5   9   2   6   0.0001339926
5   9   4   4   0.0039093662
5   9   5   5   -0.0208448776
5   9   5   6   0.0059279195
5   10   1   4   0.0000985022
5   10   2   4   -0.0002002040
5   10   3   5   -0.0006741136
5   10   3   6   -0.0023704463
5   10   4   5   -0.0023704463
5   10   4   6   0.0006741136
5   10   5   4   0.0352504705

End IJKA Block
Begin IABC Block
1   4   1   4   0.0000467786
1   4   2   5   0.0024923648
1   4   3   6   0.0024923648
1   5   1   5   -0.0000611372
1   5   2   4   0.0025092226
1   6   1   6   -0.0000611372
1   6   3   4   0.0025092226
2   4   1   4   -0.0002201064
2   4   2   5   0.0000310289
2   4   3   6   0.0000310289
2   5   1   5   -0.0001864593
2   5   2   4   0.0000314697
2   6   1   6   -0.0001864593
2   6   3   4   0.0000314697
3   4   1   5   0.0001343238
3   4   1   6   0.0004723348
3   4   2   4   0.0001830519
3   4   3   4   0.0006436821
3   5   1   4   0.0001334660
3   5   2   5   0.0002928536
3   5   2   6   0.0002559579
3   5   3   5   0.0005195180
3   5   3   6   0.0000723218
3   6   1   4   0.0004693185
3   6   2   5   0.0002543116
3   6   2   6   0.0001477419
3   6   3   5   0.0000727900
3   6   3   6   0.0010297876
4   4   1   5   0.0004723348
4   4   1   6   -0.0001343238
4   4   2   4   0.0006436821
4   4   3   4   -0.0001830519
4   5   1   4   0.0004693185
4   5   2   5   0.0010297876
4   5   2   6   -0.0000727900
4   5   3   5   -0.0001477419
4   5   3   6   0.0002543116
4   6   1   4   -0.0001334660
4   6   2   5   -0.0000723218
4   6   2   6   0.0005195180
4   6   3   5   0.0002559579
4   6   3   6   -0.0002928536
5   4   1   4   -0.0037974700
5   4   2   5   -0.0022941612
5   4   3   6   -0.0022941612
5   5   1   5   -0.0032490524
5   5   2   4   -0.0023187275
5   6   1   6   -0.0032490524
5   6   3   4   -0.0023187275

End IABC Block
