Begin IJ Block
1   1   -40.9657169289
1   2   0.0002054994
1   3   0.7522150062
1   6   0.0241190976
2   2   -6.0892395718
2   3   -0.0001453710
2   6   -0.0121352618
3   3   -9.3659046654
3   6   -0.0443100395
4   4   -8.2305491780
4   5   0.0000000000
5   5   -8.2305491781
6   6   -8.0202362965

End IJ Block
Begin IA Block
1   1   -0.0080212198
1   4   -0.0402809558
2   1   0.1027172515
2   4   0.0724008813
3   1   0.0549761709
3   4   0.2355842826
4   2   0.2742703304
4   3   -0.2183293556
5   2   0.2183293556
5   3   0.2742703304
6   1   -0.3776071731
6   4   -0.3086607513

End IA Block
Begin AB Block
1   1   -1.8369551413
1   4   -0.4181250431
2   2   -1.6239775774
3   3   -1.6239775774
4   4   -1.7359077404

End AB Block
Begin IJKL Block
1   7   1   7   5.3561586595
1   7   1   8   -0.0001232708
1   7   1   9   -0.5337215151
1   7   1   12   -0.0161974630
1   7   2   7   -0.0001232708
1   7   2   8   0.0000000096
1   7   2   9   0.0000192781
1   7   2   12   -0.0000125076
1   7   3   7   -0.5337215151
1   7   3   8   0.0000192781
1   7   3   9   0.0861777157
1   7   3   12   0.0025838916
1   7   4   10   0.0360818306
1   7   5   11   0.0360818306
1   7   6   7   -0.0161974630
1   7   6   8   -0.0000125076
1   7   6   9   0.0025838916
1   7   6   12   0.0337191065
1   8   1   7   -0.0001232708
1   8   1   8   0.1828254931
1   8   1   9   0.0003784816
1   8   1   12   -0.0010635644
1   8   2   7   0.0000000096
1   8   2   8   -0.0000049042
1   8   2   9   0.0000000197
1   8   2   12   -0.0000001925
1   8   3   7   0.0000192781
1   8   3   8   0.0000049559
1   8   3   9   -0.0000050608
1   8   3   12   0.0000050321
1   8   4   10   0.0000115829
1   8   5   11   0.0000115829
1   8   6   7   -0.0000125076
1   8   6   8   -0.0016893245
1   8   6   9   -0.0000150917
1   8   6   12   0.0000222579
1   9   1   7   -0.5337215151
1   9   1   8   0.0003784816
1   9   1   9   1.2649466002
1   9   1   12   0.0210512376
1   9   2   7   0.0000192781
1   9   2   8   0.0000000197
1   9   2   9   -0.0000058933
1   9   2   12   -0.0000135220
1   9   3   7   0.0861777157
1   9   3   8   -0.0000050608
1   9   3   9   -0.0232346312
1   9   3   12   -0.0007922495
1   9   4   10   0.0373789508
1   9   5   11   0.0373789508
1   9   6   7   0.0025838916
1   9   6   8   -0.0000150917
1   9   6   9   -0.0009792488
1   9   6   12   0.0351490549
1   10   1   10   1.1666010698
1   10   2   10   -0.0000041069
1   10   3   10   -0.0145436052
1   10   4   7   0.0360818306
1   10   4   8   0.0000115829
1   10   4   9   0.0373789508
1   10   4   12   0.0008640346
1   10   6   10   -0.0006222566
1   11   1   11   1.1666010698
1   11   2   11   -0.0000041069
1   11   3   11   -0.0145436052
1   11   5   7   0.0360818306
1   11   5   8   0.0000115829
1   11   5   9   0.0373789508
1   11   5   12   0.0008640346
1   11   6   11   -0.0006222566
1   12   1   7   -0.0161974630
1   12   1   8   -0.0010635644
1   12   1   9   0.0210512376
1   12   1   12   1.1193732455
1   12   2   7   -0.0000125076
1   12   2   8   -0.0000001925
1   12   2   9   -0.0000135220
1   12   2   12   -0.0000043734
1   12   3   7   0.0025838916
1   12   3   8   0.0000050321
1   12   3   9   -0.0007922495
1   12   3   12   -0.0135936874
1   12   4   10   0.0008640346
1   12   5   11   0.0008640346
1   12   6   7   0.0337191065
1   12   6   8   0.0000222579
1   12   6   9   0.0351490549
1   12   6   12   0.0008401654
2   7   1   7   -0.0001232708
2   7   1   8   0.0000000096
2   7   1   9   0.0000192781
2   7   1   12   -0.0000125076
2   7   2   7   0.1828254931
2   7   2   8   -0.0000049042
2   7   2   9   0.0000049559
2   7   2   12   -0.0016893245
2   7   3   7   0.0003784816
2   7   3   8   0.0000000197
2   7   3   9   -0.0000050608
2   7   3   12   -0.0000150917
2   7   4   10   0.0000115829
2   7   5   11   0.0000115829
2   7   6   7   -0.0010635644
2   7   6   8   -0.0000001925
2   7   6   9   0.0000050321
2   7   6   12   0.0000222579
2   8   1   7   0.0000000096
2   8   1   8   -0.0000049042
2   8   1   9   0.0000000197
2   8   1   12   -0.0000001925
2   8   2   7   -0.0000049042
2   8   2   8   1.6513602915
2   8   2   9   -0.0021609570
2   8   2   12   0.0206103180
2   8   3   7   0.0000000197
2   8   3   8   -0.0021609570
2   8   3   9   0.0000045936
2   8   3   12   -0.0000456844
2   8   4   10   0.0000036697
2   8   5   11   0.0000036697
2   8   6   7   -0.0000001925
2   8   6   8   0.0206103180
2   8   6   9   -0.0000456844
2   8   6   12   0.0004765960
2   9   1   7   0.0000192781
2   9   1   8   0.0000000197
2   9   1   9   -0.0000058933
2   9   1   12   -0.0000135220
2   9   2   7   0.0000049559
2   9   2   8   -0.0021609570
2   9   2   9   0.1833031464
2   9   2   12   -0.0212915970
2   9   3   7   -0.0000050608
2   9   3   8   0.0000045936
2   9   3   9   0.0002889179
2   9   3   12   -0.0000796927
2   9   4   10   0.0000725499
2   9   5   11   0.0000725499
2   9   6   7   0.0000050321
2   9   6   8   -0.0000456844
2   9   6   9   -0.0009501902
2   9   6   12   0.0002011030
2   10   1   10   -0.0000041069
2   10   2   10   0.1815381857
2   10   3   10   0.0002687141
2   10   4   7   0.0000115829
2   10   4   8   0.0000036697
2   10   4   9   0.0000725499
2   10   4   12   -0.0000299416
2   10   6   10   -0.0008950415
2   11   1   11   -0.0000041069
2   11   2   11   0.1815381857
2   11   3   11   0.0002687141
2   11   5   7   0.0000115829
2   11   5   8   0.0000036697
2   11   5   9   0.0000725499
2   11   5   12   -0.0000299416
2   11   6   11   -0.0008950415
2   12   1   7   -0.0000125076
2   12   1   8   -0.0000001925
2   12   1   9   -0.0000135220
2   12   1   12   -0.0000043734
2   12   2   7   -0.0016893245
2   12   2   8   0.0206103180
2   12   2   9   -0.0212915970
2   12   2   12   0.1959829655
2   12   3   7   -0.0000150917
2   12   3   8   -0.0000456844
2   12   3   9   -0.0000796927
2   12   3   12   0.0002755356
2   12   4   10   -0.0000299416
2   12   5   11   -0.0000299416
2   12   6   7   0.0000222579
2   12   6   8   0.0004765960
2   12   6   9   0.0002011030
2   12   6   12   -0.0010194646
3   7   1   7   -0.5337215151
3   7   1   8   0.0000192781
3   7   1   9   0.0861777157
3   7   1   12   0.0025838916
3   7   2   7   0.0003784816
3   7   2   8   0.0000000197
3   7   2   9   -0.0000050608
3   7   2   12   -0.0000150917
3   7   3   7   1.2649466002
3   7   3   8   -0.0000058933
3   7   3   9   -0.0232346312
3   7   3   12   -0.0009792488
3   7   4   10   0.0373789508
3   7   5   11   0.0373789508
3   7   6   7   0.0210512376
3   7   6   8   -0.0000135220
3   7   6   9   -0.0007922495
3   7   6   12   0.0351490549
3   8   1   7   0.0000192781
3   8   1   8   0.0000049559
3   8   1   9   -0.0000050608
3   8   1   12   0.0000050321
3   8   2   7   0.0000000197
3   8   2   8   -0.0021609570
3   8   2   9   0.0000045936
3   8   2   12   -0.0000456844
3   8   3   7   -0.0000058933
3   8   3   8   0.1833031464
3   8   3   9   0.0002889179
3   8   3   12   -0.0009501902
3   8   4   10   0.0000725499
3   8   5   11   0.0000725499
3   8   6   7   -0.0000135220
3   8   6   8   -0.0212915970
3   8   6   9   -0.0000796927
3   8   6   12   0.0002011030
3   9   1   7   0.0861777157
3   9   1   8   -0.0000050608
3   9   1   9   -0.0232346312
3   9   1   12   -0.0007922495
3   9   2   7   -0.0000050608
3   9   2   8   0.0000045936
3   9   2   9   0.0002889179
3   9   2   12   -0.0000796927
3   9   3   7   -0.0232346312
3   9   3   8   0.0002889179
3   9   3   9   0.8836053639
3   9   3   12   0.0087981393
3   9   4   10   0.1650367670
3   9   5   11   0.1650367670
3   9   6   7   -0.0007922495
3   9   6   8   -0.0000796927
3   9   6   9   0.0087981393
3   9   6   12   0.1583660406
3   10   1   10   -0.0145436052
3   10   2   10   0.0002687141
3   10   3   10   0.8272074490
3   10   4   7   0.0373789508
3   10   4   8   0.0000725499
3   10   4   9   0.1650367670
3   10   4   12   0.0019890841
3   10   6   10   0.0082313468
3   11   1   11   -0.0145436052
3   11   2   11   0.0002687141
3   11   3   11   0.8272074490
3   11   5   7   0.0373789508
3   11   5   8   0.0000725499
3   11   5   9   0.1650367670
3   11   5   12   0.0019890841
3   11   6   11   0.0082313468
3   12   1   7   0.0025838916
3   12   1   8   0.0000050321
3   12   1   9   -0.0007922495
3   12   1   12   -0.0135936874
3   12   2   7   -0.0000150917
3   12   2   8   -0.0000456844
3   12   2   9   -0.0000796927
3   12   2   12   0.0002755356
3   12   3   7   -0.0009792488
3   12   3   8   -0.0009501902
3   12   3   9   0.0087981393
3   12   3   12   0.8011931511
3   12   4   10   0.0019890841
3   12   5   11   0.0019890841
3   12   6   7   0.0351490549
3   12   6   8   0.0002011030
3   12   6   9   0.1583660406
3   12   6   12   0.0095836073
4   7   1   10   0.0360818306
4   7   2   10   0.0000115829
4   7   3   10   0.0373789508
4   7   4   7   1.1666010698
4   7   4   8   -0.0000041069
4   7   4   9   -0.0145436052
4   7   4   12   -0.0006222566
4   7   6   10   0.0008640346
4   8   1   10   0.0000115829
4   8   2   10   0.0000036697
4   8   3   10   0.0000725499
4   8   4   7   -0.0000041069
4   8   4   8   0.1815381857
4   8   4   9   0.0002687141
4   8   4   12   -0.0008950415
4   8   6   10   -0.0000299416
4   9   1   10   0.0373789508
4   9   2   10   0.0000725499
4   9   3   10   0.1650367670
4   9   4   7   -0.0145436052
4   9   4   8   0.0002687141
4   9   4   9   0.8272074490
4   9   4   12   0.0082313468
4   9   6   10   0.0019890841
4   10   1   7   0.0360818306
4   10   1   8   0.0000115829
4   10   1   9   0.0373789508
4   10   1   12   0.0008640346
4   10   2   7   0.0000115829
4   10   2   8   0.0000036697
4   10   2   9   0.0000725499
4   10   2   12   -0.0000299416
4   10   3   7   0.0373789508
4   10   3   8   0.0000725499
4   10   3   9   0.1650367670
4   10   3   12   0.0019890841
4   10   4   10   0.8342793143
4   10   4   11   -0.0000000000
4   10   5   10   -0.0000000000
4   10   5   11   0.0404219451
4   10   6   7   0.0008640346
4   10   6   8   -0.0000299416
4   10   6   9   0.0019890841
4   10   6   12   0.0389313948
4   11   4   10   -0.0000000000
4   11   4   11   0.7534354241
4   11   5   10   0.0404219451
4   11   5   11   -0.0000000000
4   12   1   10   0.0008640346
4   12   2   10   -0.0000299416
4   12   3   10   0.0019890841
4   12   4   7   -0.0006222566
4   12   4   8   -0.0008950415
4   12   4   9   0.0082313468
4   12   4   12   0.7307699390
4   12   5   12   -0.0000000000
4   12   6   10   0.0389313948
5   7   1   11   0.0360818306
5   7   2   11   0.0000115829
5   7   3   11   0.0373789508
5   7   5   7   1.1666010698
5   7   5   8   -0.0000041069
5   7   5   9   -0.0145436052
5   7   5   12   -0.0006222566
5   7   6   11   0.0008640346
5   8   1   11   0.0000115829
5   8   2   11   0.0000036697
5   8   3   11   0.0000725499
5   8   5   7   -0.0000041069
5   8   5   8   0.1815381857
5   8   5   9   0.0002687141
5   8   5   12   -0.0008950415
5   8   6   11   -0.0000299416
5   9   1   11   0.0373789508
5   9   2   11   0.0000725499
5   9   3   11   0.1650367670
5   9   5   7   -0.0145436052
5   9   5   8   0.0002687141
5   9   5   9   0.8272074490
5   9   5   12   0.0082313468
5   9   6   11   0.0019890841
5   10   4   10   -0.0000000000
5   10   4   11   0.0404219451
5   10   5   10   0.7534354241
5   10   5   11   -0.0000000000
5   11   1   7   0.0360818306
5   11   1   8   0.0000115829
5   11   1   9   0.0373789508
5   11   1   12   0.0008640346
5   11   2   7   0.0000115829
5   11   2   8   0.0000036697
5   11   2   9   0.0000725499
5   11   2   12   -0.0000299416
5   11   3   7   0.0373789508
5   11   3   8   0.0000725499
5   11   3   9   0.1650367670
5   11   3   12   0.0019890841
5   11   4   10   0.0404219451
5   11   4   11   -0.0000000000
5   11   5   10   -0.0000000000
5   11   5   11   0.8342793143
5   11   6   7   0.0008640346
5   11   6   8   -0.0000299416
5   11   6   9   0.0019890841
5   11   6   12   0.0389313948
5   12   1   11   0.0008640346
5   12   2   11   -0.0000299416
5   12   3   11   0.0019890841
5   12   4   12   -0.0000000000
5   12   5   7   -0.0006222566
5   12   5   8   -0.0008950415
5   12   5   9   0.0082313468
5   12   5   12   0.7307699390
5   12   6   11   0.0389313948
6   7   1   7   -0.0161974630
6   7   1   8   -0.0000125076
6   7   1   9   0.0025838916
6   7   1   12   0.0337191065
6   7   2   7   -0.0010635644
6   7   2   8   -0.0000001925
6   7   2   9   0.0000050321
6   7   2   12   0.0000222579
6   7   3   7   0.0210512376
6   7   3   8   -0.0000135220
6   7   3   9   -0.0007922495
6   7   3   12   0.0351490549
6   7   4   10   0.0008640346
6   7   5   11   0.0008640346
6   7   6   7   1.1193732455
6   7   6   8   -0.0000043734
6   7   6   9   -0.0135936874
6   7   6   12   0.0008401654
6   8   1   7   -0.0000125076
6   8   1   8   -0.0016893245
6   8   1   9   -0.0000150917
6   8   1   12   0.0000222579
6   8   2   7   -0.0000001925
6   8   2   8   0.0206103180
6   8   2   9   -0.0000456844
6   8   2   12   0.0004765960
6   8   3   7   -0.0000135220
6   8   3   8   -0.0212915970
6   8   3   9   -0.0000796927
6   8   3   12   0.0002011030
6   8   4   10   -0.0000299416
6   8   5   11   -0.0000299416
6   8   6   7   -0.0000043734
6   8   6   8   0.1959829655
6   8   6   9   0.0002755356
6   8   6   12   -0.0010194646
6   9   1   7   0.0025838916
6   9   1   8   -0.0000150917
6   9   1   9   -0.0009792488
6   9   1   12   0.0351490549
6   9   2   7   0.0000050321
6   9   2   8   -0.0000456844
6   9   2   9   -0.0009501902
6   9   2   12   0.0002011030
6   9   3   7   -0.0007922495
6   9   3   8   -0.0000796927
6   9   3   9   0.0087981393
6   9   3   12   0.1583660406
6   9   4   10   0.0019890841
6   9   5   11   0.0019890841
6   9   6   7   -0.0135936874
6   9   6   8   0.0002755356
6   9   6   9   0.8011931511
6   9   6   12   0.0095836073
6   10   1   10   -0.0006222566
6   10   2   10   -0.0008950415
6   10   3   10   0.0082313468
6   10   4   7   0.0008640346
6   10   4   8   -0.0000299416
6   10   4   9   0.0019890841
6   10   4   12   0.0389313948
6   10   6   10   0.7307699390
6   10   6   11   -0.0000000000
6   11   1   11   -0.0006222566
6   11   2   11   -0.0008950415
6   11   3   11   0.0082313468
6   11   5   7   0.0008640346
6   11   5   8   -0.0000299416
6   11   5   9   0.0019890841
6   11   5   12   0.0389313948
6   11   6   10   -0.0000000000
6   11   6   11   0.7307699390
6   12   1   7   0.0337191065
6   12   1   8   0.0000222579
6   12   1   9   0.0351490549
6   12   1   12   0.0008401654
6   12   2   7   0.0000222579
6   12   2   8   0.0004765960
6   12   2   9   0.0002011030
6   12   2   12   -0.0010194646
6   12   3   7   0.0351490549
6   12   3   8   0.0002011030
6   12   3   9   0.1583660406
6   12   3   12   0.0095836073
6   12   4   10   0.0389313948
6   12   5   11   0.0389313948
6   12   6   7   0.0008401654
6   12   6   8   -0.0010194646
6   12   6   9   0.0095836073
6   12   6   12   0.7847748817

End IJKL Block
Begin IJAB Block
1   7   1   5   0.0002080953
1   7   1   8   0.0002464900
1   7   2   6   0.0001659047
1   7   3   7   0.0001659047
1   7   4   5   0.0002464900
1   7   4   8   0.0004656110
1   8   1   5   0.0000020736
1   8   1   8   -0.0000004007
1   8   2   6   -0.0000012473
1   8   3   7   -0.0000012473
1   8   4   5   0.0000020230
1   8   4   8   -0.0000004403
1   9   1   5   0.0001934764
1   9   1   8   0.0001808386
1   9   2   6   0.0001594842
1   9   3   7   0.0001594842
1   9   4   5   0.0001776503
1   9   4   8   0.0001183754
1   10   1   6   -0.0000118017
1   10   1   7   0.0000093946
1   10   2   5   0.0000179899
1   10   2   8   0.0000839728
1   10   3   5   -0.0000143206
1   10   3   8   -0.0000668454
1   10   4   6   -0.0000438839
1   10   4   7   0.0000349332
1   11   1   6   -0.0000093946
1   11   1   7   -0.0000118017
1   11   2   5   0.0000143206
1   11   2   8   0.0000668454
1   11   3   5   0.0000179899
1   11   3   8   0.0000839728
1   11   4   6   -0.0000349332
1   11   4   7   -0.0000438839
1   12   1   5   -0.0000011683
1   12   1   8   -0.0000850554
1   12   2   6   0.0000097261
1   12   3   7   0.0000097261
1   12   4   5   0.0000419173
1   12   4   8   -0.0000431615
2   7   1   5   0.0000020736
2   7   1   8   0.0000020230
2   7   2   6   -0.0000012473
2   7   3   7   -0.0000012473
2   7   4   5   -0.0000004007
2   7   4   8   -0.0000004403
2   8   1   5   0.0076346368
2   8   1   8   0.0060502063
2   8   2   6   0.0010953253
2   8   3   7   0.0010953253
2   8   4   5   0.0060502063
2   8   4   8   0.0054795919
2   9   1   5   -0.0000003563
2   9   1   8   -0.0000092831
2   9   2   6   0.0000076816
2   9   3   7   0.0000076816
2   9   4   5   -0.0000152275
2   9   4   8   -0.0000157307
2   10   1   6   0.0000131345
2   10   1   7   -0.0000104555
2   10   2   5   0.0000669006
2   10   2   8   0.0001017168
2   10   3   5   -0.0000532554
2   10   3   8   -0.0000809704
2   10   4   6   -0.0000120671
2   10   4   7   0.0000096059
2   11   1   6   0.0000104555
2   11   1   7   0.0000131345
2   11   2   5   0.0000532554
2   11   2   8   0.0000809704
2   11   3   5   0.0000669006
2   11   3   8   0.0001017168
2   11   4   6   -0.0000096059
2   11   4   7   -0.0000120671
2   12   1   5   0.0001550363
2   12   1   8   0.0003676328
2   12   2   6   -0.0002247221
2   12   3   7   -0.0002247221
2   12   4   5   0.0001486443
2   12   4   8   0.0001397667
3   7   1   5   0.0001934764
3   7   1   8   0.0001776503
3   7   2   6   0.0001594842
3   7   3   7   0.0001594842
3   7   4   5   0.0001808386
3   7   4   8   0.0001183754
3   8   1   5   -0.0000003563
3   8   1   8   -0.0000152275
3   8   2   6   0.0000076816
3   8   3   7   0.0000076816
3   8   4   5   -0.0000092831
3   8   4   8   -0.0000157307
3   9   1   5   0.0008551681
3   9   1   8   0.0010225288
3   9   2   6   0.0006106905
3   9   3   7   0.0006106905
3   9   4   5   0.0010225288
3   9   4   8   0.0018510279
3   10   1   6   0.0002204685
3   10   1   7   -0.0001755011
3   10   2   5   0.0000599578
3   10   2   8   0.0002531511
3   10   3   5   -0.0000477286
3   10   3   8   -0.0002015176
3   10   4   6   0.0010715184
3   10   4   7   -0.0008529684
3   11   1   6   0.0001755011
3   11   1   7   0.0002204685
3   11   2   5   0.0000477286
3   11   2   8   0.0002015176
3   11   3   5   0.0000599578
3   11   3   8   0.0002531511
3   11   4   6   0.0008529684
3   11   4   7   0.0010715184
3   12   1   5   -0.0003556342
3   12   1   8   -0.0005410783
3   12   2   6   0.0000282969
3   12   3   7   0.0000282969
3   12   4   5   -0.0015518761
3   12   4   8   -0.0017125720
4   7   1   6   0.0000179899
4   7   1   7   -0.0000143206
4   7   2   5   -0.0000118017
4   7   2   8   -0.0000438839
4   7   3   5   0.0000093946
4   7   3   8   0.0000349332
4   7   4   6   0.0000839728
4   7   4   7   -0.0000668454
4   8   1   6   0.0000669006
4   8   1   7   -0.0000532554
4   8   2   5   0.0000131345
4   8   2   8   -0.0000120671
4   8   3   5   -0.0000104555
4   8   3   8   0.0000096059
4   8   4   6   0.0001017168
4   8   4   7   -0.0000809704
4   9   1   6   0.0000599578
4   9   1   7   -0.0000477286
4   9   2   5   0.0002204685
4   9   2   8   0.0010715184
4   9   3   5   -0.0001755011
4   9   3   8   -0.0008529684
4   9   4   6   0.0002531511
4   9   4   7   -0.0002015176
4   10   1   5   0.0002637338
4   10   1   8   0.0003705711
4   10   2   6   0.0015071210
4   10   2   7   -0.0010601538
4   10   3   6   -0.0010601538
4   10   3   7   0.0010192533
4   10   4   5   0.0003705711
4   10   4   8   0.0008285291
4   11   2   6   0.0010601538
4   11   2   7   0.0011564580
4   11   3   6   -0.0006685903
4   11   3   7   -0.0010601538
4   12   1   6   -0.0002126205
4   12   1   7   0.0001692538
4   12   2   5   -0.0018200399
4   12   2   8   -0.0017692761
4   12   3   5   0.0014488192
4   12   3   8   0.0014084094
4   12   4   6   -0.0002867460
4   12   4   7   0.0002282605
5   7   1   6   0.0000143206
5   7   1   7   0.0000179899
5   7   2   5   -0.0000093946
5   7   2   8   -0.0000349332
5   7   3   5   -0.0000118017
5   7   3   8   -0.0000438839
5   7   4   6   0.0000668454
5   7   4   7   0.0000839728
5   8   1   6   0.0000532554
5   8   1   7   0.0000669006
5   8   2   5   0.0000104555
5   8   2   8   -0.0000096059
5   8   3   5   0.0000131345
5   8   3   8   -0.0000120671
5   8   4   6   0.0000809704
5   8   4   7   0.0001017168
5   9   1   6   0.0000477286
5   9   1   7   0.0000599578
5   9   2   5   0.0001755011
5   9   2   8   0.0008529684
5   9   3   5   0.0002204685
5   9   3   8   0.0010715184
5   9   4   6   0.0002015176
5   9   4   7   0.0002531511
5   10   2   6   0.0010601538
5   10   2   7   -0.0006685903
5   10   3   6   0.0011564580
5   10   3   7   -0.0010601538
5   11   1   5   0.0002637338
5   11   1   8   0.0003705711
5   11   2   6   0.0010192533
5   11   2   7   0.0010601538
5   11   3   6   0.0010601538
5   11   3   7   0.0015071210
5   11   4   5   0.0003705711
5   11   4   8   0.0008285291
5   12   1   6   -0.0001692538
5   12   1   7   -0.0002126205
5   12   2   5   -0.0014488192
5   12   2   8   -0.0014084094
5   12   3   5   -0.0018200399
5   12   3   8   -0.0017692761
5   12   4   6   -0.0002282605
5   12   4   7   -0.0002867460
6   7   1   5   -0.0000011683
6   7   1   8   0.0000419173
6   7   2   6   0.0000097261
6   7   3   7   0.0000097261
6   7   4   5   -0.0000850554
6   7   4   8   -0.0000431615
6   8   1   5   0.0001550363
6   8   1   8   0.0001486443
6   8   2   6   -0.0002247221
6   8   3   7   -0.0002247221
6   8   4   5   0.0003676328
6   8   4   8   0.0001397667
6   9   1   5   -0.0003556342
6   9   1   8   -0.0015518761
6   9   2   6   0.0000282969
6   9   3   7   0.0000282969
6   9   4   5   -0.0005410783
6   9   4   8   -0.0017125720
6   10   1   6   -0.0018200399
6   10   1   7   0.0014488192
6   10   2   5   -0.0002126205
6   10   2   8   -0.0002867460
6   10   3   5   0.0001692538
6   10   3   8   0.0002282605
6   10   4   6   -0.0017692761
6   10   4   7   0.0014084094
6   11   1   6   -0.0014488192
6   11   1   7   -0.0018200399
6   11   2   5   -0.0001692538
6   11   2   8   -0.0002282605
6   11   3   5   -0.0002126205
6   11   3   8   -0.0002867460
6   11   4   6   -0.0014084094
6   11   4   7   -0.0017692761
6   12   1   5   0.0032139055
6   12   1   8   0.0032993001
6   12   2   6   0.0003987074
6   12   3   7   0.0003987074
6   12   4   5   0.0032993001
6   12   4   8   0.0040564962

End IJAB Block
Begin ABCD Block
1   5   1   5   0.2284535488
1   5   1   8   0.0128497134
1   5   2   6   0.0301000466
1   5   3   7   0.0301000466
1   5   4   5   0.0128497134
1   5   4   8   0.0203627158
1   6   1   6   0.1665930314
1   6   2   5   0.0301000466
1   6   2   8   0.0062657824
1   6   4   6   0.0142674561
1   7   1   7   0.1665930314
1   7   3   5   0.0301000466
1   7   3   8   0.0062657824
1   7   4   7   0.0142674561
1   8   1   5   0.0128497134
1   8   1   8   0.1559166528
1   8   2   6   0.0062657824
1   8   3   7   0.0062657824
1   8   4   5   0.0203627158
1   8   4   8   0.0078141637
2   5   1   6   0.0301000466
2   5   2   5   0.1665930314
2   5   2   8   0.0142674561
2   5   4   6   0.0062657824
2   6   1   5   0.0301000466
2   6   1   8   0.0062657824
2   6   2   6   0.1528394554
2   6   3   7   0.0083917810
2   6   4   5   0.0062657824
2   6   4   8   0.0093866889
2   7   2   7   0.1360558935
2   7   3   6   0.0083917810
2   8   1   6   0.0062657824
2   8   2   5   0.0142674561
2   8   2   8   0.1313693152
2   8   4   6   0.0093866889
3   5   1   7   0.0301000466
3   5   3   5   0.1665930314
3   5   3   8   0.0142674561
3   5   4   7   0.0062657824
3   6   2   7   0.0083917810
3   6   3   6   0.1360558935
3   7   1   5   0.0301000466
3   7   1   8   0.0062657824
3   7   2   6   0.0083917810
3   7   3   7   0.1528394554
3   7   4   5   0.0062657824
3   7   4   8   0.0093866889
3   8   1   7   0.0062657824
3   8   3   5   0.0142674561
3   8   3   8   0.1313693152
3   8   4   7   0.0093866889
4   5   1   5   0.0128497134
4   5   1   8   0.0203627158
4   5   2   6   0.0062657824
4   5   3   7   0.0062657824
4   5   4   5   0.1559166528
4   5   4   8   0.0078141637
4   6   1   6   0.0142674561
4   6   2   5   0.0062657824
4   6   2   8   0.0093866889
4   6   4   6   0.1313693152
4   7   1   7   0.0142674561
4   7   3   5   0.0062657824
4   7   3   8   0.0093866889
4   7   4   7   0.1313693152
4   8   1   5   0.0203627158
4   8   1   8   0.0078141637
4   8   2   6   0.0093866889
4   8   3   7   0.0093866889
4   8   4   5   0.0078141637
4   8   4   8   0.1353840124

End ABCD Block
Begin AIJB Block
1   7   1   5   0.0002080953
1   7   1   8   0.0002464900
1   7   2   5   0.0000020736
1   7   2   8   0.0000020230
1   7   3   5   0.0001934764
1   7   3   8   0.0001776503
1   7   4   6   0.0000179899
1   7   4   7   -0.0000143206
1   7   5   6   0.0000143206
1   7   5   7   0.0000179899
1   7   6   5   -0.0000011683
1   7   6   8   0.0000419173
1   8   1   5   0.0000020736
1   8   1   8   -0.0000004007
1   8   2   5   0.0076346368
1   8   2   8   0.0060502063
1   8   3   5   -0.0000003563
1   8   3   8   -0.0000152275
1   8   4   6   0.0000669006
1   8   4   7   -0.0000532554
1   8   5   6   0.0000532554
1   8   5   7   0.0000669006
1   8   6   5   0.0001550363
1   8   6   8   0.0001486443
1   9   1   5   0.0001934764
1   9   1   8   0.0001808386
1   9   2   5   -0.0000003563
1   9   2   8   -0.0000092831
1   9   3   5   0.0008551681
1   9   3   8   0.0010225288
1   9   4   6   0.0000599578
1   9   4   7   -0.0000477286
1   9   5   6   0.0000477286
1   9   5   7   0.0000599578
1   9   6   5   -0.0003556342
1   9   6   8   -0.0015518761
1   10   1   6   -0.0000118017
1   10   1   7   0.0000093946
1   10   2   6   0.0000131345
1   10   2   7   -0.0000104555
1   10   3   6   0.0002204685
1   10   3   7   -0.0001755011
1   10   4   5   0.0002637338
1   10   4   8   0.0003705711
1   10   6   6   -0.0018200399
1   10   6   7   0.0014488192
1   11   1   6   -0.0000093946
1   11   1   7   -0.0000118017
1   11   2   6   0.0000104555
1   11   2   7   0.0000131345
1   11   3   6   0.0001755011
1   11   3   7   0.0002204685
1   11   5   5   0.0002637338
1   11   5   8   0.0003705711
1   11   6   6   -0.0014488192
1   11   6   7   -0.0018200399
1   12   1   5   -0.0000011683
1   12   1   8   -0.0000850554
1   12   2   5   0.0001550363
1   12   2   8   0.0003676328
1   12   3   5   -0.0003556342
1   12   3   8   -0.0005410783
1   12   4   6   -0.0002126205
1   12   4   7   0.0001692538
1   12   5   6   -0.0001692538
1   12   5   7   -0.0002126205
1   12   6   5   0.0032139055
1   12   6   8   0.0032993001
2   7   1   6   0.0001659047
2   7   2   6   -0.0000012473
2   7   3   6   0.0001594842
2   7   4   5   -0.0000118017
2   7   4   8   -0.0000438839
2   7   5   5   -0.0000093946
2   7   5   8   -0.0000349332
2   7   6   6   0.0000097261
2   8   1   6   -0.0000012473
2   8   2   6   0.0010953253
2   8   3   6   0.0000076816
2   8   4   5   0.0000131345
2   8   4   8   -0.0000120671
2   8   5   5   0.0000104555
2   8   5   8   -0.0000096059
2   8   6   6   -0.0002247221
2   9   1   6   0.0001594842
2   9   2   6   0.0000076816
2   9   3   6   0.0006106905
2   9   4   5   0.0002204685
2   9   4   8   0.0010715184
2   9   5   5   0.0001755011
2   9   5   8   0.0008529684
2   9   6   6   0.0000282969
2   10   1   5   0.0000179899
2   10   1   8   0.0000839728
2   10   2   5   0.0000669006
2   10   2   8   0.0001017168
2   10   3   5   0.0000599578
2   10   3   8   0.0002531511
2   10   4   6   0.0015071210
2   10   4   7   -0.0010601538
2   10   5   6   0.0010601538
2   10   5   7   -0.0006685903
2   10   6   5   -0.0002126205
2   10   6   8   -0.0002867460
2   11   1   5   0.0000143206
2   11   1   8   0.0000668454
2   11   2   5   0.0000532554
2   11   2   8   0.0000809704
2   11   3   5   0.0000477286
2   11   3   8   0.0002015176
2   11   4   6   0.0010601538
2   11   4   7   0.0011564580
2   11   5   6   0.0010192533
2   11   5   7   0.0010601538
2   11   6   5   -0.0001692538
2   11   6   8   -0.0002282605
2   12   1   6   0.0000097261
2   12   2   6   -0.0002247221
2   12   3   6   0.0000282969
2   12   4   5   -0.0018200399
2   12   4   8   -0.0017692761
2   12   5   5   -0.0014488192
2   12   5   8   -0.0014084094
2   12   6   6   0.0003987074
3   7   1   7   0.0001659047
3   7   2   7   -0.0000012473
3   7   3   7   0.0001594842
3   7   4   5   0.0000093946
3   7   4   8   0.0000349332
3   7   5   5   -0.0000118017
3   7   5   8   -0.0000438839
3   7   6   7   0.0000097261
3   8   1   7   -0.0000012473
3   8   2   7   0.0010953253
3   8   3   7   0.0000076816
3   8   4   5   -0.0000104555
3   8   4   8   0.0000096059
3   8   5   5   0.0000131345
3   8   5   8   -0.0000120671
3   8   6   7   -0.0002247221
3   9   1   7   0.0001594842
3   9   2   7   0.0000076816
3   9   3   7   0.0006106905
3   9   4   5   -0.0001755011
3   9   4   8   -0.0008529684
3   9   5   5   0.0002204685
3   9   5   8   0.0010715184
3   9   6   7   0.0000282969
3   10   1   5   -0.0000143206
3   10   1   8   -0.0000668454
3   10   2   5   -0.0000532554
3   10   2   8   -0.0000809704
3   10   3   5   -0.0000477286
3   10   3   8   -0.0002015176
3   10   4   6   -0.0010601538
3   10   4   7   0.0010192533
3   10   5   6   0.0011564580
3   10   5   7   -0.0010601538
3   10   6   5   0.0001692538
3   10   6   8   0.0002282605
3   11   1   5   0.0000179899
3   11   1   8   0.0000839728
3   11   2   5   0.0000669006
3   11   2   8   0.0001017168
3   11   3   5   0.0000599578
3   11   3   8   0.0002531511
3   11   4   6   -0.0006685903
3   11   4   7   -0.0010601538
3   11   5   6   0.0010601538
3   11   5   7   0.0015071210
3   11   6   5   -0.0002126205
3   11   6   8   -0.0002867460
3   12   1   7   0.0000097261
3   12   2   7   -0.0002247221
3   12   3   7   0.0000282969
3   12   4   5   0.0014488192
3   12   4   8   0.0014084094
3   12   5   5   -0.0018200399
3   12   5   8   -0.0017692761
3   12   6   7   0.0003987074
4   7   1   5   0.0002464900
4   7   1   8   0.0004656110
4   7   2   5   -0.0000004007
4   7   2   8   -0.0000004403
4   7   3   5   0.0001808386
4   7   3   8   0.0001183754
4   7   4   6   0.0000839728
4   7   4   7   -0.0000668454
4   7   5   6   0.0000668454
4   7   5   7   0.0000839728
4   7   6   5   -0.0000850554
4   7   6   8   -0.0000431615
4   8   1   5   0.0000020230
4   8   1   8   -0.0000004403
4   8   2   5   0.0060502063
4   8   2   8   0.0054795919
4   8   3   5   -0.0000092831
4   8   3   8   -0.0000157307
4   8   4   6   0.0001017168
4   8   4   7   -0.0000809704
4   8   5   6   0.0000809704
4   8   5   7   0.0001017168
4   8   6   5   0.0003676328
4   8   6   8   0.0001397667
4   9   1   5   0.0001776503
4   9   1   8   0.0001183754
4   9   2   5   -0.0000152275
4   9   2   8   -0.0000157307
4   9   3   5   0.0010225288
4   9   3   8   0.0018510279
4   9   4   6   0.0002531511
4   9   4   7   -0.0002015176
4   9   5   6   0.0002015176
4   9   5   7   0.0002531511
4   9   6   5   -0.0005410783
4   9   6   8   -0.0017125720
4   10   1   6   -0.0000438839
4   10   1   7   0.0000349332
4   10   2   6   -0.0000120671
4   10   2   7   0.0000096059
4   10   3   6   0.0010715184
4   10   3   7   -0.0008529684
4   10   4   5   0.0003705711
4   10   4   8   0.0008285291
4   10   6   6   -0.0017692761
4   10   6   7   0.0014084094
4   11   1   6   -0.0000349332
4   11   1   7   -0.0000438839
4   11   2   6   -0.0000096059
4   11   2   7   -0.0000120671
4   11   3   6   0.0008529684
4   11   3   7   0.0010715184
4   11   5   5   0.0003705711
4   11   5   8   0.0008285291
4   11   6   6   -0.0014084094
4   11   6   7   -0.0017692761
4   12   1   5   0.0000419173
4   12   1   8   -0.0000431615
4   12   2   5   0.0001486443
4   12   2   8   0.0001397667
4   12   3   5   -0.0015518761
4   12   3   8   -0.0017125720
4   12   4   6   -0.0002867460
4   12   4   7   0.0002282605
4   12   5   6   -0.0002282605
4   12   5   7   -0.0002867460
4   12   6   5   0.0032993001
4   12   6   8   0.0040564962

1   7   7   1   -0.1270210309
1   7   7   4   -0.0311978785
1   7   8   1   -0.0000001524
1   7   8   4   -0.0000001132
1   7   9   1   0.0000800753
1   7   9   4   0.0000908846
1   7   10   2   -0.0002149058
1   7   10   3   0.0001710730
1   7   11   2   -0.0001710730
1   7   11   3   -0.0002149058
1   7   12   1   0.0007493184
1   7   12   4   0.0004060976
1   8   7   1   -0.0000001524
1   8   7   4   -0.0000001132
1   8   8   1   -0.2710821422
1   8   8   4   -0.0665212952
1   8   9   1   0.0001360858
1   8   9   4   0.0000263134
1   8   10   2   -0.0000886372
1   8   10   3   0.0000705585
1   8   11   2   -0.0000705585
1   8   11   3   -0.0000886372
1   8   12   1   -0.0009663554
1   8   12   4   -0.0001794359
1   9   7   1   0.0000800753
1   9   7   4   0.0000908846
1   9   8   1   0.0001360858
1   9   8   4   0.0000263134
1   9   9   1   -0.1253404292
1   9   9   4   -0.0292329320
1   9   10   2   -0.0024072625
1   9   10   3   0.0019162702
1   9   11   2   -0.0019162702
1   9   11   3   -0.0024072625
1   9   12   1   0.0088052491
1   9   12   4   0.0036303312
1   10   7   2   -0.0002149058
1   10   7   3   0.0001710730
1   10   8   2   -0.0000886372
1   10   8   3   0.0000705585
1   10   9   2   -0.0024072625
1   10   9   3   0.0019162702
1   10   10   1   -0.1247322330
1   10   10   4   -0.0286809788
1   10   12   2   0.0008623317
1   10   12   3   -0.0006864480
1   11   7   2   -0.0001710730
1   11   7   3   -0.0002149058
1   11   8   2   -0.0000705585
1   11   8   3   -0.0000886372
1   11   9   2   -0.0019162702
1   11   9   3   -0.0024072625
1   11   11   1   -0.1247322330
1   11   11   4   -0.0286809788
1   11   12   2   0.0006864480
1   11   12   3   0.0008623317
1   12   7   1   0.0007493184
1   12   7   4   0.0004060976
1   12   8   1   -0.0009663554
1   12   8   4   -0.0001794359
1   12   9   1   0.0088052491
1   12   9   4   0.0036303312
1   12   10   2   0.0008623317
1   12   10   3   -0.0006864480
1   12   11   2   0.0006864480
1   12   11   3   0.0008623317
1   12   12   1   -0.1289850860
1   12   12   4   -0.0304282920
2   7   7   2   -0.1264952557
2   7   8   2   -0.0000002156
2   7   9   2   0.0000650734
2   7   10   1   -0.0002149058
2   7   10   4   -0.0003161392
2   7   11   1   -0.0001710730
2   7   11   4   -0.0002516586
2   7   12   2   0.0005349845
2   8   7   2   -0.0000002156
2   8   8   2   -0.1933784722
2   8   9   2   0.0000431772
2   8   10   1   -0.0000886372
2   8   10   4   -0.0000582082
2   8   11   1   -0.0000705585
2   8   11   4   -0.0000463359
2   8   12   2   -0.0002328027
2   9   7   2   0.0000650734
2   9   8   2   0.0000431772
2   9   9   2   -0.1251274266
2   9   10   1   -0.0024072625
2   9   10   4   -0.0029808753
2   9   11   1   -0.0019162702
2   9   11   4   -0.0023728873
2   9   12   2   0.0065805353
2   10   7   1   -0.0002149058
2   10   7   4   -0.0003161392
2   10   8   1   -0.0000886372
2   10   8   4   -0.0000582082
2   10   9   1   -0.0024072625
2   10   9   4   -0.0029808753
2   10   10   2   -0.1250984160
2   10   10   3   0.0005060241
2   10   11   2   -0.0005060241
2   10   11   3   -0.0001164325
2   10   12   1   0.0008623317
2   10   12   4   0.0006977111
2   11   7   1   -0.0001710730
2   11   7   4   -0.0002516586
2   11   8   1   -0.0000705585
2   11   8   4   -0.0000463359
2   11   9   1   -0.0019162702
2   11   9   4   -0.0023728873
2   11   10   2   -0.0005060241
2   11   10   3   -0.0001164325
2   11   11   2   -0.1248655509
2   11   11   3   -0.0005060241
2   11   12   1   0.0006864480
2   11   12   4   0.0005554039
2   12   7   2   0.0005349845
2   12   8   2   -0.0002328027
2   12   9   2   0.0065805353
2   12   10   1   0.0008623317
2   12   10   4   0.0006977111
2   12   11   1   0.0006864480
2   12   11   4   0.0005554039
2   12   12   2   -0.1270395362
3   7   7   3   -0.1264952557
3   7   8   3   -0.0000002156
3   7   9   3   0.0000650734
3   7   10   1   0.0001710730
3   7   10   4   0.0002516586
3   7   11   1   -0.0002149058
3   7   11   4   -0.0003161392
3   7   12   3   0.0005349845
3   8   7   3   -0.0000002156
3   8   8   3   -0.1933784722
3   8   9   3   0.0000431772
3   8   10   1   0.0000705585
3   8   10   4   0.0000463359
3   8   11   1   -0.0000886372
3   8   11   4   -0.0000582082
3   8   12   3   -0.0002328027
3   9   7   3   0.0000650734
3   9   8   3   0.0000431772
3   9   9   3   -0.1251274266
3   9   10   1   0.0019162702
3   9   10   4   0.0023728873
3   9   11   1   -0.0024072625
3   9   11   4   -0.0029808753
3   9   12   3   0.0065805353
3   10   7   1   0.0001710730
3   10   7   4   0.0002516586
3   10   8   1   0.0000705585
3   10   8   4   0.0000463359
3   10   9   1   0.0019162702
3   10   9   4   0.0023728873
3   10   10   2   0.0005060241
3   10   10   3   -0.1248655509
3   10   11   2   -0.0001164325
3   10   11   3   0.0005060241
3   10   12   1   -0.0006864480
3   10   12   4   -0.0005554039
3   11   7   1   -0.0002149058
3   11   7   4   -0.0003161392
3   11   8   1   -0.0000886372
3   11   8   4   -0.0000582082
3   11   9   1   -0.0024072625
3   11   9   4   -0.0029808753
3   11   10   2   -0.0001164325
3   11   10   3   0.0005060241
3   11   11   2   -0.0005060241
3   11   11   3   -0.1250984160
3   11   12   1   0.0008623317
3   11   12   4   0.0006977111
3   12   7   3   0.0005349845
3   12   8   3   -0.0002328027
3   12   9   3   0.0065805353
3   12   10   1   -0.0006864480
3   12   10   4   -0.0005554039
3   12   11   1   0.0008623317
3   12   11   4   0.0006977111
3   12   12   3   -0.1270395362
4   7   7   1   -0.0311978785
4   7   7   4   -0.1431881784
4   7   8   1   -0.0000001132
4   7   8   4   -0.0000002344
4   7   9   1   0.0000908846
4   7   9   4   0.0001493708
4   7   10   2   -0.0003161392
4   7   10   3   0.0002516586
4   7   11   2   -0.0002516586
4   7   11   3   -0.0003161392
4   7   12   1   0.0004060976
4   7   12   4   0.0006941745
4   8   7   1   -0.0000001132
4   8   7   4   -0.0000002344
4   8   8   1   -0.0665212952
4   8   8   4   -0.1952508727
4   8   9   1   0.0000263134
4   8   9   4   0.0000303952
4   8   10   2   -0.0000582082
4   8   10   3   0.0000463359
4   8   11   2   -0.0000463359
4   8   11   3   -0.0000582082
4   8   12   1   -0.0001794359
4   8   12   4   -0.0001724503
4   9   7   1   0.0000908846
4   9   7   4   0.0001493708
4   9   8   1   0.0000263134
4   9   8   4   0.0000303952
4   9   9   1   -0.0292329320
4   9   9   4   -0.1403499304
4   9   10   2   -0.0029808753
4   9   10   3   0.0023728873
4   9   11   2   -0.0023728873
4   9   11   3   -0.0029808753
4   9   12   1   0.0036303312
4   9   12   4   0.0062580580
4   10   7   2   -0.0003161392
4   10   7   3   0.0002516586
4   10   8   2   -0.0000582082
4   10   8   3   0.0000463359
4   10   9   2   -0.0029808753
4   10   9   3   0.0023728873
4   10   10   1   -0.0286809788
4   10   10   4   -0.1395645372
4   10   12   2   0.0006977111
4   10   12   3   -0.0005554039
4   11   7   2   -0.0002516586
4   11   7   3   -0.0003161392
4   11   8   2   -0.0000463359
4   11   8   3   -0.0000582082
4   11   9   2   -0.0023728873
4   11   9   3   -0.0029808753
4   11   11   1   -0.0286809788
4   11   11   4   -0.1395645372
4   11   12   2   0.0005554039
4   11   12   3   0.0006977111
4   12   7   1   0.0004060976
4   12   7   4   0.0006941745
4   12   8   1   -0.0001794359
4   12   8   4   -0.0001724503
4   12   9   1   0.0036303312
4   12   9   4   0.0062580580
4   12   10   2   0.0006977111
4   12   10   3   -0.0005554039
4   12   11   2   0.0005554039
4   12   11   3   0.0006977111
4   12   12   1   -0.0304282920
4   12   12   4   -0.1422543316

End AIJB Block
Begin IJKA Block
1   7   1   5   0.0061780983
1   7   1   8   0.0303435689
1   7   2   5   -0.0000012253
1   7   2   8   -0.0000020657
1   7   3   5   -0.0010106696
1   7   3   8   -0.0049525563
1   7   4   6   -0.0019141727
1   7   4   7   0.0015237524
1   7   5   6   -0.0015237524
1   7   5   7   -0.0019141727
1   7   6   5   0.0025390733
1   7   6   8   0.0023182483
1   8   1   5   -0.0015304201
1   8   1   8   0.0003006842
1   8   2   5   0.0000005361
1   8   2   8   0.0000006025
1   8   3   5   0.0000003764
1   8   3   8   0.0000006915
1   8   4   6   0.0000147703
1   8   4   7   -0.0000117577
1   8   5   6   0.0000117577
1   8   5   7   0.0000147703
1   8   6   5   0.0000286444
1   8   6   8   -0.0000042901
1   9   1   5   -0.0100047038
1   9   1   8   -0.0460065885
1   9   2   5   -0.0000009104
1   9   2   8   -0.0000006342
1   9   3   5   0.0002675531
1   9   3   8   0.0013379242
1   9   4   6   -0.0018570272
1   9   4   7   0.0014782625
1   9   5   6   -0.0014782625
1   9   5   7   -0.0018570272
1   9   6   5   0.0025929109
1   9   6   8   0.0026143966
1   10   1   6   -0.0477906426
1   10   1   7   0.0380431240
1   10   2   6   0.0000002432
1   10   2   7   -0.0000001936
1   10   3   6   0.0007704810
1   10   3   7   -0.0006133314
1   10   4   5   -0.0003440846
1   10   4   8   -0.0015972185
1   10   6   6   -0.0000274288
1   10   6   7   0.0000218344
1   11   1   6   -0.0380431240
1   11   1   7   -0.0477906426
1   11   2   6   0.0000001936
1   11   2   7   0.0000002432
1   11   3   6   0.0006133314
1   11   3   7   0.0007704810
1   11   5   5   -0.0003440846
1   11   5   8   -0.0015972185
1   11   6   6   -0.0000218344
1   11   6   7   -0.0000274288
1   12   1   5   0.0670993135
1   12   1   8   0.0605522199
1   12   2   5   -0.0000002348
1   12   2   8   0.0000001775
1   12   3   5   -0.0010268179
1   12   3   8   -0.0009542580
1   12   4   6   -0.0001122068
1   12   4   7   0.0000893208
1   12   5   6   -0.0000893208
1   12   5   7   -0.0001122068
1   12   6   5   -0.0001893572
1   12   6   8   -0.0012785064
2   7   1   5   -0.0000012253
2   7   1   8   -0.0000020657
2   7   2   5   -0.0001276608
2   7   2   8   -0.0001252265
2   7   3   5   -0.0000010808
2   7   3   8   -0.0000008407
2   7   4   6   -0.0000006062
2   7   4   7   0.0000004826
2   7   5   6   -0.0000004826
2   7   5   7   -0.0000006062
2   7   6   5   0.0000016359
2   7   6   8   0.0000014078
2   8   1   5   0.0000005361
2   8   1   8   0.0000006025
2   8   2   5   -0.0871370305
2   8   2   8   -0.0754778283
2   8   3   5   0.0001426068
2   8   3   8   0.0001455605
2   8   4   6   0.0000477830
2   8   4   7   -0.0000380370
2   8   5   6   0.0000380370
2   8   5   7   0.0000477830
2   8   6   5   -0.0014523247
2   8   6   8   -0.0015166599
2   9   1   5   -0.0000009104
2   9   1   8   -0.0000006342
2   9   2   5   -0.0004472382
2   9   2   8   -0.0000577331
2   9   3   5   -0.0000075805
2   9   3   8   -0.0000126641
2   9   4   6   -0.0000017354
2   9   4   7   0.0000013814
2   9   5   6   -0.0000013814
2   9   5   7   -0.0000017354
2   9   6   5   0.0000165669
2   9   6   8   0.0000216027
2   10   1   6   0.0000002432
2   10   1   7   -0.0000001936
2   10   2   6   0.0012893319
2   10   2   7   -0.0010263560
2   10   3   6   -0.0000109369
2   10   3   7   0.0000087062
2   10   4   5   0.0000047016
2   10   4   8   0.0000088927
2   10   6   6   0.0000275511
2   10   6   7   -0.0000219317
2   11   1   6   0.0000001936
2   11   1   7   0.0000002432
2   11   2   6   0.0010263560
2   11   2   7   0.0012893319
2   11   3   6   -0.0000087062
2   11   3   7   -0.0000109369
2   11   5   5   0.0000047016
2   11   5   8   0.0000088927
2   11   6   6   0.0000219317
2   11   6   7   0.0000275511
2   12   1   5   -0.0000002348
2   12   1   8   0.0000001775
2   12   2   5   -0.0097431278
2   12   2   8   -0.0184446216
2   12   3   5   0.0000219475
2   12   3   8   0.0000161511
2   12   4   6   -0.0000125157
2   12   4   7   0.0000099630
2   12   5   6   -0.0000099630
2   12   5   7   -0.0000125157
2   12   6   5   -0.0000784977
2   12   6   8   -0.0000155970
3   7   1   5   -0.0010106696
3   7   1   8   -0.0049525563
3   7   2   5   -0.0000010808
3   7   2   8   -0.0000008407
3   7   3   5   0.0002330093
3   7   3   8   0.0012416592
3   7   4   6   -0.0019645575
3   7   4   7   0.0015638607
3   7   5   6   -0.0015638607
3   7   5   7   -0.0019645575
3   7   6   5   0.0026813248
3   7   6   8   0.0026592592
3   8   1   5   0.0000003764
3   8   1   8   0.0000006915
3   8   2   5   0.0001426068
3   8   2   8   0.0001455605
3   8   3   5   -0.0015289501
3   8   3   8   0.0003154887
3   8   4   6   0.0001813254
3   8   4   7   -0.0001443418
3   8   5   6   0.0001443418
3   8   5   7   0.0001813254
3   8   6   5   0.0003604667
3   8   6   8   -0.0000602348
3   9   1   5   0.0002675531
3   9   1   8   0.0013379242
3   9   2   5   -0.0000075805
3   9   2   8   -0.0000126641
3   9   3   5   -0.0057412786
3   9   3   8   -0.0249943175
3   9   4   6   -0.0077451520
3   9   4   7   0.0061654282
3   9   5   6   -0.0061654282
3   9   5   7   -0.0077451520
3   9   6   5   0.0110992880
3   9   6   8   0.0104349505
3   10   1   6   0.0007704810
3   10   1   7   -0.0006133314
3   10   2   6   -0.0000109369
3   10   2   7   0.0000087062
3   10   3   6   -0.0300956777
3   10   3   7   0.0239572757
3   10   4   5   -0.0009469049
3   10   4   8   -0.0039531422
3   10   6   6   -0.0010369578
3   10   6   7   0.0008254569
3   11   1   6   0.0006133314
3   11   1   7   0.0007704810
3   11   2   6   -0.0000087062
3   11   2   7   -0.0000109369
3   11   3   6   -0.0239572757
3   11   3   7   -0.0300956777
3   11   5   5   -0.0009469049
3   11   5   8   -0.0039531422
3   11   6   6   -0.0008254569
3   11   6   7   -0.0010369578
3   12   1   5   -0.0010268179
3   12   1   8   -0.0009542580
3   12   2   5   0.0000219475
3   12   2   8   0.0000161511
3   12   3   5   0.0431680371
3   12   3   8   0.0374518355
3   12   4   6   -0.0008173991
3   12   4   7   0.0006506800
3   12   5   6   -0.0006506800
3   12   5   7   -0.0008173991
3   12   6   5   0.0010848846
3   12   6   8   -0.0008322961
4   7   1   6   -0.0019141727
4   7   1   7   0.0015237524
4   7   2   6   -0.0000006062
4   7   2   7   0.0000004826
4   7   3   6   -0.0019645575
4   7   3   7   0.0015638607
4   7   4   5   0.0001358663
4   7   4   8   0.0007409370
4   7   6   6   -0.0000473006
4   7   6   7   0.0000376530
4   8   1   6   0.0000147703
4   8   1   7   -0.0000117577
4   8   2   6   0.0000477830
4   8   2   7   -0.0000380370
4   8   3   6   0.0001813254
4   8   3   7   -0.0001443418
4   8   4   5   -0.0014729191
4   8   4   8   0.0003101057
4   8   6   6   -0.0000904179
4   8   6   7   0.0000719760
4   9   1   6   -0.0018570272
4   9   1   7   0.0014782625
4   9   2   6   -0.0000017354
4   9   2   7   0.0000013814
4   9   3   6   -0.0077451520
4   9   3   7   0.0061654282
4   9   4   5   -0.0052102329
4   9   4   8   -0.0225481142
4   9   6   6   -0.0002119902
4   9   6   7   0.0001687520
4   10   1   5   -0.0003440846
4   10   1   8   -0.0015972185
4   10   2   5   0.0000047016
4   10   2   8   0.0000088927
4   10   3   5   -0.0009469049
4   10   3   8   -0.0039531422
4   10   4   6   -0.0302526324
4   10   4   7   0.0240822175
4   10   5   6   -0.0014560072
4   10   5   7   -0.0018290696
4   10   6   5   0.0025926547
4   10   6   8   0.0023865129
4   11   4   6   -0.0211702030
4   11   4   7   -0.0265944933
4   11   5   6   -0.0018290696
4   11   5   7   0.0014560072
4   12   1   6   -0.0001122068
4   12   1   7   0.0000893208
4   12   2   6   -0.0000125157
4   12   2   7   0.0000099630
4   12   3   6   -0.0008173991
4   12   3   7   0.0006506800
4   12   4   5   0.0381715600
4   12   4   8   0.0327026509
4   12   6   6   -0.0015839220
4   12   6   7   0.0012608606
5   7   1   6   -0.0015237524
5   7   1   7   -0.0019141727
5   7   2   6   -0.0000004826
5   7   2   7   -0.0000006062
5   7   3   6   -0.0015638607
5   7   3   7   -0.0019645575
5   7   5   5   0.0001358663
5   7   5   8   0.0007409370
5   7   6   6   -0.0000376530
5   7   6   7   -0.0000473006
5   8   1   6   0.0000117577
5   8   1   7   0.0000147703
5   8   2   6   0.0000380370
5   8   2   7   0.0000477830
5   8   3   6   0.0001443418
5   8   3   7   0.0001813254
5   8   5   5   -0.0014729191
5   8   5   8   0.0003101057
5   8   6   6   -0.0000719760
5   8   6   7   -0.0000904179
5   9   1   6   -0.0014782625
5   9   1   7   -0.0018570272
5   9   2   6   -0.0000013814
5   9   2   7   -0.0000017354
5   9   3   6   -0.0061654282
5   9   3   7   -0.0077451520
5   9   5   5   -0.0052102329
5   9   5   8   -0.0225481142
5   9   6   6   -0.0001687520
5   9   6   7   -0.0002119902
5   10   4   6   -0.0014560072
5   10   4   7   -0.0018290696
5   10   5   6   -0.0265944933
5   10   5   7   0.0211702030
5   11   1   5   -0.0003440846
5   11   1   8   -0.0015972185
5   11   2   5   0.0000047016
5   11   2   8   0.0000088927
5   11   3   5   -0.0009469049
5   11   3   8   -0.0039531422
5   11   4   6   -0.0018290696
5   11   4   7   0.0014560072
5   11   5   6   -0.0240822175
5   11   5   7   -0.0302526325
5   11   6   5   0.0025926547
5   11   6   8   0.0023865129
5   12   1   6   -0.0000893208
5   12   1   7   -0.0001122068
5   12   2   6   -0.0000099630
5   12   2   7   -0.0000125157
5   12   3   6   -0.0006506800
5   12   3   7   -0.0008173991
5   12   5   5   0.0381715600
5   12   5   8   0.0327026510
5   12   6   6   -0.0012608606
5   12   6   7   -0.0015839220
6   7   1   5   0.0025390733
6   7   1   8   0.0023182483
6   7   2   5   0.0000016359
6   7   2   8   0.0000014078
6   7   3   5   0.0026813248
6   7   3   8   0.0026592592
6   7   4   6   -0.0000473006
6   7   4   7   0.0000376530
6   7   5   6   -0.0000376530
6   7   5   7   -0.0000473006
6   7   6   5   0.0002397611
6   7   6   8   0.0008031785
6   8   1   5   0.0000286444
6   8   1   8   -0.0000042901
6   8   2   5   -0.0014523247
6   8   2   8   -0.0015166599
6   8   3   5   0.0003604667
6   8   3   8   -0.0000602348
6   8   4   6   -0.0000904179
6   8   4   7   0.0000719760
6   8   5   6   -0.0000719760
6   8   5   7   -0.0000904179
6   8   6   5   -0.0018238522
6   8   6   8   0.0002958185
6   9   1   5   0.0025929109
6   9   1   8   0.0026143966
6   9   2   5   0.0000165669
6   9   2   8   0.0000216027
6   9   3   5   0.0110992880
6   9   3   8   0.0104349505
6   9   4   6   -0.0002119902
6   9   4   7   0.0001687520
6   9   5   6   -0.0001687520
6   9   5   7   -0.0002119902
6   9   6   5   -0.0045835324
6   9   6   8   -0.0209072206
6   10   1   6   -0.0000274288
6   10   1   7   0.0000218344
6   10   2   6   0.0000275511
6   10   2   7   -0.0000219317
6   10   3   6   -0.0010369578
6   10   3   7   0.0008254569
6   10   4   5   0.0025926547
6   10   4   8   0.0023865129
6   10   6   6   -0.0253296339
6   10   6   7   0.0201633281
6   11   1   6   -0.0000218344
6   11   1   7   -0.0000274288
6   11   2   6   0.0000219317
6   11   2   7   0.0000275511
6   11   3   6   -0.0008254569
6   11   3   7   -0.0010369578
6   11   5   5   0.0025926547
6   11   5   8   0.0023865129
6   11   6   6   -0.0201633281
6   11   6   7   -0.0253296339
6   12   1   5   -0.0001893572
6   12   1   8   -0.0012785064
6   12   2   5   -0.0000784977
6   12   2   8   -0.0000155970
6   12   3   5   0.0010848846
6   12   3   8   -0.0008322961
6   12   4   6   -0.0015839220
6   12   4   7   0.0012608606
6   12   5   6   -0.0012608606
6   12   5   7   -0.0015839220
6   12   6   5   0.0412438337
6   12   6   8   0.0347408444

End IJKA Block
Begin IABC Block
1   5   1   5   -0.0000552758
1   5   1   8   -0.0000294457
1   5   2   6   -0.0000177098
1   5   3   7   -0.0000177098
1   5   4   5   -0.0000504851
1   5   4   8   -0.0000259339
1   6   1   6   -0.0000389619
1   6   2   5   -0.0000177098
1   6   2   8   -0.0000270632
1   6   4   6   -0.0000361243
1   7   1   7   -0.0000389619
1   7   3   5   -0.0000177098
1   7   3   8   -0.0000270632
1   7   4   7   -0.0000361243
1   8   1   5   -0.0000294457
1   8   1   8   -0.0000507325
1   8   2   6   -0.0000270632
1   8   3   7   -0.0000270632
1   8   4   5   -0.0000259339
1   8   4   8   -0.0000427517
2   5   1   5   0.0004769358
2   5   1   8   -0.0009616356
2   5   2   6   0.0018879818
2   5   3   7   0.0018879818
2   5   4   5   -0.0013772281
2   5   4   8   -0.0006502212
2   6   1   6   0.0000076358
2   6   2   5   0.0018879818
2   6   2   8   0.0010942535
2   6   4   6   -0.0002632679
2   7   1   7   0.0000076358
2   7   3   5   0.0018879818
2   7   3   8   0.0010942535
2   7   4   7   -0.0002632679
2   8   1   5   -0.0009616356
2   8   1   8   -0.0009023161
2   8   2   6   0.0010942535
2   8   3   7   0.0010942535
2   8   4   5   -0.0006502212
2   8   4   8   -0.0006150919
3   5   1   5   -0.0002859488
3   5   1   8   -0.0001710000
3   5   2   6   0.0000091940
3   5   3   7   0.0000091940
3   5   4   5   -0.0002816485
3   5   4   8   -0.0002307884
3   6   1   6   -0.0002442891
3   6   2   5   0.0000091940
3   6   2   8   -0.0000339041
3   6   4   6   -0.0002393962
3   7   1   7   -0.0002442891
3   7   3   5   0.0000091940
3   7   3   8   -0.0000339041
3   7   4   7   -0.0002393962
3   8   1   5   -0.0001710000
3   8   1   8   -0.0002915236
3   8   2   6   -0.0000339041
3   8   3   7   -0.0000339041
3   8   4   5   -0.0002307884
3   8   4   8   -0.0004206789
4   5   1   6   0.0006380716
4   5   1   7   -0.0005079287
4   5   2   5   0.0009317017
4   5   2   8   -0.0000056671
4   5   3   5   -0.0007416691
4   5   3   8   0.0000045112
4   5   4   6   0.0010561609
4   5   4   7   -0.0008407432
4   6   1   5   0.0006380716
4   6   1   8   0.0004306388
4   6   2   6   0.0009275254
4   6   2   7   -0.0001996847
4   6   3   6   -0.0003389752
4   6   3   7   0.0002508485
4   6   4   5   0.0010561609
4   6   4   8   0.0008630608
4   7   1   5   -0.0005079287
4   7   1   8   -0.0003428045
4   7   2   6   -0.0001996847
4   7   2   7   0.0004258284
4   7   3   6   0.0002508485
4   7   3   7   -0.0007383446
4   7   4   5   -0.0008407432
4   7   4   8   -0.0006870284
4   8   1   6   0.0004306388
4   8   1   7   -0.0003428045
4   8   2   5   -0.0000056671
4   8   2   8   -0.0001415294
4   8   3   5   0.0000045112
4   8   3   8   0.0001126626
4   8   4   6   0.0008630608
4   8   4   7   -0.0006870284
5   5   1   6   0.0005079287
5   5   1   7   0.0006380716
5   5   2   5   0.0007416691
5   5   2   8   -0.0000045112
5   5   3   5   0.0009317017
5   5   3   8   -0.0000056671
5   5   4   6   0.0008407432
5   5   4   7   0.0010561609
5   6   1   5   0.0005079287
5   6   1   8   0.0003428045
5   6   2   6   0.0007383446
5   6   2   7   0.0002508485
5   6   3   6   0.0004258284
5   6   3   7   0.0001996847
5   6   4   5   0.0008407432
5   6   4   8   0.0006870284
5   7   1   5   0.0006380716
5   7   1   8   0.0004306388
5   7   2   6   0.0002508485
5   7   2   7   0.0003389752
5   7   3   6   0.0001996847
5   7   3   7   0.0009275254
5   7   4   5   0.0010561609
5   7   4   8   0.0008630608
5   8   1   6   0.0003428045
5   8   1   7   0.0004306388
5   8   2   5   -0.0000045112
5   8   2   8   -0.0001126626
5   8   3   5   -0.0000056671
5   8   3   8   -0.0001415294
5   8   4   6   0.0006870284
5   8   4   7   0.0008630608
6   5   1   5   -0.0045056619
6   5   1   8   -0.0005650747
6   5   2   6   -0.0019030727
6   5   3   7   -0.0019030727
6   5   4   5   -0.0064626174
6   5   4   8   -0.0022273240
6   6   1   6   -0.0025940912
6   6   2   5   -0.0019030727
6   6   2   8   -0.0010862109
6   6   4   6   -0.0045417349
6   7   1   7   -0.0025940912
6   7   3   5   -0.0019030727
6   7   3   8   -0.0010862109
6   7   4   7   -0.0045417349
6   8   1   5   -0.0005650747
6   8   1   8   -0.0013485592
6   8   2   6   -0.0010862109
6   8   3   7   -0.0010862109
6   8   4   5   -0.0022273240
6   8   4   8   -0.0032571208

End IABC Block
