Begin IJ Block
1   1   -40.9052772808
1   2   0.0000711974
1   3   0.7524492816
1   6   0.0243250872
2   2   -5.9288425192
2   3   0.0002905146
2   6   -0.0157778410
3   3   -9.3059193890
3   6   -0.0693868017
4   4   -8.1821876013
4   5   0.0000000000
5   5   -8.1821876013
6   6   -7.8283796745

End IJ Block
Begin IA Block
1   1   -0.0059356797
2   1   0.1039816588
3   1   0.0345371525
4   2   0.2028759214
4   3   -0.0660757117
5   2   0.0660757117
5   3   0.2028759214
6   1   -0.2079504741

End IA Block
Begin AB Block
1   1   -1.8168809897
2   2   -1.6205512608
3   3   -1.6205512608

End AB Block
Begin IJKL Block
1   7   1   7   5.3484603615
1   7   1   8   -0.0000365402
1   7   1   9   -0.5324996997
1   7   1   12   -0.0169055937
1   7   2   7   -0.0000365402
1   7   2   8   -0.0000010505
1   7   2   9   0.0000041702
1   7   2   12   0.0000003602
1   7   3   7   -0.5324996997
1   7   3   8   0.0000041702
1   7   3   9   0.0816362002
1   7   3   12   0.0027887543
1   7   4   10   0.0317098266
1   7   5   11   0.0317098266
1   7   6   7   -0.0169055937
1   7   6   8   0.0000003602
1   7   6   9   0.0027887543
1   7   6   12   0.0282911501
1   8   1   7   -0.0000365402
1   8   1   8   0.1649894727
1   8   1   9   0.0001506964
1   8   1   12   -0.0006804472
1   8   2   7   0.0000003211
1   8   2   8   -0.0000037069
1   8   2   9   0.0000004115
1   8   2   12   -0.0000002040
1   8   3   7   0.0000049402
1   8   3   8   0.0000053947
1   8   3   9   -0.0000013261
1   8   3   12   0.0000019487
1   8   4   10   0.0000045369
1   8   5   11   0.0000045369
1   8   6   7   -0.0000002713
1   8   6   8   -0.0013503625
1   8   6   9   -0.0000031903
1   8   6   12   0.0000143279
1   9   1   7   -0.5324996997
1   9   1   8   0.0001506964
1   9   1   9   1.2639375429
1   9   1   12   0.0232868400
1   9   2   7   0.0000049402
1   9   2   8   -0.0000011040
1   9   2   9   -0.0000019214
1   9   2   12   -0.0000006327
1   9   3   7   0.0862047117
1   9   3   8   -0.0000017638
1   9   3   9   -0.0238037128
1   9   3   12   -0.0006980219
1   9   4   10   0.0360265376
1   9   5   11   0.0360265376
1   9   6   7   0.0027036608
1   9   6   8   -0.0000023022
1   9   6   9   -0.0008484625
1   9   6   12   0.0325028978
1   10   1   10   1.1672447626
1   10   1   11   0.0000000000
1   10   2   10   -0.0000014428
1   10   3   10   -0.0155732993
1   10   3   11   0.0000000000
1   10   4   7   0.0368998763
1   10   4   8   0.0000045646
1   10   4   9   0.0366777813
1   10   4   12   0.0009104797
1   10   6   10   -0.0006379026
1   11   1   10   0.0000000000
1   11   1   11   1.1672447626
1   11   2   11   -0.0000014428
1   11   3   10   0.0000000000
1   11   3   11   -0.0155732993
1   11   5   7   0.0368998763
1   11   5   8   0.0000045646
1   11   5   9   0.0366777813
1   11   5   12   0.0009104797
1   11   6   11   -0.0006379026
1   12   1   7   -0.0169055937
1   12   1   8   -0.0006804472
1   12   1   9   0.0232868400
1   12   1   12   1.0956424972
1   12   2   7   -0.0000002713
1   12   2   8   -0.0000002785
1   12   2   9   -0.0000015953
1   12   2   12   -0.0000011148
1   12   3   7   0.0027036608
1   12   3   8   0.0000016434
1   12   3   9   -0.0007546841
1   12   3   12   -0.0143902838
1   12   4   10   0.0008279994
1   12   5   11   0.0008279994
1   12   6   7   0.0335960405
1   12   6   8   0.0000135326
1   12   6   9   0.0335525588
1   12   6   12   0.0007084578
2   7   1   7   -0.0000365402
2   7   1   8   0.0000003211
2   7   1   9   0.0000049402
2   7   1   12   -0.0000002713
2   7   2   7   0.1649894727
2   7   2   8   -0.0000037069
2   7   2   9   0.0000053947
2   7   2   12   -0.0013503625
2   7   3   7   0.0001506964
2   7   3   8   0.0000004115
2   7   3   9   -0.0000013261
2   7   3   12   -0.0000031903
2   7   4   10   0.0000045369
2   7   5   11   0.0000045369
2   7   6   7   -0.0006804472
2   7   6   8   -0.0000002040
2   7   6   9   0.0000019487
2   7   6   12   0.0000143279
2   8   1   7   -0.0000010505
2   8   1   8   -0.0000037069
2   8   1   9   -0.0000011040
2   8   1   12   -0.0000002785
2   8   2   7   -0.0000037069
2   8   2   8   1.6352081443
2   8   2   9   -0.0011853554
2   8   2   12   0.0215273782
2   8   3   7   -0.0000011040
2   8   3   8   -0.0011853554
2   8   3   9   -0.0000112056
2   8   3   12   -0.0000124352
2   8   4   10   -0.0000124755
2   8   5   11   -0.0000124755
2   8   6   7   -0.0000002785
2   8   6   8   0.0215273782
2   8   6   9   -0.0000124352
2   8   6   12   0.0001578544
2   9   1   7   0.0000041702
2   9   1   8   0.0000004115
2   9   1   9   -0.0000019214
2   9   1   12   -0.0000015953
2   9   2   7   0.0000053947
2   9   2   8   -0.0011853554
2   9   2   9   0.1653619060
2   9   2   12   -0.0173621102
2   9   3   7   -0.0000017638
2   9   3   8   0.0000044173
2   9   3   9   0.0001146107
2   9   3   12   -0.0000191810
2   9   4   10   0.0000283430
2   9   5   11   0.0000283430
2   9   6   7   0.0000016434
2   9   6   8   -0.0000249333
2   9   6   9   -0.0006498901
2   9   6   12   0.0001352389
2   10   1   10   -0.0000014428
2   10   2   10   0.1644731848
2   10   3   10   0.0001095471
2   10   4   7   0.0000045646
2   10   4   8   0.0000006512
2   10   4   9   0.0000306072
2   10   4   12   -0.0000101336
2   10   6   10   -0.0006256094
2   11   1   11   -0.0000014428
2   11   2   11   0.1644731848
2   11   3   11   0.0001095471
2   11   5   7   0.0000045646
2   11   5   8   0.0000006512
2   11   5   9   0.0000306072
2   11   5   12   -0.0000101336
2   11   6   11   -0.0006256094
2   12   1   7   0.0000003602
2   12   1   8   -0.0000002040
2   12   1   9   -0.0000006327
2   12   1   12   -0.0000011148
2   12   2   7   -0.0013503625
2   12   2   8   0.0215273782
2   12   2   9   -0.0173621102
2   12   2   12   0.1818800713
2   12   3   7   -0.0000023022
2   12   3   8   -0.0000249333
2   12   3   9   -0.0000132913
2   12   3   12   0.0001093811
2   12   4   10   -0.0000066398
2   12   5   11   -0.0000066398
2   12   6   7   0.0000135326
2   12   6   8   0.0005772521
2   12   6   9   0.0001352285
2   12   6   12   -0.0006904535
3   7   1   7   -0.5324996997
3   7   1   8   0.0000049402
3   7   1   9   0.0862047117
3   7   1   12   0.0027036608
3   7   2   7   0.0001506964
3   7   2   8   -0.0000011040
3   7   2   9   -0.0000017638
3   7   2   12   -0.0000023022
3   7   3   7   1.2639375429
3   7   3   8   -0.0000019214
3   7   3   9   -0.0238037128
3   7   3   12   -0.0008484625
3   7   4   10   0.0360265376
3   7   5   11   0.0360265376
3   7   6   7   0.0232868400
3   7   6   8   -0.0000006327
3   7   6   9   -0.0006980219
3   7   6   12   0.0325028978
3   8   1   7   0.0000041702
3   8   1   8   0.0000053947
3   8   1   9   -0.0000017638
3   8   1   12   0.0000016434
3   8   2   7   0.0000004115
3   8   2   8   -0.0011853554
3   8   2   9   0.0000044173
3   8   2   12   -0.0000249333
3   8   3   7   -0.0000019214
3   8   3   8   0.1653619060
3   8   3   9   0.0001146107
3   8   3   12   -0.0006498901
3   8   4   10   0.0000283430
3   8   5   11   0.0000283430
3   8   6   7   -0.0000015953
3   8   6   8   -0.0173621102
3   8   6   9   -0.0000191810
3   8   6   12   0.0001352389
3   9   1   7   0.0816362002
3   9   1   8   -0.0000013261
3   9   1   9   -0.0238037128
3   9   1   12   -0.0007546841
3   9   2   7   -0.0000013261
3   9   2   8   -0.0000112056
3   9   2   9   0.0001146107
3   9   2   12   -0.0000132913
3   9   3   7   -0.0238037128
3   9   3   8   0.0001146107
3   9   3   9   0.8716268379
3   9   3   12   0.0115061886
3   9   4   10   0.1527766842
3   9   5   11   0.1527766842
3   9   6   7   -0.0007546841
3   9   6   8   -0.0000132913
3   9   6   9   0.0115061886
3   9   6   12   0.1410401004
3   10   1   10   -0.0155732993
3   10   1   11   0.0000000000
3   10   2   10   0.0001095471
3   10   3   10   0.8159333996
3   10   4   7   0.0366777813
3   10   4   8   0.0000306072
3   10   4   9   0.1574352341
3   10   4   12   0.0022032125
3   10   6   10   0.0100175659
3   11   1   10   0.0000000000
3   11   1   11   -0.0155732993
3   11   2   11   0.0001095471
3   11   3   11   0.8159333996
3   11   5   7   0.0366777813
3   11   5   8   0.0000306072
3   11   5   9   0.1574352341
3   11   5   12   0.0022032125
3   11   6   11   0.0100175659
3   12   1   7   0.0027887543
3   12   1   8   0.0000019487
3   12   1   9   -0.0006980219
3   12   1   12   -0.0143902838
3   12   2   7   -0.0000031903
3   12   2   8   -0.0000124352
3   12   2   9   -0.0000191810
3   12   2   12   0.0001093811
3   12   3   7   -0.0008484625
3   12   3   8   -0.0006498901
3   12   3   9   0.0115061886
3   12   3   12   0.7730774807
3   12   4   10   0.0020725903
3   12   5   11   0.0020725903
3   12   6   7   0.0335525588
3   12   6   8   0.0001352285
3   12   6   9   0.1465843679
3   12   6   12   0.0104868423
4   7   1   10   0.0368998763
4   7   2   10   0.0000045646
4   7   3   10   0.0366777813
4   7   4   7   1.1672447626
4   7   4   8   -0.0000014428
4   7   4   9   -0.0155732993
4   7   4   12   -0.0006379026
4   7   5   7   0.0000000000
4   7   5   9   0.0000000000
4   7   6   10   0.0009104797
4   8   1   10   0.0000045646
4   8   2   10   0.0000006512
4   8   3   10   0.0000306072
4   8   4   7   -0.0000014428
4   8   4   8   0.1644731848
4   8   4   9   0.0001095471
4   8   4   12   -0.0006256094
4   8   6   10   -0.0000101336
4   9   1   10   0.0366777813
4   9   2   10   0.0000306072
4   9   3   10   0.1574352341
4   9   4   7   -0.0155732993
4   9   4   8   0.0001095471
4   9   4   9   0.8159333996
4   9   4   12   0.0100175659
4   9   5   7   0.0000000000
4   9   6   10   0.0022032125
4   10   1   7   0.0317098266
4   10   1   8   0.0000045369
4   10   1   9   0.0360265376
4   10   1   12   0.0008279994
4   10   2   7   0.0000045369
4   10   2   8   -0.0000124755
4   10   2   9   0.0000283430
4   10   2   12   -0.0000066398
4   10   3   7   0.0360265376
4   10   3   8   0.0000283430
4   10   3   9   0.1527766842
4   10   3   12   0.0020725903
4   10   4   10   0.8118176804
4   10   4   11   -0.0000000000
4   10   5   10   -0.0000000000
4   10   5   11   0.0315571894
4   10   6   7   0.0008279994
4   10   6   8   -0.0000066398
4   10   6   9   0.0020725903
4   10   6   12   0.0291178878
4   11   4   10   -0.0000000000
4   11   4   11   0.7426404703
4   11   5   10   0.0376200207
4   11   5   11   -0.0000000000
4   12   1   10   0.0009104797
4   12   2   10   -0.0000101336
4   12   3   10   0.0022032125
4   12   4   7   -0.0006379026
4   12   4   8   -0.0006256094
4   12   4   9   0.0100175659
4   12   4   12   0.7051108357
4   12   5   12   -0.0000000000
4   12   6   10   0.0349881239
5   7   1   11   0.0368998763
5   7   2   11   0.0000045646
5   7   3   11   0.0366777813
5   7   4   7   0.0000000000
5   7   4   9   0.0000000000
5   7   5   7   1.1672447626
5   7   5   8   -0.0000014428
5   7   5   9   -0.0155732993
5   7   5   12   -0.0006379026
5   7   6   11   0.0009104797
5   8   1   11   0.0000045646
5   8   2   11   0.0000006512
5   8   3   11   0.0000306072
5   8   5   7   -0.0000014428
5   8   5   8   0.1644731848
5   8   5   9   0.0001095471
5   8   5   12   -0.0006256094
5   8   6   11   -0.0000101336
5   9   1   11   0.0366777813
5   9   2   11   0.0000306072
5   9   3   11   0.1574352341
5   9   4   7   0.0000000000
5   9   5   7   -0.0155732993
5   9   5   8   0.0001095471
5   9   5   9   0.8159333996
5   9   5   12   0.0100175659
5   9   6   11   0.0022032125
5   10   4   10   -0.0000000000
5   10   4   11   0.0376200207
5   10   5   10   0.7426404703
5   10   5   11   -0.0000000000
5   11   1   7   0.0317098266
5   11   1   8   0.0000045369
5   11   1   9   0.0360265376
5   11   1   12   0.0008279994
5   11   2   7   0.0000045369
5   11   2   8   -0.0000124755
5   11   2   9   0.0000283430
5   11   2   12   -0.0000066398
5   11   3   7   0.0360265376
5   11   3   8   0.0000283430
5   11   3   9   0.1527766842
5   11   3   12   0.0020725903
5   11   4   10   0.0315571894
5   11   4   11   -0.0000000000
5   11   5   10   -0.0000000000
5   11   5   11   0.8118176804
5   11   6   7   0.0008279994
5   11   6   8   -0.0000066398
5   11   6   9   0.0020725903
5   11   6   12   0.0291178878
5   12   1   11   0.0009104797
5   12   2   11   -0.0000101336
5   12   3   11   0.0022032125
5   12   4   12   -0.0000000000
5   12   5   7   -0.0006379026
5   12   5   8   -0.0006256094
5   12   5   9   0.0100175659
5   12   5   12   0.7051108357
5   12   6   11   0.0349881239
6   7   1   7   -0.0169055937
6   7   1   8   -0.0000002713
6   7   1   9   0.0027036608
6   7   1   12   0.0335960405
6   7   2   7   -0.0006804472
6   7   2   8   -0.0000002785
6   7   2   9   0.0000016434
6   7   2   12   0.0000135326
6   7   3   7   0.0232868400
6   7   3   8   -0.0000015953
6   7   3   9   -0.0007546841
6   7   3   12   0.0335525588
6   7   4   10   0.0008279994
6   7   5   11   0.0008279994
6   7   6   7   1.0956424972
6   7   6   8   -0.0000011148
6   7   6   9   -0.0143902838
6   7   6   12   0.0007084578
6   8   1   7   0.0000003602
6   8   1   8   -0.0013503625
6   8   1   9   -0.0000023022
6   8   1   12   0.0000135326
6   8   2   7   -0.0000002040
6   8   2   8   0.0215273782
6   8   2   9   -0.0000249333
6   8   2   12   0.0005772521
6   8   3   7   -0.0000006327
6   8   3   8   -0.0173621102
6   8   3   9   -0.0000132913
6   8   3   12   0.0001352285
6   8   4   10   -0.0000066398
6   8   5   11   -0.0000066398
6   8   6   7   -0.0000011148
6   8   6   8   0.1818800713
6   8   6   9   0.0001093811
6   8   6   12   -0.0006904535
6   9   1   7   0.0027887543
6   9   1   8   -0.0000031903
6   9   1   9   -0.0008484625
6   9   1   12   0.0335525588
6   9   2   7   0.0000019487
6   9   2   8   -0.0000124352
6   9   2   9   -0.0006498901
6   9   2   12   0.0001352285
6   9   3   7   -0.0006980219
6   9   3   8   -0.0000191810
6   9   3   9   0.0115061886
6   9   3   12   0.1465843679
6   9   4   10   0.0020725903
6   9   5   11   0.0020725903
6   9   6   7   -0.0143902838
6   9   6   8   0.0001093811
6   9   6   9   0.7730774807
6   9   6   12   0.0104868423
6   10   1   10   -0.0006379026
6   10   2   10   -0.0006256094
6   10   3   10   0.0100175659
6   10   4   7   0.0009104797
6   10   4   8   -0.0000101336
6   10   4   9   0.0022032125
6   10   4   12   0.0349881239
6   10   6   10   0.7051108357
6   10   6   11   -0.0000000000
6   11   1   11   -0.0006379026
6   11   2   11   -0.0006256094
6   11   3   11   0.0100175659
6   11   5   7   0.0009104797
6   11   5   8   -0.0000101336
6   11   5   9   0.0022032125
6   11   5   12   0.0349881239
6   11   6   10   -0.0000000000
6   11   6   11   0.7051108357
6   12   1   7   0.0282911501
6   12   1   8   0.0000143279
6   12   1   9   0.0325028978
6   12   1   12   0.0007084578
6   12   2   7   0.0000143279
6   12   2   8   0.0001578544
6   12   2   9   0.0001352389
6   12   2   12   -0.0006904535
6   12   3   7   0.0325028978
6   12   3   8   0.0001352389
6   12   3   9   0.1410401004
6   12   3   12   0.0104868423
6   12   4   10   0.0291178878
6   12   5   11   0.0291178878
6   12   6   7   0.0007084578
6   12   6   8   -0.0006904535
6   12   6   9   0.0104868423
6   12   6   12   0.7306032100

End IJKL Block
Begin IJAB Block
1   7   1   4   0.0002217292
1   7   2   5   0.0001397171
1   7   3   6   0.0001397171
1   8   1   4   0.0000010783
1   8   2   5   -0.0000005915
1   8   3   6   -0.0000005915
1   9   1   4   0.0002210528
1   9   2   5   0.0001392068
1   9   3   6   0.0001392068
1   10   1   5   0.0000037488
1   10   1   6   -0.0000012210
1   10   2   4   0.0000205760
1   10   3   4   -0.0000067015
1   11   1   5   0.0000012210
1   11   1   6   0.0000037488
1   11   2   4   0.0000067015
1   11   3   4   0.0000205760
1   12   1   4   -0.0000372962
1   12   2   5   0.0000046794
1   12   3   6   0.0000046794
2   7   1   4   0.0000010783
2   7   2   5   -0.0000005915
2   7   3   6   -0.0000005915
2   8   1   4   0.0111445925
2   8   2   5   0.0015344327
2   8   3   6   0.0015344327
2   9   1   4   -0.0000135003
2   9   2   5   0.0000156597
2   9   3   6   0.0000156597
2   10   1   5   0.0000032941
2   10   1   6   -0.0000010729
2   10   2   4   0.0000889588
2   10   3   4   -0.0000289735
2   11   1   5   0.0000010729
2   11   1   6   0.0000032941
2   11   2   4   0.0000289735
2   11   3   4   0.0000889588
2   12   1   4   0.0004354183
2   12   2   5   -0.0003733028
2   12   3   6   -0.0003733028
3   7   1   4   0.0002210528
3   7   2   5   0.0001392068
3   7   3   6   0.0001392068
3   8   1   4   -0.0000135003
3   8   2   5   0.0000156597
3   8   3   6   0.0000156597
3   9   1   4   0.0011474888
3   9   2   5   0.0006209630
3   9   3   6   0.0006209630
3   10   1   5   0.0002763493
3   10   1   6   -0.0000900056
3   10   2   4   0.0001364515
3   10   3   4   -0.0000444416
3   11   1   5   0.0000900056
3   11   1   6   0.0002763493
3   11   2   4   0.0000444416
3   11   3   4   0.0001364515
3   12   1   4   -0.0006309753
3   12   2   5   -0.0000157359
3   12   3   6   -0.0000157359
4   7   1   5   0.0000205760
4   7   1   6   -0.0000067015
4   7   2   4   0.0000037488
4   7   3   4   -0.0000012210
4   8   1   5   0.0000889588
4   8   1   6   -0.0000289735
4   8   2   4   0.0000032941
4   8   3   4   -0.0000010729
4   9   1   5   0.0001364515
4   9   1   6   -0.0000444416
4   9   2   4   0.0002763493
4   9   3   4   -0.0000900056
4   10   1   4   0.0006996111
4   10   2   5   0.0018489348
4   10   2   6   -0.0005129631
4   10   3   5   -0.0005129631
4   10   3   6   0.0004410254
4   11   2   5   0.0005129631
4   11   2   6   0.0012612029
4   11   3   5   0.0001467066
4   11   3   6   -0.0005129631
4   12   1   5   -0.0005935597
4   12   1   6   0.0001933195
4   12   2   4   -0.0020294762
4   12   3   4   0.0006609906
5   7   1   5   0.0000067015
5   7   1   6   0.0000205760
5   7   2   4   0.0000012210
5   7   3   4   0.0000037488
5   8   1   5   0.0000289735
5   8   1   6   0.0000889588
5   8   2   4   0.0000010729
5   8   3   4   0.0000032941
5   9   1   5   0.0000444416
5   9   1   6   0.0001364515
5   9   2   4   0.0000900056
5   9   3   4   0.0002763493
5   10   2   5   0.0005129631
5   10   2   6   0.0001467066
5   10   3   5   0.0012612029
5   10   3   6   -0.0005129631
5   11   1   4   0.0006996111
5   11   2   5   0.0004410254
5   11   2   6   0.0005129631
5   11   3   5   0.0005129631
5   11   3   6   0.0018489348
5   12   1   5   -0.0001933195
5   12   1   6   -0.0005935597
5   12   2   4   -0.0006609906
5   12   3   4   -0.0020294762
6   7   1   4   -0.0000372962
6   7   2   5   0.0000046794
6   7   3   6   0.0000046794
6   8   1   4   0.0004354183
6   8   2   5   -0.0003733028
6   8   3   6   -0.0003733028
6   9   1   4   -0.0006309753
6   9   2   5   -0.0000157359
6   9   3   6   -0.0000157359
6   10   1   5   -0.0020294762
6   10   1   6   0.0006609906
6   10   2   4   -0.0005935597
6   10   3   4   0.0001933195
6   11   1   5   -0.0006609906
6   11   1   6   -0.0020294762
6   11   2   4   -0.0001933195
6   11   3   4   -0.0005935597
6   12   1   4   0.0051212172
6   12   2   5   0.0005839080
6   12   3   6   0.0005839080

End IJAB Block
Begin ABCD Block
1   4   1   4   0.2312584232
1   4   2   5   0.0324818100
1   4   3   6   0.0324818100
1   5   1   5   0.1740985411
1   5   2   4   0.0324827412
1   6   1   6   0.1740985411
1   6   3   4   0.0324827412
2   4   1   5   0.0324827412
2   4   2   4   0.1740985411
2   5   1   4   0.0324818100
2   5   2   5   0.1608566714
2   5   3   6   0.0087142162
2   6   2   6   0.1434282274
2   6   3   5   0.0087142278
3   4   1   6   0.0324827412
3   4   3   4   0.1740985411
3   5   2   6   0.0087142278
3   5   3   5   0.1434282274
3   6   1   4   0.0324818100
3   6   2   5   0.0087142162
3   6   3   6   0.1608566714

End ABCD Block
Begin AIJB Block
1   7   1   4   0.0002247335
1   7   2   4   0.0000012879
1   7   3   4   0.0002062747
1   7   4   5   0.0000146123
1   7   4   6   -0.0000047591
1   7   5   5   0.0000047591
1   7   5   6   0.0000146123
1   7   6   4   -0.0000074117
1   8   1   4   0.0000012879
1   8   2   4   0.0084748251
1   8   3   4   -0.0000047310
1   8   4   5   0.0000719807
1   8   4   6   -0.0000234438
1   8   5   5   0.0000234438
1   8   5   6   0.0000719807
1   8   6   4   0.0002747559
1   9   1   4   0.0002062747
1   9   2   4   -0.0000047310
1   9   3   4   0.0009038948
1   9   4   5   0.0000528881
1   9   4   6   -0.0000172254
1   9   5   5   0.0000172254
1   9   5   6   0.0000528881
1   9   6   4   -0.0001745014
1   10   1   5   -0.0000046742
1   10   1   6   0.0000015224
1   10   2   5   0.0000022681
1   10   2   6   -0.0000007387
1   10   3   5   0.0001233634
1   10   3   6   -0.0000401789
1   10   4   4   0.0002695060
1   10   6   5   -0.0018040497
1   10   6   6   0.0005875703
1   11   1   5   -0.0000015224
1   11   1   6   -0.0000046742
1   11   2   5   0.0000007387
1   11   2   6   0.0000022681
1   11   3   5   0.0000401789
1   11   3   6   0.0001233634
1   11   5   4   0.0002695060
1   11   6   5   -0.0005875703
1   11   6   6   -0.0018040497
1   12   1   4   -0.0000074117
1   12   2   4   0.0002747559
1   12   3   4   -0.0001745014
1   12   4   5   -0.0002910183
1   12   4   6   0.0000947832
1   12   5   5   -0.0000947832
1   12   5   6   -0.0002910183
1   12   6   4   0.0031976585
2   7   1   5   0.0001404857
2   7   2   5   -0.0000008427
2   7   3   5   0.0001284519
2   7   4   4   -0.0000046742
2   7   5   4   -0.0000015224
2   7   6   5   0.0000090135
2   8   1   5   -0.0000008427
2   8   2   5   0.0013714148
2   8   3   5   0.0000090092
2   8   4   4   0.0000022681
2   8   5   4   0.0000007387
2   8   6   5   -0.0003085971
2   9   1   5   0.0001284519
2   9   2   5   0.0000090092
2   9   3   5   0.0005088249
2   9   4   4   0.0001233634
2   9   5   4   0.0000401789
2   9   6   5   0.0000204458
2   10   1   4   0.0000146123
2   10   2   4   0.0000719807
2   10   3   4   0.0000528881
2   10   4   5   0.0015716897
2   10   4   6   -0.0004590966
2   10   5   5   0.0004590965
2   10   5   6   0.0000157625
2   10   6   4   -0.0002910183
2   11   1   4   0.0000047591
2   11   2   4   0.0000234438
2   11   3   4   0.0000172254
2   11   4   5   0.0004590965
2   11   4   6   0.0012443016
2   11   5   5   0.0003116256
2   11   5   6   0.0004590966
2   11   6   4   -0.0000947832
2   12   1   5   0.0000090135
2   12   2   5   -0.0003085971
2   12   3   5   0.0000204458
2   12   4   4   -0.0018040497
2   12   5   4   -0.0005875703
2   12   6   5   0.0005888874
3   7   1   6   0.0001404857
3   7   2   6   -0.0000008427
3   7   3   6   0.0001284519
3   7   4   4   0.0000015224
3   7   5   4   -0.0000046742
3   7   6   6   0.0000090135
3   8   1   6   -0.0000008427
3   8   2   6   0.0013714148
3   8   3   6   0.0000090092
3   8   4   4   -0.0000007387
3   8   5   4   0.0000022681
3   8   6   6   -0.0003085971
3   9   1   6   0.0001284519
3   9   2   6   0.0000090092
3   9   3   6   0.0005088249
3   9   4   4   -0.0000401789
3   9   5   4   0.0001233634
3   9   6   6   0.0000204458
3   10   1   4   -0.0000047591
3   10   2   4   -0.0000234438
3   10   3   4   -0.0000172254
3   10   4   5   -0.0004590966
3   10   4   6   0.0003116256
3   10   5   5   0.0012443016
3   10   5   6   -0.0004590965
3   10   6   4   0.0000947832
3   11   1   4   0.0000146123
3   11   2   4   0.0000719807
3   11   3   4   0.0000528881
3   11   4   5   0.0000157625
3   11   4   6   -0.0004590965
3   11   5   5   0.0004590966
3   11   5   6   0.0015716897
3   11   6   4   -0.0002910183
3   12   1   6   0.0000090135
3   12   2   6   -0.0003085971
3   12   3   6   0.0000204458
3   12   4   4   0.0005875703
3   12   5   4   -0.0018040497
3   12   6   6   0.0005888874

1   7   7   1   -0.1232284640
1   7   8   1   0.0000003655
1   7   9   1   0.0001028507
1   7   10   2   -0.0002264958
1   7   10   3   0.0000737686
1   7   11   2   -0.0000737686
1   7   11   3   -0.0002264958
1   7   12   1   0.0006800695
1   8   7   1   0.0000003655
1   8   8   1   -0.2792359330
1   8   9   1   0.0000713091
1   8   10   2   -0.0000876435
1   8   10   3   0.0000285451
1   8   11   2   -0.0000285451
1   8   11   3   -0.0000876435
1   8   12   1   -0.0010340365
1   9   7   1   0.0001028507
1   9   8   1   0.0000713091
1   9   9   1   -0.1209423656
1   9   10   2   -0.0025897495
1   9   10   3   0.0008434690
1   9   11   2   -0.0008434690
1   9   11   3   -0.0025897495
1   9   12   1   0.0080830059
1   10   7   2   -0.0002287934
1   10   7   3   0.0000745169
1   10   8   2   -0.0000884171
1   10   8   3   0.0000287970
1   10   9   2   -0.0025901624
1   10   9   3   0.0008436034
1   10   10   1   -0.1203936574
1   10   12   2   0.0011173042
1   10   12   3   -0.0003639006
1   11   7   2   -0.0000745169
1   11   7   3   -0.0002287934
1   11   8   2   -0.0000287970
1   11   8   3   -0.0000884171
1   11   9   2   -0.0008436034
1   11   9   3   -0.0025901624
1   11   11   1   -0.1203936574
1   11   12   2   0.0003639006
1   11   12   3   0.0011173042
1   12   7   1   0.0006800695
1   12   8   1   -0.0010340365
1   12   9   1   0.0080830059
1   12   10   2   0.0011453959
1   12   10   3   -0.0003730499
1   12   11   2   0.0003730499
1   12   11   3   0.0011453959
1   12   12   1   -0.1263102718
2   7   7   2   -0.1228426340
2   7   8   2   0.0000000423
2   7   9   2   0.0000563186
2   7   10   1   -0.0002287934
2   7   11   1   -0.0000745169
2   7   12   2   0.0005334161
2   8   7   2   0.0000000423
2   8   8   2   -0.2055703752
2   8   9   2   0.0000244483
2   8   10   1   -0.0000884171
2   8   11   1   -0.0000287970
2   8   12   2   -0.0002436857
2   9   7   2   0.0000563186
2   9   8   2   0.0000244483
2   9   9   2   -0.1215907447
2   9   10   1   -0.0025901624
2   9   11   1   -0.0008436034
2   9   12   2   0.0066798322
2   10   7   1   -0.0002264958
2   10   8   1   -0.0000876435
2   10   9   1   -0.0025897495
2   10   10   2   -0.1219169167
2   10   10   3   0.0002678290
2   10   11   2   -0.0002678290
2   10   11   3   -0.0003755598
2   10   12   1   0.0011453959
2   11   7   1   -0.0000737686
2   11   8   1   -0.0000285451
2   11   9   1   -0.0008434690
2   11   10   2   -0.0002678290
2   11   10   3   -0.0003595398
2   11   11   2   -0.1211818171
2   11   11   3   -0.0002678290
2   11   12   1   0.0003730499
2   12   7   2   0.0005334161
2   12   8   2   -0.0002436857
2   12   9   2   0.0066798322
2   12   10   1   0.0011173042
2   12   11   1   0.0003639006
2   12   12   2   -0.1253795756
3   7   7   3   -0.1228426340
3   7   8   3   0.0000000423
3   7   9   3   0.0000563186
3   7   10   1   0.0000745169
3   7   11   1   -0.0002287934
3   7   12   3   0.0005334161
3   8   7   3   0.0000000423
3   8   8   3   -0.2055703752
3   8   9   3   0.0000244483
3   8   10   1   0.0000287970
3   8   11   1   -0.0000884171
3   8   12   3   -0.0002436857
3   9   7   3   0.0000563186
3   9   8   3   0.0000244483
3   9   9   3   -0.1215907447
3   9   10   1   0.0008436034
3   9   11   1   -0.0025901624
3   9   12   3   0.0066798322
3   10   7   1   0.0000737686
3   10   8   1   0.0000285451
3   10   9   1   0.0008434690
3   10   10   2   0.0002678290
3   10   10   3   -0.1211818171
3   10   11   2   -0.0003595398
3   10   11   3   0.0002678290
3   10   12   1   -0.0003730499
3   11   7   1   -0.0002264958
3   11   8   1   -0.0000876435
3   11   9   1   -0.0025897495
3   11   10   2   -0.0003755598
3   11   10   3   0.0002678290
3   11   11   2   -0.0002678290
3   11   11   3   -0.1219169167
3   11   12   1   0.0011453959
3   12   7   3   0.0005334161
3   12   8   3   -0.0002436857
3   12   9   3   0.0066798322
3   12   10   1   -0.0003639006
3   12   11   1   0.0011173042
3   12   12   3   -0.1253795756

End AIJB Block
Begin IJKA Block
1   7   1   4   0.0047278700
1   7   2   4   -0.0000006528
1   7   3   4   -0.0008033066
1   7   4   5   -0.0020733433
1   7   4   6   0.0006752779
1   7   5   5   -0.0006752779
1   7   5   6   -0.0020733433
1   7   6   4   0.0025934571
1   8   1   4   -0.0012230338
1   8   2   4   0.0000001933
1   8   3   4   0.0000034560
1   8   4   5   0.0000152454
1   8   4   6   -0.0000049654
1   8   5   5   0.0000049654
1   8   5   6   0.0000152454
1   8   6   4   0.0000191686
1   9   1   4   -0.0060260768
1   9   2   4   -0.0000004531
1   9   3   4   0.0000993287
1   9   4   5   -0.0019708279
1   9   4   6   0.0006418892
1   9   5   5   -0.0006418892
1   9   5   6   -0.0019708279
1   9   6   4   0.0025490747
1   10   1   5   -0.0312396976
1   10   1   6   0.0101746192
1   10   2   5   0.0000003446
1   10   2   6   -0.0000001122
1   10   3   5   -0.0001892559
1   10   3   6   0.0000616397
1   10   4   4   -0.0002608927
1   10   6   5   -0.0000781229
1   10   6   6   0.0000254443
1   11   1   5   -0.0101746192
1   11   1   6   -0.0312396976
1   11   2   5   0.0000001122
1   11   2   6   0.0000003446
1   11   3   5   -0.0000616397
1   11   3   6   -0.0001892559
1   11   5   4   -0.0002608927
1   11   6   5   -0.0000254443
1   11   6   6   -0.0000781229
1   12   1   4   0.0321833332
1   12   2   4   -0.0000007930
1   12   3   4   0.0007393560
1   12   4   5   -0.0001291062
1   12   4   6   0.0000420493
1   12   5   5   -0.0000420493
1   12   5   6   -0.0001291062
1   12   6   4   -0.0000256298
2   7   1   4   0.0000022858
2   7   2   4   -0.0000963141
2   7   3   4   0.0000018530
2   7   4   5   -0.0000002393
2   7   4   6   0.0000000779
2   7   5   5   -0.0000000779
2   7   5   6   -0.0000002393
2   7   6   4   0.0000009418
2   8   1   4   0.0000000585
2   8   2   4   -0.0942038094
2   8   3   4   0.0000899067
2   8   4   5   0.0000401154
2   8   4   6   -0.0000130654
2   8   5   5   0.0000130654
2   8   5   6   0.0000401154
2   8   6   4   -0.0016618260
2   9   1   4   0.0000022315
2   9   2   4   -0.0001584290
2   9   3   4   0.0000071688
2   9   4   5   -0.0000004616
2   9   4   6   0.0000001503
2   9   5   5   -0.0000001503
2   9   5   6   -0.0000004616
2   9   6   4   0.0000048891
2   10   1   5   -0.0000001615
2   10   1   6   0.0000000526
2   10   2   5   0.0013787215
2   10   2   6   -0.0004490430
2   10   3   5   -0.0000036401
2   10   3   6   0.0000011856
2   10   4   4   0.0000067589
2   10   6   5   0.0000069931
2   10   6   6   -0.0000022776
2   11   1   5   -0.0000000526
2   11   1   6   -0.0000001615
2   11   2   5   0.0004490430
2   11   2   6   0.0013787215
2   11   3   5   -0.0000011856
2   11   3   6   -0.0000036401
2   11   5   4   0.0000067589
2   11   6   5   0.0000022776
2   11   6   6   0.0000069931
2   12   1   4   0.0000002105
2   12   2   4   -0.0117530481
2   12   3   4   0.0000058187
2   12   4   5   -0.0000161557
2   12   4   6   0.0000052618
2   12   5   5   -0.0000052618
2   12   5   6   -0.0000161557
2   12   6   4   -0.0000133412
3   7   1   4   -0.0008935739
3   7   2   4   -0.0000005842
3   7   3   4   0.0001171079
3   7   4   5   -0.0022252123
3   7   4   6   0.0007247409
3   7   5   5   -0.0007247409
3   7   5   6   -0.0022252123
3   7   6   4   0.0028685283
3   8   1   4   0.0000037171
3   8   2   4   0.0000942965
3   8   3   4   -0.0011959084
3   8   4   5   0.0001706039
3   8   4   6   -0.0000555649
3   8   5   5   0.0000555649
3   8   5   6   0.0001706039
3   8   6   4   0.0002300690
3   9   1   4   0.0000082934
3   9   2   4   0.0000033168
3   9   3   4   -0.0040657713
3   9   4   5   -0.0084288909
3   9   4   6   0.0027452492
3   9   5   5   -0.0027452492
3   9   5   6   -0.0084288909
3   9   6   4   0.0115530241
3   10   1   5   -0.0004870719
3   10   1   6   0.0001586370
3   10   2   5   0.0000018974
3   10   2   6   -0.0000006180
3   10   3   5   -0.0248400050
3   10   3   6   0.0080902701
3   10   4   4   -0.0008518272
3   10   6   5   -0.0008274656
3   10   6   6   0.0002695016
3   11   1   5   -0.0001586370
3   11   1   6   -0.0004870719
3   11   2   5   0.0000006180
3   11   2   6   0.0000018974
3   11   3   5   -0.0080902701
3   11   3   6   -0.0248400050
3   11   5   4   -0.0008518272
3   11   6   5   -0.0002695016
3   11   6   6   -0.0008274656
3   12   1   4   0.0012354759
3   12   2   4   -0.0000091443
3   12   3   4   0.0296645966
3   12   4   5   -0.0009143972
3   12   4   6   0.0002978148
3   12   5   5   -0.0002978148
3   12   5   6   -0.0009143972
3   12   6   4   0.0005975620
4   7   1   5   -0.0024855504
4   7   1   6   0.0008095318
4   7   2   5   -0.0000002460
4   7   2   6   0.0000000801
4   7   3   5   -0.0023164000
4   7   3   6   0.0007544403
4   7   4   4   0.0000867686
4   7   6   5   -0.0000496456
4   7   6   6   0.0000161693
4   8   1   5   0.0000134707
4   8   1   6   -0.0000043873
4   8   2   5   0.0000333823
4   8   2   6   -0.0000108725
4   8   3   5   0.0001620411
4   8   3   6   -0.0000527760
4   8   4   4   -0.0011723810
4   8   6   5   -0.0000914276
4   8   6   6   0.0000297775
4   9   1   5   -0.0020927659
4   9   1   6   0.0006816038
4   9   2   5   0.0000006372
4   9   2   6   -0.0000002075
4   9   3   5   -0.0083808076
4   9   3   6   0.0027295887
4   9   4   4   -0.0034795802
4   9   6   5   -0.0001372324
4   9   6   6   0.0000446959
4   10   1   4   -0.0002247041
4   10   2   4   0.0000123893
4   10   3   4   -0.0008541240
4   10   4   5   -0.0269664175
4   10   4   6   0.0087828325
4   10   5   5   -0.0008180549
4   10   5   6   -0.0025117192
4   10   6   4   0.0039273947
4   11   4   5   -0.0071262958
4   11   4   6   -0.0218802613
4   11   5   5   -0.0025744371
4   11   5   6   0.0008384818
4   12   1   5   -0.0001302672
4   12   1   6   0.0000424274
4   12   2   5   -0.0000123737
4   12   2   6   0.0000040301
4   12   3   5   -0.0007241852
4   12   3   6   0.0002358636
4   12   4   4   0.0259248111
4   12   6   5   -0.0026884016
4   12   6   6   0.0008755995
5   7   1   5   -0.0008095318
5   7   1   6   -0.0024855504
5   7   2   5   -0.0000000801
5   7   2   6   -0.0000002460
5   7   3   5   -0.0007544403
5   7   3   6   -0.0023164000
5   7   5   4   0.0000867686
5   7   6   5   -0.0000161693
5   7   6   6   -0.0000496456
5   8   1   5   0.0000043873
5   8   1   6   0.0000134707
5   8   2   5   0.0000108725
5   8   2   6   0.0000333823
5   8   3   5   0.0000527760
5   8   3   6   0.0001620411
5   8   5   4   -0.0011723810
5   8   6   5   -0.0000297775
5   8   6   6   -0.0000914276
5   9   1   5   -0.0006816038
5   9   1   6   -0.0020927659
5   9   2   5   0.0000002075
5   9   2   6   0.0000006372
5   9   3   5   -0.0027295887
5   9   3   6   -0.0083808076
5   9   5   4   -0.0034795802
5   9   6   5   -0.0000446959
5   9   6   6   -0.0001372324
5   10   4   5   -0.0008384818
5   10   4   6   -0.0025744371
5   10   5   5   -0.0218802613
5   10   5   6   0.0071262958
5   11   1   4   -0.0002247041
5   11   2   4   0.0000123893
5   11   3   4   -0.0008541240
5   11   4   5   -0.0025117192
5   11   4   6   0.0008180549
5   11   5   5   -0.0087828325
5   11   5   6   -0.0269664175
5   11   6   4   0.0039273947
5   12   1   5   -0.0000424274
5   12   1   6   -0.0001302672
5   12   2   5   -0.0000040301
5   12   2   6   -0.0000123737
5   12   3   5   -0.0002358636
5   12   3   6   -0.0007241852
5   12   5   4   0.0259248111
5   12   6   5   -0.0008755995
5   12   6   6   -0.0026884016
6   7   1   4   0.0033356354
6   7   2   4   0.0000002376
6   7   3   4   0.0031263942
6   7   4   5   -0.0000387617
6   7   4   6   0.0000126245
6   7   5   5   -0.0000126245
6   7   5   6   -0.0000387617
6   7   6   4   0.0001765437
6   8   1   4   0.0000169156
6   8   2   4   -0.0018790572
6   8   3   4   0.0002146344
6   8   4   5   -0.0000954693
6   8   4   6   0.0000310939
6   8   5   5   -0.0000310939
6   8   5   6   -0.0000954693
6   8   6   4   -0.0014908857
6   9   1   4   0.0028913019
6   9   2   4   -0.0000048697
6   9   3   4   0.0117222690
6   9   4   5   -0.0001813628
6   9   4   6   0.0000590690
6   9   5   5   -0.0000590690
6   9   5   6   -0.0001813628
6   9   6   4   -0.0031317332
6   10   1   5   -0.0000853378
6   10   1   6   0.0000277941
6   10   2   5   -0.0000178586
6   10   2   6   0.0000058165
6   10   3   5   -0.0005014925
6   10   3   6   0.0001633337
6   10   4   4   0.0038092734
6   10   6   5   -0.0215816156
6   10   6   6   0.0070290284
6   11   1   5   -0.0000277941
6   11   1   6   -0.0000853378
6   11   2   5   -0.0000058165
6   11   2   6   -0.0000178586
6   11   3   5   -0.0001633337
6   11   3   6   -0.0005014925
6   11   5   4   0.0038092734
6   11   6   5   -0.0070290284
6   11   6   6   -0.0215816156
6   12   1   4   0.0000404557
6   12   2   4   0.0000912977
6   12   3   4   -0.0001643762
6   12   4   5   -0.0024538407
6   12   4   6   0.0007992041
6   12   5   5   -0.0007992041
6   12   5   6   -0.0024538407
6   12   6   4   0.0348924765

End IJKA Block
Begin IABC Block
1   4   1   4   -0.0000470291
1   4   2   5   -0.0000128130
1   4   3   6   -0.0000128130
1   5   1   5   -0.0000367816
1   5   2   4   -0.0000129329
1   6   1   6   -0.0000367816
1   6   3   4   -0.0000129329
2   4   1   4   0.0002060300
2   4   2   5   0.0022876783
2   4   3   6   0.0022876783
2   5   1   5   -0.0000144305
2   5   2   4   0.0023028308
2   6   1   6   -0.0000144305
2   6   3   4   0.0023028308
3   4   1   4   -0.0002282783
3   4   2   5   0.0000317776
3   4   3   6   0.0000317776
3   5   1   5   -0.0001889125
3   5   2   4   0.0000320303
3   6   1   6   -0.0001889125
3   6   3   4   0.0000320303
4   4   1   5   0.0005230762
4   4   1   6   -0.0001703634
4   4   2   4   0.0006890986
4   4   3   4   -0.0002244361
4   5   1   4   0.0005205904
4   5   2   5   0.0010322536
4   5   2   6   -0.0000871110
4   5   3   5   -0.0001625423
4   5   3   6   0.0002657291
4   6   1   4   -0.0001695538
4   6   2   5   -0.0000865467
4   6   2   6   0.0004990626
4   6   3   5   0.0002674618
4   6   3   6   -0.0003362000
5   4   1   5   0.0001703634
5   4   1   6   0.0005230762
5   4   2   4   0.0002244361
5   4   3   4   0.0006890986
5   5   1   4   0.0001695538
5   5   2   5   0.0003362000
5   5   2   6   0.0002674618
5   5   3   5   0.0004990626
5   5   3   6   0.0000865467
5   6   1   4   0.0005205904
5   6   2   5   0.0002657291
5   6   2   6   0.0001625423
5   6   3   5   0.0000871110
5   6   3   6   0.0010322536
6   4   1   4   -0.0037180465
6   4   2   5   -0.0022101729
6   4   3   6   -0.0022101729
6   5   1   5   -0.0029966874
6   5   2   4   -0.0022309281
6   6   1   6   -0.0029966874
6   6   3   4   -0.0022309281

End IABC Block
