Begin IJ Block
1   1   -41.3836135006
1   2   0.0153212447
1   3   0.7506199716
1   4   0.0573414034
2   2   -7.3392049939
2   3   -0.0826772025
2   4   0.0616299406
3   3   -9.7844964281
3   4   0.0559110243
4   4   -8.7037527692
5   5   -8.5646990570
6   6   -8.5646990570

End IJ Block
Begin IA Block
1   1   -0.0159700181
1   4   -0.0420280751
2   1   0.1120456901
2   4   0.0627092063
3   1   0.0984237055
3   4   0.2327911725
4   1   -0.1450815685
4   4   0.0447355462
5   2   0.3769280272
5   3   0.0466397395
6   2   -0.0466397395
6   3   0.3769280272

End IA Block
Begin AB Block
1   1   -1.9311899176
1   4   -0.3809976757
2   2   -1.5677423365
3   3   -1.5677423365
4   4   -1.7319348182

End AB Block
Begin IJKL Block
1   7   1   7   5.3558438798
1   7   1   8   -0.0104504707
1   7   1   9   -0.5320005429
1   7   1   10   -0.0334626278
1   7   2   7   -0.0104504707
1   7   2   8   0.0000379573
1   7   2   9   0.0016861224
1   7   2   10   -0.0003227628
1   7   3   7   -0.5320005429
1   7   3   8   0.0016861224
1   7   3   9   0.0856052363
1   7   3   10   0.0044187740
1   7   4   7   -0.0334626278
1   7   4   8   -0.0003227628
1   7   4   9   0.0044187740
1   7   4   10   0.0357578129
1   7   5   11   0.0353203209
1   7   6   12   0.0353203209
1   8   1   7   -0.0104504707
1   8   1   8   0.3223826725
1   8   1   9   0.0239480810
1   8   1   10   -0.0191064513
1   8   2   7   0.0000379573
1   8   2   8   0.0000746619
1   8   2   9   -0.0000015674
1   8   2   10   -0.0000099412
1   8   3   7   0.0016861224
1   8   3   8   0.0001568399
1   8   3   9   -0.0004335835
1   8   3   10   0.0001135730
1   8   4   7   -0.0003227628
1   8   4   8   -0.0053907750
1   8   4   9   -0.0006446129
1   8   4   10   0.0010398372
1   8   5   11   0.0008045113
1   8   6   12   0.0008045113
1   9   1   7   -0.5320005429
1   9   1   8   0.0239480810
1   9   1   9   1.2618637417
1   9   1   10   0.0240985420
1   9   2   7   0.0016861224
1   9   2   8   -0.0000015674
1   9   2   9   -0.0004405274
1   9   2   10   -0.0004970179
1   9   3   7   0.0856052363
1   9   3   8   -0.0004335835
1   9   3   9   -0.0229342735
1   9   3   10   -0.0021996833
1   9   4   7   0.0044187740
1   9   4   8   -0.0006446129
1   9   4   9   -0.0039966051
1   9   4   10   0.0369457749
1   9   5   11   0.0366761398
1   9   6   12   0.0366761398
1   10   1   7   -0.0334626278
1   10   1   8   -0.0191064513
1   10   1   9   0.0240985420
1   10   1   10   1.1641243333
1   10   2   7   -0.0003227628
1   10   2   8   -0.0000099412
1   10   2   9   -0.0004970179
1   10   2   10   -0.0003282369
1   10   3   7   0.0044187740
1   10   3   8   0.0001135730
1   10   3   9   -0.0021996833
1   10   3   10   -0.0144364528
1   10   4   7   0.0357578129
1   10   4   8   0.0010398372
1   10   4   9   0.0369457749
1   10   4   10   0.0023843055
1   10   5   11   0.0018392404
1   10   6   12   0.0018392404
1   11   1   11   1.1542729230
1   11   2   11   -0.0002981577
1   11   3   11   -0.0142073606
1   11   4   11   -0.0015048661
1   11   5   7   0.0353203209
1   11   5   8   0.0008045113
1   11   5   9   0.0366761398
1   11   5   10   0.0018392404
1   12   1   12   1.1542729230
1   12   2   12   -0.0002981577
1   12   3   12   -0.0142073606
1   12   4   12   -0.0015048661
1   12   6   7   0.0353203209
1   12   6   8   0.0008045113
1   12   6   9   0.0366761398
1   12   6   10   0.0018392404
2   7   1   7   -0.0104504707
2   7   1   8   0.0000379573
2   7   1   9   0.0016861224
2   7   1   10   -0.0003227628
2   7   2   7   0.3223826725
2   7   2   8   0.0000746619
2   7   2   9   0.0001568399
2   7   2   10   -0.0053907750
2   7   3   7   0.0239480810
2   7   3   8   -0.0000015674
2   7   3   9   -0.0004335835
2   7   3   10   -0.0006446129
2   7   4   7   -0.0191064513
2   7   4   8   -0.0000099412
2   7   4   9   0.0001135730
2   7   4   10   0.0010398372
2   7   5   11   0.0008045113
2   7   6   12   0.0008045113
2   8   1   7   0.0000379573
2   8   1   8   0.0000746619
2   8   1   9   -0.0000015674
2   8   1   10   -0.0000099412
2   8   2   7   0.0000746619
2   8   2   8   1.6435406279
2   8   2   9   -0.0527584085
2   8   2   10   0.0689717402
2   8   3   7   -0.0000015674
2   8   3   8   -0.0527584085
2   8   3   9   0.0031107104
2   8   3   10   -0.0043295240
2   8   4   7   -0.0000099412
2   8   4   8   0.0689717402
2   8   4   9   -0.0043295240
2   8   4   10   0.0065267793
2   8   5   11   0.0004178544
2   8   6   12   0.0004178544
2   9   1   7   0.0016861224
2   9   1   8   -0.0000015674
2   9   1   9   -0.0004405274
2   9   1   10   -0.0004970179
2   9   2   7   0.0001568399
2   9   2   8   -0.0527584085
2   9   2   9   0.3301142457
2   9   2   10   -0.0680799450
2   9   3   7   -0.0004335835
2   9   3   8   0.0031107104
2   9   3   9   0.0162691757
2   9   3   10   -0.0024378362
2   9   4   7   0.0001135730
2   9   4   8   -0.0043295240
2   9   4   9   -0.0151506559
2   9   4   10   0.0055667716
2   9   5   11   0.0043831494
2   9   6   12   0.0043831494
2   10   1   7   -0.0003227628
2   10   1   8   -0.0000099412
2   10   1   9   -0.0004970179
2   10   1   10   -0.0003282369
2   10   2   7   -0.0053907750
2   10   2   8   0.0689717402
2   10   2   9   -0.0680799450
2   10   2   10   0.3484904982
2   10   3   7   -0.0006446129
2   10   3   8   -0.0043295240
2   10   3   9   -0.0024378362
2   10   3   10   0.0146610547
2   10   4   7   0.0010398372
2   10   4   8   0.0065267793
2   10   4   9   0.0055667716
2   10   4   10   -0.0148277358
2   10   5   11   -0.0010739161
2   10   6   12   -0.0010739161
2   11   1   11   -0.0002981577
2   11   2   11   0.3140188253
2   11   3   11   0.0144918392
2   11   4   11   -0.0130420404
2   11   5   7   0.0008045113
2   11   5   8   0.0004178544
2   11   5   9   0.0043831494
2   11   5   10   -0.0010739161
2   12   1   12   -0.0002981577
2   12   2   12   0.3140188253
2   12   3   12   0.0144918392
2   12   4   12   -0.0130420404
2   12   6   7   0.0008045113
2   12   6   8   0.0004178544
2   12   6   9   0.0043831494
2   12   6   10   -0.0010739161
3   7   1   7   -0.5320005429
3   7   1   8   0.0016861224
3   7   1   9   0.0856052363
3   7   1   10   0.0044187740
3   7   2   7   0.0239480810
3   7   2   8   -0.0000015674
3   7   2   9   -0.0004335835
3   7   2   10   -0.0006446129
3   7   3   7   1.2618637417
3   7   3   8   -0.0004405274
3   7   3   9   -0.0229342735
3   7   3   10   -0.0039966051
3   7   4   7   0.0240985420
3   7   4   8   -0.0004970179
3   7   4   9   -0.0021996833
3   7   4   10   0.0369457749
3   7   5   11   0.0366761398
3   7   6   12   0.0366761398
3   8   1   7   0.0016861224
3   8   1   8   0.0001568399
3   8   1   9   -0.0004335835
3   8   1   10   0.0001135730
3   8   2   7   -0.0000015674
3   8   2   8   -0.0527584085
3   8   2   9   0.0031107104
3   8   2   10   -0.0043295240
3   8   3   7   -0.0004405274
3   8   3   8   0.3301142457
3   8   3   9   0.0162691757
3   8   3   10   -0.0151506559
3   8   4   7   -0.0004970179
3   8   4   8   -0.0680799450
3   8   4   9   -0.0024378362
3   8   4   10   0.0055667716
3   8   5   11   0.0043831494
3   8   6   12   0.0043831494
3   9   1   7   0.0856052363
3   9   1   8   -0.0004335835
3   9   1   9   -0.0229342735
3   9   1   10   -0.0021996833
3   9   2   7   -0.0004335835
3   9   2   8   0.0031107104
3   9   2   9   0.0162691757
3   9   2   10   -0.0024378362
3   9   3   7   -0.0229342735
3   9   3   8   0.0162691757
3   9   3   9   0.8818793868
3   9   3   10   -0.0016394619
3   9   4   7   -0.0021996833
3   9   4   8   -0.0024378362
3   9   4   9   -0.0016394619
3   9   4   10   0.1661390248
3   9   5   11   0.1624365907
3   9   6   12   0.1624365907
3   10   1   7   0.0044187740
3   10   1   8   0.0001135730
3   10   1   9   -0.0021996833
3   10   1   10   -0.0144364528
3   10   2   7   -0.0006446129
3   10   2   8   -0.0043295240
3   10   2   9   -0.0024378362
3   10   2   10   0.0146610547
3   10   3   7   -0.0039966051
3   10   3   8   -0.0151506559
3   10   3   9   -0.0016394619
3   10   3   10   0.8262722875
3   10   4   7   0.0369457749
3   10   4   8   0.0055667716
3   10   4   9   0.1661390248
3   10   4   10   0.0169103427
3   10   5   11   0.0039939607
3   10   6   12   0.0039939607
3   11   1   11   -0.0142073606
3   11   2   11   0.0144918392
3   11   3   11   0.8195862478
3   11   4   11   0.0062145181
3   11   5   7   0.0366761398
3   11   5   8   0.0043831494
3   11   5   9   0.1624365907
3   11   5   10   0.0039939607
3   12   1   12   -0.0142073606
3   12   2   12   0.0144918392
3   12   3   12   0.8195862478
3   12   4   12   0.0062145181
3   12   6   7   0.0366761398
3   12   6   8   0.0043831494
3   12   6   9   0.1624365907
3   12   6   10   0.0039939607
4   7   1   7   -0.0334626278
4   7   1   8   -0.0003227628
4   7   1   9   0.0044187740
4   7   1   10   0.0357578129
4   7   2   7   -0.0191064513
4   7   2   8   -0.0000099412
4   7   2   9   0.0001135730
4   7   2   10   0.0010398372
4   7   3   7   0.0240985420
4   7   3   8   -0.0004970179
4   7   3   9   -0.0021996833
4   7   3   10   0.0369457749
4   7   4   7   1.1641243333
4   7   4   8   -0.0003282369
4   7   4   9   -0.0144364528
4   7   4   10   0.0023843055
4   7   5   11   0.0018392404
4   7   6   12   0.0018392404
4   8   1   7   -0.0003227628
4   8   1   8   -0.0053907750
4   8   1   9   -0.0006446129
4   8   1   10   0.0010398372
4   8   2   7   -0.0000099412
4   8   2   8   0.0689717402
4   8   2   9   -0.0043295240
4   8   2   10   0.0065267793
4   8   3   7   -0.0004970179
4   8   3   8   -0.0680799450
4   8   3   9   -0.0024378362
4   8   3   10   0.0055667716
4   8   4   7   -0.0003282369
4   8   4   8   0.3484904982
4   8   4   9   0.0146610547
4   8   4   10   -0.0148277358
4   8   5   11   -0.0010739161
4   8   6   12   -0.0010739161
4   9   1   7   0.0044187740
4   9   1   8   -0.0006446129
4   9   1   9   -0.0039966051
4   9   1   10   0.0369457749
4   9   2   7   0.0001135730
4   9   2   8   -0.0043295240
4   9   2   9   -0.0151506559
4   9   2   10   0.0055667716
4   9   3   7   -0.0021996833
4   9   3   8   -0.0024378362
4   9   3   9   -0.0016394619
4   9   3   10   0.1661390248
4   9   4   7   -0.0144364528
4   9   4   8   0.0146610547
4   9   4   9   0.8262722875
4   9   4   10   0.0169103427
4   9   5   11   0.0039939607
4   9   6   12   0.0039939607
4   10   1   7   0.0357578129
4   10   1   8   0.0010398372
4   10   1   9   0.0369457749
4   10   1   10   0.0023843055
4   10   2   7   0.0010398372
4   10   2   8   0.0065267793
4   10   2   9   0.0055667716
4   10   2   10   -0.0148277358
4   10   3   7   0.0369457749
4   10   3   8   0.0055667716
4   10   3   9   0.1661390248
4   10   3   10   0.0169103427
4   10   4   7   0.0023843055
4   10   4   8   -0.0148277358
4   10   4   9   0.0169103427
4   10   4   10   0.8355041581
4   10   5   11   0.0405675425
4   10   6   12   0.0405675425
4   11   1   11   -0.0015048661
4   11   2   11   -0.0130420404
4   11   3   11   0.0062145181
4   11   4   11   0.7481858808
4   11   5   7   0.0018392404
4   11   5   8   -0.0010739161
4   11   5   9   0.0039939607
4   11   5   10   0.0405675425
4   12   1   12   -0.0015048661
4   12   2   12   -0.0130420404
4   12   3   12   0.0062145181
4   12   4   12   0.7481858808
4   12   6   7   0.0018392404
4   12   6   8   -0.0010739161
4   12   6   9   0.0039939607
4   12   6   10   0.0405675425
5   7   1   11   0.0353203209
5   7   2   11   0.0008045113
5   7   3   11   0.0366761398
5   7   4   11   0.0018392404
5   7   5   7   1.1542729230
5   7   5   8   -0.0002981577
5   7   5   9   -0.0142073606
5   7   5   10   -0.0015048661
5   8   1   11   0.0008045113
5   8   2   11   0.0004178544
5   8   3   11   0.0043831494
5   8   4   11   -0.0010739161
5   8   5   7   -0.0002981577
5   8   5   8   0.3140188253
5   8   5   9   0.0144918392
5   8   5   10   -0.0130420404
5   9   1   11   0.0366761398
5   9   2   11   0.0043831494
5   9   3   11   0.1624365907
5   9   4   11   0.0039939607
5   9   5   7   -0.0142073606
5   9   5   8   0.0144918392
5   9   5   9   0.8195862478
5   9   5   10   0.0062145181
5   10   1   11   0.0018392404
5   10   2   11   -0.0010739161
5   10   3   11   0.0039939607
5   10   4   11   0.0405675425
5   10   5   7   -0.0015048661
5   10   5   8   -0.0130420404
5   10   5   9   0.0062145181
5   10   5   10   0.7481858808
5   11   1   7   0.0353203209
5   11   1   8   0.0008045113
5   11   1   9   0.0366761398
5   11   1   10   0.0018392404
5   11   2   7   0.0008045113
5   11   2   8   0.0004178544
5   11   2   9   0.0043831494
5   11   2   10   -0.0010739161
5   11   3   7   0.0366761398
5   11   3   8   0.0043831494
5   11   3   9   0.1624365907
5   11   3   10   0.0039939607
5   11   4   7   0.0018392404
5   11   4   8   -0.0010739161
5   11   4   9   0.0039939607
5   11   4   10   0.0405675425
5   11   5   11   0.8213245299
5   11   6   12   0.0395385483
5   12   5   12   0.7422474334
5   12   6   11   0.0395385483
6   7   1   12   0.0353203209
6   7   2   12   0.0008045113
6   7   3   12   0.0366761398
6   7   4   12   0.0018392404
6   7   6   7   1.1542729230
6   7   6   8   -0.0002981577
6   7   6   9   -0.0142073606
6   7   6   10   -0.0015048661
6   8   1   12   0.0008045113
6   8   2   12   0.0004178544
6   8   3   12   0.0043831494
6   8   4   12   -0.0010739161
6   8   6   7   -0.0002981577
6   8   6   8   0.3140188253
6   8   6   9   0.0144918392
6   8   6   10   -0.0130420404
6   9   1   12   0.0366761398
6   9   2   12   0.0043831494
6   9   3   12   0.1624365907
6   9   4   12   0.0039939607
6   9   6   7   -0.0142073606
6   9   6   8   0.0144918392
6   9   6   9   0.8195862478
6   9   6   10   0.0062145181
6   10   1   12   0.0018392404
6   10   2   12   -0.0010739161
6   10   3   12   0.0039939607
6   10   4   12   0.0405675425
6   10   6   7   -0.0015048661
6   10   6   8   -0.0130420404
6   10   6   9   0.0062145181
6   10   6   10   0.7481858808
6   11   5   12   0.0395385483
6   11   6   11   0.7422474334
6   12   1   7   0.0353203209
6   12   1   8   0.0008045113
6   12   1   9   0.0366761398
6   12   1   10   0.0018392404
6   12   2   7   0.0008045113
6   12   2   8   0.0004178544
6   12   2   9   0.0043831494
6   12   2   10   -0.0010739161
6   12   3   7   0.0366761398
6   12   3   8   0.0043831494
6   12   3   9   0.1624365907
6   12   3   10   0.0039939607
6   12   4   7   0.0018392404
6   12   4   8   -0.0010739161
6   12   4   9   0.0039939607
6   12   4   10   0.0405675425
6   12   5   11   0.0395385483
6   12   6   12   0.8213245299

End IJKL Block
Begin IJAB Block
1   7   1   5   0.0000842619
1   7   1   8   0.0001165327
1   7   2   6   0.0002217699
1   7   3   7   0.0002217699
1   7   4   5   0.0001165327
1   7   4   8   0.0002998685
1   8   1   5   0.0000059057
1   8   1   8   0.0000020947
1   8   2   6   0.0000009087
1   8   3   7   0.0000009087
1   8   4   5   -0.0000010417
1   8   4   8   -0.0000015625
1   9   1   5   0.0000258997
1   9   1   8   -0.0000294396
1   9   2   6   0.0002120776
1   9   3   7   0.0002120776
1   9   4   5   -0.0000323335
1   9   4   8   -0.0000773436
1   10   1   5   -0.0000135815
1   10   1   8   -0.0000535936
1   10   2   6   0.0000196788
1   10   3   7   0.0000196788
1   10   4   5   0.0000246485
1   10   4   8   -0.0000043711
1   11   1   6   -0.0000272631
1   11   1   7   -0.0000033734
1   11   2   5   0.0000409714
1   11   2   8   0.0001231209
1   11   3   5   0.0000050697
1   11   3   8   0.0000152345
1   11   4   6   -0.0000617497
1   11   4   7   -0.0000076407
1   12   1   6   0.0000033734
1   12   1   7   -0.0000272631
1   12   2   5   -0.0000050697
1   12   2   8   -0.0000152345
1   12   3   5   0.0000409714
1   12   3   8   0.0001231209
1   12   4   6   0.0000076407
1   12   4   7   -0.0000617497
2   7   1   5   0.0000059057
2   7   1   8   -0.0000010417
2   7   2   6   0.0000009087
2   7   3   7   0.0000009087
2   7   4   5   0.0000020947
2   7   4   8   -0.0000015625
2   8   1   5   0.0039209619
2   8   1   8   0.0024741490
2   8   2   6   0.0002410200
2   8   3   7   0.0002410200
2   8   4   5   0.0024741490
2   8   4   8   0.0016599238
2   9   1   5   -0.0000687914
2   9   1   8   -0.0000342351
2   9   2   6   0.0000049950
2   9   3   7   0.0000049950
2   9   4   5   -0.0000596004
2   9   4   8   -0.0000334612
2   10   1   5   0.0001066453
2   10   1   8   0.0002469200
2   10   2   6   -0.0000478321
2   10   3   7   -0.0000478321
2   10   4   5   0.0000804238
2   10   4   8   0.0001391976
2   11   1   6   0.0001885179
2   11   1   7   0.0000233265
2   11   2   5   0.0001153851
2   11   2   8   0.0001283459
2   11   3   5   0.0000142773
2   11   3   8   0.0000158811
2   11   4   6   0.0000795398
2   11   4   7   0.0000098420
2   12   1   6   -0.0000233265
2   12   1   7   0.0001885179
2   12   2   5   -0.0000142773
2   12   2   8   -0.0000158811
2   12   3   5   0.0001153851
2   12   3   8   0.0001283459
2   12   4   6   -0.0000098420
2   12   4   7   0.0000795398
3   7   1   5   0.0000258997
3   7   1   8   -0.0000323335
3   7   2   6   0.0002120776
3   7   3   7   0.0002120776
3   7   4   5   -0.0000294396
3   7   4   8   -0.0000773436
3   8   1   5   -0.0000687914
3   8   1   8   -0.0000596004
3   8   2   6   0.0000049950
3   8   3   7   0.0000049950
3   8   4   5   -0.0000342351
3   8   4   8   -0.0000334612
3   9   1   5   0.0003484178
3   9   1   8   0.0004604945
3   9   2   6   0.0007665922
3   9   3   7   0.0007665922
3   9   4   5   0.0004604945
3   9   4   8   0.0010936602
3   10   1   5   -0.0003788628
3   10   1   8   -0.0001476231
3   10   2   6   0.0000698514
3   10   3   7   0.0000698514
3   10   4   5   -0.0006432650
3   10   4   8   0.0000606905
3   11   1   6   0.0006125142
3   11   1   7   0.0000757903
3   11   2   5   0.0001162340
3   11   2   8   0.0003639771
3   11   3   5   0.0000143824
3   11   3   8   0.0000450372
3   11   4   6   0.0015314784
3   11   4   7   0.0001894997
3   12   1   6   -0.0000757903
3   12   1   7   0.0006125142
3   12   2   5   -0.0000143824
3   12   2   8   -0.0000450372
3   12   3   5   0.0001162340
3   12   3   8   0.0003639771
3   12   4   6   -0.0001894997
3   12   4   7   0.0015314784
4   7   1   5   -0.0000135815
4   7   1   8   0.0000246485
4   7   2   6   0.0000196788
4   7   3   7   0.0000196788
4   7   4   5   -0.0000535936
4   7   4   8   -0.0000043711
4   8   1   5   0.0001066453
4   8   1   8   0.0000804238
4   8   2   6   -0.0000478321
4   8   3   7   -0.0000478321
4   8   4   5   0.0002469200
4   8   4   8   0.0001391976
4   9   1   5   -0.0003788628
4   9   1   8   -0.0006432650
4   9   2   6   0.0000698514
4   9   3   7   0.0000698514
4   9   4   5   -0.0001476231
4   9   4   8   0.0000606905
4   10   1   5   0.0006059130
4   10   1   8   0.0002232237
4   10   2   6   0.0002434291
4   10   3   7   0.0002434291
4   10   4   5   0.0002232237
4   10   4   8   0.0007310938
4   11   1   6   -0.0009476288
4   11   1   7   -0.0001172562
4   11   2   5   -0.0001597173
4   11   2   8   -0.0000709397
4   11   3   5   -0.0000197628
4   11   3   8   -0.0000087778
4   11   4   6   0.0000007204
4   11   4   7   0.0000000891
4   12   1   6   0.0001172562
4   12   1   7   -0.0009476288
4   12   2   5   0.0000197628
4   12   2   8   0.0000087778
4   12   3   5   -0.0001597173
4   12   3   8   -0.0000709397
4   12   4   6   -0.0000000891
4   12   4   7   0.0000007204
5   7   1   6   0.0000409714
5   7   1   7   0.0000050697
5   7   2   5   -0.0000272631
5   7   2   8   -0.0000617497
5   7   3   5   -0.0000033734
5   7   3   8   -0.0000076407
5   7   4   6   0.0001231209
5   7   4   7   0.0000152345
5   8   1   6   0.0001153851
5   8   1   7   0.0000142773
5   8   2   5   0.0001885179
5   8   2   8   0.0000795398
5   8   3   5   0.0000233265
5   8   3   8   0.0000098420
5   8   4   6   0.0001283459
5   8   4   7   0.0000158811
5   9   1   6   0.0001162340
5   9   1   7   0.0000143824
5   9   2   5   0.0006125142
5   9   2   8   0.0015314784
5   9   3   5   0.0000757903
5   9   3   8   0.0001894997
5   9   4   6   0.0003639771
5   9   4   7   0.0000450372
5   10   1   6   -0.0001597173
5   10   1   7   -0.0000197628
5   10   2   5   -0.0009476288
5   10   2   8   0.0000007204
5   10   3   5   -0.0001172562
5   10   3   8   0.0000000891
5   10   4   6   -0.0000709397
5   10   4   7   -0.0000087778
5   11   1   5   0.0003570121
5   11   1   8   0.0004641572
5   11   2   6   0.0027246090
5   11   2   7   0.0003095805
5   11   3   6   0.0003095805
5   11   3   7   0.0002609807
5   11   4   5   0.0004641572
5   11   4   8   0.0007958590
5   12   2   6   -0.0003095805
5   12   2   7   0.0022792603
5   12   3   6   0.0001843679
5   12   3   7   0.0003095805
6   7   1   6   -0.0000050697
6   7   1   7   0.0000409714
6   7   2   5   0.0000033734
6   7   2   8   0.0000076407
6   7   3   5   -0.0000272631
6   7   3   8   -0.0000617497
6   7   4   6   -0.0000152345
6   7   4   7   0.0001231209
6   8   1   6   -0.0000142773
6   8   1   7   0.0001153851
6   8   2   5   -0.0000233265
6   8   2   8   -0.0000098420
6   8   3   5   0.0001885179
6   8   3   8   0.0000795398
6   8   4   6   -0.0000158811
6   8   4   7   0.0001283459
6   9   1   6   -0.0000143824
6   9   1   7   0.0001162340
6   9   2   5   -0.0000757903
6   9   2   8   -0.0001894997
6   9   3   5   0.0006125142
6   9   3   8   0.0015314784
6   9   4   6   -0.0000450372
6   9   4   7   0.0003639771
6   10   1   6   0.0000197628
6   10   1   7   -0.0001597173
6   10   2   5   0.0001172562
6   10   2   8   -0.0000000891
6   10   3   5   -0.0009476288
6   10   3   8   0.0000007204
6   10   4   6   0.0000087778
6   10   4   7   -0.0000709397
6   11   2   6   -0.0003095805
6   11   2   7   0.0001843679
6   11   3   6   0.0022792603
6   11   3   7   0.0003095805
6   12   1   5   0.0003570121
6   12   1   8   0.0004641572
6   12   2   6   0.0002609807
6   12   2   7   -0.0003095805
6   12   3   6   -0.0003095805
6   12   3   7   0.0027246090
6   12   4   5   0.0004641572
6   12   4   8   0.0007958590

End IJAB Block
Begin ABCD Block
1   5   1   5   0.2036122889
1   5   1   8   0.0118537743
1   5   2   6   0.0207011365
1   5   3   7   0.0207011365
1   5   4   5   0.0118537743
1   5   4   8   0.0121321175
1   6   1   6   0.1349782085
1   6   2   5   0.0207011365
1   6   2   8   0.0047511639
1   6   4   6   0.0096197003
1   7   1   7   0.1349782085
1   7   3   5   0.0207011365
1   7   3   8   0.0047511639
1   7   4   7   0.0096197003
1   8   1   5   0.0118537743
1   8   1   8   0.1243752367
1   8   2   6   0.0047511639
1   8   3   7   0.0047511639
1   8   4   5   0.0121321175
1   8   4   8   0.0074294345
2   5   1   6   0.0207011365
2   5   2   5   0.1349782085
2   5   2   8   0.0096197003
2   5   4   6   0.0047511639
2   6   1   5   0.0207011365
2   6   1   8   0.0047511639
2   6   2   6   0.1271778889
2   6   3   7   0.0078404727
2   6   4   5   0.0047511639
2   6   4   8   0.0090089010
2   7   2   7   0.1114969434
2   7   3   6   0.0078404727
2   8   1   6   0.0047511639
2   8   2   5   0.0096197003
2   8   2   8   0.1092408145
2   8   4   6   0.0090089010
3   5   1   7   0.0207011365
3   5   3   5   0.1349782085
3   5   3   8   0.0096197003
3   5   4   7   0.0047511639
3   6   2   7   0.0078404727
3   6   3   6   0.1114969434
3   7   1   5   0.0207011365
3   7   1   8   0.0047511639
3   7   2   6   0.0078404727
3   7   3   7   0.1271778889
3   7   4   5   0.0047511639
3   7   4   8   0.0090089010
3   8   1   7   0.0047511639
3   8   3   5   0.0096197003
3   8   3   8   0.1092408145
3   8   4   7   0.0090089010
4   5   1   5   0.0118537743
4   5   1   8   0.0121321175
4   5   2   6   0.0047511639
4   5   3   7   0.0047511639
4   5   4   5   0.1243752367
4   5   4   8   0.0074294345
4   6   1   6   0.0096197003
4   6   2   5   0.0047511639
4   6   2   8   0.0090089010
4   6   4   6   0.1092408145
4   7   1   7   0.0096197003
4   7   3   5   0.0047511639
4   7   3   8   0.0090089010
4   7   4   7   0.1092408145
4   8   1   5   0.0121321175
4   8   1   8   0.0074294345
4   8   2   6   0.0090089010
4   8   3   7   0.0090089010
4   8   4   5   0.0074294345
4   8   4   8   0.1195644079

End ABCD Block
Begin AIJB Block
1   7   1   5   0.0000842619
1   7   1   8   0.0001165327
1   7   2   5   0.0000059057
1   7   2   8   -0.0000010417
1   7   3   5   0.0000258997
1   7   3   8   -0.0000323335
1   7   4   5   -0.0000135815
1   7   4   8   0.0000246485
1   7   5   6   0.0000409714
1   7   5   7   0.0000050697
1   7   6   6   -0.0000050697
1   7   6   7   0.0000409714
1   8   1   5   0.0000059057
1   8   1   8   0.0000020947
1   8   2   5   0.0039209619
1   8   2   8   0.0024741490
1   8   3   5   -0.0000687914
1   8   3   8   -0.0000596004
1   8   4   5   0.0001066453
1   8   4   8   0.0000804238
1   8   5   6   0.0001153851
1   8   5   7   0.0000142773
1   8   6   6   -0.0000142773
1   8   6   7   0.0001153851
1   9   1   5   0.0000258997
1   9   1   8   -0.0000294396
1   9   2   5   -0.0000687914
1   9   2   8   -0.0000342351
1   9   3   5   0.0003484178
1   9   3   8   0.0004604945
1   9   4   5   -0.0003788628
1   9   4   8   -0.0006432650
1   9   5   6   0.0001162340
1   9   5   7   0.0000143824
1   9   6   6   -0.0000143824
1   9   6   7   0.0001162340
1   10   1   5   -0.0000135815
1   10   1   8   -0.0000535936
1   10   2   5   0.0001066453
1   10   2   8   0.0002469200
1   10   3   5   -0.0003788628
1   10   3   8   -0.0001476231
1   10   4   5   0.0006059130
1   10   4   8   0.0002232237
1   10   5   6   -0.0001597173
1   10   5   7   -0.0000197628
1   10   6   6   0.0000197628
1   10   6   7   -0.0001597173
1   11   1   6   -0.0000272631
1   11   1   7   -0.0000033734
1   11   2   6   0.0001885179
1   11   2   7   0.0000233265
1   11   3   6   0.0006125142
1   11   3   7   0.0000757903
1   11   4   6   -0.0009476288
1   11   4   7   -0.0001172562
1   11   5   5   0.0003570121
1   11   5   8   0.0004641572
1   12   1   6   0.0000033734
1   12   1   7   -0.0000272631
1   12   2   6   -0.0000233265
1   12   2   7   0.0001885179
1   12   3   6   -0.0000757903
1   12   3   7   0.0006125142
1   12   4   6   0.0001172562
1   12   4   7   -0.0009476288
1   12   6   5   0.0003570121
1   12   6   8   0.0004641572
2   7   1   6   0.0002217699
2   7   2   6   0.0000009087
2   7   3   6   0.0002120776
2   7   4   6   0.0000196788
2   7   5   5   -0.0000272631
2   7   5   8   -0.0000617497
2   7   6   5   0.0000033734
2   7   6   8   0.0000076407
2   8   1   6   0.0000009087
2   8   2   6   0.0002410200
2   8   3   6   0.0000049950
2   8   4   6   -0.0000478321
2   8   5   5   0.0001885179
2   8   5   8   0.0000795398
2   8   6   5   -0.0000233265
2   8   6   8   -0.0000098420
2   9   1   6   0.0002120776
2   9   2   6   0.0000049950
2   9   3   6   0.0007665922
2   9   4   6   0.0000698514
2   9   5   5   0.0006125142
2   9   5   8   0.0015314784
2   9   6   5   -0.0000757903
2   9   6   8   -0.0001894997
2   10   1   6   0.0000196788
2   10   2   6   -0.0000478321
2   10   3   6   0.0000698514
2   10   4   6   0.0002434291
2   10   5   5   -0.0009476288
2   10   5   8   0.0000007204
2   10   6   5   0.0001172562
2   10   6   8   -0.0000000891
2   11   1   5   0.0000409714
2   11   1   8   0.0001231209
2   11   2   5   0.0001153851
2   11   2   8   0.0001283459
2   11   3   5   0.0001162340
2   11   3   8   0.0003639771
2   11   4   5   -0.0001597173
2   11   4   8   -0.0000709397
2   11   5   6   0.0027246090
2   11   5   7   0.0003095805
2   11   6   6   -0.0003095805
2   11   6   7   0.0001843679
2   12   1   5   -0.0000050697
2   12   1   8   -0.0000152345
2   12   2   5   -0.0000142773
2   12   2   8   -0.0000158811
2   12   3   5   -0.0000143824
2   12   3   8   -0.0000450372
2   12   4   5   0.0000197628
2   12   4   8   0.0000087778
2   12   5   6   -0.0003095805
2   12   5   7   0.0022792603
2   12   6   6   0.0002609807
2   12   6   7   -0.0003095805
3   7   1   7   0.0002217699
3   7   2   7   0.0000009087
3   7   3   7   0.0002120776
3   7   4   7   0.0000196788
3   7   5   5   -0.0000033734
3   7   5   8   -0.0000076407
3   7   6   5   -0.0000272631
3   7   6   8   -0.0000617497
3   8   1   7   0.0000009087
3   8   2   7   0.0002410200
3   8   3   7   0.0000049950
3   8   4   7   -0.0000478321
3   8   5   5   0.0000233265
3   8   5   8   0.0000098420
3   8   6   5   0.0001885179
3   8   6   8   0.0000795398
3   9   1   7   0.0002120776
3   9   2   7   0.0000049950
3   9   3   7   0.0007665922
3   9   4   7   0.0000698514
3   9   5   5   0.0000757903
3   9   5   8   0.0001894997
3   9   6   5   0.0006125142
3   9   6   8   0.0015314784
3   10   1   7   0.0000196788
3   10   2   7   -0.0000478321
3   10   3   7   0.0000698514
3   10   4   7   0.0002434291
3   10   5   5   -0.0001172562
3   10   5   8   0.0000000891
3   10   6   5   -0.0009476288
3   10   6   8   0.0000007204
3   11   1   5   0.0000050697
3   11   1   8   0.0000152345
3   11   2   5   0.0000142773
3   11   2   8   0.0000158811
3   11   3   5   0.0000143824
3   11   3   8   0.0000450372
3   11   4   5   -0.0000197628
3   11   4   8   -0.0000087778
3   11   5   6   0.0003095805
3   11   5   7   0.0002609807
3   11   6   6   0.0022792603
3   11   6   7   0.0003095805
3   12   1   5   0.0000409714
3   12   1   8   0.0001231209
3   12   2   5   0.0001153851
3   12   2   8   0.0001283459
3   12   3   5   0.0001162340
3   12   3   8   0.0003639771
3   12   4   5   -0.0001597173
3   12   4   8   -0.0000709397
3   12   5   6   0.0001843679
3   12   5   7   0.0003095805
3   12   6   6   -0.0003095805
3   12   6   7   0.0027246090
4   7   1   5   0.0001165327
4   7   1   8   0.0002998685
4   7   2   5   0.0000020947
4   7   2   8   -0.0000015625
4   7   3   5   -0.0000294396
4   7   3   8   -0.0000773436
4   7   4   5   -0.0000535936
4   7   4   8   -0.0000043711
4   7   5   6   0.0001231209
4   7   5   7   0.0000152345
4   7   6   6   -0.0000152345
4   7   6   7   0.0001231209
4   8   1   5   -0.0000010417
4   8   1   8   -0.0000015625
4   8   2   5   0.0024741490
4   8   2   8   0.0016599238
4   8   3   5   -0.0000342351
4   8   3   8   -0.0000334612
4   8   4   5   0.0002469200
4   8   4   8   0.0001391976
4   8   5   6   0.0001283459
4   8   5   7   0.0000158811
4   8   6   6   -0.0000158811
4   8   6   7   0.0001283459
4   9   1   5   -0.0000323335
4   9   1   8   -0.0000773436
4   9   2   5   -0.0000596004
4   9   2   8   -0.0000334612
4   9   3   5   0.0004604945
4   9   3   8   0.0010936602
4   9   4   5   -0.0001476231
4   9   4   8   0.0000606905
4   9   5   6   0.0003639771
4   9   5   7   0.0000450372
4   9   6   6   -0.0000450372
4   9   6   7   0.0003639771
4   10   1   5   0.0000246485
4   10   1   8   -0.0000043711
4   10   2   5   0.0000804238
4   10   2   8   0.0001391976
4   10   3   5   -0.0006432650
4   10   3   8   0.0000606905
4   10   4   5   0.0002232237
4   10   4   8   0.0007310938
4   10   5   6   -0.0000709397
4   10   5   7   -0.0000087778
4   10   6   6   0.0000087778
4   10   6   7   -0.0000709397
4   11   1   6   -0.0000617497
4   11   1   7   -0.0000076407
4   11   2   6   0.0000795398
4   11   2   7   0.0000098420
4   11   3   6   0.0015314784
4   11   3   7   0.0001894997
4   11   4   6   0.0000007204
4   11   4   7   0.0000000891
4   11   5   5   0.0004641572
4   11   5   8   0.0007958590
4   12   1   6   0.0000076407
4   12   1   7   -0.0000617497
4   12   2   6   -0.0000098420
4   12   2   7   0.0000795398
4   12   3   6   -0.0001894997
4   12   3   7   0.0015314784
4   12   4   6   -0.0000000891
4   12   4   7   0.0000007204
4   12   6   5   0.0004641572
4   12   6   8   0.0007958590

1   7   7   1   -0.1470689583
1   7   7   4   -0.0291938136
1   7   8   1   -0.0000141451
1   7   8   4   -0.0000039726
1   7   9   1   -0.0000033842
1   7   9   4   0.0000212151
1   7   10   1   0.0009995455
1   7   10   4   0.0003317468
1   7   11   2   -0.0004120937
1   7   11   3   -0.0000509910
1   7   12   2   0.0000509910
1   7   12   3   -0.0004120937
1   8   7   1   -0.0000141451
1   8   7   4   -0.0000039726
1   8   8   1   -0.2286192717
1   8   8   4   -0.0478418747
1   8   9   1   0.0027295707
1   8   9   4   0.0005905460
1   8   10   1   -0.0031890274
1   8   10   4   -0.0006383334
1   8   11   2   -0.0005696443
1   8   11   3   -0.0000704858
1   8   12   2   0.0000704858
1   8   12   3   -0.0005696443
1   9   7   1   -0.0000033842
1   9   7   4   0.0000212151
1   9   8   1   0.0027295707
1   9   8   4   0.0005905460
1   9   9   1   -0.1476494274
1   9   9   4   -0.0290160604
1   9   10   1   0.0117497759
1   9   10   4   0.0034682538
1   9   11   2   -0.0045256506
1   9   11   3   -0.0005599880
1   9   12   2   0.0005599880
1   9   12   3   -0.0045256506
1   10   7   1   0.0009995455
1   10   7   4   0.0003317468
1   10   8   1   -0.0031890274
1   10   8   4   -0.0006383334
1   10   9   1   0.0117497759
1   10   9   4   0.0034682538
1   10   10   1   -0.1484002052
1   10   10   4   -0.0289284560
1   10   11   2   0.0009832678
1   10   11   3   0.0001216661
1   10   12   2   -0.0001216661
1   10   12   3   0.0009832678
1   11   7   2   -0.0004120937
1   11   7   3   -0.0000509910
1   11   8   2   -0.0005696443
1   11   8   3   -0.0000704858
1   11   9   2   -0.0045256506
1   11   9   3   -0.0005599880
1   11   10   2   0.0009832678
1   11   10   3   0.0001216661
1   11   11   1   -0.1468509534
1   11   11   4   -0.0288099952
1   12   7   2   0.0000509910
1   12   7   3   -0.0004120937
1   12   8   2   0.0000704858
1   12   8   3   -0.0005696443
1   12   9   2   0.0005599880
1   12   9   3   -0.0045256506
1   12   10   2   -0.0001216661
1   12   10   3   0.0009832678
1   12   12   1   -0.1468509534
1   12   12   4   -0.0288099952
2   7   7   2   -0.1330575711
2   7   8   2   -0.0000029369
2   7   9   2   0.0000784004
2   7   10   2   0.0003492235
2   7   11   1   -0.0004120937
2   7   11   4   -0.0005349812
2   7   12   1   0.0000509910
2   7   12   4   0.0000661967
2   8   7   2   -0.0000029369
2   8   8   2   -0.1472084309
2   8   9   2   0.0004362944
2   8   10   2   -0.0004096747
2   8   11   1   -0.0005696443
2   8   11   4   -0.0003987760
2   8   12   1   0.0000704858
2   8   12   4   0.0000493431
2   9   7   2   0.0000784004
2   9   8   2   0.0004362944
2   9   9   2   -0.1313919032
2   9   10   2   0.0041015718
2   9   11   1   -0.0045256506
2   9   11   4   -0.0051642378
2   9   12   1   0.0005599880
2   9   12   4   0.0006390045
2   10   7   2   0.0003492235
2   10   8   2   -0.0004096747
2   10   9   2   0.0041015718
2   10   10   2   -0.1307562983
2   10   11   1   0.0009832678
2   10   11   4   0.0002351232
2   10   12   1   -0.0001216661
2   10   12   4   -0.0000290933
2   11   7   1   -0.0004120937
2   11   7   4   -0.0005349812
2   11   8   1   -0.0005696443
2   11   8   4   -0.0003987760
2   11   9   1   -0.0045256506
2   11   9   4   -0.0051642378
2   11   10   1   0.0009832678
2   11   10   4   0.0002351232
2   11   11   2   -0.1320083607
2   11   11   3   -0.0001923107
2   11   12   2   0.0001923107
2   11   12   3   -0.0007652002
2   12   7   1   0.0000509910
2   12   7   4   0.0000661967
2   12   8   1   0.0000704858
2   12   8   4   0.0000493431
2   12   9   1   0.0005599880
2   12   9   4   0.0006390045
2   12   10   1   -0.0001216661
2   12   10   4   -0.0000290933
2   12   11   2   0.0001923107
2   12   11   3   -0.0007652002
2   12   12   2   -0.1304779602
2   12   12   3   0.0001923107
3   7   7   3   -0.1330575711
3   7   8   3   -0.0000029369
3   7   9   3   0.0000784004
3   7   10   3   0.0003492235
3   7   11   1   -0.0000509910
3   7   11   4   -0.0000661967
3   7   12   1   -0.0004120937
3   7   12   4   -0.0005349812
3   8   7   3   -0.0000029369
3   8   8   3   -0.1472084309
3   8   9   3   0.0004362944
3   8   10   3   -0.0004096747
3   8   11   1   -0.0000704858
3   8   11   4   -0.0000493431
3   8   12   1   -0.0005696443
3   8   12   4   -0.0003987760
3   9   7   3   0.0000784004
3   9   8   3   0.0004362944
3   9   9   3   -0.1313919032
3   9   10   3   0.0041015718
3   9   11   1   -0.0005599880
3   9   11   4   -0.0006390045
3   9   12   1   -0.0045256506
3   9   12   4   -0.0051642378
3   10   7   3   0.0003492235
3   10   8   3   -0.0004096747
3   10   9   3   0.0041015718
3   10   10   3   -0.1307562983
3   10   11   1   0.0001216661
3   10   11   4   0.0000290933
3   10   12   1   0.0009832678
3   10   12   4   0.0002351232
3   11   7   1   -0.0000509910
3   11   7   4   -0.0000661967
3   11   8   1   -0.0000704858
3   11   8   4   -0.0000493431
3   11   9   1   -0.0005599880
3   11   9   4   -0.0006390045
3   11   10   1   0.0001216661
3   11   10   4   0.0000290933
3   11   11   2   -0.0001923107
3   11   11   3   -0.1304779602
3   11   12   2   -0.0007652002
3   11   12   3   -0.0001923107
3   12   7   1   -0.0004120937
3   12   7   4   -0.0005349812
3   12   8   1   -0.0005696443
3   12   8   4   -0.0003987760
3   12   9   1   -0.0045256506
3   12   9   4   -0.0051642378
3   12   10   1   0.0009832678
3   12   10   4   0.0002351232
3   12   11   2   -0.0007652002
3   12   11   3   -0.0001923107
3   12   12   2   0.0001923107
3   12   12   3   -0.1320083607
4   7   7   1   -0.0291938136
4   7   7   4   -0.1511934691
4   7   8   1   -0.0000039726
4   7   8   4   0.0000020260
4   7   9   1   0.0000212151
4   7   9   4   0.0000824393
4   7   10   1   0.0003317468
4   7   10   4   -0.0000235228
4   7   11   2   -0.0005349812
4   7   11   3   -0.0000661967
4   7   12   2   0.0000661967
4   7   12   3   -0.0005349812
4   8   7   1   -0.0000039726
4   8   7   4   0.0000020260
4   8   8   1   -0.0478418747
4   8   8   4   -0.1510043325
4   8   9   1   0.0005905460
4   8   9   4   0.0000666313
4   8   10   1   -0.0006383334
4   8   10   4   -0.0000955068
4   8   11   2   -0.0003987760
4   8   11   3   -0.0000493431
4   8   12   2   0.0000493431
4   8   12   3   -0.0003987760
4   9   7   1   0.0000212151
4   9   7   4   0.0000824393
4   9   8   1   0.0005905460
4   9   8   4   0.0000666313
4   9   9   1   -0.0290160604
4   9   9   4   -0.1498549340
4   9   10   1   0.0034682538
4   9   10   4   -0.0003196558
4   9   11   2   -0.0051642378
4   9   11   3   -0.0006390045
4   9   12   2   0.0006390045
4   9   12   3   -0.0051642378
4   10   7   1   0.0003317468
4   10   7   4   -0.0000235228
4   10   8   1   -0.0006383334
4   10   8   4   -0.0000955068
4   10   9   1   0.0034682538
4   10   9   4   -0.0003196558
4   10   10   1   -0.0289284560
4   10   10   4   -0.1500799306
4   10   11   2   0.0002351232
4   10   11   3   0.0000290933
4   10   12   2   -0.0000290933
4   10   12   3   0.0002351232
4   11   7   2   -0.0005349812
4   11   7   3   -0.0000661967
4   11   8   2   -0.0003987760
4   11   8   3   -0.0000493431
4   11   9   2   -0.0051642378
4   11   9   3   -0.0006390045
4   11   10   2   0.0002351232
4   11   10   3   0.0000290933
4   11   11   1   -0.0288099952
4   11   11   4   -0.1493799224
4   12   7   2   0.0000661967
4   12   7   3   -0.0005349812
4   12   8   2   0.0000493431
4   12   8   3   -0.0003987760
4   12   9   2   0.0006390045
4   12   9   3   -0.0051642378
4   12   10   2   -0.0000290933
4   12   10   3   0.0002351232
4   12   12   1   -0.0288099952
4   12   12   4   -0.1493799224

End AIJB Block
Begin IJKA Block
1   7   1   5   0.0122898430
1   7   1   8   0.0314001482
1   7   2   5   -0.0000529851
1   7   2   8   -0.0000985331
1   7   3   5   -0.0020243380
1   7   3   8   -0.0050629289
1   7   4   5   0.0010323976
1   7   4   8   -0.0003615517
1   7   5   6   -0.0027775377
1   7   5   7   -0.0003436827
1   7   6   6   0.0003436827
1   7   6   7   -0.0027775377
1   8   1   5   -0.0054977626
1   8   1   8   -0.0025204860
1   8   2   5   -0.0000017473
1   8   2   8   -0.0000004291
1   8   3   5   0.0000102226
1   8   3   8   0.0000238240
1   8   4   5   0.0001932574
1   8   4   8   0.0000844985
1   8   5   6   -0.0000106963
1   8   5   7   -0.0000013235
1   8   6   6   0.0000013235
1   8   6   7   -0.0000106963
1   9   1   5   -0.0189253427
1   9   1   8   -0.0463162728
1   9   2   5   -0.0000036668
1   9   2   8   0.0000276566
1   9   3   5   0.0005161957
1   9   3   8   0.0013664523
1   9   4   5   0.0011955420
1   9   4   8   0.0001076078
1   9   5   6   -0.0026683173
1   9   5   7   -0.0003301681
1   9   6   6   0.0003301681
1   9   6   7   -0.0026683173
1   10   1   5   0.0260276962
1   10   1   8   -0.0044958318
1   10   2   5   0.0000000900
1   10   2   8   0.0000217563
1   10   3   5   -0.0004109111
1   10   3   8   0.0001509713
1   10   4   5   -0.0007077595
1   10   4   8   -0.0015554470
1   10   5   6   -0.0002417318
1   10   5   7   -0.0000299110
1   10   6   6   0.0000299110
1   10   6   7   -0.0002417318
1   11   1   6   -0.0659465186
1   11   1   7   -0.0081599887
1   11   2   6   0.0000252359
1   11   2   7   0.0000031226
1   11   3   6   0.0011209764
1   11   3   7   0.0001387057
1   11   4   6   -0.0000263355
1   11   4   7   -0.0000032587
1   11   5   5   -0.0005234513
1   11   5   8   -0.0015684373
1   12   1   6   0.0081599887
1   12   1   7   -0.0659465186
1   12   2   6   -0.0000031226
1   12   2   7   0.0000252359
1   12   3   6   -0.0001387057
1   12   3   7   0.0011209764
1   12   4   6   0.0000032587
1   12   4   7   -0.0000263355
1   12   6   5   -0.0005234513
1   12   6   8   -0.0015684373
2   7   1   5   -0.0000529851
2   7   1   8   -0.0000985331
2   7   2   5   -0.0001738267
2   7   2   8   0.0000032515
2   7   3   5   -0.0000104464
2   7   3   8   0.0000258750
2   7   4   5   0.0000311095
2   7   4   8   -0.0000087142
2   7   5   6   -0.0000627058
2   7   5   7   -0.0000077590
2   7   6   6   0.0000077590
2   7   6   7   -0.0000627058
2   8   1   5   -0.0000017473
2   8   1   8   -0.0000004291
2   8   2   5   -0.0602302165
2   8   2   8   -0.0414776148
2   8   3   5   0.0022106095
2   8   3   8   0.0017335759
2   8   4   5   -0.0028522545
2   8   4   8   -0.0024104925
2   8   5   6   0.0002452878
2   8   5   7   0.0000303510
2   8   6   6   -0.0000303510
2   8   6   7   0.0002452878
2   9   1   5   -0.0000036668
2   9   1   8   0.0000276566
2   9   2   5   0.0002117780
2   9   2   8   0.0005282042
2   9   3   5   -0.0004373431
2   9   3   8   -0.0006663016
2   9   4   5   0.0005093275
2   9   4   8   0.0005593058
2   9   5   6   -0.0002443397
2   9   5   7   -0.0000302337
2   9   6   6   0.0000302337
2   9   6   7   -0.0002443397
2   10   1   5   0.0000000900
2   10   1   8   0.0000217563
2   10   2   5   -0.0017331016
2   10   2   8   -0.0103646088
2   10   3   5   0.0006047161
2   10   3   8   0.0002854040
2   10   4   5   -0.0006490699
2   10   4   8   -0.0002892206
2   10   5   6   -0.0000491502
2   10   5   7   -0.0000060817
2   10   6   6   0.0000060817
2   10   6   7   -0.0000491502
2   11   1   6   0.0000252359
2   11   1   7   0.0000031226
2   11   2   6   -0.0021039814
2   11   2   7   -0.0002603392
2   11   3   6   -0.0010026762
2   11   3   7   -0.0001240676
2   11   4   6   0.0008124786
2   11   4   7   0.0001005332
2   11   5   5   0.0000949954
2   11   5   8   0.0000876725
2   12   1   6   -0.0000031226
2   12   1   7   0.0000252359
2   12   2   6   0.0002603392
2   12   2   7   -0.0021039814
2   12   3   6   0.0001240676
2   12   3   7   -0.0010026762
2   12   4   6   -0.0001005332
2   12   4   7   0.0008124786
2   12   6   5   0.0000949954
2   12   6   8   0.0000876725
3   7   1   5   -0.0020243380
3   7   1   8   -0.0050629289
3   7   2   5   -0.0000104464
3   7   2   8   0.0000258750
3   7   3   5   0.0004214497
3   7   3   8   0.0012939975
3   7   4   5   0.0012356549
3   7   4   8   0.0000248342
3   7   5   6   -0.0028693254
3   7   5   7   -0.0003550402
3   7   6   6   0.0003550402
3   7   6   7   -0.0028693254
3   8   1   5   0.0000102226
3   8   1   8   0.0000238240
3   8   2   5   0.0022106095
3   8   2   8   0.0017335759
3   8   3   5   -0.0054384820
3   8   3   8   -0.0022433671
3   8   4   5   0.0021162212
3   8   4   8   0.0008932713
3   8   5   6   0.0002733157
3   8   5   7   0.0000338191
3   8   6   6   -0.0000338191
3   8   6   7   0.0002733157
3   9   1   5   0.0005161957
3   9   1   8   0.0013664523
3   9   2   5   -0.0004373431
3   9   2   8   -0.0006663016
3   9   3   5   -0.0103610795
3   9   3   8   -0.0242750645
3   9   4   5   0.0045154960
3   9   4   8   -0.0005454895
3   9   5   6   -0.0107956059
3   9   5   7   -0.0013358101
3   9   6   6   0.0013358101
3   9   6   7   -0.0107956059
3   10   1   5   -0.0004109111
3   10   1   8   0.0001509713
3   10   2   5   0.0006047161
3   10   2   8   0.0002854040
3   10   3   5   0.0157871121
3   10   3   8   -0.0026221384
3   10   4   5   -0.0018502168
3   10   4   8   -0.0031905013
3   10   5   6   -0.0012470992
3   10   5   7   -0.0001543116
3   10   6   6   0.0001543116
3   10   6   7   -0.0012470992
3   11   1   6   0.0011209764
3   11   1   7   0.0001387057
3   11   2   6   -0.0010026762
3   11   2   7   -0.0001240676
3   11   3   6   -0.0399138737
3   11   3   7   -0.0049388014
3   11   4   6   -0.0018254255
3   11   4   7   -0.0002258717
3   11   5   5   -0.0004493065
3   11   5   8   -0.0031817373
3   12   1   6   -0.0001387057
3   12   1   7   0.0011209764
3   12   2   6   0.0001240676
3   12   2   7   -0.0010026762
3   12   3   6   0.0049388014
3   12   3   7   -0.0399138737
3   12   4   6   0.0002258717
3   12   4   7   -0.0018254255
3   12   6   5   -0.0004493065
3   12   6   8   -0.0031817373
4   7   1   5   0.0010323976
4   7   1   8   -0.0003615517
4   7   2   5   0.0000311095
4   7   2   8   -0.0000087142
4   7   3   5   0.0012356549
4   7   3   8   0.0000248342
4   7   4   5   0.0003999986
4   7   4   8   0.0007900987
4   7   5   6   -0.0001514565
4   7   5   7   -0.0000187407
4   7   6   6   0.0000187407
4   7   6   7   -0.0001514565
4   8   1   5   0.0001932574
4   8   1   8   0.0000844985
4   8   2   5   -0.0028522545
4   8   2   8   -0.0024104925
4   8   3   5   0.0021162212
4   8   3   8   0.0008932713
4   8   4   5   -0.0061402699
4   8   4   8   -0.0025849167
4   8   5   6   -0.0002249588
4   8   5   7   -0.0000278356
4   8   6   6   0.0000278356
4   8   6   7   -0.0002249588
4   9   1   5   0.0011955420
4   9   1   8   0.0001076078
4   9   2   5   0.0005093275
4   9   2   8   0.0005593058
4   9   3   5   0.0045154960
4   9   3   8   -0.0005454895
4   9   4   5   -0.0090408969
4   9   4   8   -0.0217439533
4   9   5   6   -0.0005846505
4   9   5   7   -0.0000723426
4   9   6   6   0.0000723426
4   9   6   7   -0.0005846505
4   10   1   5   -0.0007077595
4   10   1   8   -0.0015554470
4   10   2   5   -0.0006490699
4   10   2   8   -0.0002892206
4   10   3   5   -0.0018502168
4   10   3   8   -0.0031905013
4   10   4   5   0.0157493387
4   10   4   8   -0.0030411060
4   10   5   6   -0.0023641326
4   10   5   7   -0.0002925294
4   10   6   6   0.0002925294
4   10   6   7   -0.0023641326
4   11   1   6   -0.0000263355
4   11   1   7   -0.0000032587
4   11   2   6   0.0008124786
4   11   2   7   0.0001005332
4   11   3   6   -0.0018254255
4   11   3   7   -0.0002258717
4   11   4   6   -0.0349234770
4   11   4   7   -0.0043213074
4   11   5   5   0.0006803682
4   11   5   8   -0.0005714913
4   12   1   6   0.0000032587
4   12   1   7   -0.0000263355
4   12   2   6   -0.0001005332
4   12   2   7   0.0008124786
4   12   3   6   0.0002258717
4   12   3   7   -0.0018254255
4   12   4   6   0.0043213074
4   12   4   7   -0.0349234770
4   12   6   5   0.0006803682
4   12   6   8   -0.0005714913
5   7   1   6   -0.0027775377
5   7   1   7   -0.0003436827
5   7   2   6   -0.0000627058
5   7   2   7   -0.0000077590
5   7   3   6   -0.0028693254
5   7   3   7   -0.0003550402
5   7   4   6   -0.0001514565
5   7   4   7   -0.0000187407
5   7   5   5   0.0002861796
5   7   5   8   0.0007817333
5   8   1   6   -0.0000106963
5   8   1   7   -0.0000013235
5   8   2   6   0.0002452878
5   8   2   7   0.0000303510
5   8   3   6   0.0002733157
5   8   3   7   0.0000338191
5   8   4   6   -0.0002249588
5   8   4   7   -0.0000278356
5   8   5   5   -0.0046529630
5   8   5   8   -0.0018531905
5   9   1   6   -0.0026683173
5   9   1   7   -0.0003301681
5   9   2   6   -0.0002443397
5   9   2   7   -0.0000302337
5   9   3   6   -0.0107956059
5   9   3   7   -0.0013358101
5   9   4   6   -0.0005846505
5   9   4   7   -0.0000723426
5   9   5   5   -0.0087790653
5   9   5   8   -0.0215838482
5   10   1   6   -0.0002417318
5   10   1   7   -0.0000299110
5   10   2   6   -0.0000491502
5   10   2   7   -0.0000060817
5   10   3   6   -0.0012470992
5   10   3   7   -0.0001543116
5   10   4   6   -0.0023641326
5   10   4   7   -0.0002925294
5   10   5   5   0.0133062980
5   10   5   8   -0.0027974497
5   11   1   5   -0.0005234513
5   11   1   8   -0.0015684373
5   11   2   5   0.0000949954
5   11   2   8   0.0000876725
5   11   3   5   -0.0004493065
5   11   3   8   -0.0031817373
5   11   4   5   0.0006803682
5   11   4   8   -0.0005714913
5   11   5   6   -0.0397669314
5   11   5   7   -0.0049206193
5   11   6   6   0.0003082642
5   11   6   7   -0.0024912961
5   12   5   6   0.0043040910
5   12   5   7   -0.0347843393
5   12   6   6   -0.0024912961
5   12   6   7   -0.0003082642
6   7   1   6   0.0003436827
6   7   1   7   -0.0027775377
6   7   2   6   0.0000077590
6   7   2   7   -0.0000627058
6   7   3   6   0.0003550402
6   7   3   7   -0.0028693254
6   7   4   6   0.0000187407
6   7   4   7   -0.0001514565
6   7   6   5   0.0002861796
6   7   6   8   0.0007817333
6   8   1   6   0.0000013235
6   8   1   7   -0.0000106963
6   8   2   6   -0.0000303510
6   8   2   7   0.0002452878
6   8   3   6   -0.0000338191
6   8   3   7   0.0002733157
6   8   4   6   0.0000278356
6   8   4   7   -0.0002249588
6   8   6   5   -0.0046529630
6   8   6   8   -0.0018531905
6   9   1   6   0.0003301681
6   9   1   7   -0.0026683173
6   9   2   6   0.0000302337
6   9   2   7   -0.0002443397
6   9   3   6   0.0013358101
6   9   3   7   -0.0107956059
6   9   4   6   0.0000723426
6   9   4   7   -0.0005846505
6   9   6   5   -0.0087790653
6   9   6   8   -0.0215838482
6   10   1   6   0.0000299110
6   10   1   7   -0.0002417318
6   10   2   6   0.0000060817
6   10   2   7   -0.0000491502
6   10   3   6   0.0001543116
6   10   3   7   -0.0012470992
6   10   4   6   0.0002925294
6   10   4   7   -0.0023641326
6   10   6   5   0.0133062980
6   10   6   8   -0.0027974497
6   11   5   6   0.0003082642
6   11   5   7   -0.0024912961
6   11   6   6   -0.0347843393
6   11   6   7   -0.0043040910
6   12   1   5   -0.0005234513
6   12   1   8   -0.0015684373
6   12   2   5   0.0000949954
6   12   2   8   0.0000876725
6   12   3   5   -0.0004493065
6   12   3   8   -0.0031817373
6   12   4   5   0.0006803682
6   12   4   8   -0.0005714913
6   12   5   6   -0.0024912961
6   12   5   7   -0.0003082642
6   12   6   6   0.0049206193
6   12   6   7   -0.0397669314

End IJKA Block
Begin IABC Block
1   5   1   5   -0.0000331162
1   5   1   8   -0.0000100548
1   5   2   6   -0.0000312611
1   5   3   7   -0.0000312611
1   5   4   5   0.0000006739
1   5   4   8   0.0000014590
1   6   1   6   -0.0000090072
1   6   2   5   -0.0000312611
1   6   2   8   -0.0000419694
1   6   4   6   0.0000037625
1   7   1   7   -0.0000090072
1   7   3   5   -0.0000312611
1   7   3   8   -0.0000419694
1   7   4   7   0.0000037625
1   8   1   5   -0.0000100548
1   8   1   8   0.0000021789
1   8   2   6   -0.0000419694
1   8   3   7   -0.0000419694
1   8   4   5   0.0000014590
1   8   4   8   0.0000029090
2   5   1   5   0.0009794979
2   5   1   8   -0.0001077784
2   5   2   6   0.0005236224
2   5   3   7   0.0005236224
2   5   4   5   0.0001009031
2   5   4   8   -0.0001055547
2   6   1   6   0.0000965669
2   6   2   5   0.0005236224
2   6   2   8   0.0002825097
2   6   4   6   0.0000341417
2   7   1   7   0.0000965669
2   7   3   5   0.0005236224
2   7   3   8   0.0002825097
2   7   4   7   0.0000341417
2   8   1   5   -0.0001077784
2   8   1   8   -0.0002242877
2   8   2   6   0.0002825097
2   8   3   7   0.0002825097
2   8   4   5   -0.0001055547
2   8   4   8   -0.0001135594
3   5   1   5   -0.0002020967
3   5   1   8   -0.0000398155
3   5   2   6   -0.0000497949
3   5   3   7   -0.0000497949
3   5   4   5   -0.0000665699
3   5   4   8   -0.0000649476
3   6   1   6   -0.0000418316
3   6   2   5   -0.0000497949
3   6   2   8   -0.0001037396
3   6   4   6   -0.0001159958
3   7   1   7   -0.0000418316
3   7   3   5   -0.0000497949
3   7   3   8   -0.0001037396
3   7   4   7   -0.0001159958
3   8   1   5   -0.0000398155
3   8   1   8   -0.0000490213
3   8   2   6   -0.0001037396
3   8   3   7   -0.0001037396
3   8   4   5   -0.0000649476
3   8   4   8   -0.0001481383
4   5   1   5   -0.0006038953
4   5   1   8   -0.0001891873
4   5   2   6   -0.0004979897
4   5   3   7   -0.0004979897
4   5   4   5   -0.0028193272
4   5   4   8   -0.0006786664
4   6   1   6   -0.0003892806
4   6   2   5   -0.0004979897
4   6   2   8   -0.0001798747
4   6   4   6   -0.0011992141
4   7   1   7   -0.0003892806
4   7   3   5   -0.0004979897
4   7   3   8   -0.0001798747
4   7   4   7   -0.0011992141
4   8   1   5   -0.0001891873
4   8   1   8   0.0001727882
4   8   2   6   -0.0001798747
4   8   3   7   -0.0001798747
4   8   4   5   -0.0006786664
4   8   4   8   -0.0000218671
5   5   1   6   0.0014597034
5   5   1   7   0.0001806185
5   5   2   5   0.0007935689
5   5   2   8   -0.0000340874
5   5   3   5   0.0000981934
5   5   3   8   -0.0000042179
5   5   4   6   0.0015951190
5   5   4   7   0.0001973744
5   6   1   5   0.0014597034
5   6   1   8   0.0009673142
5   6   2   6   0.0004956273
5   6   2   7   0.0000371200
5   6   3   6   -0.0000129128
5   6   3   7   0.0002999922
5   6   4   5   0.0015951190
5   6   4   8   0.0013928382
5   7   1   5   0.0001806185
5   7   1   8   0.0001196920
5   7   2   6   0.0000371200
5   7   2   7   -0.0001043571
5   7   3   6   0.0002999922
5   7   3   7   0.0000613272
5   7   4   5   0.0001973744
5   7   4   8   0.0001723449
5   8   1   6   0.0009673142
5   8   1   7   0.0001196920
5   8   2   5   -0.0000340874
5   8   2   8   -0.0007566828
5   8   3   5   -0.0000042179
5   8   3   8   -0.0000936292
5   8   4   6   0.0013928382
5   8   4   7   0.0001723449
6   5   1   6   -0.0001806185
6   5   1   7   0.0014597034
6   5   2   5   -0.0000981934
6   5   2   8   0.0000042179
6   5   3   5   0.0007935689
6   5   3   8   -0.0000340874
6   5   4   6   -0.0001973744
6   5   4   7   0.0015951190
6   6   1   5   -0.0001806185
6   6   1   8   -0.0001196920
6   6   2   6   -0.0000613272
6   6   2   7   0.0002999922
6   6   3   6   -0.0001043571
6   6   3   7   -0.0000371200
6   6   4   5   -0.0001973744
6   6   4   8   -0.0001723449
6   7   1   5   0.0014597034
6   7   1   8   0.0009673142
6   7   2   6   0.0002999922
6   7   2   7   0.0000129128
6   7   3   6   -0.0000371200
6   7   3   7   0.0004956273
6   7   4   5   0.0015951190
6   7   4   8   0.0013928382
6   8   1   6   -0.0001196920
6   8   1   7   0.0009673142
6   8   2   5   0.0000042179
6   8   2   8   0.0000936292
6   8   3   5   -0.0000340874
6   8   3   8   -0.0007566828
6   8   4   6   -0.0001723449
6   8   4   7   0.0013928382

End IABC Block
