Begin IJ Block
1   1   -41.5445574859
1   2   0.0382782356
1   3   0.7513581016
1   4   0.0646519381
2   2   -7.8336792208
2   3   -0.1930139107
2   4   0.1491873663
3   3   -9.9469774255
3   4   0.1407402936
4   4   -8.9821495395
5   5   -8.6882904263
6   6   -8.6882904263

End IJ Block
Begin IA Block
1   1   -0.0175814240
2   1   0.1235402437
3   1   0.0976283372
4   1   -0.0521260378
5   2   0.3379932942
5   3   0.1478087600
6   2   -0.1478087600
6   3   0.3379932942

End IA Block
Begin AB Block
1   1   -1.9478898023
2   2   -1.5525456447
3   3   -1.5525456447

End AB Block
Begin IJKL Block
1   7   1   7   5.3555542580
1   7   1   8   -0.0263911541
1   7   1   9   -0.5317264477
1   7   1   10   -0.0339535074
1   7   2   7   -0.0263911541
1   7   2   8   0.0002390073
1   7   2   9   0.0042567912
1   7   2   10   -0.0008027534
1   7   3   7   -0.5317264477
1   7   3   8   0.0042567912
1   7   3   9   0.0855286036
1   7   3   10   0.0039874187
1   7   4   7   -0.0339535074
1   7   4   8   -0.0008027534
1   7   4   9   0.0039874187
1   7   4   10   0.0372850262
1   7   5   11   0.0349021850
1   7   6   12   0.0349021850
1   8   1   7   -0.0263911541
1   8   1   8   0.3792472191
1   8   1   9   0.0548173796
1   8   1   10   -0.0378160324
1   8   2   7   0.0002390073
1   8   2   8   0.0002543529
1   8   2   9   -0.0000163496
1   8   2   10   -0.0000577269
1   8   3   7   0.0042567912
1   8   3   8   0.0002670647
1   8   3   9   -0.0010822391
1   8   3   10   0.0002562260
1   8   4   7   -0.0008027534
1   8   4   8   -0.0076088706
1   8   4   9   -0.0014543951
1   8   4   10   0.0024501990
1   8   5   11   0.0019772873
1   8   6   12   0.0019772873
1   9   1   7   -0.5317264477
1   9   1   8   0.0548173796
1   9   1   9   1.2611613104
1   9   1   10   0.0158479521
1   9   2   7   0.0042567912
1   9   2   8   -0.0000163496
1   9   2   9   -0.0010708841
1   9   2   10   -0.0012330252
1   9   3   7   0.0855286036
1   9   3   8   -0.0010822391
1   9   3   9   -0.0228232872
1   9   3   10   -0.0025523935
1   9   4   7   0.0039874187
1   9   4   8   -0.0014543951
1   9   4   9   -0.0051080479
1   9   4   10   0.0383137128
1   9   5   11   0.0363588411
1   9   6   12   0.0363588411
1   10   1   7   -0.0339535074
1   10   1   8   -0.0378160324
1   10   1   9   0.0158479521
1   10   1   10   1.1916173500
1   10   2   7   -0.0008027534
1   10   2   8   -0.0000577269
1   10   2   9   -0.0012330252
1   10   2   10   -0.0008622333
1   10   3   7   0.0039874187
1   10   3   8   0.0002562260
1   10   3   9   -0.0025523935
1   10   3   10   -0.0151066945
1   10   4   7   0.0372850262
1   10   4   8   0.0024501990
1   10   4   9   0.0383137128
1   10   4   10   0.0028644797
1   10   5   11   0.0018190090
1   10   6   12   0.0018190090
1   11   1   11   1.1493256022
1   11   2   11   -0.0007381663
1   11   3   11   -0.0140285155
1   11   4   11   -0.0017752939
1   11   5   7   0.0349021850
1   11   5   8   0.0019772873
1   11   5   9   0.0363588411
1   11   5   10   0.0018190090
1   12   1   12   1.1493256022
1   12   2   12   -0.0007381663
1   12   3   12   -0.0140285155
1   12   4   12   -0.0017752939
1   12   6   7   0.0349021850
1   12   6   8   0.0019772873
1   12   6   9   0.0363588411
1   12   6   10   0.0018190090
2   7   1   7   -0.0263911541
2   7   1   8   0.0002390073
2   7   1   9   0.0042567912
2   7   1   10   -0.0008027534
2   7   2   7   0.3792472191
2   7   2   8   0.0002543529
2   7   2   9   0.0002670647
2   7   2   10   -0.0076088706
2   7   3   7   0.0548173796
2   7   3   8   -0.0000163496
2   7   3   9   -0.0010822391
2   7   3   10   -0.0014543951
2   7   4   7   -0.0378160324
2   7   4   8   -0.0000577269
2   7   4   9   0.0002562260
2   7   4   10   0.0024501990
2   7   5   11   0.0019772873
2   7   6   12   0.0019772873
2   8   1   7   0.0002390073
2   8   1   8   0.0002543529
2   8   1   9   -0.0000163496
2   8   1   10   -0.0000577269
2   8   2   7   0.0002543529
2   8   2   8   1.6276338926
2   8   2   9   -0.1016484134
2   8   2   10   0.0926853581
2   8   3   7   -0.0000163496
2   8   3   8   -0.1016484134
2   8   3   9   0.0124704966
2   8   3   10   -0.0125018250
2   8   4   7   -0.0000577269
2   8   4   8   0.0926853581
2   8   4   9   -0.0125018250
2   8   4   10   0.0137578069
2   8   5   11   0.0014476663
2   8   6   12   0.0014476663
2   9   1   7   0.0042567912
2   9   1   8   -0.0000163496
2   9   1   9   -0.0010708841
2   9   1   10   -0.0012330252
2   9   2   7   0.0002670647
2   9   2   8   -0.1016484134
2   9   2   9   0.3950542473
2   9   2   10   -0.0936994908
2   9   3   7   -0.0010822391
2   9   3   8   0.0124704966
2   9   3   9   0.0344322858
2   9   3   10   -0.0036430164
2   9   4   7   0.0002562260
2   9   4   8   -0.0125018250
2   9   4   9   -0.0273754212
2   9   4   10   0.0107329600
2   9   5   11   0.0104287934
2   9   6   12   0.0104287934
2   10   1   7   -0.0008027534
2   10   1   8   -0.0000577269
2   10   1   9   -0.0012330252
2   10   1   10   -0.0008622333
2   10   2   7   -0.0076088706
2   10   2   8   0.0926853581
2   10   2   9   -0.0936994908
2   10   2   10   0.4059632013
2   10   3   7   -0.0014543951
2   10   3   8   -0.0125018250
2   10   3   9   -0.0036430164
2   10   3   10   0.0310584063
2   10   4   7   0.0024501990
2   10   4   8   0.0137578069
2   10   4   9   0.0107329600
2   10   4   10   -0.0263211594
2   10   5   11   -0.0022916964
2   10   6   12   -0.0022916964
2   11   1   11   -0.0007381663
2   11   2   11   0.3643665052
2   11   3   11   0.0310814512
2   11   4   11   -0.0235494551
2   11   5   7   0.0019772873
2   11   5   8   0.0014476663
2   11   5   9   0.0104287934
2   11   5   10   -0.0022916964
2   12   1   12   -0.0007381663
2   12   2   12   0.3643665052
2   12   3   12   0.0310814512
2   12   4   12   -0.0235494551
2   12   6   7   0.0019772873
2   12   6   8   0.0014476663
2   12   6   9   0.0104287934
2   12   6   10   -0.0022916964
3   7   1   7   -0.5317264477
3   7   1   8   0.0042567912
3   7   1   9   0.0855286036
3   7   1   10   0.0039874187
3   7   2   7   0.0548173796
3   7   2   8   -0.0000163496
3   7   2   9   -0.0010822391
3   7   2   10   -0.0014543951
3   7   3   7   1.2611613104
3   7   3   8   -0.0010708841
3   7   3   9   -0.0228232872
3   7   3   10   -0.0051080479
3   7   4   7   0.0158479521
3   7   4   8   -0.0012330252
3   7   4   9   -0.0025523935
3   7   4   10   0.0383137128
3   7   5   11   0.0363588411
3   7   6   12   0.0363588411
3   8   1   7   0.0042567912
3   8   1   8   0.0002670647
3   8   1   9   -0.0010822391
3   8   1   10   0.0002562260
3   8   2   7   -0.0000163496
3   8   2   8   -0.1016484134
3   8   2   9   0.0124704966
3   8   2   10   -0.0125018250
3   8   3   7   -0.0010708841
3   8   3   8   0.3950542473
3   8   3   9   0.0344322858
3   8   3   10   -0.0273754212
3   8   4   7   -0.0012330252
3   8   4   8   -0.0936994908
3   8   4   9   -0.0036430164
3   8   4   10   0.0107329600
3   8   5   11   0.0104287934
3   8   6   12   0.0104287934
3   9   1   7   0.0855286036
3   9   1   8   -0.0010822391
3   9   1   9   -0.0228232872
3   9   1   10   -0.0025523935
3   9   2   7   -0.0010822391
3   9   2   8   0.0124704966
3   9   2   9   0.0344322858
3   9   2   10   -0.0036430164
3   9   3   7   -0.0228232872
3   9   3   8   0.0344322858
3   9   3   9   0.8814170478
3   9   3   10   -0.0098011784
3   9   4   7   -0.0025523935
3   9   4   8   -0.0036430164
3   9   4   9   -0.0098011784
3   9   4   10   0.1690571227
3   9   5   11   0.1615625040
3   9   6   12   0.1615625040
3   10   1   7   0.0039874187
3   10   1   8   0.0002562260
3   10   1   9   -0.0025523935
3   10   1   10   -0.0151066945
3   10   2   7   -0.0014543951
3   10   2   8   -0.0125018250
3   10   2   9   -0.0036430164
3   10   2   10   0.0310584063
3   10   3   7   -0.0051080479
3   10   3   8   -0.0273754212
3   10   3   9   -0.0098011784
3   10   3   10   0.8387884261
3   10   4   7   0.0383137128
3   10   4   8   0.0107329600
3   10   4   9   0.1690571227
3   10   4   10   0.0176141948
3   10   5   11   0.0035498003
3   10   6   12   0.0035498003
3   11   1   11   -0.0140285155
3   11   2   11   0.0310814512
3   11   3   11   0.8173401489
3   11   4   11   0.0014337404
3   11   5   7   0.0363588411
3   11   5   8   0.0104287934
3   11   5   9   0.1615625040
3   11   5   10   0.0035498003
3   12   1   12   -0.0140285155
3   12   2   12   0.0310814512
3   12   3   12   0.8173401489
3   12   4   12   0.0014337404
3   12   6   7   0.0363588411
3   12   6   8   0.0104287934
3   12   6   9   0.1615625040
3   12   6   10   0.0035498003
4   7   1   7   -0.0339535074
4   7   1   8   -0.0008027534
4   7   1   9   0.0039874187
4   7   1   10   0.0372850262
4   7   2   7   -0.0378160324
4   7   2   8   -0.0000577269
4   7   2   9   0.0002562260
4   7   2   10   0.0024501990
4   7   3   7   0.0158479521
4   7   3   8   -0.0012330252
4   7   3   9   -0.0025523935
4   7   3   10   0.0383137128
4   7   4   7   1.1916173500
4   7   4   8   -0.0008622333
4   7   4   9   -0.0151066945
4   7   4   10   0.0028644797
4   7   5   11   0.0018190090
4   7   6   12   0.0018190090
4   8   1   7   -0.0008027534
4   8   1   8   -0.0076088706
4   8   1   9   -0.0014543951
4   8   1   10   0.0024501990
4   8   2   7   -0.0000577269
4   8   2   8   0.0926853581
4   8   2   9   -0.0125018250
4   8   2   10   0.0137578069
4   8   3   7   -0.0012330252
4   8   3   8   -0.0936994908
4   8   3   9   -0.0036430164
4   8   3   10   0.0107329600
4   8   4   7   -0.0008622333
4   8   4   8   0.4059632013
4   8   4   9   0.0310584063
4   8   4   10   -0.0263211594
4   8   5   11   -0.0022916964
4   8   6   12   -0.0022916964
4   9   1   7   0.0039874187
4   9   1   8   -0.0014543951
4   9   1   9   -0.0051080479
4   9   1   10   0.0383137128
4   9   2   7   0.0002562260
4   9   2   8   -0.0125018250
4   9   2   9   -0.0273754212
4   9   2   10   0.0107329600
4   9   3   7   -0.0025523935
4   9   3   8   -0.0036430164
4   9   3   9   -0.0098011784
4   9   3   10   0.1690571227
4   9   4   7   -0.0151066945
4   9   4   8   0.0310584063
4   9   4   9   0.8387884261
4   9   4   10   0.0176141948
4   9   5   11   0.0035498003
4   9   6   12   0.0035498003
4   10   1   7   0.0372850262
4   10   1   8   0.0024501990
4   10   1   9   0.0383137128
4   10   1   10   0.0028644797
4   10   2   7   0.0024501990
4   10   2   8   0.0137578069
4   10   2   9   0.0107329600
4   10   2   10   -0.0263211594
4   10   3   7   0.0383137128
4   10   3   8   0.0107329600
4   10   3   9   0.1690571227
4   10   3   10   0.0176141948
4   10   4   7   0.0028644797
4   10   4   8   -0.0263211594
4   10   4   9   0.0176141948
4   10   4   10   0.8628563727
4   10   5   11   0.0413082080
4   10   6   12   0.0413082080
4   11   1   11   -0.0017752939
4   11   2   11   -0.0235494551
4   11   3   11   0.0014337404
4   11   4   11   0.7580247096
4   11   5   7   0.0018190090
4   11   5   8   -0.0022916964
4   11   5   9   0.0035498003
4   11   5   10   0.0413082080
4   12   1   12   -0.0017752939
4   12   2   12   -0.0235494551
4   12   3   12   0.0014337404
4   12   4   12   0.7580247096
4   12   6   7   0.0018190090
4   12   6   8   -0.0022916964
4   12   6   9   0.0035498003
4   12   6   10   0.0413082080
5   7   1   11   0.0349021850
5   7   2   11   0.0019772873
5   7   3   11   0.0363588411
5   7   4   11   0.0018190090
5   7   5   7   1.1493256022
5   7   5   8   -0.0007381663
5   7   5   9   -0.0140285155
5   7   5   10   -0.0017752939
5   8   1   11   0.0019772873
5   8   2   11   0.0014476663
5   8   3   11   0.0104287934
5   8   4   11   -0.0022916964
5   8   5   7   -0.0007381663
5   8   5   8   0.3643665052
5   8   5   9   0.0310814512
5   8   5   10   -0.0235494551
5   9   1   11   0.0363588411
5   9   2   11   0.0104287934
5   9   3   11   0.1615625040
5   9   4   11   0.0035498003
5   9   5   7   -0.0140285155
5   9   5   8   0.0310814512
5   9   5   9   0.8173401489
5   9   5   10   0.0014337404
5   10   1   11   0.0018190090
5   10   2   11   -0.0022916964
5   10   3   11   0.0035498003
5   10   4   11   0.0413082080
5   10   5   7   -0.0017752939
5   10   5   8   -0.0235494551
5   10   5   9   0.0014337404
5   10   5   10   0.7580247096
5   11   1   7   0.0349021850
5   11   1   8   0.0019772873
5   11   1   9   0.0363588411
5   11   1   10   0.0018190090
5   11   2   7   0.0019772873
5   11   2   8   0.0014476663
5   11   2   9   0.0104287934
5   11   2   10   -0.0022916964
5   11   3   7   0.0363588411
5   11   3   8   0.0104287934
5   11   3   9   0.1615625040
5   11   3   10   0.0035498003
5   11   4   7   0.0018190090
5   11   4   8   -0.0022916964
5   11   4   9   0.0035498003
5   11   4   10   0.0413082080
5   11   5   11   0.8176136300
5   11   6   12   0.0392859497
5   12   5   12   0.7390417306
5   12   6   11   0.0392859497
6   7   1   12   0.0349021850
6   7   2   12   0.0019772873
6   7   3   12   0.0363588411
6   7   4   12   0.0018190090
6   7   6   7   1.1493256022
6   7   6   8   -0.0007381663
6   7   6   9   -0.0140285155
6   7   6   10   -0.0017752939
6   8   1   12   0.0019772873
6   8   2   12   0.0014476663
6   8   3   12   0.0104287934
6   8   4   12   -0.0022916964
6   8   6   7   -0.0007381663
6   8   6   8   0.3643665052
6   8   6   9   0.0310814512
6   8   6   10   -0.0235494551
6   9   1   12   0.0363588411
6   9   2   12   0.0104287934
6   9   3   12   0.1615625040
6   9   4   12   0.0035498003
6   9   6   7   -0.0140285155
6   9   6   8   0.0310814512
6   9   6   9   0.8173401489
6   9   6   10   0.0014337404
6   10   1   12   0.0018190090
6   10   2   12   -0.0022916964
6   10   3   12   0.0035498003
6   10   4   12   0.0413082080
6   10   6   7   -0.0017752939
6   10   6   8   -0.0235494551
6   10   6   9   0.0014337404
6   10   6   10   0.7580247096
6   11   5   12   0.0392859497
6   11   6   11   0.7390417306
6   12   1   7   0.0349021850
6   12   1   8   0.0019772873
6   12   1   9   0.0363588411
6   12   1   10   0.0018190090
6   12   2   7   0.0019772873
6   12   2   8   0.0014476663
6   12   2   9   0.0104287934
6   12   2   10   -0.0022916964
6   12   3   7   0.0363588411
6   12   3   8   0.0104287934
6   12   3   9   0.1615625040
6   12   3   10   0.0035498003
6   12   4   7   0.0018190090
6   12   4   8   -0.0022916964
6   12   4   9   0.0035498003
6   12   4   10   0.0413082080
6   12   5   11   0.0392859497
6   12   6   12   0.8176136300

End IJKL Block
Begin IJAB Block
1   7   1   4   0.0000621599
1   7   2   5   0.0002094029
1   7   3   6   0.0002094029
1   8   1   4   0.0000035636
1   8   2   5   0.0000064005
1   8   3   6   0.0000064005
1   9   1   4   -0.0000062420
1   9   2   5   0.0002006781
1   9   3   6   0.0002006781
1   10   1   4   -0.0000091349
1   10   2   5   0.0000182461
1   10   3   6   0.0000182461
1   11   1   5   -0.0000252116
1   11   1   6   -0.0000110254
1   11   2   4   0.0000365765
1   11   3   4   0.0000159954
1   12   1   5   0.0000110254
1   12   1   6   -0.0000252116
1   12   2   4   -0.0000159954
1   12   3   4   0.0000365765
2   7   1   4   0.0000035636
2   7   2   5   0.0000064005
2   7   3   6   0.0000064005
2   8   1   4   0.0034174973
2   8   2   5   0.0001471949
2   8   3   6   0.0001471949
2   9   1   4   -0.0001786674
2   9   2   5   0.0000162526
2   9   3   6   0.0000162526
2   10   1   4   0.0001951119
2   10   2   5   -0.0000172980
2   10   3   6   -0.0000172980
2   11   1   5   0.0002491071
2   11   1   6   0.0001089377
2   11   2   4   0.0001085619
2   11   3   4   0.0000474755
2   12   1   5   -0.0001089377
2   12   1   6   0.0002491071
2   12   2   4   -0.0000474755
2   12   3   4   0.0001085619
3   7   1   4   -0.0000062420
3   7   2   5   0.0002006781
3   7   3   6   0.0002006781
3   8   1   4   -0.0001786674
3   8   2   5   0.0000162526
3   8   3   6   0.0000162526
3   9   1   4   0.0002791527
3   9   2   5   0.0007188776
3   9   3   6   0.0007188776
3   10   1   4   -0.0002253134
3   10   2   5   0.0000667136
3   10   3   6   0.0000667136
3   11   1   5   0.0005642797
3   11   1   6   0.0002467667
3   11   2   4   0.0000897744
3   11   3   4   0.0000392595
3   12   1   5   -0.0002467667
3   12   1   6   0.0005642797
3   12   2   4   -0.0000392595
3   12   3   4   0.0000897744
4   7   1   4   -0.0000091349
4   7   2   5   0.0000182461
4   7   3   6   0.0000182461
4   8   1   4   0.0001951119
4   8   2   5   -0.0000172980
4   8   3   6   -0.0000172980
4   9   1   4   -0.0002253134
4   9   2   5   0.0000667136
4   9   3   6   0.0000667136
4   10   1   4   0.0002775161
4   10   2   5   0.0002088150
4   10   3   6   0.0002088150
4   11   1   5   -0.0003122293
4   11   1   6   -0.0001365418
4   11   2   4   -0.0000726281
4   11   3   4   -0.0000317612
4   12   1   5   0.0001365418
4   12   1   6   -0.0003122293
4   12   2   4   0.0000317612
4   12   3   4   -0.0000726281
5   7   1   5   0.0000365765
5   7   1   6   0.0000159954
5   7   2   4   -0.0000252116
5   7   3   4   -0.0000110254
5   8   1   5   0.0001085619
5   8   1   6   0.0000474755
5   8   2   4   0.0002491071
5   8   3   4   0.0001089377
5   9   1   5   0.0000897744
5   9   1   6   0.0000392595
5   9   2   4   0.0005642797
5   9   3   4   0.0002467667
5   10   1   5   -0.0000726281
5   10   1   6   -0.0000317612
5   10   2   4   -0.0003122293
5   10   3   4   -0.0001365418
5   11   1   4   0.0004487232
5   11   2   5   0.0021688051
5   11   2   6   0.0008577636
5   11   3   5   0.0008577636
5   11   3   6   0.0005824737
5   12   2   5   -0.0008577636
5   12   2   6   0.0017540796
5   12   3   5   -0.0001677482
5   12   3   6   0.0008577636
6   7   1   5   -0.0000159954
6   7   1   6   0.0000365765
6   7   2   4   0.0000110254
6   7   3   4   -0.0000252116
6   8   1   5   -0.0000474755
6   8   1   6   0.0001085619
6   8   2   4   -0.0001089377
6   8   3   4   0.0002491071
6   9   1   5   -0.0000392595
6   9   1   6   0.0000897744
6   9   2   4   -0.0002467667
6   9   3   4   0.0005642797
6   10   1   5   0.0000317612
6   10   1   6   -0.0000726281
6   10   2   4   0.0001365418
6   10   3   4   -0.0003122293
6   11   2   5   -0.0008577636
6   11   2   6   -0.0001677482
6   11   3   5   0.0017540796
6   11   3   6   0.0008577636
6   12   1   4   0.0004487232
6   12   2   5   0.0005824737
6   12   2   6   -0.0008577636
6   12   3   5   -0.0008577636
6   12   3   6   0.0021688051

End IJAB Block
Begin ABCD Block
1   4   1   4   0.1964079957
1   4   2   5   0.0195177407
1   4   3   6   0.0195177407
1   5   1   5   0.1302936317
1   5   2   4   0.0195177407
1   6   1   6   0.1302936317
1   6   3   4   0.0195177407
2   4   1   5   0.0195177407
2   4   2   4   0.1302936317
2   5   1   4   0.0195177407
2   5   2   5   0.1245947845
2   5   3   6   0.0078671876
2   6   2   6   0.1088604094
2   6   3   5   0.0078671876
3   4   1   6   0.0195177407
3   4   3   4   0.1302936317
3   5   2   6   0.0078671876
3   5   3   5   0.1088604094
3   6   1   4   0.0195177407
3   6   2   5   0.0078671876
3   6   3   6   0.1245947845

End ABCD Block
Begin AIJB Block
1   7   1   4   0.0000621599
1   7   2   4   0.0000035636
1   7   3   4   -0.0000062420
1   7   4   4   -0.0000091349
1   7   5   5   0.0000365765
1   7   5   6   0.0000159954
1   7   6   5   -0.0000159954
1   7   6   6   0.0000365765
1   8   1   4   0.0000035636
1   8   2   4   0.0034174973
1   8   3   4   -0.0001786674
1   8   4   4   0.0001951119
1   8   5   5   0.0001085619
1   8   5   6   0.0000474755
1   8   6   5   -0.0000474755
1   8   6   6   0.0001085619
1   9   1   4   -0.0000062420
1   9   2   4   -0.0001786674
1   9   3   4   0.0002791527
1   9   4   4   -0.0002253134
1   9   5   5   0.0000897744
1   9   5   6   0.0000392595
1   9   6   5   -0.0000392595
1   9   6   6   0.0000897744
1   10   1   4   -0.0000091349
1   10   2   4   0.0001951119
1   10   3   4   -0.0002253134
1   10   4   4   0.0002775161
1   10   5   5   -0.0000726281
1   10   5   6   -0.0000317612
1   10   6   5   0.0000317612
1   10   6   6   -0.0000726281
1   11   1   5   -0.0000252116
1   11   1   6   -0.0000110254
1   11   2   5   0.0002491071
1   11   2   6   0.0001089377
1   11   3   5   0.0005642797
1   11   3   6   0.0002467667
1   11   4   5   -0.0003122293
1   11   4   6   -0.0001365418
1   11   5   4   0.0004487232
1   12   1   5   0.0000110254
1   12   1   6   -0.0000252116
1   12   2   5   -0.0001089377
1   12   2   6   0.0002491071
1   12   3   5   -0.0002467667
1   12   3   6   0.0005642797
1   12   4   5   0.0001365418
1   12   4   6   -0.0003122293
1   12   6   4   0.0004487232
2   7   1   5   0.0002094029
2   7   2   5   0.0000064005
2   7   3   5   0.0002006781
2   7   4   5   0.0000182461
2   7   5   4   -0.0000252116
2   7   6   4   0.0000110254
2   8   1   5   0.0000064005
2   8   2   5   0.0001471949
2   8   3   5   0.0000162526
2   8   4   5   -0.0000172980
2   8   5   4   0.0002491071
2   8   6   4   -0.0001089377
2   9   1   5   0.0002006781
2   9   2   5   0.0000162526
2   9   3   5   0.0007188776
2   9   4   5   0.0000667136
2   9   5   4   0.0005642797
2   9   6   4   -0.0002467667
2   10   1   5   0.0000182461
2   10   2   5   -0.0000172980
2   10   3   5   0.0000667136
2   10   4   5   0.0002088150
2   10   5   4   -0.0003122293
2   10   6   4   0.0001365418
2   11   1   4   0.0000365765
2   11   2   4   0.0001085619
2   11   3   4   0.0000897744
2   11   4   4   -0.0000726281
2   11   5   5   0.0021688051
2   11   5   6   0.0008577636
2   11   6   5   -0.0008577636
2   11   6   6   -0.0001677482
2   12   1   4   -0.0000159954
2   12   2   4   -0.0000474755
2   12   3   4   -0.0000392595
2   12   4   4   0.0000317612
2   12   5   5   -0.0008577636
2   12   5   6   0.0017540796
2   12   6   5   0.0005824737
2   12   6   6   -0.0008577636
3   7   1   6   0.0002094029
3   7   2   6   0.0000064005
3   7   3   6   0.0002006781
3   7   4   6   0.0000182461
3   7   5   4   -0.0000110254
3   7   6   4   -0.0000252116
3   8   1   6   0.0000064005
3   8   2   6   0.0001471949
3   8   3   6   0.0000162526
3   8   4   6   -0.0000172980
3   8   5   4   0.0001089377
3   8   6   4   0.0002491071
3   9   1   6   0.0002006781
3   9   2   6   0.0000162526
3   9   3   6   0.0007188776
3   9   4   6   0.0000667136
3   9   5   4   0.0002467667
3   9   6   4   0.0005642797
3   10   1   6   0.0000182461
3   10   2   6   -0.0000172980
3   10   3   6   0.0000667136
3   10   4   6   0.0002088150
3   10   5   4   -0.0001365418
3   10   6   4   -0.0003122293
3   11   1   4   0.0000159954
3   11   2   4   0.0000474755
3   11   3   4   0.0000392595
3   11   4   4   -0.0000317612
3   11   5   5   0.0008577636
3   11   5   6   0.0005824737
3   11   6   5   0.0017540796
3   11   6   6   0.0008577636
3   12   1   4   0.0000365765
3   12   2   4   0.0001085619
3   12   3   4   0.0000897744
3   12   4   4   -0.0000726281
3   12   5   5   -0.0001677482
3   12   5   6   0.0008577636
3   12   6   5   -0.0008577636
3   12   6   6   0.0021688051

1   7   7   1   -0.1510788865
1   7   8   1   -0.0000337846
1   7   9   1   -0.0000278631
1   7   10   1   0.0010336383
1   7   11   2   -0.0004011576
1   7   11   3   -0.0001754313
1   7   12   2   0.0001754313
1   7   12   3   -0.0004011576
1   8   7   1   -0.0000337846
1   8   8   1   -0.2192382548
1   8   9   1   0.0048200990
1   8   10   1   -0.0040547938
1   8   11   2   -0.0008125916
1   8   11   3   -0.0003553566
1   8   12   2   0.0003553566
1   8   12   3   -0.0008125916
1   9   7   1   -0.0000278631
1   9   8   1   0.0048200990
1   9   9   1   -0.1524140044
1   9   10   1   0.0120971483
1   9   11   2   -0.0043777818
1   9   11   3   -0.0019144596
1   9   12   2   0.0019144596
1   9   12   3   -0.0043777818
1   10   7   1   0.0010336383
1   10   8   1   -0.0040547938
1   10   9   1   0.0120971483
1   10   10   1   -0.1515288053
1   10   11   2   0.0006870632
1   10   11   3   0.0003004615
1   10   12   2   -0.0003004615
1   10   12   3   0.0006870632
1   11   7   2   -0.0004011576
1   11   7   3   -0.0001754313
1   11   8   2   -0.0008125916
1   11   8   3   -0.0003553566
1   11   9   2   -0.0043777818
1   11   9   3   -0.0019144596
1   11   10   2   0.0006870632
1   11   10   3   0.0003004615
1   11   11   1   -0.1513967381
1   12   7   2   0.0001754313
1   12   7   3   -0.0004011576
1   12   8   2   0.0003553566
1   12   8   3   -0.0008125916
1   12   9   2   0.0019144596
1   12   9   3   -0.0043777818
1   12   10   2   -0.0003004615
1   12   10   3   0.0006870632
1   12   12   1   -0.1513967381
2   7   7   2   -0.1328523942
2   7   8   2   -0.0000052274
2   7   9   2   0.0000711636
2   7   10   2   0.0003018981
2   7   11   1   -0.0004011576
2   7   12   1   0.0001754313
2   8   7   2   -0.0000052274
2   8   8   2   -0.1415646802
2   8   9   2   0.0006106715
2   8   10   2   -0.0003938664
2   8   11   1   -0.0008125916
2   8   12   1   0.0003553566
2   9   7   2   0.0000711636
2   9   8   2   0.0006106715
2   9   9   2   -0.1313339377
2   9   10   2   0.0034379139
2   9   11   1   -0.0043777818
2   9   12   1   0.0019144596
2   10   7   2   0.0003018981
2   10   8   2   -0.0003938664
2   10   9   2   0.0034379139
2   10   10   2   -0.1302766526
2   10   11   1   0.0006870632
2   10   12   1   -0.0003004615
2   11   7   1   -0.0004011576
2   11   8   1   -0.0008125916
2   11   9   1   -0.0043777818
2   11   10   1   0.0006870632
2   11   11   2   -0.1317408888
2   11   11   3   -0.0005865636
2   11   12   2   0.0005865636
2   11   12   3   -0.0005423896
2   12   7   1   0.0001754313
2   12   8   1   0.0003553566
2   12   9   1   0.0019144596
2   12   10   1   -0.0003004615
2   12   11   2   0.0005865636
2   12   11   3   -0.0005423896
2   12   12   2   -0.1306561095
2   12   12   3   0.0005865636
3   7   7   3   -0.1328523942
3   7   8   3   -0.0000052274
3   7   9   3   0.0000711636
3   7   10   3   0.0003018981
3   7   11   1   -0.0001754313
3   7   12   1   -0.0004011576
3   8   7   3   -0.0000052274
3   8   8   3   -0.1415646802
3   8   9   3   0.0006106715
3   8   10   3   -0.0003938664
3   8   11   1   -0.0003553566
3   8   12   1   -0.0008125916
3   9   7   3   0.0000711636
3   9   8   3   0.0006106715
3   9   9   3   -0.1313339377
3   9   10   3   0.0034379139
3   9   11   1   -0.0019144596
3   9   12   1   -0.0043777818
3   10   7   3   0.0003018981
3   10   8   3   -0.0003938664
3   10   9   3   0.0034379139
3   10   10   3   -0.1302766526
3   10   11   1   0.0003004615
3   10   12   1   0.0006870632
3   11   7   1   -0.0001754313
3   11   8   1   -0.0003553566
3   11   9   1   -0.0019144596
3   11   10   1   0.0003004615
3   11   11   2   -0.0005865636
3   11   11   3   -0.1306561095
3   11   12   2   -0.0005423896
3   11   12   3   -0.0005865636
3   12   7   1   -0.0004011576
3   12   8   1   -0.0008125916
3   12   9   1   -0.0043777818
3   12   10   1   0.0006870632
3   12   11   2   -0.0005423896
3   12   11   3   -0.0005865636
3   12   12   2   0.0005865636
3   12   12   3   -0.1317408888

End AIJB Block
Begin IJKA Block
1   7   1   4   0.0133769383
1   7   2   4   -0.0001218329
1   7   3   4   -0.0021817156
1   7   4   4   0.0003885377
1   7   5   5   -0.0024769236
1   7   5   6   -0.0010831901
1   7   6   5   0.0010831901
1   7   6   6   -0.0024769236
1   8   1   4   -0.0074574126
1   8   2   4   -0.0000079284
1   8   3   4   0.0000219643
1   8   4   4   0.0002962687
1   8   5   5   -0.0000753424
1   8   5   6   -0.0000329482
1   8   6   5   0.0000329482
1   8   6   6   -0.0000753424
1   9   1   4   -0.0196254305
1   9   2   4   0.0000134117
1   9   3   4   0.0005684029
1   9   4   4   0.0005814752
1   9   5   5   -0.0023825485
1   9   5   6   -0.0010419187
1   9   6   5   0.0010419187
1   9   6   6   -0.0023825485
1   10   1   4   0.0098149822
1   10   2   4   0.0000186500
1   10   3   4   -0.0001361643
1   10   4   4   -0.0008975054
1   10   5   5   -0.0002095256
1   10   5   6   -0.0000916282
1   10   6   5   0.0000916282
1   10   6   6   -0.0002095256
1   11   1   5   -0.0584902522
1   11   1   6   -0.0255785301
1   11   2   5   0.0000570214
1   11   2   6   0.0000249362
1   11   3   5   0.0010016853
1   11   3   6   0.0004380497
1   11   4   5   -0.0000240624
1   11   4   6   -0.0000105228
1   11   5   4   -0.0005151030
1   12   1   5   0.0255785301
1   12   1   6   -0.0584902522
1   12   2   5   -0.0000249362
1   12   2   6   0.0000570214
1   12   3   5   -0.0004380497
1   12   3   6   0.0010016853
1   12   4   5   0.0000105228
1   12   4   6   -0.0000240624
1   12   6   4   -0.0005151030
2   7   1   4   -0.0001218329
2   7   2   4   -0.0001098596
2   7   3   4   0.0000068925
2   7   4   4   0.0000279019
2   7   5   5   -0.0001391839
2   7   5   6   -0.0000608669
2   7   6   5   0.0000608669
2   7   6   6   -0.0001391839
2   8   1   4   -0.0000079284
2   8   2   4   -0.0557475118
2   8   3   4   0.0039454238
2   8   4   4   -0.0034483380
2   8   5   5   0.0002599512
2   8   5   6   0.0001136800
2   8   6   5   -0.0001136800
2   8   6   6   0.0002599512
2   9   1   4   0.0000134117
2   9   2   4   0.0020148240
2   9   3   4   -0.0010075987
2   9   4   4   0.0009153079
2   9   5   5   -0.0005592400
2   9   5   6   -0.0002445628
2   9   6   5   0.0002445628
2   9   6   6   -0.0005592400
2   10   1   4   0.0000186500
2   10   2   4   -0.0014756172
2   10   3   4   0.0007303661
2   10   4   4   -0.0007622696
2   10   5   5   -0.0000031156
2   10   5   6   -0.0000013625
2   10   6   5   0.0000013625
2   10   6   6   -0.0000031156
2   11   1   5   0.0000570214
2   11   1   6   0.0000249362
2   11   2   5   -0.0039346540
2   11   2   6   -0.0017206742
2   11   3   5   -0.0020063668
2   11   3   6   -0.0008774097
2   11   4   5   0.0013884784
2   11   4   6   0.0006071992
2   11   5   4   0.0002132124
2   12   1   5   -0.0000249362
2   12   1   6   0.0000570214
2   12   2   5   0.0017206742
2   12   2   6   -0.0039346540
2   12   3   5   0.0008774097
2   12   3   6   -0.0020063668
2   12   4   5   -0.0006071992
2   12   4   6   0.0013884784
2   12   6   4   0.0002132124
3   7   1   4   -0.0021817156
3   7   2   4   0.0000068925
3   7   3   4   0.0004966598
3   7   4   4   0.0005768635
3   7   5   5   -0.0025690429
3   7   5   6   -0.0011234751
3   7   6   5   0.0011234751
3   7   6   6   -0.0025690429
3   8   1   4   0.0000219643
3   8   2   4   0.0039454238
3   8   3   4   -0.0074005171
3   8   4   4   0.0030890663
3   8   5   5   -0.0000167912
3   8   5   6   -0.0000073430
3   8   6   5   0.0000073430
3   8   6   6   -0.0000167912
3   9   1   4   0.0005684029
3   9   2   4   -0.0010075987
3   9   3   4   -0.0101979464
3   9   4   4   0.0018261762
3   9   5   5   -0.0096256753
3   9   5   6   -0.0042094301
3   9   6   5   0.0042094301
3   9   6   6   -0.0096256753
3   10   1   4   -0.0001361643
3   10   2   4   0.0007303661
3   10   3   4   0.0056471316
3   10   4   4   -0.0030260405
3   10   5   5   -0.0009588246
3   10   5   6   -0.0004193062
3   10   6   5   0.0004193062
3   10   6   6   -0.0009588246
3   11   1   5   0.0010016853
3   11   1   6   0.0004380497
3   11   2   5   -0.0020063668
3   11   2   6   -0.0008774097
3   11   3   5   -0.0351468682
3   11   3   6   -0.0153701718
3   11   4   5   -0.0014393038
3   11   4   6   -0.0006294258
3   11   5   4   0.0000046708
3   12   1   5   -0.0004380497
3   12   1   6   0.0010016853
3   12   2   5   0.0008774097
3   12   2   6   -0.0020063668
3   12   3   5   0.0153701718
3   12   3   6   -0.0351468682
3   12   4   5   0.0006294258
3   12   4   6   -0.0014393038
3   12   6   4   0.0000046708
4   7   1   4   0.0003885377
4   7   2   4   0.0000279019
4   7   3   4   0.0005768635
4   7   4   4   0.0003836578
4   7   5   5   -0.0001369829
4   7   5   6   -0.0000599044
4   7   6   5   0.0000599044
4   7   6   6   -0.0001369829
4   8   1   4   0.0002962687
4   8   2   4   -0.0034483380
4   8   3   4   0.0030890663
4   8   4   4   -0.0079246461
4   8   5   5   -0.0001627022
4   8   5   6   -0.0000711517
4   8   6   5   0.0000711517
4   8   6   6   -0.0001627022
4   9   1   4   0.0005814752
4   9   2   4   0.0009153079
4   9   3   4   0.0018261762
4   9   4   4   -0.0095692442
4   9   5   5   -0.0004940560
4   9   5   6   -0.0002160570
4   9   6   5   0.0002160570
4   9   6   6   -0.0004940560
4   10   1   4   -0.0008975054
4   10   2   4   -0.0007622696
4   10   3   4   -0.0030260405
4   10   4   4   0.0055923577
4   10   5   5   -0.0022543736
4   10   5   6   -0.0009858662
4   10   6   5   0.0009858662
4   10   6   6   -0.0022543736
4   11   1   5   -0.0000240624
4   11   1   6   -0.0000105228
4   11   2   5   0.0013884784
4   11   2   6   0.0006071992
4   11   3   5   -0.0014393038
4   11   3   6   -0.0006294258
4   11   4   5   -0.0315959098
4   11   4   6   -0.0138172926
4   11   5   4   -0.0000252765
4   12   1   5   0.0000105228
4   12   1   6   -0.0000240624
4   12   2   5   -0.0006071992
4   12   2   6   0.0013884784
4   12   3   5   0.0006294258
4   12   3   6   -0.0014393038
4   12   4   5   0.0138172926
4   12   4   6   -0.0315959098
4   12   6   4   -0.0000252765
5   7   1   5   -0.0024769236
5   7   1   6   -0.0010831901
5   7   2   5   -0.0001391839
5   7   2   6   -0.0000608669
5   7   3   5   -0.0025690429
5   7   3   6   -0.0011234751
5   7   4   5   -0.0001369829
5   7   4   6   -0.0000599044
5   7   5   4   0.0003240832
5   8   1   5   -0.0000753424
5   8   1   6   -0.0000329482
5   8   2   5   0.0002599512
5   8   2   6   0.0001136800
5   8   3   5   -0.0000167912
5   8   3   6   -0.0000073430
5   8   4   5   -0.0001627022
5   8   4   6   -0.0000711517
5   8   5   4   -0.0059232142
5   9   1   5   -0.0023825485
5   9   1   6   -0.0010419187
5   9   2   5   -0.0005592400
5   9   2   6   -0.0002445628
5   9   3   5   -0.0096256753
5   9   3   6   -0.0042094301
5   9   4   5   -0.0004940560
5   9   4   6   -0.0002160570
5   9   5   4   -0.0085809201
5   10   1   5   -0.0002095256
5   10   1   6   -0.0000916282
5   10   2   5   -0.0000031156
5   10   2   6   -0.0000013625
5   10   3   5   -0.0009588246
5   10   3   6   -0.0004193062
5   10   4   5   -0.0022543736
5   10   4   6   -0.0009858662
5   10   5   4   0.0043191274
5   11   1   4   -0.0005151030
5   11   2   4   0.0002132124
5   11   3   4   0.0000046708
5   11   4   4   -0.0000252765
5   11   5   5   -0.0349036516
5   11   5   6   -0.0152638101
5   11   6   5   0.0009582403
5   11   6   6   -0.0021912015
5   12   5   5   0.0133473296
5   12   5   6   -0.0305212485
5   12   6   5   -0.0021912015
5   12   6   6   -0.0009582403
6   7   1   5   0.0010831901
6   7   1   6   -0.0024769236
6   7   2   5   0.0000608669
6   7   2   6   -0.0001391839
6   7   3   5   0.0011234751
6   7   3   6   -0.0025690429
6   7   4   5   0.0000599044
6   7   4   6   -0.0001369829
6   7   6   4   0.0003240832
6   8   1   5   0.0000329482
6   8   1   6   -0.0000753424
6   8   2   5   -0.0001136800
6   8   2   6   0.0002599512
6   8   3   5   0.0000073430
6   8   3   6   -0.0000167912
6   8   4   5   0.0000711517
6   8   4   6   -0.0001627022
6   8   6   4   -0.0059232142
6   9   1   5   0.0010419187
6   9   1   6   -0.0023825485
6   9   2   5   0.0002445628
6   9   2   6   -0.0005592400
6   9   3   5   0.0042094301
6   9   3   6   -0.0096256753
6   9   4   5   0.0002160570
6   9   4   6   -0.0004940560
6   9   6   4   -0.0085809201
6   10   1   5   0.0000916282
6   10   1   6   -0.0002095256
6   10   2   5   0.0000013625
6   10   2   6   -0.0000031156
6   10   3   5   0.0004193062
6   10   3   6   -0.0009588246
6   10   4   5   0.0009858662
6   10   4   6   -0.0022543736
6   10   6   4   0.0043191274
6   11   5   5   0.0009582403
6   11   5   6   -0.0021912015
6   11   6   5   -0.0305212485
6   11   6   6   -0.0133473296
6   12   1   4   -0.0005151030
6   12   2   4   0.0002132124
6   12   3   4   0.0000046708
6   12   4   4   -0.0000252765
6   12   5   5   -0.0021912015
6   12   5   6   -0.0009582403
6   12   6   5   0.0152638101
6   12   6   6   -0.0349036516

End IJKA Block
Begin IABC Block
1   4   1   4   -0.0000159964
1   4   2   5   -0.0000320966
1   4   3   6   -0.0000320966
1   5   1   5   -0.0000020706
1   5   2   4   -0.0000320966
1   6   1   6   -0.0000020706
1   6   3   4   -0.0000320966
2   4   1   4   0.0008860354
2   4   2   5   0.0003716621
2   4   3   6   0.0003716621
2   5   1   5   0.0000717983
2   5   2   4   0.0003716621
2   6   1   6   0.0000717983
2   6   3   4   0.0003716621
3   4   1   4   -0.0002021159
3   4   2   5   -0.0000867880
3   4   3   6   -0.0000867880
3   5   1   5   0.0000044251
3   5   2   4   -0.0000867880
3   6   1   6   0.0000044251
3   6   3   4   -0.0000867880
4   4   1   4   0.0002943290
4   4   2   5   -0.0002113980
4   4   3   6   -0.0002113980
4   5   1   5   -0.0002194947
4   5   2   4   -0.0002113980
4   6   1   6   -0.0002194947
4   6   3   4   -0.0002113980
5   4   1   5   0.0014947915
5   4   1   6   0.0006536913
5   4   2   4   0.0005661616
5   4   3   4   0.0002475897
5   5   1   4   0.0014947915
5   5   2   5   0.0003393965
5   5   2   6   0.0001116409
5   5   3   5   -0.0000748594
5   5   3   6   0.0002552884
5   6   1   4   0.0006536913
5   6   2   5   0.0001116409
5   6   2   6   -0.0001711804
5   6   3   5   0.0002552884
5   6   3   6   0.0001484224
6   4   1   5   -0.0006536913
6   4   1   6   0.0014947915
6   4   2   4   -0.0002475897
6   4   3   4   0.0005661616
6   5   1   4   -0.0006536913
6   5   2   5   -0.0001484224
6   5   2   6   0.0002552884
6   5   3   5   -0.0001711804
6   5   3   6   -0.0001116409
6   6   1   4   0.0014947915
6   6   2   5   0.0002552884
6   6   2   6   0.0000748594
6   6   3   5   -0.0001116409
6   6   3   6   0.0003393965

End IABC Block
