Begin IJ Block
1   1   -41.0061266591
1   2   0.0004298577
1   3   0.7517877297
1   6   0.0298684640
2   2   -6.2338848398
2   3   -0.0012310972
2   6   -0.0127680363
3   3   -9.4070583990
3   6   -0.0562834340
4   4   -8.2495519758
4   5   -0.0000000000
5   5   -8.2495519757
6   6   -8.0116575376

End IJ Block
Begin IA Block
1   1   -0.0089558944
1   4   -0.0390676178
2   1   0.1011897397
2   4   0.0705224682
3   1   0.0503999599
3   4   0.1849991965
4   2   -0.0013376227
4   3   0.2482707951
5   2   0.2482707952
5   3   0.0013376227
6   1   -0.2261328903
6   4   -0.1214483404

End IA Block
Begin AB Block
1   1   -1.8608804907
1   4   -0.4177163674
2   2   -1.6249474964
3   3   -1.6249474964
4   4   -1.7173657344

End AB Block
Begin IJKL Block
1   7   1   7   5.3483110229
1   7   1   8   -0.0002651325
1   7   1   9   -0.5323032938
1   7   1   12   -0.0200448543
1   7   2   7   -0.0002651325
1   7   2   8   -0.0000030497
1   7   2   9   0.0000384976
1   7   2   12   -0.0000088274
1   7   3   7   -0.5323032938
1   7   3   8   0.0000384976
1   7   3   9   0.0815680236
1   7   3   12   0.0031963157
1   7   4   10   0.0314204560
1   7   5   11   0.0314204560
1   7   6   7   -0.0200448543
1   7   6   8   -0.0000088274
1   7   6   9   0.0031963157
1   7   6   12   0.0287444980
1   8   1   7   -0.0002651325
1   8   1   8   0.1989084868
1   8   1   9   0.0007934784
1   8   1   12   -0.0017290531
1   8   2   7   0.0000004335
1   8   2   8   -0.0000086264
1   8   2   9   0.0000005793
1   8   2   12   -0.0000003188
1   8   3   7   0.0000420519
1   8   3   8   0.0000133645
1   8   3   9   -0.0000110044
1   8   3   12   0.0000065122
1   8   4   10   0.0000234268
1   8   5   11   0.0000234268
1   8   6   7   -0.0000132372
1   8   6   8   -0.0019725407
1   8   6   9   -0.0000208435
1   8   6   12   0.0000465233
1   9   1   7   -0.5323032938
1   9   1   8   0.0007934784
1   9   1   9   1.2636479541
1   9   1   12   0.0254409817
1   9   2   7   0.0000420519
1   9   2   8   -0.0000024234
1   9   2   9   -0.0000134162
1   9   2   12   -0.0000133037
1   9   3   7   0.0861311405
1   9   3   8   -0.0000124507
1   9   3   9   -0.0237809418
1   9   3   12   -0.0009129474
1   9   4   10   0.0357357670
1   9   5   11   0.0357357670
1   9   6   7   0.0030991582
1   9   6   8   -0.0000179979
1   9   6   9   -0.0012365243
1   9   6   12   0.0329868870
1   10   1   10   1.1613710262
1   10   1   11   -0.0000000000
1   10   2   10   -0.0000083336
1   10   3   10   -0.0154874329
1   10   4   7   0.0366185973
1   10   4   8   0.0000237413
1   10   4   9   0.0364121807
1   10   4   12   0.0010655854
1   10   6   10   -0.0008317282
1   11   1   10   -0.0000000000
1   11   1   11   1.1613710262
1   11   2   11   -0.0000083336
1   11   3   11   -0.0154874329
1   11   5   7   0.0366185973
1   11   5   8   0.0000237413
1   11   5   9   0.0364121807
1   11   5   12   0.0010655854
1   11   6   11   -0.0008317282
1   12   1   7   -0.0200448543
1   12   1   8   -0.0017290531
1   12   1   9   0.0254409817
1   12   1   12   1.1068853215
1   12   2   7   -0.0000132372
1   12   2   8   -0.0000006425
1   12   2   9   -0.0000161878
1   12   2   12   -0.0000083550
1   12   3   7   0.0030991582
1   12   3   8   0.0000064119
1   12   3   9   -0.0009817601
1   12   3   12   -0.0144697112
1   12   4   10   0.0009686335
1   12   5   11   0.0009686335
1   12   6   7   0.0340464897
1   12   6   8   0.0000449664
1   12   6   9   0.0339785156
1   12   6   12   0.0008821962
2   7   1   7   -0.0002651325
2   7   1   8   0.0000004335
2   7   1   9   0.0000420519
2   7   1   12   -0.0000132372
2   7   2   7   0.1989084868
2   7   2   8   -0.0000086264
2   7   2   9   0.0000133645
2   7   2   12   -0.0019725407
2   7   3   7   0.0007934784
2   7   3   8   0.0000005793
2   7   3   9   -0.0000110044
2   7   3   12   -0.0000208435
2   7   4   10   0.0000234268
2   7   5   11   0.0000234268
2   7   6   7   -0.0017290531
2   7   6   8   -0.0000003188
2   7   6   9   0.0000065122
2   7   6   12   0.0000465233
2   8   1   7   -0.0000030497
2   8   1   8   -0.0000086264
2   8   1   9   -0.0000024234
2   8   1   12   -0.0000006425
2   8   2   7   -0.0000086264
2   8   2   8   1.6350499394
2   8   2   9   -0.0035972503
2   8   2   12   0.0267299380
2   8   3   7   -0.0000024234
2   8   3   8   -0.0035972503
2   8   3   9   -0.0000112256
2   8   3   12   -0.0000704347
2   8   4   10   -0.0000187774
2   8   5   11   -0.0000187774
2   8   6   7   -0.0000006425
2   8   6   8   0.0267299380
2   8   6   9   -0.0000704347
2   8   6   12   0.0003844443
2   9   1   7   0.0000384976
2   9   1   8   0.0000005793
2   9   1   9   -0.0000134162
2   9   1   12   -0.0000161878
2   9   2   7   0.0000133645
2   9   2   8   -0.0035972503
2   9   2   9   0.1996934006
2   9   2   12   -0.0255733304
2   9   3   7   -0.0000124507
2   9   3   8   0.0000181195
2   9   3   9   0.0005934686
2   9   3   12   -0.0001192756
2   9   4   10   0.0001394409
2   9   5   11   0.0001394409
2   9   6   7   0.0000064119
2   9   6   8   -0.0001069738
2   9   6   9   -0.0015867336
2   9   6   12   0.0003851502
2   10   1   10   -0.0000083336
2   10   2   10   0.1979282397
2   10   3   10   0.0005520727
2   10   4   7   0.0000237413
2   10   4   8   0.0000108286
2   10   4   9   0.0001480518
2   10   4   12   -0.0000528880
2   10   6   10   -0.0014850528
2   11   1   11   -0.0000083336
2   11   2   11   0.1979282397
2   11   3   11   0.0005520727
2   11   5   7   0.0000237413
2   11   5   8   0.0000108286
2   11   5   9   0.0001480518
2   11   5   12   -0.0000528880
2   11   6   11   -0.0014850528
2   12   1   7   -0.0000088274
2   12   1   8   -0.0000003188
2   12   1   9   -0.0000133037
2   12   1   12   -0.0000083550
2   12   2   7   -0.0019725407
2   12   2   8   0.0267299380
2   12   2   9   -0.0255733304
2   12   2   12   0.2187912601
2   12   3   7   -0.0000179979
2   12   3   8   -0.0001069738
2   12   3   9   -0.0001021664
2   12   3   12   0.0005592601
2   12   4   10   -0.0000386658
2   12   5   11   -0.0000386658
2   12   6   7   0.0000449664
2   12   6   8   0.0009311041
2   12   6   9   0.0003861949
2   12   6   12   -0.0016593098
3   7   1   7   -0.5323032938
3   7   1   8   0.0000420519
3   7   1   9   0.0861311405
3   7   1   12   0.0030991582
3   7   2   7   0.0007934784
3   7   2   8   -0.0000024234
3   7   2   9   -0.0000124507
3   7   2   12   -0.0000179979
3   7   3   7   1.2636479541
3   7   3   8   -0.0000134162
3   7   3   9   -0.0237809418
3   7   3   12   -0.0012365243
3   7   4   10   0.0357357670
3   7   5   11   0.0357357670
3   7   6   7   0.0254409817
3   7   6   8   -0.0000133037
3   7   6   9   -0.0009129474
3   7   6   12   0.0329868870
3   8   1   7   0.0000384976
3   8   1   8   0.0000133645
3   8   1   9   -0.0000124507
3   8   1   12   0.0000064119
3   8   2   7   0.0000005793
3   8   2   8   -0.0035972503
3   8   2   9   0.0000181195
3   8   2   12   -0.0001069738
3   8   3   7   -0.0000134162
3   8   3   8   0.1996934006
3   8   3   9   0.0005934686
3   8   3   12   -0.0015867336
3   8   4   10   0.0001394409
3   8   5   11   0.0001394409
3   8   6   7   -0.0000161878
3   8   6   8   -0.0255733304
3   8   6   9   -0.0001192756
3   8   6   12   0.0003851502
3   9   1   7   0.0815680236
3   9   1   8   -0.0000110044
3   9   1   9   -0.0237809418
3   9   1   12   -0.0009817601
3   9   2   7   -0.0000110044
3   9   2   8   -0.0000112256
3   9   2   9   0.0005934686
3   9   2   12   -0.0001021664
3   9   3   7   -0.0237809418
3   9   3   8   0.0005934686
3   9   3   9   0.8711358609
3   9   3   12   0.0110160950
3   9   4   10   0.1515231325
3   9   5   11   0.1515231325
3   9   6   7   -0.0009817601
3   9   6   8   -0.0001021664
3   9   6   9   0.0110160950
3   9   6   12   0.1433690014
3   10   1   10   -0.0154874329
3   10   2   10   0.0005520727
3   10   3   10   0.8119496237
3   10   4   7   0.0364121807
3   10   4   8   0.0001480518
3   10   4   9   0.1562208219
3   10   4   12   0.0023561127
3   10   6   10   0.0098929826
3   11   1   11   -0.0154874329
3   11   2   11   0.0005520727
3   11   3   11   0.8119496237
3   11   5   7   0.0364121807
3   11   5   8   0.0001480518
3   11   5   9   0.1562208219
3   11   5   12   0.0023561127
3   11   6   11   0.0098929826
3   12   1   7   0.0031963157
3   12   1   8   0.0000065122
3   12   1   9   -0.0009129474
3   12   1   12   -0.0144697112
3   12   2   7   -0.0000208435
3   12   2   8   -0.0000704347
3   12   2   9   -0.0001192756
3   12   2   12   0.0005592601
3   12   3   7   -0.0012365243
3   12   3   8   -0.0015867336
3   12   3   9   0.0110160950
3   12   3   12   0.7811366597
3   12   4   10   0.0022054593
3   12   5   11   0.0022054593
3   12   6   7   0.0339785156
3   12   6   8   0.0003861949
3   12   6   9   0.1487541432
3   12   6   12   0.0114536846
4   7   1   10   0.0366185973
4   7   2   10   0.0000237413
4   7   3   10   0.0364121807
4   7   4   7   1.1613710262
4   7   4   8   -0.0000083336
4   7   4   9   -0.0154874329
4   7   4   12   -0.0008317282
4   7   5   7   -0.0000000000
4   7   6   10   0.0010655854
4   8   1   10   0.0000237413
4   8   2   10   0.0000108286
4   8   3   10   0.0001480518
4   8   4   7   -0.0000083336
4   8   4   8   0.1979282397
4   8   4   9   0.0005520727
4   8   4   12   -0.0014850528
4   8   6   10   -0.0000528880
4   9   1   10   0.0364121807
4   9   2   10   0.0001480518
4   9   3   10   0.1562208219
4   9   4   7   -0.0154874329
4   9   4   8   0.0005520727
4   9   4   9   0.8119496237
4   9   4   12   0.0098929826
4   9   6   10   0.0023561127
4   10   1   7   0.0314204560
4   10   1   8   0.0000234268
4   10   1   9   0.0357357670
4   10   1   12   0.0009686335
4   10   2   7   0.0000234268
4   10   2   8   -0.0000187774
4   10   2   9   0.0001394409
4   10   2   12   -0.0000386658
4   10   3   7   0.0357357670
4   10   3   8   0.0001394409
4   10   3   9   0.1515231325
4   10   3   12   0.0022054593
4   10   4   10   0.8042649179
4   10   4   11   0.0000000000
4   10   5   10   0.0000000000
4   10   5   11   0.0310618394
4   10   6   7   0.0009686335
4   10   6   8   -0.0000386658
4   10   6   9   0.0022054593
4   10   6   12   0.0294449706
4   11   4   10   0.0000000000
4   11   4   11   0.7361446832
4   11   5   10   0.0370583952
4   11   5   11   0.0000000000
4   12   1   10   0.0010655854
4   12   2   10   -0.0000528880
4   12   3   10   0.0023561127
4   12   4   7   -0.0008317282
4   12   4   8   -0.0014850528
4   12   4   9   0.0098929826
4   12   4   12   0.7094600583
4   12   5   12   0.0000000000
4   12   6   10   0.0353395312
5   7   1   11   0.0366185973
5   7   2   11   0.0000237413
5   7   3   11   0.0364121807
5   7   4   7   -0.0000000000
5   7   5   7   1.1613710262
5   7   5   8   -0.0000083336
5   7   5   9   -0.0154874329
5   7   5   12   -0.0008317282
5   7   6   11   0.0010655854
5   8   1   11   0.0000237413
5   8   2   11   0.0000108286
5   8   3   11   0.0001480518
5   8   5   7   -0.0000083336
5   8   5   8   0.1979282397
5   8   5   9   0.0005520727
5   8   5   12   -0.0014850528
5   8   6   11   -0.0000528880
5   9   1   11   0.0364121807
5   9   2   11   0.0001480518
5   9   3   11   0.1562208219
5   9   5   7   -0.0154874329
5   9   5   8   0.0005520727
5   9   5   9   0.8119496237
5   9   5   12   0.0098929826
5   9   6   11   0.0023561127
5   10   4   10   0.0000000000
5   10   4   11   0.0370583952
5   10   5   10   0.7361446832
5   10   5   11   0.0000000000
5   11   1   7   0.0314204560
5   11   1   8   0.0000234268
5   11   1   9   0.0357357670
5   11   1   12   0.0009686335
5   11   2   7   0.0000234268
5   11   2   8   -0.0000187774
5   11   2   9   0.0001394409
5   11   2   12   -0.0000386658
5   11   3   7   0.0357357670
5   11   3   8   0.0001394409
5   11   3   9   0.1515231325
5   11   3   12   0.0022054593
5   11   4   10   0.0310618394
5   11   4   11   0.0000000000
5   11   5   10   0.0000000000
5   11   5   11   0.8042649179
5   11   6   7   0.0009686335
5   11   6   8   -0.0000386658
5   11   6   9   0.0022054593
5   11   6   12   0.0294449706
5   12   1   11   0.0010655854
5   12   2   11   -0.0000528880
5   12   3   11   0.0023561127
5   12   4   12   0.0000000000
5   12   5   7   -0.0008317282
5   12   5   8   -0.0014850528
5   12   5   9   0.0098929826
5   12   5   12   0.7094600583
5   12   6   11   0.0353395312
6   7   1   7   -0.0200448543
6   7   1   8   -0.0000132372
6   7   1   9   0.0030991582
6   7   1   12   0.0340464897
6   7   2   7   -0.0017290531
6   7   2   8   -0.0000006425
6   7   2   9   0.0000064119
6   7   2   12   0.0000449664
6   7   3   7   0.0254409817
6   7   3   8   -0.0000161878
6   7   3   9   -0.0009817601
6   7   3   12   0.0339785156
6   7   4   10   0.0009686335
6   7   5   11   0.0009686335
6   7   6   7   1.1068853215
6   7   6   8   -0.0000083550
6   7   6   9   -0.0144697112
6   7   6   12   0.0008821962
6   8   1   7   -0.0000088274
6   8   1   8   -0.0019725407
6   8   1   9   -0.0000179979
6   8   1   12   0.0000449664
6   8   2   7   -0.0000003188
6   8   2   8   0.0267299380
6   8   2   9   -0.0001069738
6   8   2   12   0.0009311041
6   8   3   7   -0.0000133037
6   8   3   8   -0.0255733304
6   8   3   9   -0.0001021664
6   8   3   12   0.0003861949
6   8   4   10   -0.0000386658
6   8   5   11   -0.0000386658
6   8   6   7   -0.0000083550
6   8   6   8   0.2187912601
6   8   6   9   0.0005592601
6   8   6   12   -0.0016593098
6   9   1   7   0.0031963157
6   9   1   8   -0.0000208435
6   9   1   9   -0.0012365243
6   9   1   12   0.0339785156
6   9   2   7   0.0000065122
6   9   2   8   -0.0000704347
6   9   2   9   -0.0015867336
6   9   2   12   0.0003861949
6   9   3   7   -0.0009129474
6   9   3   8   -0.0001192756
6   9   3   9   0.0110160950
6   9   3   12   0.1487541432
6   9   4   10   0.0022054593
6   9   5   11   0.0022054593
6   9   6   7   -0.0144697112
6   9   6   8   0.0005592601
6   9   6   9   0.7811366597
6   9   6   12   0.0114536846
6   10   1   10   -0.0008317282
6   10   2   10   -0.0014850528
6   10   3   10   0.0098929826
6   10   4   7   0.0010655854
6   10   4   8   -0.0000528880
6   10   4   9   0.0023561127
6   10   4   12   0.0353395312
6   10   6   10   0.7094600583
6   10   6   11   0.0000000000
6   11   1   11   -0.0008317282
6   11   2   11   -0.0014850528
6   11   3   11   0.0098929826
6   11   5   7   0.0010655854
6   11   5   8   -0.0000528880
6   11   5   9   0.0023561127
6   11   5   12   0.0353395312
6   11   6   10   0.0000000000
6   11   6   11   0.7094600583
6   12   1   7   0.0287444980
6   12   1   8   0.0000465233
6   12   1   9   0.0329868870
6   12   1   12   0.0008821962
6   12   2   7   0.0000465233
6   12   2   8   0.0003844443
6   12   2   9   0.0003851502
6   12   2   12   -0.0016593098
6   12   3   7   0.0329868870
6   12   3   8   0.0003851502
6   12   3   9   0.1433690014
6   12   3   12   0.0114536846
6   12   4   10   0.0294449706
6   12   5   11   0.0294449706
6   12   6   7   0.0008821962
6   12   6   8   -0.0016593098
6   12   6   9   0.0114536846
6   12   6   12   0.7463301427

End IJKL Block
Begin IJAB Block
1   7   1   5   0.0002089375
1   7   1   8   0.0002301843
1   7   2   6   0.0001964097
1   7   3   7   0.0001964097
1   7   4   5   0.0002301843
1   7   4   8   0.0004402992
1   8   1   5   0.0000022054
1   8   1   8   -0.0000004237
1   8   2   6   -0.0000010586
1   8   3   7   -0.0000010586
1   8   4   5   0.0000015610
1   8   4   8   -0.0000002374
1   9   1   5   0.0001939319
1   9   1   8   0.0001615816
1   9   2   6   0.0001943261
1   9   3   7   0.0001943261
1   9   4   5   0.0001573922
1   9   4   8   0.0001148251
1   10   1   6   -0.0000000367
1   10   1   7   0.0000068095
1   10   2   5   -0.0000001896
1   10   2   8   -0.0000008036
1   10   3   5   0.0000351875
1   10   3   8   0.0001491582
1   10   4   6   -0.0000002183
1   10   4   7   0.0000405186
1   11   1   6   0.0000068095
1   11   1   7   0.0000000367
1   11   2   5   0.0000351875
1   11   2   8   0.0001491582
1   11   3   5   0.0000001896
1   11   3   8   0.0000008036
1   11   4   6   0.0000405186
1   11   4   7   0.0000002183
1   12   1   5   -0.0000414970
1   12   1   8   -0.0001503023
1   12   2   6   0.0000081689
1   12   3   7   0.0000081689
1   12   4   5   -0.0000830083
1   12   4   8   -0.0001685770
2   7   1   5   0.0000022054
2   7   1   8   0.0000015610
2   7   2   6   -0.0000010586
2   7   3   7   -0.0000010586
2   7   4   5   -0.0000004237
2   7   4   8   -0.0000002374
2   8   1   5   0.0088639964
2   8   1   8   0.0071315561
2   8   2   6   0.0010358282
2   8   3   7   0.0010358282
2   8   4   5   0.0071315561
2   8   4   8   0.0062952258
2   9   1   5   -0.0000172948
2   9   1   8   -0.0000264408
2   9   2   6   0.0000161166
2   9   3   7   0.0000161166
2   9   4   5   -0.0000272406
2   9   4   8   -0.0000247286
2   10   1   6   -0.0000001581
2   10   1   7   0.0000293461
2   10   2   5   -0.0000006521
2   10   2   8   -0.0000010130
2   10   3   5   0.0001210411
2   10   3   8   0.0001880212
2   10   4   6   0.0000000913
2   10   4   7   -0.0000169421
2   11   1   6   0.0000293461
2   11   1   7   0.0000001581
2   11   2   5   0.0001210411
2   11   2   8   0.0001880212
2   11   3   5   0.0000006521
2   11   3   8   0.0000010130
2   11   4   6   -0.0000169421
2   11   4   7   -0.0000000913
2   12   1   5   0.0003018035
2   12   1   8   0.0005534703
2   12   2   6   -0.0002626719
2   12   3   7   -0.0002626719
2   12   4   5   0.0002627942
2   12   4   8   0.0002823546
3   7   1   5   0.0001939319
3   7   1   8   0.0001573922
3   7   2   6   0.0001943261
3   7   3   7   0.0001943261
3   7   4   5   0.0001615816
3   7   4   8   0.0001148251
3   8   1   5   -0.0000172948
3   8   1   8   -0.0000272406
3   8   2   6   0.0000161166
3   8   3   7   0.0000161166
3   8   4   5   -0.0000264408
3   8   4   8   -0.0000247286
3   9   1   5   0.0009999451
3   9   1   8   0.0010739096
3   9   2   6   0.0008537642
3   9   3   7   0.0008537642
3   9   4   5   0.0010739096
3   9   4   8   0.0019724576
3   10   1   6   -0.0000022615
3   10   1   7   0.0004197480
3   10   2   5   -0.0000011344
3   10   2   8   -0.0000042296
3   10   3   5   0.0002105574
3   10   3   8   0.0007850311
3   10   4   6   -0.0000091005
3   10   4   7   0.0016891144
3   11   1   6   0.0004197480
3   11   1   7   0.0000022615
3   11   2   5   0.0002105574
3   11   2   8   0.0007850311
3   11   3   5   0.0000011344
3   11   3   8   0.0000042296
3   11   4   6   0.0016891144
3   11   4   7   0.0000091005
3   12   1   5   -0.0006371073
3   12   1   8   -0.0011111044
3   12   2   6   -0.0000120987
3   12   3   7   -0.0000120987
3   12   4   5   -0.0018770209
3   12   4   8   -0.0020906430
4   7   1   6   -0.0000001896
4   7   1   7   0.0000351875
4   7   2   5   -0.0000000367
4   7   2   8   -0.0000002183
4   7   3   5   0.0000068095
4   7   3   8   0.0000405186
4   7   4   6   -0.0000008036
4   7   4   7   0.0001491582
4   8   1   6   -0.0000006521
4   8   1   7   0.0001210411
4   8   2   5   -0.0000001581
4   8   2   8   0.0000000913
4   8   3   5   0.0000293461
4   8   3   8   -0.0000169421
4   8   4   6   -0.0000010130
4   8   4   7   0.0001880212
4   9   1   6   -0.0000011344
4   9   1   7   0.0002105574
4   9   2   5   -0.0000022615
4   9   2   8   -0.0000091005
4   9   3   5   0.0004197480
4   9   3   8   0.0016891144
4   9   4   6   -0.0000042296
4   9   4   7   0.0007850311
4   10   1   5   0.0006116063
4   10   1   8   0.0006489528
4   10   2   6   0.0003916560
4   10   2   7   -0.0000129827
4   10   3   6   -0.0000129827
4   10   3   7   0.0028012532
4   10   4   5   0.0006489528
4   10   4   8   0.0013779308
4   11   2   6   -0.0000129827
4   11   2   7   0.0004365346
4   11   3   6   0.0019730625
4   11   3   7   0.0000129827
4   12   1   6   0.0000032719
4   12   1   7   -0.0006072834
4   12   2   5   0.0000114716
4   12   2   8   0.0000099882
4   12   3   5   -0.0021292045
4   12   3   8   -0.0018538689
4   12   4   6   0.0000033036
4   12   4   7   -0.0006131743
5   7   1   6   0.0000351875
5   7   1   7   0.0000001896
5   7   2   5   0.0000068095
5   7   2   8   0.0000405186
5   7   3   5   0.0000000367
5   7   3   8   0.0000002183
5   7   4   6   0.0001491582
5   7   4   7   0.0000008036
5   8   1   6   0.0001210411
5   8   1   7   0.0000006521
5   8   2   5   0.0000293461
5   8   2   8   -0.0000169421
5   8   3   5   0.0000001581
5   8   3   8   -0.0000000913
5   8   4   6   0.0001880212
5   8   4   7   0.0000010130
5   9   1   6   0.0002105574
5   9   1   7   0.0000011344
5   9   2   5   0.0004197480
5   9   2   8   0.0016891144
5   9   3   5   0.0000022615
5   9   3   8   0.0000091005
5   9   4   6   0.0007850311
5   9   4   7   0.0000042296
5   10   2   6   -0.0000129827
5   10   2   7   0.0019730625
5   10   3   6   0.0004365346
5   10   3   7   0.0000129827
5   11   1   5   0.0006116062
5   11   1   8   0.0006489528
5   11   2   6   0.0028012532
5   11   2   7   0.0000129827
5   11   3   6   0.0000129827
5   11   3   7   0.0003916560
5   11   4   5   0.0006489528
5   11   4   8   0.0013779308
5   12   1   6   -0.0006072834
5   12   1   7   -0.0000032719
5   12   2   5   -0.0021292045
5   12   2   8   -0.0018538689
5   12   3   5   -0.0000114716
5   12   3   8   -0.0000099882
5   12   4   6   -0.0006131743
5   12   4   7   -0.0000033036
6   7   1   5   -0.0000414970
6   7   1   8   -0.0000830083
6   7   2   6   0.0000081689
6   7   3   7   0.0000081689
6   7   4   5   -0.0001503023
6   7   4   8   -0.0001685770
6   8   1   5   0.0003018035
6   8   1   8   0.0002627942
6   8   2   6   -0.0002626719
6   8   3   7   -0.0002626719
6   8   4   5   0.0005534703
6   8   4   8   0.0002823546
6   9   1   5   -0.0006371073
6   9   1   8   -0.0018770209
6   9   2   6   -0.0000120987
6   9   3   7   -0.0000120987
6   9   4   5   -0.0011111044
6   9   4   8   -0.0020906430
6   10   1   6   0.0000114716
6   10   1   7   -0.0021292045
6   10   2   5   0.0000032719
6   10   2   8   0.0000033036
6   10   3   5   -0.0006072834
6   10   3   8   -0.0006131743
6   10   4   6   0.0000099882
6   10   4   7   -0.0018538689
6   11   1   6   -0.0021292045
6   11   1   7   -0.0000114716
6   11   2   5   -0.0006072834
6   11   2   8   -0.0006131743
6   11   3   5   -0.0000032719
6   11   3   8   -0.0000033036
6   11   4   6   -0.0018538689
6   11   4   7   -0.0000099882
6   12   1   5   0.0035370832
6   12   1   8   0.0032123827
6   12   2   6   0.0006568109
6   12   3   7   0.0006568109
6   12   4   5   0.0032123827
6   12   4   8   0.0040718323

End IJAB Block
Begin ABCD Block
1   5   1   5   0.2253483190
1   5   1   8   0.0144447349
1   5   2   6   0.0281457385
1   5   3   7   0.0281457385
1   5   4   5   0.0144447349
1   5   4   8   0.0188227311
1   6   1   6   0.1603924440
1   6   2   5   0.0281459478
1   6   2   8   0.0055499320
1   6   4   6   0.0136314997
1   7   1   7   0.1603924440
1   7   3   5   0.0281459478
1   7   3   8   0.0055499320
1   7   4   7   0.0136314997
1   8   1   5   0.0144447349
1   8   1   8   0.1493835465
1   8   2   6   0.0055499901
1   8   3   7   0.0055499901
1   8   4   5   0.0188249855
1   8   4   8   0.0073265979
2   5   1   6   0.0281459478
2   5   2   5   0.1603924440
2   5   2   8   0.0136314997
2   5   4   6   0.0055499320
2   6   1   5   0.0281457385
2   6   1   8   0.0055499901
2   6   2   6   0.1467815172
2   6   3   7   0.0081744969
2   6   4   5   0.0055499901
2   6   4   8   0.0087911294
2   7   2   7   0.1304325673
2   7   3   6   0.0081744530
2   8   1   6   0.0055499320
2   8   2   5   0.0136314997
2   8   2   8   0.1252506086
2   8   4   6   0.0087914411
3   5   1   7   0.0281459478
3   5   3   5   0.1603924440
3   5   3   8   0.0136314997
3   5   4   7   0.0055499320
3   6   2   7   0.0081744530
3   6   3   6   0.1304325673
3   7   1   5   0.0281457385
3   7   1   8   0.0055499901
3   7   2   6   0.0081744969
3   7   3   7   0.1467815172
3   7   4   5   0.0055499901
3   7   4   8   0.0087911294
3   8   1   7   0.0055499320
3   8   3   5   0.0136314997
3   8   3   8   0.1252506086
3   8   4   7   0.0087914411
4   5   1   5   0.0144447349
4   5   1   8   0.0188249855
4   5   2   6   0.0055499901
4   5   3   7   0.0055499901
4   5   4   5   0.1493835465
4   5   4   8   0.0073265979
4   6   1   6   0.0136314997
4   6   2   5   0.0055499320
4   6   2   8   0.0087914411
4   6   4   6   0.1252506086
4   7   1   7   0.0136314997
4   7   3   5   0.0055499320
4   7   3   8   0.0087914411
4   7   4   7   0.1252506086
4   8   1   5   0.0188227311
4   8   1   8   0.0073265979
4   8   2   6   0.0087911294
4   8   3   7   0.0087911294
4   8   4   5   0.0073265979
4   8   4   8   0.1288386285

End ABCD Block
Begin AIJB Block
1   7   1   5   0.0002067934
1   7   1   8   0.0002241105
1   7   2   5   0.0000022499
1   7   2   8   0.0000018480
1   7   3   5   0.0001764024
1   7   3   8   0.0001368534
1   7   4   6   -0.0000001416
1   7   4   7   0.0000262892
1   7   5   6   0.0000262892
1   7   5   7   0.0000001416
1   7   6   5   -0.0000142030
1   7   6   8   -0.0000058094
1   8   1   5   0.0000022499
1   8   1   8   -0.0000000529
1   8   2   5   0.0069081088
1   8   2   8   0.0054294036
1   8   3   5   -0.0000058046
1   8   3   8   -0.0000160769
1   8   4   6   -0.0000005550
1   8   4   7   0.0001030037
1   8   5   6   0.0001030037
1   8   5   7   0.0000005550
1   8   6   5   0.0001923084
1   8   6   8   0.0001449122
1   9   1   5   0.0001764024
1   9   1   8   0.0001408786
1   9   2   5   -0.0000058046
1   9   2   8   -0.0000158287
1   9   3   5   0.0007911317
1   9   3   8   0.0008424676
1   9   4   6   -0.0000004999
1   9   4   7   0.0000927903
1   9   5   6   0.0000927903
1   9   5   7   0.0000004999
1   9   6   5   -0.0003127925
1   9   6   8   -0.0011544783
1   10   1   6   0.0000000364
1   10   1   7   -0.0000067546
1   10   2   6   -0.0000001164
1   10   2   7   0.0000215973
1   10   3   6   -0.0000014130
1   10   3   7   0.0002622670
1   10   4   5   0.0003087262
1   10   4   8   0.0004246522
1   10   6   6   0.0000101159
1   10   6   7   -0.0018775721
1   11   1   6   -0.0000067546
1   11   1   7   -0.0000000364
1   11   2   6   0.0000215973
1   11   2   7   0.0000001164
1   11   3   6   0.0002622670
1   11   3   7   0.0000014130
1   11   5   5   0.0003087262
1   11   5   8   0.0004246522
1   11   6   6   -0.0018775721
1   11   6   7   -0.0000101159
1   12   1   5   -0.0000142030
1   12   1   8   -0.0000916103
1   12   2   5   0.0001923084
1   12   2   8   0.0003957049
1   12   3   5   -0.0003127925
1   12   3   8   -0.0004405550
1   12   4   6   0.0000017877
1   12   4   7   -0.0003318028
1   12   5   6   -0.0003318028
1   12   5   7   -0.0000017877
1   12   6   5   0.0024776964
1   12   6   8   0.0023447153
2   7   1   6   0.0001946827
2   7   2   6   -0.0000012834
2   7   3   6   0.0001773917
2   7   4   5   0.0000000364
2   7   4   8   0.0000000920
2   7   5   5   -0.0000067546
2   7   5   8   -0.0000170787
2   7   6   6   0.0000117084
2   8   1   6   -0.0000012834
2   8   2   6   0.0008990628
2   8   3   6   0.0000082020
2   8   4   5   -0.0000001164
2   8   4   8   0.0000000267
2   8   5   5   0.0000215973
2   8   5   8   -0.0000049539
2   8   6   6   -0.0002114369
2   9   1   6   0.0001773917
2   9   2   6   0.0000082020
2   9   3   6   0.0006830309
2   9   4   5   -0.0000014130
2   9   4   8   -0.0000061801
2   9   5   5   0.0002622670
2   9   5   8   0.0011470637
2   9   6   6   0.0000304680
2   10   1   5   -0.0000001416
2   10   1   8   -0.0000006155
2   10   2   5   -0.0000005550
2   10   2   8   -0.0000008489
2   10   3   5   -0.0000004999
2   10   3   8   -0.0000019522
2   10   4   6   0.0002247271
2   10   4   7   -0.0000107555
2   10   5   6   -0.0000107555
2   10   5   7   0.0017698643
2   10   6   5   0.0000017877
2   10   6   8   0.0000022530
2   11   1   5   0.0000262892
2   11   1   8   0.0001142395
2   11   2   5   0.0001030037
2   11   2   8   0.0001575616
2   11   3   5   0.0000927903
2   11   3   8   0.0003623352
2   11   4   6   -0.0000107555
2   11   4   7   0.0002263639
2   11   5   6   0.0022209553
2   11   5   7   0.0000107555
2   11   6   5   -0.0003318028
2   11   6   8   -0.0004181677
2   12   1   6   0.0000117084
2   12   2   6   -0.0002114369
2   12   3   6   0.0000304680
2   12   4   5   0.0000101159
2   12   4   8   0.0000087205
2   12   5   5   -0.0018775721
2   12   5   8   -0.0016185846
2   12   6   6   0.0004655317
3   7   1   7   0.0001946827
3   7   2   7   -0.0000012834
3   7   3   7   0.0001773917
3   7   4   5   -0.0000067546
3   7   4   8   -0.0000170787
3   7   5   5   -0.0000000364
3   7   5   8   -0.0000000920
3   7   6   7   0.0000117084
3   8   1   7   -0.0000012834
3   8   2   7   0.0008990628
3   8   3   7   0.0000082020
3   8   4   5   0.0000215973
3   8   4   8   -0.0000049539
3   8   5   5   0.0000001164
3   8   5   8   -0.0000000267
3   8   6   7   -0.0002114369
3   9   1   7   0.0001773917
3   9   2   7   0.0000082020
3   9   3   7   0.0006830309
3   9   4   5   0.0002622670
3   9   4   8   0.0011470637
3   9   5   5   0.0000014130
3   9   5   8   0.0000061801
3   9   6   7   0.0000304680
3   10   1   5   0.0000262892
3   10   1   8   0.0001142395
3   10   2   5   0.0001030037
3   10   2   8   0.0001575616
3   10   3   5   0.0000927903
3   10   3   8   0.0003623352
3   10   4   6   -0.0000107555
3   10   4   7   0.0022209553
3   10   5   6   0.0002263639
3   10   5   7   0.0000107555
3   10   6   5   -0.0003318028
3   10   6   8   -0.0004181677
3   11   1   5   0.0000001416
3   11   1   8   0.0000006155
3   11   2   5   0.0000005550
3   11   2   8   0.0000008489
3   11   3   5   0.0000004999
3   11   3   8   0.0000019522
3   11   4   6   0.0017698643
3   11   4   7   0.0000107555
3   11   5   6   0.0000107555
3   11   5   7   0.0002247271
3   11   6   5   -0.0000017877
3   11   6   8   -0.0000022530
3   12   1   7   0.0000117084
3   12   2   7   -0.0002114369
3   12   3   7   0.0000304680
3   12   4   5   -0.0018775721
3   12   4   8   -0.0016185846
3   12   5   5   -0.0000101159
3   12   5   8   -0.0000087205
3   12   6   7   0.0004655317
4   7   1   5   0.0002241105
4   7   1   8   0.0004198477
4   7   2   5   -0.0000000529
4   7   2   8   -0.0000000998
4   7   3   5   0.0001408786
4   7   3   8   0.0000752055
4   7   4   6   -0.0000006155
4   7   4   7   0.0001142395
4   7   5   6   0.0001142395
4   7   5   7   0.0000006155
4   7   6   5   -0.0000916103
4   7   6   8   -0.0000730445
4   8   1   5   0.0000018480
4   8   1   8   -0.0000000998
4   8   2   5   0.0054294036
4   8   2   8   0.0047300236
4   8   3   5   -0.0000158287
4   8   3   8   -0.0000166864
4   8   4   6   -0.0000008489
4   8   4   7   0.0001575616
4   8   5   6   0.0001575616
4   8   5   7   0.0000008489
4   8   6   5   0.0003957049
4   8   6   8   0.0001735574
4   9   1   5   0.0001368534
4   9   1   8   0.0000752055
4   9   2   5   -0.0000160769
4   9   2   8   -0.0000166864
4   9   3   5   0.0008424676
4   9   3   8   0.0014383845
4   9   4   6   -0.0000019522
4   9   4   7   0.0003623352
4   9   5   6   0.0003623352
4   9   5   7   0.0000019522
4   9   6   5   -0.0004405550
4   9   6   8   -0.0011232860
4   10   1   6   0.0000000920
4   10   1   7   -0.0000170787
4   10   2   6   0.0000000267
4   10   2   7   -0.0000049539
4   10   3   6   -0.0000061801
4   10   3   7   0.0011470637
4   10   4   5   0.0004246522
4   10   4   8   0.0009094878
4   10   6   6   0.0000087205
4   10   6   7   -0.0016185846
4   11   1   6   -0.0000170787
4   11   1   7   -0.0000000920
4   11   2   6   -0.0000049539
4   11   2   7   -0.0000000267
4   11   3   6   0.0011470637
4   11   3   7   0.0000061801
4   11   5   5   0.0004246522
4   11   5   8   0.0009094878
4   11   6   6   -0.0016185846
4   11   6   7   -0.0000087205
4   12   1   5   -0.0000058094
4   12   1   8   -0.0000730445
4   12   2   5   0.0001449122
4   12   2   8   0.0001735574
4   12   3   5   -0.0011544783
4   12   3   8   -0.0011232860
4   12   4   6   0.0000022530
4   12   4   7   -0.0004181677
4   12   5   6   -0.0004181677
4   12   5   7   -0.0000022530
4   12   6   5   0.0023447153
4   12   6   8   0.0030676406

1   7   7   1   -0.1314519259
1   7   7   4   -0.0311528239
1   7   8   1   -0.0000004573
1   7   8   4   -0.0000000484
1   7   9   1   0.0000814678
1   7   9   4   0.0000833597
1   7   10   2   0.0000016185
1   7   10   3   -0.0003004084
1   7   11   2   -0.0003004084
1   7   11   3   -0.0000016185
1   7   12   1   0.0007920725
1   7   12   4   0.0004168462
1   8   7   1   -0.0000004573
1   8   7   4   -0.0000001094
1   8   8   1   -0.2644876615
1   8   8   4   -0.0655350886
1   8   9   1   0.0002436490
1   8   9   4   0.0000537744
1   8   10   2   0.0000009777
1   8   10   3   -0.0001814618
1   8   11   2   -0.0001814618
1   8   11   3   -0.0000009777
1   8   12   1   -0.0014092808
1   8   12   4   -0.0002962832
1   9   7   1   0.0000814678
1   9   7   4   0.0000834907
1   9   8   1   0.0002436490
1   9   8   4   0.0000538355
1   9   9   1   -0.1297032567
1   9   9   4   -0.0293180927
1   9   10   2   0.0000182157
1   9   10   3   -0.0033809355
1   9   11   2   -0.0033809355
1   9   11   3   -0.0000182157
1   9   12   1   0.0093966213
1   9   12   4   0.0037099329
1   10   7   2   0.0000016316
1   10   7   3   -0.0003028286
1   10   8   2   0.0000009816
1   10   8   3   -0.0001821862
1   10   9   2   0.0000182191
1   10   9   3   -0.0033815788
1   10   10   1   -0.1293431616
1   10   10   4   -0.0288639981
1   10   12   2   -0.0000073267
1   10   12   3   0.0013598793
1   11   7   2   -0.0003028286
1   11   7   3   -0.0000016316
1   11   8   2   -0.0001821862
1   11   8   3   -0.0000009816
1   11   9   2   -0.0033815788
1   11   9   3   -0.0000182191
1   11   11   1   -0.1293431616
1   11   11   4   -0.0288639981
1   11   12   2   0.0013598793
1   11   12   3   0.0000073267
1   12   7   1   0.0007920725
1   12   7   4   0.0004136813
1   12   8   1   -0.0014092808
1   12   8   4   -0.0002951578
1   12   9   1   0.0093966213
1   12   9   4   0.0037218449
1   12   10   2   -0.0000074607
1   12   10   3   0.0013847561
1   12   11   2   0.0013847561
1   12   11   3   0.0000074607
1   12   12   1   -0.1344873997
1   12   12   4   -0.0307168624
2   7   7   2   -0.1294209925
2   7   8   2   -0.0000002719
2   7   9   2   0.0000758134
2   7   10   1   0.0000016316
2   7   10   4   0.0000024006
2   7   11   1   -0.0003028286
2   7   11   4   -0.0004455639
2   7   12   2   0.0005097554
2   8   7   2   -0.0000002719
2   8   8   2   -0.1836459024
2   8   9   2   0.0000696593
2   8   10   1   0.0000009816
2   8   10   4   0.0000006402
2   8   11   1   -0.0001821862
2   8   11   4   -0.0001188265
2   8   12   2   -0.0002982992
2   9   7   2   0.0000758134
2   9   8   2   0.0000696593
2   9   9   2   -0.1277160126
2   9   10   1   0.0000182191
2   9   10   4   0.0000223678
2   9   11   1   -0.0033815788
2   9   11   4   -0.0041515964
2   9   12   2   0.0063440855
2   10   7   1   0.0000016185
2   10   7   4   0.0000023721
2   10   8   1   0.0000009777
2   10   8   4   0.0000006356
2   10   9   1   0.0000182157
2   10   9   4   0.0000223833
2   10   10   2   -0.1271164458
2   10   10   3   0.0000068750
2   10   11   2   0.0000068750
2   10   11   3   -0.0006277555
2   10   12   1   -0.0000074607
2   10   12   4   -0.0000054684
2   11   7   1   -0.0003004084
2   11   7   4   -0.0004402832
2   11   8   1   -0.0001814618
2   11   8   4   -0.0001179791
2   11   9   1   -0.0033809355
2   11   9   4   -0.0041544655
2   11   10   2   0.0000068750
2   11   10   3   -0.0006482480
2   11   11   2   -0.1283924494
2   11   11   3   -0.0000068750
2   11   12   1   0.0013847561
2   11   12   4   0.0010149639
2   12   7   2   0.0005097554
2   12   8   2   -0.0002982992
2   12   9   2   0.0063440855
2   12   10   1   -0.0000073267
2   12   10   4   -0.0000053633
2   12   11   1   0.0013598793
2   12   11   4   0.0009954683
2   12   12   2   -0.1299412529
3   7   7   3   -0.1294209925
3   7   8   3   -0.0000002719
3   7   9   3   0.0000758134
3   7   10   1   -0.0003028286
3   7   10   4   -0.0004455639
3   7   11   1   -0.0000016316
3   7   11   4   -0.0000024006
3   7   12   3   0.0005097554
3   8   7   3   -0.0000002719
3   8   8   3   -0.1836459024
3   8   9   3   0.0000696593
3   8   10   1   -0.0001821862
3   8   10   4   -0.0001188265
3   8   11   1   -0.0000009816
3   8   11   4   -0.0000006402
3   8   12   3   -0.0002982993
3   9   7   3   0.0000758134
3   9   8   3   0.0000696593
3   9   9   3   -0.1277160126
3   9   10   1   -0.0033815788
3   9   10   4   -0.0041515964
3   9   11   1   -0.0000182191
3   9   11   4   -0.0000223678
3   9   12   3   0.0063440855
3   10   7   1   -0.0003004084
3   10   7   4   -0.0004402832
3   10   8   1   -0.0001814618
3   10   8   4   -0.0001179791
3   10   9   1   -0.0033809355
3   10   9   4   -0.0041544655
3   10   10   2   0.0000068750
3   10   10   3   -0.1283924494
3   10   11   2   -0.0006482480
3   10   11   3   -0.0000068750
3   10   12   1   0.0013847561
3   10   12   4   0.0010149639
3   11   7   1   -0.0000016185
3   11   7   4   -0.0000023721
3   11   8   1   -0.0000009777
3   11   8   4   -0.0000006356
3   11   9   1   -0.0000182157
3   11   9   4   -0.0000223833
3   11   10   2   -0.0006277555
3   11   10   3   -0.0000068750
3   11   11   2   -0.0000068750
3   11   11   3   -0.1271164458
3   11   12   1   0.0000074607
3   11   12   4   0.0000054684
3   12   7   3   0.0005097554
3   12   8   3   -0.0002982993
3   12   9   3   0.0063440855
3   12   10   1   0.0013598793
3   12   10   4   0.0009954683
3   12   11   1   0.0000073267
3   12   11   4   0.0000053633
3   12   12   3   -0.1299412529
4   7   7   1   -0.0311528239
4   7   7   4   -0.1437108507
4   7   8   1   -0.0000001094
4   7   8   4   -0.0000001702
4   7   9   1   0.0000834907
4   7   9   4   0.0001295297
4   7   10   2   0.0000023721
4   7   10   3   -0.0004402832
4   7   11   2   -0.0004402832
4   7   11   3   -0.0000023721
4   7   12   1   0.0004136813
4   7   12   4   0.0005717148
4   8   7   1   -0.0000000484
4   8   7   4   -0.0000001702
4   8   8   1   -0.0655350886
4   8   8   4   -0.1837889696
4   8   9   1   0.0000538355
4   8   9   4   0.0000521557
4   8   10   2   0.0000006356
4   8   10   3   -0.0001179791
4   8   11   2   -0.0001179791
4   8   11   3   -0.0000006356
4   8   12   1   -0.0002951578
4   8   12   4   -0.0002529049
4   9   7   1   0.0000833597
4   9   7   4   0.0001295297
4   9   8   1   0.0000537744
4   9   8   4   0.0000521557
4   9   9   1   -0.0293180927
4   9   9   4   -0.1412025680
4   9   10   2   0.0000223833
4   9   10   3   -0.0041544655
4   9   11   2   -0.0041544655
4   9   11   3   -0.0000223833
4   9   12   1   0.0037218449
4   9   12   4   0.0050287522
4   10   7   2   0.0000024006
4   10   7   3   -0.0004455639
4   10   8   2   0.0000006402
4   10   8   3   -0.0001188265
4   10   9   2   0.0000223678
4   10   9   3   -0.0041515964
4   10   10   1   -0.0288639981
4   10   10   4   -0.1405576557
4   10   12   2   -0.0000053633
4   10   12   3   0.0009954683
4   11   7   2   -0.0004455639
4   11   7   3   -0.0000024006
4   11   8   2   -0.0001188265
4   11   8   3   -0.0000006402
4   11   9   2   -0.0041515964
4   11   9   3   -0.0000223678
4   11   11   1   -0.0288639981
4   11   11   4   -0.1405576557
4   11   12   2   0.0009954683
4   11   12   3   0.0000053633
4   12   7   1   0.0004168462
4   12   7   4   0.0005717148
4   12   8   1   -0.0002962832
4   12   8   4   -0.0002529049
4   12   9   1   0.0037099329
4   12   9   4   0.0050287522
4   12   10   2   -0.0000054684
4   12   10   3   0.0010149639
4   12   11   2   0.0010149639
4   12   11   3   0.0000054684
4   12   12   1   -0.0307168624
4   12   12   4   -0.1430555800

End AIJB Block
Begin IJKA Block
1   7   1   5   0.0071141117
1   7   1   8   0.0302586947
1   7   2   5   -0.0000022121
1   7   2   8   -0.0000040295
1   7   3   5   -0.0012098912
1   7   3   8   -0.0050869181
1   7   4   6   0.0000139191
1   7   4   7   -0.0025834711
1   7   5   6   -0.0025834711
1   7   5   7   -0.0000139191
1   7   6   5   0.0024308054
1   7   6   8   0.0018338452
1   8   1   5   -0.0019098583
1   8   1   8   -0.0000585270
1   8   2   5   0.0000009749
1   8   2   8   0.0000009131
1   8   3   5   0.0000041185
1   8   3   8   0.0000015575
1   8   4   6   -0.0000001143
1   8   4   7   0.0000212228
1   8   5   6   0.0000212228
1   8   5   7   0.0000001143
1   8   6   5   0.0000373427
1   8   6   8   0.0000008773
1   9   1   5   -0.0088743503
1   9   1   8   -0.0351907470
1   9   2   5   -0.0000011264
1   9   2   8   -0.0000004992
1   9   3   5   0.0001642644
1   9   3   8   0.0007780727
1   9   4   6   0.0000131940
1   9   4   7   -0.0024488815
1   9   5   6   -0.0024488815
1   9   5   7   -0.0000131940
1   9   6   5   0.0024075843
1   9   6   8   0.0020863251
1   10   1   6   0.0002124629
1   10   1   7   -0.0394343915
1   10   2   6   -0.0000000057
1   10   2   7   0.0000010525
1   10   3   6   0.0000007389
1   10   3   7   -0.0001371379
1   10   4   5   -0.0003687312
1   10   4   8   -0.0015937251
1   10   6   6   0.0000004485
1   10   6   7   -0.0000832365
1   11   1   6   -0.0394343915
1   11   1   7   -0.0002124629
1   11   2   6   0.0000010525
1   11   2   7   0.0000000057
1   11   3   6   -0.0001371379
1   11   3   7   -0.0000007389
1   11   5   5   -0.0003687312
1   11   5   8   -0.0015937251
1   11   6   6   -0.0000832365
1   11   6   7   -0.0000004485
1   12   1   5   0.0359022761
1   12   1   8   0.0254322210
1   12   2   5   -0.0000013433
1   12   2   8   -0.0000008249
1   12   3   5   0.0003707232
1   12   3   8   0.0003378750
1   12   4   6   0.0000008144
1   12   4   7   -0.0001511636
1   12   5   6   -0.0001511636
1   12   5   7   -0.0000008144
1   12   6   5   -0.0001752496
1   12   6   8   -0.0012060279
2   7   1   5   0.0000012655
2   7   1   8   -0.0000040653
2   7   2   5   -0.0001325518
2   7   2   8   -0.0001128562
2   7   3   5   0.0000009068
2   7   3   8   -0.0000012373
2   7   4   6   0.0000000079
2   7   4   7   -0.0000014609
2   7   5   6   -0.0000014609
2   7   5   7   -0.0000000079
2   7   6   5   0.0000031768
2   7   6   8   0.0000023757
2   8   1   5   0.0000009556
2   8   1   8   0.0000009063
2   8   2   5   -0.0841524146
2   8   2   8   -0.0718934005
2   8   3   5   0.0002381530
2   8   3   8   0.0002366439
2   8   4   6   -0.0000004924
2   8   4   7   0.0000913919
2   8   5   6   0.0000913919
2   8   5   7   0.0000004924
2   8   6   5   -0.0018368175
2   8   6   8   -0.0018648871
2   9   1   5   0.0000017045
2   9   1   8   -0.0000013783
2   9   2   5   -0.0003760786
2   9   2   8   0.0001195274
2   9   3   5   -0.0000020145
2   9   3   8   -0.0000213194
2   9   4   6   0.0000000202
2   9   4   7   -0.0000037526
2   9   5   6   -0.0000037526
2   9   5   7   -0.0000000202
2   9   6   5   0.0000251860
2   9   6   8   0.0000271537
2   10   1   6   0.0000000031
2   10   1   7   -0.0000005694
2   10   2   6   -0.0000088792
2   10   2   7   0.0016480402
2   10   3   6   0.0000001315
2   10   3   7   -0.0000243981
2   10   4   5   0.0000134455
2   10   4   8   0.0000172682
2   10   6   6   -0.0000002565
2   10   6   7   0.0000476084
2   11   1   6   -0.0000005694
2   11   1   7   -0.0000000031
2   11   2   6   0.0016480402
2   11   2   7   0.0000088792
2   11   3   6   -0.0000243981
2   11   3   7   -0.0000001315
2   11   5   5   0.0000134455
2   11   5   8   0.0000172682
2   11   6   6   0.0000476084
2   11   6   7   0.0000002565
2   12   1   5   0.0000006035
2   12   1   8   0.0000007350
2   12   2   5   -0.0080213019
2   12   2   8   -0.0192707780
2   12   3   5   0.0000333924
2   12   3   8   0.0000264111
2   12   4   6   0.0000001464
2   12   4   7   -0.0000271707
2   12   5   6   -0.0000271707
2   12   5   7   -0.0000001464
2   12   6   5   -0.0000819855
2   12   6   8   -0.0000231420
3   7   1   5   -0.0013299222
3   7   1   8   -0.0055279728
3   7   2   5   -0.0000015755
3   7   2   8   -0.0000009477
3   7   3   5   0.0001972033
3   7   3   8   0.0010454568
3   7   4   6   0.0000149023
3   7   4   7   -0.0027659617
3   7   5   6   -0.0027659617
3   7   5   7   -0.0000149023
3   7   6   5   0.0026933856
3   7   6   8   0.0022769502
3   8   1   5   0.0000046451
3   8   1   8   0.0000013246
3   8   2   5   0.0002344839
3   8   2   8   0.0002351024
3   8   3   5   -0.0018820341
3   8   3   8   -0.0000350615
3   8   4   6   -0.0000013271
3   8   4   7   0.0002463164
3   8   5   6   0.0002463164
3   8   5   7   0.0000013271
3   8   6   5   0.0004490658
3   8   6   8   0.0000111871
3   9   1   5   0.0000473428
3   9   1   8   0.0003784511
3   9   2   5   -0.0000016784
3   9   2   8   -0.0000096239
3   9   3   5   -0.0057984423
3   9   3   8   -0.0213068859
3   9   4   6   0.0000555601
3   9   4   7   -0.0103122834
3   9   5   6   -0.0103122834
3   9   5   7   -0.0000555601
3   9   6   5   0.0105352102
3   9   6   8   0.0084261838
3   10   1   6   0.0000026121
3   10   1   7   -0.0004848217
3   10   2   6   0.0000000271
3   10   2   7   -0.0000050273
3   10   3   6   0.0001622346
3   10   3   7   -0.0301117077
3   10   4   5   -0.0010674753
3   10   4   8   -0.0044984914
3   10   6   6   0.0000060868
3   10   6   7   -0.0011297485
3   11   1   6   -0.0004848217
3   11   1   7   -0.0000026121
3   11   2   6   -0.0000050273
3   11   2   7   -0.0000000271
3   11   3   6   -0.0301117077
3   11   3   7   -0.0001622346
3   11   5   5   -0.0010674753
3   11   5   8   -0.0044984914
3   11   6   6   -0.0011297485
3   11   6   7   -0.0000060868
3   12   1   5   0.0007548686
3   12   1   8   0.0006338219
3   12   2   5   0.0000010504
3   12   2   8   -0.0000059268
3   12   3   5   0.0294811612
3   12   3   8   0.0199583524
3   12   4   6   0.0000050754
3   12   4   7   -0.0009420303
3   12   5   6   -0.0009420303
3   12   5   7   -0.0000050754
3   12   6   5   0.0002989465
3   12   6   8   -0.0018777820
4   7   1   6   0.0000165638
4   7   1   7   -0.0030743337
4   7   2   6   0.0000000080
4   7   2   7   -0.0000014919
4   7   3   6   0.0000154932
4   7   3   7   -0.0028756276
4   7   4   5   0.0001279749
4   7   4   8   0.0006043715
4   7   6   6   0.0000004418
4   7   6   7   -0.0000820033
4   8   1   6   -0.0000000983
4   8   1   7   0.0000182397
4   8   2   6   -0.0000004721
4   8   2   7   0.0000876176
4   8   3   6   -0.0000012642
4   8   3   7   0.0002346374
4   8   4   5   -0.0018176792
4   8   4   8   -0.0000348809
4   8   6   6   0.0000008025
4   8   6   7   -0.0001489461
4   9   1   6   0.0000139506
4   9   1   7   -0.0025893167
4   9   2   6   -0.0000000111
4   9   2   7   0.0000020652
4   9   3   6   0.0000553517
4   9   3   7   -0.0102736111
4   9   4   5   -0.0050345086
4   9   4   8   -0.0190577084
4   9   6   6   0.0000012646
4   9   6   7   -0.0002347167
4   10   1   5   -0.0003306670
4   10   1   8   -0.0014895024
4   10   2   5   0.0000163245
4   10   2   8   0.0000147724
4   10   3   5   -0.0010684013
4   10   3   8   -0.0044132522
4   10   4   6   0.0001753035
4   10   4   7   -0.0325373863
4   10   5   6   -0.0030162721
4   10   5   7   -0.0000162509
4   10   6   5   0.0032778239
4   10   6   8   0.0026346274
4   11   4   6   -0.0263967883
4   11   4   7   -0.0001422195
4   11   5   6   0.0000168331
4   11   5   7   -0.0031243260
4   12   1   6   0.0000008274
4   12   1   7   -0.0001535766
4   12   2   6   0.0000001502
4   12   2   7   -0.0000278785
4   12   3   6   0.0000040590
4   12   3   7   -0.0007533699
4   12   4   5   0.0258028969
4   12   4   8   0.0169152889
4   12   6   6   0.0000167632
4   12   6   7   -0.0031113432
5   7   1   6   -0.0030743337
5   7   1   7   -0.0000165638
5   7   2   6   -0.0000014919
5   7   2   7   -0.0000000080
5   7   3   6   -0.0028756276
5   7   3   7   -0.0000154932
5   7   5   5   0.0001279749
5   7   5   8   0.0006043715
5   7   6   6   -0.0000820033
5   7   6   7   -0.0000004418
5   8   1   6   0.0000182397
5   8   1   7   0.0000000983
5   8   2   6   0.0000876176
5   8   2   7   0.0000004721
5   8   3   6   0.0002346374
5   8   3   7   0.0000012642
5   8   5   5   -0.0018176792
5   8   5   8   -0.0000348809
5   8   6   6   -0.0001489461
5   8   6   7   -0.0000008025
5   9   1   6   -0.0025893167
5   9   1   7   -0.0000139506
5   9   2   6   0.0000020652
5   9   2   7   0.0000000111
5   9   3   6   -0.0102736111
5   9   3   7   -0.0000553517
5   9   5   5   -0.0050345086
5   9   5   8   -0.0190577084
5   9   6   6   -0.0002347167
5   9   6   7   -0.0000012646
5   10   4   6   -0.0031243260
5   10   4   7   -0.0000168331
5   10   5   6   0.0001422195
5   10   5   7   -0.0263967883
5   11   1   5   -0.0003306670
5   11   1   8   -0.0014895024
5   11   2   5   0.0000163245
5   11   2   8   0.0000147724
5   11   3   5   -0.0010684013
5   11   3   8   -0.0044132522
5   11   4   6   0.0000162509
5   11   4   7   -0.0030162721
5   11   5   6   -0.0325373863
5   11   5   7   -0.0001753035
5   11   6   5   0.0032778239
5   11   6   8   0.0026346274
5   12   1   6   -0.0001535766
5   12   1   7   -0.0000008274
5   12   2   6   -0.0000278785
5   12   2   7   -0.0000001502
5   12   3   6   -0.0007533699
5   12   3   7   -0.0000040590
5   12   5   5   0.0258028969
5   12   5   8   0.0169152889
5   12   6   6   -0.0031113432
5   12   6   7   -0.0000167632
6   7   1   5   0.0030141109
6   7   1   8   0.0023443358
6   7   2   5   0.0000019463
6   7   2   8   0.0000011922
6   7   3   5   0.0028851683
6   7   3   8   0.0024593834
6   7   4   6   0.0000003539
6   7   4   7   -0.0000656883
6   7   5   6   -0.0000656883
6   7   5   7   -0.0000003539
6   7   6   5   0.0002507297
6   7   6   8   0.0006774246
6   8   1   5   0.0000328953
6   8   1   8   0.0000008597
6   8   2   5   -0.0019586201
6   8   2   8   -0.0019674674
6   8   3   5   0.0004239501
6   8   3   8   0.0000130327
6   8   4   6   0.0000007814
6   8   4   7   -0.0001450237
6   8   5   6   -0.0001450237
6   8   5   7   -0.0000007814
6   8   6   5   -0.0023317654
6   8   6   8   -0.0001724039
6   9   1   5   0.0026470643
6   9   1   8   0.0022923490
6   9   2   5   0.0000061759
6   9   2   8   -0.0000009702
6   9   3   5   0.0106569230
6   9   3   8   0.0087030190
6   9   4   6   0.0000014649
6   9   4   7   -0.0002718998
6   9   5   6   -0.0002718998
6   9   5   7   -0.0000014649
6   9   6   5   -0.0045108544
6   9   6   8   -0.0176729473
6   10   1   6   0.0000004644
6   10   1   7   -0.0000861910
6   10   2   6   0.0000000532
6   10   2   7   -0.0000098802
6   10   3   6   0.0000041958
6   10   3   7   -0.0007787733
6   10   4   5   0.0032918464
6   10   4   8   0.0026485267
6   10   6   6   0.0001387480
6   10   6   7   -0.0257524668
6   11   1   6   -0.0000861910
6   11   1   7   -0.0000004644
6   11   2   6   -0.0000098802
6   11   2   7   -0.0000000532
6   11   3   6   -0.0007787733
6   11   3   7   -0.0000041958
6   11   5   5   0.0032918464
6   11   5   8   0.0026485267
6   11   6   6   -0.0257524668
6   11   6   7   -0.0001387480
6   12   1   5   -0.0001233236
6   12   1   8   -0.0011052262
6   12   2   5   0.0000462997
6   12   2   8   0.0000659355
6   12   3   5   -0.0002102328
6   12   3   8   -0.0022468572
6   12   4   6   0.0000155715
6   12   4   7   -0.0028901671
6   12   5   6   -0.0028901671
6   12   5   7   -0.0000155715
6   12   6   5   0.0322768957
6   12   6   8   0.0215971549

End IJKA Block
Begin IABC Block
1   5   1   5   -0.0000525462
1   5   1   8   -0.0000276243
1   5   2   6   -0.0000193432
1   5   3   7   -0.0000193432
1   5   4   5   -0.0000403834
1   5   4   8   -0.0000214650
1   6   1   6   -0.0000327447
1   6   2   5   -0.0000195011
1   6   2   8   -0.0000304425
1   6   4   6   -0.0000256038
1   7   1   7   -0.0000327447
1   7   3   5   -0.0000195011
1   7   3   8   -0.0000304425
1   7   4   7   -0.0000256038
1   8   1   5   -0.0000272200
1   8   1   8   -0.0000380089
1   8   2   6   -0.0000300052
1   8   3   7   -0.0000300052
1   8   4   5   -0.0000211336
1   8   4   8   -0.0000263388
2   5   1   5   0.0006857591
2   5   1   8   -0.0007132544
2   5   2   6   0.0015430925
2   5   3   7   0.0015430925
2   5   4   5   -0.0008499891
2   5   4   8   -0.0006027336
2   6   1   6   0.0000982755
2   6   2   5   0.0015516133
2   6   2   8   0.0008920600
2   6   4   6   -0.0001020370
2   7   1   7   0.0000982755
2   7   3   5   0.0015516133
2   7   3   8   0.0008920600
2   7   4   7   -0.0001020370
2   8   1   5   -0.0007180870
2   8   1   8   -0.0006449910
2   8   2   6   0.0008859689
2   8   3   7   0.0008859689
2   8   4   5   -0.0006024999
2   8   4   8   -0.0005099730
3   5   1   5   -0.0002800229
3   5   1   8   -0.0001648456
3   5   2   6   0.0000175713
3   5   3   7   0.0000175713
3   5   4   5   -0.0002946580
3   5   4   8   -0.0001400195
3   6   1   6   -0.0002092847
3   6   2   5   0.0000165667
3   6   2   8   -0.0000221094
3   6   4   6   -0.0002068428
3   7   1   7   -0.0002092847
3   7   3   5   0.0000165667
3   7   3   8   -0.0000221094
3   7   4   7   -0.0002068428
3   8   1   5   -0.0001657598
3   8   1   8   -0.0001961668
3   8   2   6   -0.0000193870
3   8   3   7   -0.0000193870
3   8   4   5   -0.0001395283
3   8   4   8   -0.0002690108
4   5   1   6   -0.0000043953
4   5   1   7   0.0008157959
4   5   2   5   -0.0000051887
4   5   2   8   -0.0000012632
4   5   3   5   0.0009630516
4   5   3   8   0.0002344597
4   5   4   6   -0.0000091652
4   5   4   7   0.0017011169
4   6   1   5   -0.0000043901
4   6   1   8   -0.0000038788
4   6   2   6   -0.0000057447
4   6   2   7   0.0003187396
4   6   3   6   0.0004298836
4   6   3   7   -0.0000017113
4   6   4   5   -0.0000091646
4   6   4   8   -0.0000066887
4   7   1   5   0.0008148300
4   7   1   8   0.0007199234
4   7   2   6   0.0003176240
4   7   2   7   -0.0000023161
4   7   3   6   -0.0000017173
4   7   3   7   0.0010662472
4   7   4   5   0.0017010037
4   7   4   8   0.0012414710
4   8   1   6   -0.0000039078
4   8   1   7   0.0007253188
4   8   2   5   -0.0000012761
4   8   2   8   0.0000006732
4   8   3   5   0.0002368443
4   8   3   8   -0.0001249433
4   8   4   6   -0.0000068064
4   8   4   7   0.0012633029
5   5   1   6   0.0008157959
5   5   1   7   0.0000043953
5   5   2   5   0.0009630516
5   5   2   8   0.0002344597
5   5   3   5   0.0000051887
5   5   3   8   0.0000012632
5   5   4   6   0.0017011169
5   5   4   7   0.0000091652
5   6   1   5   0.0008148300
5   6   1   8   0.0007199234
5   6   2   6   0.0010662472
5   6   2   7   0.0000017173
5   6   3   6   0.0000023161
5   6   3   7   0.0003176240
5   6   4   5   0.0017010037
5   6   4   8   0.0012414710
5   7   1   5   0.0000043901
5   7   1   8   0.0000038788
5   7   2   6   0.0000017113
5   7   2   7   0.0004298836
5   7   3   6   0.0003187396
5   7   3   7   0.0000057447
5   7   4   5   0.0000091646
5   7   4   8   0.0000066887
5   8   1   6   0.0007253188
5   8   1   7   0.0000039078
5   8   2   5   0.0002368443
5   8   2   8   -0.0001249433
5   8   3   5   0.0000012761
5   8   3   8   -0.0000006732
5   8   4   6   0.0012633029
5   8   4   7   0.0000068064
6   5   1   5   -0.0028203084
6   5   1   8   -0.0006108336
6   5   2   6   -0.0016212144
6   5   3   7   -0.0016212144
6   5   4   5   -0.0064518096
6   5   4   8   -0.0023314355
6   6   1   6   -0.0016824298
6   6   2   5   -0.0016277811
6   6   2   8   -0.0009547936
6   6   4   6   -0.0042971033
6   7   1   7   -0.0016824298
6   7   3   5   -0.0016277811
6   7   3   8   -0.0009547936
6   7   4   7   -0.0042971033
6   8   1   5   -0.0006155528
6   8   1   8   -0.0007663607
6   8   2   6   -0.0009537682
6   8   3   7   -0.0009537682
6   8   4   5   -0.0023793808
6   8   4   8   -0.0029861036

End IABC Block
