Begin IJ Block
1   1   -7.2316914980
1   2   -0.1132466995
1   3   0.1004814207
2   2   -7.5668089608
2   3   0.1993639220
3   3   -6.7070775146
4   4   -6.4579302175
4   5   0.0000000000
5   5   -6.4579302176

End IJ Block
Begin IA Block
1   1   0.1068644216
2   1   0.0447007384
3   1   -0.0016209484
4   2   -0.0682587748
4   3   0.1691161466
5   2   0.1691161466
5   3   0.0682587748

End IA Block
Begin AB Block
1   1   -1.6495418063
2   2   -1.2838093054
3   3   -1.2838093054

End AB Block
Begin IJKL Block
1   6   1   6   1.5988051939
1   6   1   7   -0.1229048089
1   6   1   8   0.0993276752
1   6   2   6   -0.1229048089
1   6   2   7   0.0187348823
1   6   2   8   -0.0170010201
1   6   3   6   0.0993276752
1   6   3   7   -0.0170010201
1   6   3   8   0.0163631474
1   6   4   9   0.0016476326
1   6   5   10   0.0016476326
1   7   1   6   -0.1229048089
1   7   1   7   0.4235423775
1   7   1   8   -0.1049894345
1   7   2   6   0.0193219991
1   7   2   7   0.0421324467
1   7   2   8   -0.0032577036
1   7   3   6   -0.0175295150
1   7   3   7   -0.0322284258
1   7   3   8   0.0121573410
1   7   4   9   0.0128535860
1   7   5   10   0.0128535860
1   8   1   6   0.0993276752
1   8   1   7   -0.1049894345
1   8   1   8   0.4287530189
1   8   2   6   -0.0175295150
1   8   2   7   -0.0029152685
1   8   2   8   0.0383180590
1   8   3   6   0.0177078908
1   8   3   7   0.0125139202
1   8   3   8   -0.0304511041
1   8   4   9   -0.0024785773
1   8   5   10   -0.0024785773
1   9   1   9   0.3850941406
1   9   2   9   0.0383667264
1   9   3   9   -0.0277308457
1   9   4   6   0.0023555714
1   9   4   7   0.0133131681
1   9   4   8   -0.0028936822
1   10   1   10   0.3850941406
1   10   2   10   0.0383667264
1   10   3   10   -0.0277308457
1   10   5   6   0.0023555714
1   10   5   7   0.0133131681
1   10   5   8   -0.0028936822
2   6   1   6   -0.1229048089
2   6   1   7   0.0193219991
2   6   1   8   -0.0175295150
2   6   2   6   0.4235423775
2   6   2   7   0.0421324467
2   6   2   8   -0.0322284258
2   6   3   6   -0.1049894345
2   6   3   7   -0.0032577036
2   6   3   8   0.0121573410
2   6   4   9   0.0128535860
2   6   5   10   0.0128535860
2   7   1   6   0.0187348823
2   7   1   7   0.0421324467
2   7   1   8   -0.0029152685
2   7   2   6   0.0421324467
2   7   2   7   0.8676747658
2   7   2   8   -0.0121576217
2   7   3   6   -0.0029152685
2   7   3   7   -0.0121576217
2   7   3   8   0.1569090258
2   7   4   9   0.1475995791
2   7   5   10   0.1475995791
2   8   1   6   -0.0170010201
2   8   1   7   -0.0032577036
2   8   1   8   0.0383180590
2   8   2   6   -0.0322284258
2   8   2   7   -0.0121576217
2   8   2   8   0.8290758056
2   8   3   6   0.0125139202
2   8   3   7   0.1613606641
2   8   3   8   0.0161120071
2   8   4   9   0.0025788909
2   8   5   10   0.0025788909
2   9   1   9   0.0383667264
2   9   2   9   0.8007613979
2   9   2   10   -0.0000000000
2   9   3   9   -0.0014334841
2   9   3   10   0.0000000000
2   9   4   6   0.0133131681
2   9   4   7   0.1524427334
2   9   4   8   0.0026259086
2   10   1   10   0.0383667264
2   10   2   9   -0.0000000000
2   10   2   10   0.8007613979
2   10   3   9   0.0000000000
2   10   3   10   -0.0014334841
2   10   5   6   0.0133131681
2   10   5   7   0.1524427334
2   10   5   8   0.0026259086
3   6   1   6   0.0993276752
3   6   1   7   -0.0175295150
3   6   1   8   0.0177078908
3   6   2   6   -0.1049894345
3   6   2   7   -0.0029152685
3   6   2   8   0.0125139202
3   6   3   6   0.4287530189
3   6   3   7   0.0383180590
3   6   3   8   -0.0304511041
3   6   4   9   -0.0024785773
3   6   5   10   -0.0024785773
3   7   1   6   -0.0170010201
3   7   1   7   -0.0322284258
3   7   1   8   0.0125139202
3   7   2   6   -0.0032577036
3   7   2   7   -0.0121576217
3   7   2   8   0.1613606641
3   7   3   6   0.0383180590
3   7   3   7   0.8290758056
3   7   3   8   0.0161120071
3   7   4   9   0.0025788909
3   7   5   10   0.0025788909
3   8   1   6   0.0163631474
3   8   1   7   0.0121573410
3   8   1   8   -0.0304511041
3   8   2   6   0.0121573410
3   8   2   7   0.1569090258
3   8   2   8   0.0161120071
3   8   3   6   -0.0304511041
3   8   3   7   0.0161120071
3   8   3   8   0.8456685822
3   8   4   9   0.0321117829
3   8   5   10   0.0321117829
3   9   1   9   -0.0277308457
3   9   2   9   -0.0014334841
3   9   2   10   0.0000000000
3   9   3   9   0.7450725870
3   9   4   6   -0.0028936822
3   9   4   7   0.0026259086
3   9   4   8   0.0382662351
3   10   1   10   -0.0277308457
3   10   2   9   0.0000000000
3   10   2   10   -0.0014334841
3   10   3   10   0.7450725870
3   10   5   6   -0.0028936822
3   10   5   7   0.0026259086
3   10   5   8   0.0382662351
4   6   1   9   0.0023555714
4   6   2   9   0.0133131681
4   6   3   9   -0.0028936822
4   6   4   6   0.3850941406
4   6   4   7   0.0383667264
4   6   4   8   -0.0277308457
4   7   1   9   0.0133131681
4   7   2   9   0.1524427334
4   7   3   9   0.0026259086
4   7   4   6   0.0383667264
4   7   4   7   0.8007613979
4   7   4   8   -0.0014334841
4   7   5   7   -0.0000000000
4   7   5   8   0.0000000000
4   8   1   9   -0.0028936822
4   8   2   9   0.0026259086
4   8   3   9   0.0382662351
4   8   4   6   -0.0277308457
4   8   4   7   -0.0014334841
4   8   4   8   0.7450725870
4   8   5   7   0.0000000000
4   9   1   6   0.0016476326
4   9   1   7   0.0128535860
4   9   1   8   -0.0024785773
4   9   2   6   0.0128535860
4   9   2   7   0.1475995791
4   9   2   8   0.0025788909
4   9   3   6   -0.0024785773
4   9   3   7   0.0025788909
4   9   3   8   0.0321117829
4   9   4   9   0.7856708513
4   9   4   10   -0.0000000000
4   9   5   9   -0.0000000000
4   9   5   10   0.0298426684
4   10   4   9   -0.0000000000
4   10   4   10   0.7201152340
4   10   5   9   0.0357129489
4   10   5   10   0.0000000000
5   6   1   10   0.0023555714
5   6   2   10   0.0133131681
5   6   3   10   -0.0028936822
5   6   5   6   0.3850941406
5   6   5   7   0.0383667264
5   6   5   8   -0.0277308457
5   7   1   10   0.0133131681
5   7   2   10   0.1524427334
5   7   3   10   0.0026259086
5   7   4   7   -0.0000000000
5   7   4   8   0.0000000000
5   7   5   6   0.0383667264
5   7   5   7   0.8007613979
5   7   5   8   -0.0014334841
5   8   1   10   -0.0028936822
5   8   2   10   0.0026259086
5   8   3   10   0.0382662351
5   8   4   7   0.0000000000
5   8   5   6   -0.0277308457
5   8   5   7   -0.0014334841
5   8   5   8   0.7450725870
5   9   4   9   -0.0000000000
5   9   4   10   0.0357129489
5   9   5   9   0.7201152340
5   9   5   10   0.0000000000
5   10   1   6   0.0016476326
5   10   1   7   0.0128535860
5   10   1   8   -0.0024785773
5   10   2   6   0.0128535860
5   10   2   7   0.1475995791
5   10   2   8   0.0025788909
5   10   3   6   -0.0024785773
5   10   3   7   0.0025788909
5   10   3   8   0.0321117829
5   10   4   9   0.0298426684
5   10   4   10   0.0000000000
5   10   5   9   0.0000000000
5   10   5   10   0.7856708513

End IJKL Block
Begin IJAB Block
1   6   1   4   0.0043552815
1   6   2   5   0.0001273158
1   6   3   6   0.0001273158
1   7   1   4   -0.0003747884
1   7   2   5   0.0000376816
1   7   3   6   0.0000376816
1   8   1   4   0.0004255895
1   8   2   5   -0.0000196397
1   8   3   6   -0.0000196397
1   9   1   5   -0.0001291648
1   9   1   6   0.0003200153
1   9   2   4   -0.0000688814
1   9   3   4   0.0001706588
1   10   1   5   0.0003200153
1   10   1   6   0.0001291648
1   10   2   4   0.0001706588
1   10   3   4   0.0000688814
2   6   1   4   -0.0003747884
2   6   2   5   0.0000376816
2   6   3   6   0.0000376816
2   7   1   4   0.0003410361
2   7   2   5   0.0008851172
2   7   3   6   0.0008851172
2   8   1   4   -0.0002469646
2   8   2   5   0.0000722384
2   8   3   6   0.0000722384
2   9   1   5   -0.0002767239
2   9   1   6   0.0006856038
2   9   2   4   -0.0001153234
2   9   3   4   0.0002857223
2   10   1   5   0.0006856038
2   10   1   6   0.0002767239
2   10   2   4   0.0002857223
2   10   3   4   0.0001153234
3   6   1   4   0.0004255895
3   6   2   5   -0.0000196397
3   6   3   6   -0.0000196397
3   7   1   4   -0.0002469646
3   7   2   5   0.0000722384
3   7   3   6   0.0000722384
3   8   1   4   0.0003139395
3   8   2   5   0.0003736050
3   8   3   6   0.0003736050
3   9   1   5   0.0000645291
3   9   1   6   -0.0001598756
3   9   2   4   0.0000376040
3   9   3   4   -0.0000931666
3   10   1   5   -0.0001598756
3   10   1   6   -0.0000645291
3   10   2   4   -0.0000931666
3   10   3   4   -0.0000376040
4   6   1   5   -0.0000688814
4   6   1   6   0.0001706588
4   6   2   4   -0.0001291648
4   6   3   4   0.0003200153
4   7   1   5   -0.0001153234
4   7   1   6   0.0002857223
4   7   2   4   -0.0002767239
4   7   3   4   0.0006856038
4   8   1   5   0.0000376040
4   8   1   6   -0.0000931666
4   8   2   4   0.0000645291
4   8   3   4   -0.0001598756
4   9   1   4   0.0005825183
4   9   2   5   0.0007454462
4   9   2   6   -0.0008742431
4   9   3   5   -0.0008742431
4   9   3   6   0.0025585853
4   10   2   5   -0.0008742431
4   10   2   6   0.0001039488
4   10   3   5   0.0017091903
4   10   3   6   0.0008742431
5   6   1   5   0.0001706588
5   6   1   6   0.0000688814
5   6   2   4   0.0003200153
5   6   3   4   0.0001291648
5   7   1   5   0.0002857223
5   7   1   6   0.0001153234
5   7   2   4   0.0006856038
5   7   3   4   0.0002767239
5   8   1   5   -0.0000931666
5   8   1   6   -0.0000376040
5   8   2   4   -0.0001598756
5   8   3   4   -0.0000645291
5   9   2   5   -0.0008742431
5   9   2   6   0.0017091903
5   9   3   5   0.0001039488
5   9   3   6   0.0008742431
5   10   1   4   0.0005825183
5   10   2   5   0.0025585853
5   10   2   6   0.0008742431
5   10   3   5   0.0008742431
5   10   3   6   0.0007454462

End IJAB Block
Begin ABCD Block
1   4   1   4   0.1938591022
1   4   2   5   0.0191708113
1   4   3   6   0.0191708113
1   5   1   5   0.1288695907
1   5   2   4   0.0191710360
1   6   1   6   0.1288695907
1   6   3   4   0.0191710360
2   4   1   5   0.0191710360
2   4   2   4   0.1288695907
2   5   1   4   0.0191708113
2   5   2   5   0.1238770192
2   5   3   6   0.0078780249
2   6   2   6   0.1081210149
2   6   3   5   0.0078779795
3   4   1   6   0.0191710360
3   4   3   4   0.1288695907
3   5   2   6   0.0078779795
3   5   3   5   0.1081210149
3   6   1   4   0.0191708113
3   6   2   5   0.0078780249
3   6   3   6   0.1238770192

End ABCD Block
Begin AIJB Block
1   6   1   4   0.0032360317
1   6   2   4   -0.0002563235
1   6   3   4   0.0002733370
1   6   4   5   -0.0000465241
1   6   4   6   0.0001152668
1   6   5   5   0.0001152668
1   6   5   6   0.0000465241
1   7   1   4   -0.0002563235
1   7   2   4   0.0002502589
1   7   3   4   -0.0001548776
1   7   4   5   -0.0000381565
1   7   4   6   0.0000945354
1   7   5   5   0.0000945354
1   7   5   6   0.0000381565
1   8   1   4   0.0002733370
1   8   2   4   -0.0001548776
1   8   3   4   0.0002696892
1   8   4   5   0.0000204905
1   8   4   6   -0.0000507668
1   8   5   5   -0.0000507668
1   8   5   6   -0.0000204905
1   9   1   5   -0.0001025874
1   9   1   6   0.0002541678
1   9   2   5   -0.0001756436
1   9   2   6   0.0004351699
1   9   3   5   0.0000316585
1   9   3   6   -0.0000784364
1   9   4   4   0.0005814184
1   10   1   5   0.0002541678
1   10   1   6   0.0001025874
1   10   2   5   0.0004351699
1   10   2   6   0.0001756436
1   10   3   5   -0.0000784364
1   10   3   6   -0.0000316585
1   10   5   4   0.0005814184
2   6   1   5   0.0001218276
2   6   2   5   0.0000268204
2   6   3   5   -0.0000114796
2   6   4   4   -0.0001025874
2   6   5   4   0.0002541678
2   7   1   5   0.0000268204
2   7   2   5   0.0006775700
2   7   3   5   0.0000531968
2   7   4   4   -0.0001756436
2   7   5   4   0.0004351699
2   8   1   5   -0.0000114796
2   8   2   5   0.0000531968
2   8   3   5   0.0002263671
2   8   4   4   0.0000316585
2   8   5   4   -0.0000784364
2   9   1   4   -0.0000465241
2   9   2   4   -0.0000381565
2   9   3   4   0.0000204905
2   9   4   5   0.0004833833
2   9   4   6   -0.0006262331
2   9   5   5   -0.0006262331
2   9   5   6   0.0013230170
2   10   1   4   0.0001152668
2   10   2   4   0.0000945354
2   10   3   4   -0.0000507668
2   10   4   5   -0.0006262331
2   10   4   6   -0.0000242390
2   10   5   5   0.0017821612
2   10   5   6   0.0006262331
3   6   1   6   0.0001218276
3   6   2   6   0.0000268204
3   6   3   6   -0.0000114796
3   6   4   4   0.0002541678
3   6   5   4   0.0001025874
3   7   1   6   0.0000268204
3   7   2   6   0.0006775700
3   7   3   6   0.0000531968
3   7   4   4   0.0004351699
3   7   5   4   0.0001756436
3   8   1   6   -0.0000114796
3   8   2   6   0.0000531968
3   8   3   6   0.0002263671
3   8   4   4   -0.0000784364
3   8   5   4   -0.0000316585
3   9   1   4   0.0001152668
3   9   2   4   0.0000945354
3   9   3   4   -0.0000507668
3   9   4   5   -0.0006262331
3   9   4   6   0.0017821612
3   9   5   5   -0.0000242390
3   9   5   6   0.0006262331
3   10   1   4   0.0000465241
3   10   2   4   0.0000381565
3   10   3   4   -0.0000204905
3   10   4   5   0.0013230170
3   10   4   6   0.0006262331
3   10   5   5   0.0006262331
3   10   5   6   0.0004833833

1   6   6   1   -0.2161206556
1   6   7   1   0.0057881740
1   6   8   1   -0.0043952789
1   6   9   2   0.0004074998
1   6   9   3   -0.0010096109
1   6   10   2   -0.0010096109
1   6   10   3   -0.0004074998
1   7   6   1   0.0057881740
1   7   7   1   -0.1541739951
1   7   8   1   0.0122609874
1   7   9   2   0.0018204982
1   7   9   3   -0.0045104184
1   7   10   2   -0.0045104184
1   7   10   3   -0.0018204982
1   8   6   1   -0.0043952789
1   8   7   1   0.0122609874
1   8   8   1   -0.1526832988
1   8   9   2   -0.0002633251
1   8   9   3   0.0006524074
1   8   10   2   0.0006524074
1   8   10   3   0.0002633251
1   9   6   2   0.0004096226
1   9   6   3   -0.0010148701
1   9   7   2   0.0018180872
1   9   7   3   -0.0045044450
1   9   8   2   -0.0002633402
1   9   8   3   0.0006524448
1   9   9   1   -0.1533057879
1   10   6   2   -0.0010148701
1   10   6   3   -0.0004096226
1   10   7   2   -0.0045044450
1   10   7   3   -0.0018180872
1   10   8   2   0.0006524448
1   10   8   3   0.0002633402
1   10   10   1   -0.1533057879
2   6   6   2   -0.1399751768
2   6   7   2   0.0006553654
2   6   8   2   -0.0003637349
2   6   9   1   0.0004096226
2   6   10   1   -0.0010148701
2   7   6   2   0.0006553654
2   7   7   2   -0.1314391900
2   7   8   2   0.0032301969
2   7   9   1   0.0018180872
2   7   10   1   -0.0045044450
2   8   6   2   -0.0003637349
2   8   7   2   0.0032301969
2   8   8   2   -0.1302432131
2   8   9   1   -0.0002633402
2   8   10   1   0.0006524448
2   9   6   1   0.0004074998
2   9   7   1   0.0018204982
2   9   8   1   -0.0002633251
2   9   9   2   -0.1307724588
2   9   9   3   0.0005943233
2   9   10   2   0.0005943233
2   9   10   3   -0.0006087865
2   10   6   1   -0.0010096109
2   10   7   1   -0.0045104184
2   10   8   1   0.0006524074
2   10   9   2   0.0005943233
2   10   9   3   -0.0006238122
2   10   10   2   -0.1320050575
2   10   10   3   -0.0005943233
3   6   6   3   -0.1399751768
3   6   7   3   0.0006553654
3   6   8   3   -0.0003637349
3   6   9   1   -0.0010148701
3   6   10   1   -0.0004096226
3   7   6   3   0.0006553654
3   7   7   3   -0.1314391900
3   7   8   3   0.0032301969
3   7   9   1   -0.0045044450
3   7   10   1   -0.0018180872
3   8   6   3   -0.0003637349
3   8   7   3   0.0032301969
3   8   8   3   -0.1302432131
3   8   9   1   0.0006524448
3   8   10   1   0.0002633402
3   9   6   1   -0.0010096109
3   9   7   1   -0.0045104184
3   9   8   1   0.0006524074
3   9   9   2   0.0005943233
3   9   9   3   -0.1320050575
3   9   10   2   -0.0006238122
3   9   10   3   -0.0005943233
3   10   6   1   -0.0004074998
3   10   7   1   -0.0018204982
3   10   8   1   0.0002633251
3   10   9   2   -0.0006087865
3   10   9   3   -0.0005943233
3   10   10   2   -0.0005943233
3   10   10   3   -0.1307724588

End AIJB Block
Begin IJKA Block
1   6   1   4   -0.0547783950
1   6   2   4   0.0050518423
1   6   3   4   -0.0040755053
1   6   4   5   -0.0001068432
1   6   4   6   0.0002647118
1   6   5   5   0.0002647118
1   6   5   6   0.0001068432
1   7   1   4   0.0035269518
1   7   2   4   -0.0012574055
1   7   3   4   0.0010282021
1   7   4   5   0.0002855950
1   7   4   6   -0.0007075827
1   7   5   5   -0.0007075827
1   7   5   6   -0.0002855950
1   8   1   4   -0.0026316532
1   8   2   4   0.0006408354
1   8   3   4   -0.0007702799
1   8   4   5   -0.0000163430
1   8   4   6   0.0000404911
1   8   5   5   0.0000404911
1   8   5   6   0.0000163430
1   9   1   5   0.0014833071
1   9   1   6   -0.0036750027
1   9   2   5   0.0008183711
1   9   2   6   -0.0020275747
1   9   3   5   -0.0005411377
1   9   3   6   0.0013407085
1   9   4   4   0.0002508115
1   10   1   5   -0.0036750027
1   10   1   6   -0.0014833071
1   10   2   5   -0.0020275747
1   10   2   6   -0.0008183711
1   10   3   5   0.0013407085
1   10   3   6   0.0005411377
1   10   5   4   0.0002508115
2   6   1   4   0.0050406824
2   6   2   4   -0.0077394695
2   6   3   4   0.0032913716
2   6   4   5   0.0000772842
2   6   4   6   -0.0001914773
2   6   5   5   -0.0001914773
2   6   5   6   -0.0000772842
2   7   1   4   -0.0012025371
2   7   2   4   -0.0081398340
2   7   3   4   0.0007506133
2   7   4   5   0.0038160338
2   7   4   6   -0.0094545050
2   7   5   5   -0.0094545050
2   7   5   6   -0.0038160338
2   8   1   4   0.0006373866
2   8   2   4   0.0009183319
2   8   3   4   -0.0034296839
2   8   4   5   0.0003126160
2   8   4   6   -0.0007745291
2   8   5   5   -0.0007745291
2   8   5   6   -0.0003126160
2   9   1   5   0.0007485036
2   9   1   6   -0.0018544728
2   9   2   5   0.0110027230
2   9   2   6   -0.0272600573
2   9   3   5   0.0004651221
2   9   3   6   -0.0011523744
2   9   4   4   -0.0001961948
2   10   1   5   -0.0018544728
2   10   1   6   -0.0007485036
2   10   2   5   -0.0272600573
2   10   2   6   -0.0110027230
2   10   3   5   -0.0011523744
2   10   3   6   -0.0004651221
2   10   5   4   -0.0001961948
3   6   1   4   -0.0041086095
3   6   2   4   0.0031803457
3   6   3   4   -0.0081983370
3   6   4   5   0.0000489071
3   6   4   6   -0.0001211710
3   6   5   5   -0.0001211710
3   6   5   6   -0.0000489071
3   7   1   4   0.0009903945
3   7   2   4   0.0008282889
3   7   3   4   -0.0078715363
3   7   4   5   0.0001885472
3   7   4   6   -0.0004671395
3   7   5   5   -0.0004671395
3   7   5   6   -0.0001885472
3   8   1   4   -0.0007729574
3   8   2   4   -0.0032765332
3   8   3   4   0.0008670468
3   8   4   5   0.0010894001
3   8   4   6   -0.0026990690
3   8   5   5   -0.0026990690
3   8   5   6   -0.0010894001
3   9   1   5   -0.0004743837
3   9   1   6   0.0011753207
3   9   2   5   0.0004125542
3   9   2   6   -0.0010221333
3   9   3   5   0.0098174634
3   9   3   6   -0.0243234894
3   9   4   4   -0.0000691595
3   10   1   5   0.0011753207
3   10   1   6   0.0004743837
3   10   2   5   -0.0010221333
3   10   2   6   -0.0004125542
3   10   3   5   -0.0243234894
3   10   3   6   -0.0098174634
3   10   5   4   -0.0000691595
4   6   1   5   -0.0001139809
4   6   1   6   0.0002823961
4   6   2   5   0.0000895557
4   6   2   6   -0.0002218809
4   6   3   5   0.0000490107
4   6   3   6   -0.0001214275
4   6   4   4   -0.0059699503
4   7   1   5   0.0002548142
4   7   1   6   -0.0006313209
4   7   2   5   0.0038026453
4   7   2   6   -0.0094213340
4   7   3   5   0.0001900412
4   7   3   6   -0.0004708411
4   7   4   4   -0.0068106126
4   8   1   5   -0.0000069988
4   8   1   6   0.0000173400
4   8   2   5   0.0002896676
4   8   2   6   -0.0007176728
4   8   3   5   0.0011024476
4   8   3   6   -0.0027313951
4   8   4   4   0.0002726866
4   9   1   4   0.0001887429
4   9   2   4   -0.0003569031
4   9   3   4   -0.0001129678
4   9   4   5   0.0117068674
4   9   4   6   -0.0290046269
4   9   5   5   -0.0026168646
4   9   5   6   -0.0010562207
4   10   4   5   -0.0236506178
4   10   4   6   -0.0095458785
4   10   5   5   0.0011047681
4   10   5   6   -0.0027371445
5   6   1   5   0.0002823961
5   6   1   6   0.0001139809
5   6   2   5   -0.0002218809
5   6   2   6   -0.0000895557
5   6   3   5   -0.0001214275
5   6   3   6   -0.0000490107
5   6   5   4   -0.0059699503
5   7   1   5   -0.0006313209
5   7   1   6   -0.0002548142
5   7   2   5   -0.0094213340
5   7   2   6   -0.0038026453
5   7   3   5   -0.0004708411
5   7   3   6   -0.0001900412
5   7   5   4   -0.0068106126
5   8   1   5   0.0000173400
5   8   1   6   0.0000069988
5   8   2   5   -0.0007176728
5   8   2   6   -0.0002896676
5   8   3   5   -0.0027313951
5   8   3   6   -0.0011024476
5   8   5   4   0.0002726866
5   9   4   5   -0.0027371445
5   9   4   6   -0.0011047681
5   9   5   5   0.0095458785
5   9   5   6   -0.0236506178
5   10   1   4   0.0001887429
5   10   2   4   -0.0003569031
5   10   3   4   -0.0001129678
5   10   4   5   0.0010562207
5   10   4   6   -0.0026168646
5   10   5   5   -0.0290046269
5   10   5   6   -0.0117068674

End IJKA Block
Begin IABC Block
1   4   1   4   0.0009077104
1   4   2   5   0.0003032098
1   4   3   6   0.0003032098
1   5   1   5   0.0000881223
1   5   2   4   0.0003038453
1   6   1   6   0.0000881223
1   6   3   4   0.0003038453
2   4   1   4   -0.0002474729
2   4   2   5   -0.0000676533
2   4   3   6   -0.0000676533
2   5   1   5   0.0000197768
2   5   2   4   -0.0000699524
2   6   1   6   0.0000197768
2   6   3   4   -0.0000699524
3   4   1   4   0.0006219439
3   4   2   5   -0.0001143635
3   4   3   6   -0.0001143635
3   5   1   5   -0.0002144467
3   5   2   4   -0.0001125771
3   6   1   6   -0.0002144467
3   6   3   4   -0.0001125771
4   4   1   5   -0.0006558873
4   4   1   6   0.0016250092
4   4   2   4   -0.0002892930
4   4   3   4   0.0007167447
4   5   1   4   -0.0006496225
4   5   2   5   -0.0001724932
4   5   2   6   0.0002361470
4   5   3   5   -0.0000443391
4   5   3   6   -0.0000950755
4   6   1   4   0.0016094876
4   6   2   5   0.0002355566
4   6   2   6   0.0000178962
4   6   3   5   -0.0000953138
4   6   3   6   0.0004273646
5   4   1   5   0.0016250092
5   4   1   6   0.0006558873
5   4   2   4   0.0007167447
5   4   3   4   0.0002892930
5   5   1   4   0.0016094876
5   5   2   5   0.0004273646
5   5   2   6   0.0000953138
5   5   3   5   -0.0000178962
5   5   3   6   0.0002355566
5   6   1   4   0.0006496225
5   6   2   5   0.0000950755
5   6   2   6   -0.0000443391
5   6   3   5   0.0002361470
5   6   3   6   0.0001724932

End IABC Block
