Begin IJ Block
1   1   -40.8902352476
1   2   0.0000947494
1   3   0.7522839259
1   6   0.0217911097
2   2   -5.8936087613
2   3   -0.0000987960
2   6   -0.0118126499
3   3   -9.2933260746
3   6   -0.0581653628
4   4   -8.1712946853
4   5   0.0000000000
5   5   -8.1712946853
6   6   -7.8512917761

End IJ Block
Begin IA Block
1   1   -0.0056107858
1   4   -0.0360762844
2   1   0.1046482493
2   4   0.0711067678
3   1   0.0340102241
3   4   0.1751218640
4   2   0.1603674587
4   3   -0.1398903884
5   2   0.1398903884
5   3   0.1603674587
6   1   -0.2310142168
6   4   -0.2256340932

End IA Block
Begin AB Block
1   1   -1.8094943519
1   4   -0.4214159523
2   2   -1.6172672860
3   3   -1.6172672860
4   4   -1.8042836988

End AB Block
Begin IJKL Block
1   7   1   7   5.3484670312
1   7   1   8   -0.0000563591
1   7   1   9   -0.5324678451
1   7   1   12   -0.0150941221
1   7   2   7   -0.0000563591
1   7   2   8   0.0000000435
1   7   2   9   0.0000077561
1   7   2   12   -0.0000028544
1   7   3   7   -0.5324678451
1   7   3   8   0.0000077561
1   7   3   9   0.0816347120
1   7   3   12   0.0024665289
1   7   4   10   0.0317130418
1   7   5   11   0.0317130418
1   7   6   7   -0.0150941221
1   7   6   8   -0.0000028544
1   7   6   9   0.0024665289
1   7   6   12   0.0286853598
1   8   1   7   -0.0000563591
1   8   1   8   0.1610637728
1   8   1   9   0.0001561672
1   8   1   12   -0.0006441810
1   8   2   7   0.0000003140
1   8   2   8   -0.0000042653
1   8   2   9   0.0000003980
1   8   2   12   -0.0000001792
1   8   3   7   0.0000086044
1   8   3   8   0.0000053704
1   8   3   9   -0.0000017642
1   8   3   12   0.0000017331
1   8   4   10   0.0000049960
1   8   5   11   0.0000049960
1   8   6   7   -0.0000038928
1   8   6   8   -0.0012935769
1   8   6   9   -0.0000065703
1   8   6   12   0.0000129643
1   9   1   7   -0.5324678451
1   9   1   8   0.0001561672
1   9   1   9   1.2639195890
1   9   1   12   0.0207442831
1   9   2   7   0.0000086044
1   9   2   8   -0.0000001429
1   9   2   9   -0.0000025157
1   9   2   12   -0.0000041708
1   9   3   7   0.0861989293
1   9   3   8   -0.0000022886
1   9   3   9   -0.0237907104
1   9   3   12   -0.0006488486
1   9   4   10   0.0360358532
1   9   5   11   0.0360358532
1   9   6   7   0.0023919914
1   9   6   8   -0.0000055604
1   9   6   9   -0.0007916791
1   9   6   12   0.0329203411
1   10   1   10   1.1674397818
1   10   1   11   0.0000000000
1   10   2   10   -0.0000017921
1   10   3   10   -0.0155599761
1   10   3   11   0.0000000000
1   10   4   7   0.0368942123
1   10   4   8   0.0000051342
1   10   4   9   0.0366825998
1   10   4   12   0.0008161133
1   10   6   10   -0.0005805744
1   11   1   10   0.0000000000
1   11   1   11   1.1674397818
1   11   2   11   -0.0000017921
1   11   3   10   0.0000000000
1   11   3   11   -0.0155599761
1   11   5   7   0.0368942123
1   11   5   8   0.0000051342
1   11   5   9   0.0366825998
1   11   5   12   0.0008161133
1   11   6   11   -0.0005805744
1   12   1   7   -0.0150941221
1   12   1   8   -0.0006441810
1   12   1   9   0.0207442831
1   12   1   12   1.1023539411
1   12   2   7   -0.0000038928
1   12   2   8   -0.0000006240
1   12   2   9   -0.0000053121
1   12   2   12   -0.0000016115
1   12   3   7   0.0023919914
1   12   3   8   0.0000015794
1   12   3   9   -0.0007001843
1   12   3   12   -0.0144181760
1   12   4   10   0.0007443237
1   12   5   11   0.0007443237
1   12   6   7   0.0339402270
1   12   6   8   0.0000123539
1   12   6   9   0.0339210191
1   12   6   12   0.0006219728
2   7   1   7   -0.0000563591
2   7   1   8   0.0000003140
2   7   1   9   0.0000086044
2   7   1   12   -0.0000038928
2   7   2   7   0.1610637728
2   7   2   8   -0.0000042653
2   7   2   9   0.0000053704
2   7   2   12   -0.0012935769
2   7   3   7   0.0001561672
2   7   3   8   0.0000003980
2   7   3   9   -0.0000017642
2   7   3   12   -0.0000065703
2   7   4   10   0.0000049960
2   7   5   11   0.0000049960
2   7   6   7   -0.0006441810
2   7   6   8   -0.0000001792
2   7   6   9   0.0000017331
2   7   6   12   0.0000129643
2   8   1   7   0.0000000435
2   8   1   8   -0.0000042653
2   8   1   9   -0.0000001429
2   8   1   12   -0.0000006240
2   8   2   7   -0.0000042653
2   8   2   8   1.6356028393
2   8   2   9   -0.0007917579
2   8   2   12   0.0170694196
2   8   3   7   -0.0000001429
2   8   3   8   -0.0007917579
2   8   3   9   0.0000023056
2   8   3   12   -0.0000260861
2   8   4   10   0.0000041885
2   8   5   11   0.0000041885
2   8   6   7   -0.0000006240
2   8   6   8   0.0170694196
2   8   6   9   -0.0000260861
2   8   6   12   0.0001745676
2   9   1   7   0.0000077561
2   9   1   8   0.0000003980
2   9   1   9   -0.0000025157
2   9   1   12   -0.0000053121
2   9   2   7   0.0000053704
2   9   2   8   -0.0007917579
2   9   2   9   0.1614098258
2   9   2   12   -0.0164662196
2   9   3   7   -0.0000022886
2   9   3   8   0.0000036492
2   9   3   9   0.0001115021
2   9   3   12   -0.0000312051
2   9   4   10   0.0000263849
2   9   5   11   0.0000263849
2   9   6   7   0.0000015794
2   9   6   8   -0.0000124439
2   9   6   9   -0.0005979468
2   9   6   12   0.0001137061
2   10   1   10   -0.0000017921
2   10   2   10   0.1605631387
2   10   3   10   0.0001054006
2   10   4   7   0.0000051342
2   10   4   8   0.0000002607
2   10   4   9   0.0000284238
2   10   4   12   -0.0000122055
2   10   6   10   -0.0005720907
2   11   1   11   -0.0000017921
2   11   2   11   0.1605631387
2   11   3   11   0.0001054006
2   11   5   7   0.0000051342
2   11   5   8   0.0000002607
2   11   5   9   0.0000284238
2   11   5   12   -0.0000122055
2   11   6   11   -0.0005720907
2   12   1   7   -0.0000028544
2   12   1   8   -0.0000001792
2   12   1   9   -0.0000041708
2   12   1   12   -0.0000016115
2   12   2   7   -0.0012935769
2   12   2   8   0.0170694196
2   12   2   9   -0.0164662196
2   12   2   12   0.1751001092
2   12   3   7   -0.0000055604
2   12   3   8   -0.0000124439
2   12   3   9   -0.0000250226
2   12   3   12   0.0001035871
2   12   4   10   -0.0000087234
2   12   5   11   -0.0000087234
2   12   6   7   0.0000123539
2   12   6   8   0.0003818453
2   12   6   9   0.0001138218
2   12   6   12   -0.0006301291
3   7   1   7   -0.5324678451
3   7   1   8   0.0000086044
3   7   1   9   0.0861989293
3   7   1   12   0.0023919914
3   7   2   7   0.0001561672
3   7   2   8   -0.0000001429
3   7   2   9   -0.0000022886
3   7   2   12   -0.0000055604
3   7   3   7   1.2639195890
3   7   3   8   -0.0000025157
3   7   3   9   -0.0237907104
3   7   3   12   -0.0007916791
3   7   4   10   0.0360358532
3   7   5   11   0.0360358532
3   7   6   7   0.0207442831
3   7   6   8   -0.0000041708
3   7   6   9   -0.0006488486
3   7   6   12   0.0329203411
3   8   1   7   0.0000077561
3   8   1   8   0.0000053704
3   8   1   9   -0.0000022886
3   8   1   12   0.0000015794
3   8   2   7   0.0000003980
3   8   2   8   -0.0007917579
3   8   2   9   0.0000036492
3   8   2   12   -0.0000124439
3   8   3   7   -0.0000025157
3   8   3   8   0.1614098258
3   8   3   9   0.0001115021
3   8   3   12   -0.0005979468
3   8   4   10   0.0000263849
3   8   5   11   0.0000263849
3   8   6   7   -0.0000053121
3   8   6   8   -0.0164662196
3   8   6   9   -0.0000312051
3   8   6   12   0.0001137061
3   9   1   7   0.0816347120
3   9   1   8   -0.0000017642
3   9   1   9   -0.0237907104
3   9   1   12   -0.0007001843
3   9   2   7   -0.0000017642
3   9   2   8   0.0000023056
3   9   2   9   0.0001115021
3   9   2   12   -0.0000250226
3   9   3   7   -0.0237907104
3   9   3   8   0.0001115021
3   9   3   9   0.8717868700
3   9   3   12   0.0099914459
3   9   4   10   0.1529034001
3   9   5   11   0.1529034001
3   9   6   7   -0.0007001843
3   9   6   8   -0.0000250226
3   9   6   9   0.0099914459
3   9   6   12   0.1426965460
3   10   1   10   -0.0155599761
3   10   1   11   0.0000000000
3   10   2   10   0.0001054006
3   10   3   10   0.8162922969
3   10   4   7   0.0366825998
3   10   4   8   0.0000284238
3   10   4   9   0.1575781481
3   10   4   12   0.0019583188
3   10   6   10   0.0087674654
3   11   1   10   0.0000000000
3   11   1   11   -0.0155599761
3   11   2   11   0.0001054006
3   11   3   11   0.8162922969
3   11   5   7   0.0366825998
3   11   5   8   0.0000284238
3   11   5   9   0.1575781481
3   11   5   12   0.0019583188
3   11   6   11   0.0087674654
3   12   1   7   0.0024665289
3   12   1   8   0.0000017331
3   12   1   9   -0.0006488486
3   12   1   12   -0.0144181760
3   12   2   7   -0.0000065703
3   12   2   8   -0.0000260861
3   12   2   9   -0.0000312051
3   12   2   12   0.0001035871
3   12   3   7   -0.0007916791
3   12   3   8   -0.0005979468
3   12   3   9   0.0099914459
3   12   3   12   0.7779253018
3   12   4   10   0.0018332088
3   12   5   11   0.0018332088
3   12   6   7   0.0339210191
3   12   6   8   0.0001138218
3   12   6   9   0.1481129013
3   12   6   12   0.0089862328
4   7   1   10   0.0368942123
4   7   2   10   0.0000051342
4   7   3   10   0.0366825998
4   7   4   7   1.1674397818
4   7   4   8   -0.0000017921
4   7   4   9   -0.0155599761
4   7   4   12   -0.0005805744
4   7   5   7   0.0000000000
4   7   5   9   0.0000000000
4   7   6   10   0.0008161133
4   8   1   10   0.0000051342
4   8   2   10   0.0000002607
4   8   3   10   0.0000284238
4   8   4   7   -0.0000017921
4   8   4   8   0.1605631387
4   8   4   9   0.0001054006
4   8   4   12   -0.0005720907
4   8   6   10   -0.0000122055
4   9   1   10   0.0366825998
4   9   2   10   0.0000284238
4   9   3   10   0.1575781481
4   9   4   7   -0.0155599761
4   9   4   8   0.0001054006
4   9   4   9   0.8162922969
4   9   4   12   0.0087674654
4   9   5   7   0.0000000000
4   9   6   10   0.0019583188
4   10   1   7   0.0317130418
4   10   1   8   0.0000049960
4   10   1   9   0.0360358532
4   10   1   12   0.0007443237
4   10   2   7   0.0000049960
4   10   2   8   0.0000041885
4   10   2   9   0.0000263849
4   10   2   12   -0.0000087234
4   10   3   7   0.0360358532
4   10   3   8   0.0000263849
4   10   3   9   0.1529034001
4   10   3   12   0.0018332088
4   10   4   10   0.8123392303
4   10   4   11   -0.0000000000
4   10   5   10   -0.0000000000
4   10   5   11   0.0315986905
4   10   6   7   0.0007443237
4   10   6   8   -0.0000087234
4   10   6   9   0.0018332088
4   10   6   12   0.0295714469
4   11   4   10   -0.0000000000
4   11   4   11   0.7430706177
4   11   5   10   0.0376699220
4   11   5   11   -0.0000000000
4   12   1   10   0.0008161133
4   12   2   10   -0.0000122055
4   12   3   10   0.0019583188
4   12   4   7   -0.0005805744
4   12   4   8   -0.0005720907
4   12   4   9   0.0087674654
4   12   4   12   0.7095476728
4   12   5   12   -0.0000000000
4   12   6   10   0.0354336162
5   7   1   11   0.0368942123
5   7   2   11   0.0000051342
5   7   3   11   0.0366825998
5   7   4   7   0.0000000000
5   7   4   9   0.0000000000
5   7   5   7   1.1674397818
5   7   5   8   -0.0000017921
5   7   5   9   -0.0155599761
5   7   5   12   -0.0005805744
5   7   6   11   0.0008161133
5   8   1   11   0.0000051342
5   8   2   11   0.0000002607
5   8   3   11   0.0000284238
5   8   5   7   -0.0000017921
5   8   5   8   0.1605631387
5   8   5   9   0.0001054006
5   8   5   12   -0.0005720907
5   8   6   11   -0.0000122055
5   9   1   11   0.0366825998
5   9   2   11   0.0000284238
5   9   3   11   0.1575781481
5   9   4   7   0.0000000000
5   9   5   7   -0.0155599761
5   9   5   8   0.0001054006
5   9   5   9   0.8162922969
5   9   5   12   0.0087674654
5   9   6   11   0.0019583188
5   10   4   10   -0.0000000000
5   10   4   11   0.0376699220
5   10   5   10   0.7430706177
5   10   5   11   -0.0000000000
5   11   1   7   0.0317130418
5   11   1   8   0.0000049960
5   11   1   9   0.0360358532
5   11   1   12   0.0007443237
5   11   2   7   0.0000049960
5   11   2   8   0.0000041885
5   11   2   9   0.0000263849
5   11   2   12   -0.0000087234
5   11   3   7   0.0360358532
5   11   3   8   0.0000263849
5   11   3   9   0.1529034001
5   11   3   12   0.0018332088
5   11   4   10   0.0315986905
5   11   4   11   -0.0000000000
5   11   5   10   -0.0000000000
5   11   5   11   0.8123392303
5   11   6   7   0.0007443237
5   11   6   8   -0.0000087234
5   11   6   9   0.0018332088
5   11   6   12   0.0295714469
5   12   1   11   0.0008161133
5   12   2   11   -0.0000122055
5   12   3   11   0.0019583188
5   12   4   12   -0.0000000000
5   12   5   7   -0.0005805744
5   12   5   8   -0.0005720907
5   12   5   9   0.0087674654
5   12   5   12   0.7095476729
5   12   6   11   0.0354336162
6   7   1   7   -0.0150941221
6   7   1   8   -0.0000038928
6   7   1   9   0.0023919914
6   7   1   12   0.0339402270
6   7   2   7   -0.0006441810
6   7   2   8   -0.0000006240
6   7   2   9   0.0000015794
6   7   2   12   0.0000123539
6   7   3   7   0.0207442831
6   7   3   8   -0.0000053121
6   7   3   9   -0.0007001843
6   7   3   12   0.0339210191
6   7   4   10   0.0007443237
6   7   5   11   0.0007443237
6   7   6   7   1.1023539411
6   7   6   8   -0.0000016115
6   7   6   9   -0.0144181760
6   7   6   12   0.0006219728
6   8   1   7   -0.0000028544
6   8   1   8   -0.0012935769
6   8   1   9   -0.0000055604
6   8   1   12   0.0000123539
6   8   2   7   -0.0000001792
6   8   2   8   0.0170694196
6   8   2   9   -0.0000124439
6   8   2   12   0.0003818453
6   8   3   7   -0.0000041708
6   8   3   8   -0.0164662196
6   8   3   9   -0.0000250226
6   8   3   12   0.0001138218
6   8   4   10   -0.0000087234
6   8   5   11   -0.0000087234
6   8   6   7   -0.0000016115
6   8   6   8   0.1751001092
6   8   6   9   0.0001035871
6   8   6   12   -0.0006301291
6   9   1   7   0.0024665289
6   9   1   8   -0.0000065703
6   9   1   9   -0.0007916791
6   9   1   12   0.0339210191
6   9   2   7   0.0000017331
6   9   2   8   -0.0000260861
6   9   2   9   -0.0005979468
6   9   2   12   0.0001138218
6   9   3   7   -0.0006488486
6   9   3   8   -0.0000312051
6   9   3   9   0.0099914459
6   9   3   12   0.1481129013
6   9   4   10   0.0018332088
6   9   5   11   0.0018332088
6   9   6   7   -0.0144181760
6   9   6   8   0.0001035871
6   9   6   9   0.7779253018
6   9   6   12   0.0089862328
6   10   1   10   -0.0005805744
6   10   2   10   -0.0005720907
6   10   3   10   0.0087674654
6   10   4   7   0.0008161133
6   10   4   8   -0.0000122055
6   10   4   9   0.0019583188
6   10   4   12   0.0354336162
6   10   6   10   0.7095476728
6   10   6   11   -0.0000000000
6   11   1   11   -0.0005805744
6   11   2   11   -0.0005720907
6   11   3   11   0.0087674654
6   11   5   7   0.0008161133
6   11   5   8   -0.0000122055
6   11   5   9   0.0019583188
6   11   5   12   0.0354336162
6   11   6   10   -0.0000000000
6   11   6   11   0.7095476729
6   12   1   7   0.0286853598
6   12   1   8   0.0000129643
6   12   1   9   0.0329203411
6   12   1   12   0.0006219728
6   12   2   7   0.0000129643
6   12   2   8   0.0001745676
6   12   2   9   0.0001137061
6   12   2   12   -0.0006301291
6   12   3   7   0.0329203411
6   12   3   8   0.0001137061
6   12   3   9   0.1426965460
6   12   3   12   0.0089862328
6   12   4   10   0.0295714469
6   12   5   11   0.0295714469
6   12   6   7   0.0006219728
6   12   6   8   -0.0006301291
6   12   6   9   0.0089862328
6   12   6   12   0.7406987121

End IJKL Block
Begin IJAB Block
1   7   1   5   0.0002222600
1   7   1   8   0.0003042407
1   7   2   6   0.0001327427
1   7   3   7   0.0001327427
1   7   4   5   0.0003042407
1   7   4   8   0.0005872683
1   8   1   5   0.0000011369
1   8   1   8   -0.0000010948
1   8   2   6   -0.0000005012
1   8   3   7   -0.0000005012
1   8   4   5   0.0000011448
1   8   4   8   -0.0000009509
1   9   1   5   0.0002217036
1   9   1   8   0.0002722369
1   9   2   6   0.0001319666
1   9   3   7   0.0001319666
1   9   4   5   0.0002678126
1   9   4   8   0.0003135311
1   10   1   6   0.0000019575
1   10   1   7   -0.0000017076
1   10   2   5   0.0000144754
1   10   2   8   0.0000847129
1   10   3   5   -0.0000126271
1   10   3   8   -0.0000738961
1   10   4   6   0.0000249035
1   10   4   7   -0.0000217236
1   11   1   6   0.0000017076
1   11   1   7   0.0000019575
1   11   2   5   0.0000126271
1   11   2   8   0.0000738961
1   11   3   5   0.0000144754
1   11   3   8   0.0000847129
1   11   4   6   0.0000217236
1   11   4   7   0.0000249035
1   12   1   5   -0.0000306421
1   12   1   8   -0.0001580119
1   12   2   6   0.0000052970
1   12   3   7   0.0000052970
1   12   4   5   -0.0001029384
1   12   4   8   -0.0002518988
2   7   1   5   0.0000011369
2   7   1   8   0.0000011448
2   7   2   6   -0.0000005012
2   7   3   7   -0.0000005012
2   7   4   5   -0.0000010948
2   7   4   8   -0.0000009509
2   8   1   5   0.0111127398
2   8   1   8   0.0086849037
2   8   2   6   0.0016414473
2   8   3   7   0.0016414473
2   8   4   5   0.0086849037
2   8   4   8   0.0081990253
2   9   1   5   -0.0000066545
2   9   1   8   -0.0000117854
2   9   2   6   0.0000107909
2   9   3   7   0.0000107909
2   9   4   5   -0.0000140321
2   9   4   8   -0.0000069125
2   10   1   6   -0.0000022730
2   10   1   7   0.0000019828
2   10   2   5   0.0000624269
2   10   2   8   0.0001183669
2   10   3   5   -0.0000544557
2   10   3   8   -0.0001032528
2   10   4   6   -0.0000170749
2   10   4   7   0.0000148947
2   11   1   6   -0.0000019828
2   11   1   7   -0.0000022730
2   11   2   5   0.0000544557
2   11   2   8   0.0001032528
2   11   3   5   0.0000624269
2   11   3   8   0.0001183669
2   11   4   6   -0.0000148947
2   11   4   7   -0.0000170749
2   12   1   5   0.0003509761
2   12   1   8   0.0006391088
2   12   2   6   -0.0003111115
2   12   3   7   -0.0003111115
2   12   4   5   0.0002454525
2   12   4   8   0.0001071186
3   7   1   5   0.0002217036
3   7   1   8   0.0002678126
3   7   2   6   0.0001319666
3   7   3   7   0.0001319666
3   7   4   5   0.0002722369
3   7   4   8   0.0003135311
3   8   1   5   -0.0000066545
3   8   1   8   -0.0000140321
3   8   2   6   0.0000107909
3   8   3   7   0.0000107909
3   8   4   5   -0.0000117854
3   8   4   8   -0.0000069125
3   9   1   5   0.0011072058
3   9   1   8   0.0014606523
3   9   2   6   0.0005978981
3   9   3   7   0.0005978981
3   9   4   5   0.0014606523
3   9   4   8   0.0026925705
3   10   1   6   0.0001653060
3   10   1   7   -0.0001441983
3   10   2   5   0.0000867994
3   10   2   8   0.0004469703
3   10   3   5   -0.0000757161
3   10   3   8   -0.0003898974
3   10   4   6   0.0009944093
3   10   4   7   -0.0008674348
3   11   1   6   0.0001441983
3   11   1   7   0.0001653060
3   11   2   5   0.0000757161
3   11   2   8   0.0003898974
3   11   3   5   0.0000867994
3   11   3   8   0.0004469703
3   11   4   6   0.0008674348
3   11   4   7   0.0009944093
3   12   1   5   -0.0004701934
3   12   1   8   -0.0012203241
3   12   2   6   -0.0000317742
3   12   3   7   -0.0000317742
3   12   4   5   -0.0019923782
3   12   4   8   -0.0031789251
4   7   1   6   0.0000144754
4   7   1   7   -0.0000126271
4   7   2   5   0.0000019575
4   7   2   8   0.0000249035
4   7   3   5   -0.0000017076
4   7   3   8   -0.0000217236
4   7   4   6   0.0000847129
4   7   4   7   -0.0000738961
4   8   1   6   0.0000624269
4   8   1   7   -0.0000544557
4   8   2   5   -0.0000022730
4   8   2   8   -0.0000170749
4   8   3   5   0.0000019828
4   8   3   8   0.0000148947
4   8   4   6   0.0001183669
4   8   4   7   -0.0001032528
4   9   1   6   0.0000867994
4   9   1   7   -0.0000757161
4   9   2   5   0.0001653060
4   9   2   8   0.0009944093
4   9   3   5   -0.0001441983
4   9   3   8   -0.0008674348
4   9   4   6   0.0004469703
4   9   4   7   -0.0003898974
4   10   1   5   0.0006570770
4   10   1   8   0.0007799442
4   10   2   6   0.0012419684
4   10   2   7   -0.0008353241
4   10   3   6   -0.0008353241
4   10   3   7   0.0010130329
4   10   4   5   0.0007799442
4   10   4   8   0.0016359610
4   11   2   6   0.0008353241
4   11   2   7   0.0006655462
4   11   3   6   -0.0004366107
4   11   3   7   -0.0008353241
4   12   1   6   -0.0004232141
4   12   1   7   0.0003691745
4   12   2   5   -0.0014789903
4   12   2   8   -0.0018228638
4   12   3   5   0.0012901403
4   12   3   8   0.0015901052
4   12   4   6   -0.0005264494
4   12   4   7   0.0004592279
5   7   1   6   0.0000126271
5   7   1   7   0.0000144754
5   7   2   5   0.0000017076
5   7   2   8   0.0000217236
5   7   3   5   0.0000019575
5   7   3   8   0.0000249035
5   7   4   6   0.0000738961
5   7   4   7   0.0000847129
5   8   1   6   0.0000544557
5   8   1   7   0.0000624269
5   8   2   5   -0.0000019828
5   8   2   8   -0.0000148947
5   8   3   5   -0.0000022730
5   8   3   8   -0.0000170749
5   8   4   6   0.0001032528
5   8   4   7   0.0001183669
5   9   1   6   0.0000757161
5   9   1   7   0.0000867994
5   9   2   5   0.0001441983
5   9   2   8   0.0008674348
5   9   3   5   0.0001653060
5   9   3   8   0.0009944093
5   9   4   6   0.0003898974
5   9   4   7   0.0004469703
5   10   2   6   0.0008353241
5   10   2   7   -0.0004366107
5   10   3   6   0.0006655462
5   10   3   7   -0.0008353241
5   11   1   5   0.0006570770
5   11   1   8   0.0007799442
5   11   2   6   0.0010130329
5   11   2   7   0.0008353241
5   11   3   6   0.0008353241
5   11   3   7   0.0012419684
5   11   4   5   0.0007799442
5   11   4   8   0.0016359610
5   12   1   6   -0.0003691745
5   12   1   7   -0.0004232141
5   12   2   5   -0.0012901403
5   12   2   8   -0.0015901052
5   12   3   5   -0.0014789903
5   12   3   8   -0.0018228638
5   12   4   6   -0.0004592279
5   12   4   7   -0.0005264494
6   7   1   5   -0.0000306421
6   7   1   8   -0.0001029384
6   7   2   6   0.0000052970
6   7   3   7   0.0000052970
6   7   4   5   -0.0001580119
6   7   4   8   -0.0002518988
6   8   1   5   0.0003509761
6   8   1   8   0.0002454525
6   8   2   6   -0.0003111115
6   8   3   7   -0.0003111115
6   8   4   5   0.0006391088
6   8   4   8   0.0001071186
6   9   1   5   -0.0004701934
6   9   1   8   -0.0019923782
6   9   2   6   -0.0000317742
6   9   3   7   -0.0000317742
6   9   4   5   -0.0012203241
6   9   4   8   -0.0031789251
6   10   1   6   -0.0014789903
6   10   1   7   0.0012901403
6   10   2   5   -0.0004232141
6   10   2   8   -0.0005264494
6   10   3   5   0.0003691745
6   10   3   8   0.0004592279
6   10   4   6   -0.0018228638
6   10   4   7   0.0015901052
6   11   1   6   -0.0012901403
6   11   1   7   -0.0014789903
6   11   2   5   -0.0003691745
6   11   2   8   -0.0004592279
6   11   3   5   -0.0004232141
6   11   3   8   -0.0005264494
6   11   4   6   -0.0015901052
6   11   4   7   -0.0018228638
6   12   1   5   0.0043652636
6   12   1   8   0.0052829872
6   12   2   6   0.0006908632
6   12   3   7   0.0006908632
6   12   4   5   0.0052829872
6   12   4   8   0.0076480944

End IJAB Block
Begin ABCD Block
1   5   1   5   0.2318446318
1   5   1   8   0.0079946743
1   5   2   6   0.0330435902
1   5   3   7   0.0330435902
1   5   4   5   0.0079946743
1   5   4   8   0.0229784064
1   6   1   6   0.1758443712
1   6   2   5   0.0330441429
1   6   2   8   0.0074140206
1   6   4   6   0.0140836412
1   7   1   7   0.1758443712
1   7   3   5   0.0330441429
1   7   3   8   0.0074140206
1   7   4   7   0.0140836412
1   8   1   5   0.0079946743
1   8   1   8   0.1669334917
1   8   2   6   0.0074137454
1   8   3   7   0.0074137454
1   8   4   5   0.0229856940
1   8   4   8   0.0096316815
2   5   1   6   0.0330441429
2   5   2   5   0.1758443712
2   5   2   8   0.0140836412
2   5   4   6   0.0074140206
2   6   1   5   0.0330435902
2   6   1   8   0.0074137454
2   6   2   6   0.1628008651
2   6   3   7   0.0087986731
2   6   4   5   0.0074137454
2   6   4   8   0.0105567644
2   7   2   7   0.1452035677
2   7   3   6   0.0087986243
2   8   1   6   0.0074140206
2   8   2   5   0.0140836412
2   8   2   8   0.1428087229
2   8   4   6   0.0105573279
3   5   1   7   0.0330441429
3   5   3   5   0.1758443712
3   5   3   8   0.0140836412
3   5   4   7   0.0074140206
3   6   2   7   0.0087986243
3   6   3   6   0.1452035677
3   7   1   5   0.0330435902
3   7   1   8   0.0074137454
3   7   2   6   0.0087986731
3   7   3   7   0.1628008651
3   7   4   5   0.0074137454
3   7   4   8   0.0105567644
3   8   1   7   0.0074140206
3   8   3   5   0.0140836412
3   8   3   8   0.1428087229
3   8   4   7   0.0105573279
4   5   1   5   0.0079946743
4   5   1   8   0.0229856940
4   5   2   6   0.0074137454
4   5   3   7   0.0074137454
4   5   4   5   0.1669334917
4   5   4   8   0.0096316815
4   6   1   6   0.0140836412
4   6   2   5   0.0074140206
4   6   2   8   0.0105573279
4   6   4   6   0.1428087229
4   7   1   7   0.0140836412
4   7   3   5   0.0074140206
4   7   3   8   0.0105573279
4   7   4   7   0.1428087229
4   8   1   5   0.0229784064
4   8   1   8   0.0096316815
4   8   2   6   0.0105567644
4   8   3   7   0.0105567644
4   8   4   5   0.0096316815
4   8   4   8   0.1501874048

End ABCD Block
Begin AIJB Block
1   7   1   5   0.0002254787
1   7   1   8   0.0003021077
1   7   2   5   0.0000012112
1   7   2   8   0.0000013773
1   7   3   5   0.0002088515
1   7   3   8   0.0002441942
1   7   4   6   0.0000106533
1   7   4   7   -0.0000092930
1   7   5   6   0.0000092930
1   7   5   7   0.0000106533
1   7   6   5   -0.0000079754
1   7   6   8   -0.0000103440
1   8   1   5   0.0000012112
1   8   1   8   -0.0000008438
1   8   2   5   0.0086812684
1   8   2   8   0.0066320529
1   8   3   5   -0.0000008319
1   8   3   8   -0.0000093640
1   8   4   6   0.0000536738
1   8   4   7   -0.0000468202
1   8   5   6   0.0000468202
1   8   5   7   0.0000536738
1   8   6   5   0.0002242310
1   8   6   8   0.0000979607
1   9   1   5   0.0002088515
1   9   1   8   0.0002491503
1   9   2   5   -0.0000008319
1   9   2   8   -0.0000048551
1   9   3   5   0.0009161178
1   9   3   8   0.0011933065
1   9   4   6   0.0000369625
1   9   4   7   -0.0000322428
1   9   5   6   0.0000322428
1   9   5   7   0.0000369625
1   9   6   5   -0.0001631844
1   9   6   8   -0.0011263977
1   10   1   6   -0.0000034867
1   10   1   7   0.0000030415
1   10   2   6   -0.0000020962
1   10   2   7   0.0000018285
1   10   3   6   0.0000883128
1   10   3   7   -0.0000770363
1   10   4   5   0.0002633305
1   10   4   8   0.0004110568
1   10   6   6   -0.0014113487
1   10   6   7   0.0012311357
1   11   1   6   -0.0000030415
1   11   1   7   -0.0000034867
1   11   2   6   -0.0000018285
1   11   2   7   -0.0000020962
1   11   3   6   0.0000770363
1   11   3   7   0.0000883128
1   11   5   5   0.0002633305
1   11   5   8   0.0004110568
1   11   6   6   -0.0012311357
1   11   6   7   -0.0014113487
1   12   1   5   -0.0000079754
1   12   1   8   -0.0000903559
1   12   2   5   0.0002242310
1   12   2   8   0.0004506593
1   12   3   5   -0.0001631844
1   12   3   8   -0.0004090205
1   12   4   6   -0.0002026686
1   12   4   7   0.0001767902
1   12   5   6   -0.0001767902
1   12   5   7   -0.0002026686
1   12   6   5   0.0031737486
1   12   6   8   0.0039180845
2   7   1   6   0.0001326420
2   7   2   6   -0.0000007430
2   7   3   6   0.0001213769
2   7   4   5   -0.0000034867
2   7   4   8   -0.0000102333
2   7   5   5   -0.0000030415
2   7   5   8   -0.0000089266
2   7   6   6   0.0000077209
2   8   1   6   -0.0000007430
2   8   2   6   0.0014344312
2   8   3   6   0.0000047174
2   8   4   5   -0.0000020962
2   8   4   8   -0.0000043450
2   8   5   5   -0.0000018285
2   8   5   8   -0.0000037902
2   8   6   6   -0.0002489390
2   9   1   6   0.0001213769
2   9   2   6   0.0000047174
2   9   3   6   0.0004821417
2   9   4   5   0.0000883128
2   9   4   8   0.0006598706
2   9   5   5   0.0000770363
2   9   5   8   0.0005756127
2   9   6   6   0.0000246801
2   10   1   5   0.0000106533
2   10   1   8   0.0000641790
2   10   2   5   0.0000536738
2   10   2   8   0.0001024455
2   10   3   5   0.0000369625
2   10   3   8   0.0001963328
2   10   4   6   0.0010041651
2   10   4   7   -0.0007422902
2   10   5   6   0.0007422902
2   10   5   7   -0.0004911519
2   10   6   5   -0.0002026686
2   10   6   8   -0.0003479476
2   11   1   5   0.0000092930
2   11   1   8   0.0000559841
2   11   2   5   0.0000468202
2   11   2   8   0.0000893644
2   11   3   5   0.0000322428
2   11   3   8   0.0001712634
2   11   4   6   0.0007422902
2   11   4   7   0.0006945898
2   11   5   6   0.0008007272
2   11   5   7   0.0007422902
2   11   6   5   -0.0001767902
2   11   6   8   -0.0003035187
2   12   1   6   0.0000077209
2   12   2   6   -0.0002489390
2   12   3   6   0.0000246801
2   12   4   5   -0.0014113487
2   12   4   8   -0.0016666059
2   12   5   5   -0.0012311357
2   12   5   8   -0.0014537996
2   12   6   6   0.0004483118
3   7   1   7   0.0001326420
3   7   2   7   -0.0000007430
3   7   3   7   0.0001213769
3   7   4   5   0.0000030415
3   7   4   8   0.0000089266
3   7   5   5   -0.0000034867
3   7   5   8   -0.0000102333
3   7   6   7   0.0000077209
3   8   1   7   -0.0000007430
3   8   2   7   0.0014344312
3   8   3   7   0.0000047174
3   8   4   5   0.0000018285
3   8   4   8   0.0000037902
3   8   5   5   -0.0000020962
3   8   5   8   -0.0000043450
3   8   6   7   -0.0002489390
3   9   1   7   0.0001213769
3   9   2   7   0.0000047174
3   9   3   7   0.0004821417
3   9   4   5   -0.0000770363
3   9   4   8   -0.0005756127
3   9   5   5   0.0000883128
3   9   5   8   0.0006598706
3   9   6   7   0.0000246801
3   10   1   5   -0.0000092930
3   10   1   8   -0.0000559841
3   10   2   5   -0.0000468202
3   10   2   8   -0.0000893644
3   10   3   5   -0.0000322428
3   10   3   8   -0.0001712634
3   10   4   6   -0.0007422902
3   10   4   7   0.0008007272
3   10   5   6   0.0006945898
3   10   5   7   -0.0007422902
3   10   6   5   0.0001767902
3   10   6   8   0.0003035187
3   11   1   5   0.0000106533
3   11   1   8   0.0000641790
3   11   2   5   0.0000536738
3   11   2   8   0.0001024455
3   11   3   5   0.0000369625
3   11   3   8   0.0001963328
3   11   4   6   -0.0004911519
3   11   4   7   -0.0007422902
3   11   5   6   0.0007422902
3   11   5   7   0.0010041651
3   11   6   5   -0.0002026686
3   11   6   8   -0.0003479476
3   12   1   7   0.0000077209
3   12   2   7   -0.0002489390
3   12   3   7   0.0000246801
3   12   4   5   0.0012311357
3   12   4   8   0.0014537996
3   12   5   5   -0.0014113487
3   12   5   8   -0.0016666059
3   12   6   7   0.0004483118
4   7   1   5   0.0003021077
4   7   1   8   0.0005695850
4   7   2   5   -0.0000008438
4   7   2   8   -0.0000010846
4   7   3   5   0.0002491503
4   7   3   8   0.0002625292
4   7   4   6   0.0000641790
4   7   4   7   -0.0000559841
4   7   5   6   0.0000559841
4   7   5   7   0.0000641790
4   7   6   5   -0.0000903559
4   7   6   8   -0.0001062857
4   8   1   5   0.0000013773
4   8   1   8   -0.0000010846
4   8   2   5   0.0066320529
4   8   2   8   0.0062875904
4   8   3   5   -0.0000048551
4   8   3   8   -0.0000060088
4   8   4   6   0.0001024455
4   8   4   7   -0.0000893644
4   8   5   6   0.0000893644
4   8   5   7   0.0001024455
4   8   6   5   0.0004506593
4   8   6   8   0.0000090427
4   9   1   5   0.0002441942
4   9   1   8   0.0002625292
4   9   2   5   -0.0000093640
4   9   2   8   -0.0000060088
4   9   3   5   0.0011933065
4   9   3   8   0.0020615036
4   9   4   6   0.0001963328
4   9   4   7   -0.0001712634
4   9   5   6   0.0001712634
4   9   5   7   0.0001963328
4   9   6   5   -0.0004090205
4   9   6   8   -0.0016609509
4   10   1   6   -0.0000102333
4   10   1   7   0.0000089266
4   10   2   6   -0.0000043450
4   10   2   7   0.0000037902
4   10   3   6   0.0006598706
4   10   3   7   -0.0005756127
4   10   4   5   0.0004110568
4   10   4   8   0.0009776605
4   10   6   6   -0.0016666059
4   10   6   7   0.0014537996
4   11   1   6   -0.0000089266
4   11   1   7   -0.0000102333
4   11   2   6   -0.0000037902
4   11   2   7   -0.0000043450
4   11   3   6   0.0005756127
4   11   3   7   0.0006598706
4   11   5   5   0.0004110568
4   11   5   8   0.0009776605
4   11   6   6   -0.0014537996
4   11   6   7   -0.0016666059
4   12   1   5   -0.0000103440
4   12   1   8   -0.0001062857
4   12   2   5   0.0000979607
4   12   2   8   0.0000090427
4   12   3   5   -0.0011263977
4   12   3   8   -0.0016609509
4   12   4   6   -0.0003479476
4   12   4   7   0.0003035187
4   12   5   6   -0.0003035187
4   12   5   7   -0.0003479476
4   12   6   5   0.0039180845
4   12   6   8   0.0058906381

1   7   7   1   -0.1219375701
1   7   7   4   -0.0331788009
1   7   8   1   0.0000003457
1   7   8   4   -0.0000000697
1   7   9   1   0.0001008742
1   7   9   4   0.0001286616
1   7   10   2   -0.0001733223
1   7   10   3   0.0001511910
1   7   11   2   -0.0001511910
1   7   11   3   -0.0001733223
1   7   12   1   0.0006680109
1   7   12   4   0.0004024612
1   8   7   1   0.0000003457
1   8   7   4   -0.0000000936
1   8   8   1   -0.2810764057
1   8   8   4   -0.0642173291
1   8   9   1   0.0000529734
1   8   9   4   0.0000049712
1   8   10   2   -0.0000613831
1   8   10   3   0.0000535452
1   8   11   2   -0.0000535452
1   8   11   3   -0.0000613831
1   8   12   1   -0.0008948401
1   8   12   4   -0.0000366500
1   9   7   1   0.0001008742
1   9   7   4   0.0001285163
1   9   8   1   0.0000529734
1   9   8   4   0.0000047246
1   9   9   1   -0.1196565524
1   9   9   4   -0.0302158390
1   9   10   2   -0.0019819737
1   9   10   3   0.0017288986
1   9   11   2   -0.0017288986
1   9   11   3   -0.0019819737
1   9   12   1   0.0079118113
1   9   12   4   0.0034530653
1   10   7   2   -0.0001749809
1   10   7   3   0.0001526379
1   10   8   2   -0.0000617088
1   10   8   3   0.0000538293
1   10   9   2   -0.0019818984
1   10   9   3   0.0017288329
1   10   10   1   -0.1190793728
1   10   10   4   -0.0294409830
1   10   12   2   0.0008012453
1   10   12   3   -0.0006989356
1   11   7   2   -0.0001526379
1   11   7   3   -0.0001749809
1   11   8   2   -0.0000538293
1   11   8   3   -0.0000617088
1   11   9   2   -0.0017288329
1   11   9   3   -0.0019818984
1   11   11   1   -0.1190793728
1   11   11   4   -0.0294409830
1   11   12   2   0.0006989356
1   11   12   3   0.0008012453
1   12   7   1   0.0006680109
1   12   7   4   0.0003958710
1   12   8   1   -0.0008948401
1   12   8   4   -0.0000333607
1   12   9   1   0.0079118113
1   12   9   4   0.0034651056
1   12   10   2   0.0008219710
1   12   10   3   -0.0007170148
1   12   11   2   0.0007170148
1   12   11   3   0.0008219710
1   12   12   1   -0.1241659907
1   12   12   4   -0.0314873265
2   7   7   2   -0.1216815039
2   7   8   2   0.0000000130
2   7   9   2   0.0000525303
2   7   10   1   -0.0001749809
2   7   10   4   -0.0002661262
2   7   11   1   -0.0001526379
2   7   11   4   -0.0002321450
2   7   12   2   0.0005354297
2   8   7   2   0.0000000130
2   8   8   2   -0.2084311351
2   8   9   2   0.0000191575
2   8   10   1   -0.0000617088
2   8   10   4   -0.0000406718
2   8   11   1   -0.0000538293
2   8   11   4   -0.0000354784
2   8   12   2   -0.0002209601
2   9   7   2   0.0000525303
2   9   8   2   0.0000191575
2   9   9   2   -0.1205120962
2   9   10   1   -0.0019818984
2   9   10   4   -0.0025063942
2   9   11   1   -0.0017288329
2   9   11   4   -0.0021863566
2   9   12   2   0.0066732044
2   10   7   1   -0.0001733223
2   10   7   4   -0.0002622554
2   10   8   1   -0.0000613831
2   10   8   4   -0.0000403990
2   10   9   1   -0.0019819737
2   10   9   4   -0.0025082823
2   10   10   2   -0.1205110653
2   10   10   3   0.0004261341
2   10   11   2   -0.0004261341
2   10   11   3   -0.0000659794
2   10   12   1   0.0008219710
2   10   12   4   0.0007923733
2   11   7   1   -0.0001511910
2   11   7   4   -0.0002287684
2   11   8   1   -0.0000535452
2   11   8   4   -0.0000352405
2   11   9   1   -0.0017288986
2   11   9   4   -0.0021880037
2   11   10   2   -0.0004261341
2   11   10   3   -0.0000508103
2   11   11   2   -0.1203942756
2   11   11   3   -0.0004261341
2   11   12   1   0.0007170148
2   11   12   4   0.0006911964
2   12   7   2   0.0005354297
2   12   8   2   -0.0002209601
2   12   9   2   0.0066732044
2   12   10   1   0.0008012453
2   12   10   4   0.0007693832
2   12   11   1   0.0006989356
2   12   11   4   0.0006711418
2   12   12   2   -0.1237693046
3   7   7   3   -0.1216815039
3   7   8   3   0.0000000130
3   7   9   3   0.0000525303
3   7   10   1   0.0001526379
3   7   10   4   0.0002321450
3   7   11   1   -0.0001749809
3   7   11   4   -0.0002661262
3   7   12   3   0.0005354297
3   8   7   3   0.0000000130
3   8   8   3   -0.2084311351
3   8   9   3   0.0000191575
3   8   10   1   0.0000538293
3   8   10   4   0.0000354784
3   8   11   1   -0.0000617088
3   8   11   4   -0.0000406718
3   8   12   3   -0.0002209601
3   9   7   3   0.0000525303
3   9   8   3   0.0000191575
3   9   9   3   -0.1205120962
3   9   10   1   0.0017288329
3   9   10   4   0.0021863566
3   9   11   1   -0.0019818984
3   9   11   4   -0.0025063942
3   9   12   3   0.0066732044
3   10   7   1   0.0001511910
3   10   7   4   0.0002287684
3   10   8   1   0.0000535452
3   10   8   4   0.0000352405
3   10   9   1   0.0017288986
3   10   9   4   0.0021880037
3   10   10   2   0.0004261341
3   10   10   3   -0.1203942756
3   10   11   2   -0.0000508103
3   10   11   3   0.0004261341
3   10   12   1   -0.0007170148
3   10   12   4   -0.0006911964
3   11   7   1   -0.0001733223
3   11   7   4   -0.0002622554
3   11   8   1   -0.0000613831
3   11   8   4   -0.0000403990
3   11   9   1   -0.0019819737
3   11   9   4   -0.0025082823
3   11   10   2   -0.0000659794
3   11   10   3   0.0004261341
3   11   11   2   -0.0004261341
3   11   11   3   -0.1205110653
3   11   12   1   0.0008219710
3   11   12   4   0.0007923733
3   12   7   3   0.0005354297
3   12   8   3   -0.0002209601
3   12   9   3   0.0066732044
3   12   10   1   -0.0006989356
3   12   10   4   -0.0006711418
3   12   11   1   0.0008012453
3   12   11   4   0.0007693832
3   12   12   3   -0.1237693046
4   7   7   1   -0.0331788009
4   7   7   4   -0.1463177780
4   7   8   1   -0.0000000936
4   7   8   4   -0.0000002151
4   7   9   1   0.0001285163
4   7   9   4   0.0002056643
4   7   10   2   -0.0002622554
4   7   10   3   0.0002287684
4   7   11   2   -0.0002287684
4   7   11   3   -0.0002622554
4   7   12   1   0.0003958710
4   7   12   4   0.0009055697
4   8   7   1   -0.0000000697
4   8   7   4   -0.0000002151
4   8   8   1   -0.0642173291
4   8   8   4   -0.2172052508
4   8   9   1   0.0000047246
4   8   9   4   0.0000095410
4   8   10   2   -0.0000403990
4   8   10   3   0.0000352405
4   8   11   2   -0.0000352405
4   8   11   3   -0.0000403990
4   8   12   1   -0.0000333607
4   8   12   4   -0.0000451921
4   9   7   1   0.0001286616
4   9   7   4   0.0002056643
4   9   8   1   0.0000049712
4   9   8   4   0.0000095410
4   9   9   1   -0.0302158390
4   9   9   4   -0.1420025046
4   9   10   2   -0.0025082823
4   9   10   3   0.0021880037
4   9   11   2   -0.0021880037
4   9   11   3   -0.0025082823
4   9   12   1   0.0034651056
4   9   12   4   0.0082499180
4   10   7   2   -0.0002661262
4   10   7   3   0.0002321450
4   10   8   2   -0.0000406718
4   10   8   3   0.0000354784
4   10   9   2   -0.0025063942
4   10   9   3   0.0021863566
4   10   10   1   -0.0294409830
4   10   10   4   -0.1409386214
4   10   12   2   0.0007693832
4   10   12   3   -0.0006711418
4   11   7   2   -0.0002321450
4   11   7   3   -0.0002661262
4   11   8   2   -0.0000354784
4   11   8   3   -0.0000406718
4   11   9   2   -0.0021863566
4   11   9   3   -0.0025063942
4   11   11   1   -0.0294409830
4   11   11   4   -0.1409386214
4   11   12   2   0.0006711418
4   11   12   3   0.0007693832
4   12   7   1   0.0004024612
4   12   7   4   0.0009055697
4   12   8   1   -0.0000366500
4   12   8   4   -0.0000451921
4   12   9   1   0.0034530653
4   12   9   4   0.0082499180
4   12   10   2   0.0007923733
4   12   10   3   -0.0006911964
4   12   11   2   0.0006911964
4   12   11   3   0.0007923733
4   12   12   1   -0.0314873265
4   12   12   4   -0.1453783376

End AIJB Block
Begin IJKA Block
1   7   1   5   0.0044479701
1   7   1   8   0.0280089807
1   7   2   5   -0.0000005844
1   7   2   8   -0.0000010349
1   7   3   5   -0.0007517694
1   7   3   8   -0.0047408125
1   7   4   6   -0.0016025629
1   7   4   7   0.0013979342
1   7   5   6   -0.0013979342
1   7   5   7   -0.0016025629
1   7   6   5   0.0025994883
1   7   6   8   0.0030501112
1   8   1   5   -0.0011439670
1   8   1   8   0.0007658705
1   8   2   5   0.0000002271
1   8   2   8   0.0000005775
1   8   3   5   0.0000018410
1   8   3   8   -0.0000008764
1   8   4   6   0.0000111748
1   8   4   7   -0.0000097479
1   8   5   6   0.0000097479
1   8   5   7   0.0000111748
1   8   6   5   0.0000178671
1   8   6   8   -0.0000122878
1   9   1   5   -0.0058146094
1   9   1   8   -0.0327558222
1   9   2   5   -0.0000004368
1   9   2   8   -0.0000004693
1   9   3   5   0.0000996676
1   9   3   8   0.0007344627
1   9   4   6   -0.0015238974
1   9   4   7   0.0013293133
1   9   5   6   -0.0013293133
1   9   5   7   -0.0015238974
1   9   6   5   0.0025558146
1   9   6   8   0.0031930121
1   10   1   6   -0.0247325838
1   10   1   7   0.0215745188
1   10   2   6   0.0000001941
1   10   2   7   -0.0000001693
1   10   3   6   -0.0001327275
1   10   3   7   0.0001157798
1   10   4   5   -0.0002467419
1   10   4   8   -0.0014516750
1   10   6   6   -0.0000537152
1   10   6   7   0.0000468564
1   11   1   6   -0.0215745188
1   11   1   7   -0.0247325838
1   11   2   6   0.0000001693
1   11   2   7   0.0000001941
1   11   3   6   -0.0001157798
1   11   3   7   -0.0001327275
1   11   5   5   -0.0002467419
1   11   5   8   -0.0014516750
1   11   6   6   -0.0000468564
1   11   6   7   -0.0000537152
1   12   1   5   0.0341618965
1   12   1   8   0.0410821931
1   12   2   5   -0.0000005385
1   12   2   8   -0.0000005230
1   12   3   5   0.0007320772
1   12   3   8   0.0006032413
1   12   4   6   -0.0000921138
1   12   4   7   0.0000803519
1   12   5   6   -0.0000803519
1   12   5   7   -0.0000921138
1   12   6   5   -0.0000423768
1   12   6   8   -0.0010933623
2   7   1   5   0.0000010089
2   7   1   8   -0.0000018825
2   7   2   5   -0.0000906661
2   7   2   8   -0.0001110345
2   7   3   5   0.0000007278
2   7   3   8   -0.0000015594
2   7   4   6   -0.0000002378
2   7   4   7   0.0000002074
2   7   5   6   -0.0000002074
2   7   5   7   -0.0000002378
2   7   6   5   0.0000010624
2   7   6   8   0.0000010161
2   8   1   5   0.0000003983
2   8   1   8   0.0000006373
2   8   2   5   -0.0954299530
2   8   2   8   -0.0807870460
2   8   3   5   0.0000709943
2   8   3   8   0.0000673975
2   8   4   6   0.0000318410
2   8   4   7   -0.0000277753
2   8   5   6   0.0000277753
2   8   5   7   0.0000318410
2   8   6   5   -0.0014138072
2   8   6   8   -0.0014506927
2   9   1   5   0.0000010227
2   9   1   8   -0.0000014473
2   9   2   5   -0.0003366838
2   9   2   8   -0.0001830186
2   9   3   5   0.0000023058
2   9   3   8   -0.0000094512
2   9   4   6   -0.0000006949
2   9   4   7   0.0000006062
2   9   5   6   -0.0000006062
2   9   5   7   -0.0000006949
2   9   6   5   0.0000049017
2   9   6   8   0.0000059441
2   10   1   6   -0.0000000898
2   10   1   7   0.0000000783
2   10   2   6   0.0012312512
2   10   2   7   -0.0010740347
2   10   3   6   -0.0000032286
2   10   3   7   0.0000028163
2   10   4   5   0.0000046824
2   10   4   8   0.0000041063
2   10   6   6   0.0000060943
2   10   6   7   -0.0000053161
2   11   1   6   -0.0000000783
2   11   1   7   -0.0000000898
2   11   2   6   0.0010740347
2   11   2   7   0.0012312512
2   11   3   6   -0.0000028163
2   11   3   7   -0.0000032286
2   11   5   5   0.0000046824
2   11   5   8   0.0000041063
2   11   6   6   0.0000053161
2   11   6   7   0.0000060943
2   12   1   5   0.0000001021
2   12   1   8   0.0000001498
2   12   2   5   -0.0092027369
2   12   2   8   -0.0219314729
2   12   3   5   0.0000088630
2   12   3   8   0.0000079409
2   12   4   6   -0.0000089211
2   12   4   7   0.0000077819
2   12   5   6   -0.0000077819
2   12   5   7   -0.0000089211
2   12   6   5   -0.0000184493
2   12   6   8   0.0000037348
3   7   1   5   -0.0008336912
3   7   1   8   -0.0051495211
3   7   2   5   -0.0000005703
3   7   2   8   -0.0000007054
3   7   3   5   0.0001172736
3   7   3   8   0.0009741691
3   7   4   6   -0.0017188501
3   7   4   7   0.0014993729
3   7   5   6   -0.0014993729
3   7   5   7   -0.0017188501
3   7   6   5   0.0028763124
3   7   6   8   0.0035280948
3   8   1   5   0.0000018746
3   8   1   8   -0.0000011166
3   8   2   5   0.0000616090
3   8   2   8   0.0000592812
3   8   3   5   -0.0011313268
3   8   3   8   0.0007649547
3   8   4   6   0.0001258428
3   8   4   7   -0.0001097741
3   8   5   6   0.0001097741
3   8   5   7   0.0001258428
3   8   6   5   0.0002121055
3   8   6   8   -0.0001463140
3   9   1   5   0.0000167302
3   9   1   8   0.0003542476
3   9   2   5   0.0000003534
3   9   2   8   -0.0000033875
3   9   3   5   -0.0038957835
3   9   3   8   -0.0201599645
3   9   4   6   -0.0065261746
3   9   4   7   0.0056928576
3   9   5   6   -0.0056928576
3   9   5   7   -0.0065261746
3   9   6   5   0.0115906981
3   9   6   8   0.0136502802
3   10   1   6   -0.0003642056
3   10   1   7   0.0003177007
3   10   2   6   0.0000001654
3   10   2   7   -0.0000001443
3   10   3   6   -0.0196086426
3   10   3   7   0.0171048457
3   10   4   5   -0.0008060855
3   10   4   8   -0.0041224626
3   10   6   6   -0.0006657770
3   10   6   7   0.0005807650
3   11   1   6   -0.0003177007
3   11   1   7   -0.0003642056
3   11   2   6   0.0000001443
3   11   2   7   0.0000001654
3   11   3   6   -0.0171048457
3   11   3   7   -0.0196086426
3   11   5   5   -0.0008060855
3   11   5   8   -0.0041224626
3   11   6   6   -0.0005807650
3   11   6   7   -0.0006657770
3   12   1   5   0.0012439369
3   12   1   8   0.0011212792
3   12   2   5   -0.0000003433
3   12   2   8   -0.0000027097
3   12   3   5   0.0315799951
3   12   3   8   0.0338481638
3   12   4   6   -0.0006199294
3   12   4   7   0.0005407716
3   12   5   6   -0.0005407716
3   12   5   7   -0.0006199294
3   12   6   5   0.0005817431
3   12   6   8   -0.0017799567
4   7   1   6   -0.0019156891
4   7   1   7   0.0016710778
4   7   2   6   -0.0000001918
4   7   2   7   0.0000001673
4   7   3   6   -0.0017861071
4   7   3   7   0.0015580419
4   7   4   5   0.0000832922
4   7   4   8   0.0005533319
4   7   6   6   -0.0000367671
4   7   6   7   0.0000320724
4   8   1   6   0.0000097196
4   8   1   7   -0.0000084785
4   8   2   6   0.0000257678
4   8   2   7   -0.0000224776
4   8   3   6   0.0001204779
4   8   3   7   -0.0001050943
4   8   4   5   -0.0011084421
4   8   4   8   0.0007471161
4   8   6   6   -0.0000661014
4   8   6   7   0.0000576610
4   9   1   6   -0.0016143779
4   9   1   7   0.0014082405
4   9   2   6   0.0000006600
4   9   2   7   -0.0000005758
4   9   3   6   -0.0064655609
4   9   3   7   0.0056399835
4   9   4   5   -0.0033872287
4   9   4   8   -0.0180468466
4   9   6   6   -0.0001246548
4   9   6   7   0.0001087379
4   10   1   5   -0.0002148238
4   10   1   8   -0.0013560434
4   10   2   5   0.0000078357
4   10   2   8   0.0000027822
4   10   3   5   -0.0007948463
4   10   3   8   -0.0040482475
4   10   4   6   -0.0212754945
4   10   4   7   0.0185588598
4   10   5   6   -0.0016960821
4   10   5   7   -0.0019443536
4   10   6   5   0.0039154220
4   10   6   8   0.0043653953
4   11   4   6   -0.0151302468
4   11   4   7   -0.0173450032
4   11   5   6   -0.0019861377
4   11   5   7   0.0017325308
4   12   1   6   -0.0000915582
4   12   1   7   0.0000798673
4   12   2   6   -0.0000102975
4   12   2   7   0.0000089827
4   12   3   6   -0.0004899412
4   12   3   7   0.0004273814
4   12   4   5   0.0279470326
4   12   4   8   0.0291915571
4   12   6   6   -0.0020347542
4   12   6   7   0.0017749397
5   7   1   6   -0.0016710778
5   7   1   7   -0.0019156891
5   7   2   6   -0.0000001673
5   7   2   7   -0.0000001918
5   7   3   6   -0.0015580419
5   7   3   7   -0.0017861071
5   7   5   5   0.0000832922
5   7   5   8   0.0005533319
5   7   6   6   -0.0000320724
5   7   6   7   -0.0000367671
5   8   1   6   0.0000084785
5   8   1   7   0.0000097196
5   8   2   6   0.0000224776
5   8   2   7   0.0000257678
5   8   3   6   0.0001050943
5   8   3   7   0.0001204779
5   8   5   5   -0.0011084421
5   8   5   8   0.0007471161
5   8   6   6   -0.0000576610
5   8   6   7   -0.0000661014
5   9   1   6   -0.0014082405
5   9   1   7   -0.0016143779
5   9   2   6   0.0000005758
5   9   2   7   0.0000006600
5   9   3   6   -0.0056399835
5   9   3   7   -0.0064655609
5   9   5   5   -0.0033872287
5   9   5   8   -0.0180468466
5   9   6   6   -0.0001087379
5   9   6   7   -0.0001246548
5   10   4   6   -0.0017325308
5   10   4   7   -0.0019861377
5   10   5   6   -0.0173450032
5   10   5   7   0.0151302468
5   11   1   5   -0.0002148238
5   11   1   8   -0.0013560434
5   11   2   5   0.0000078357
5   11   2   8   0.0000027822
5   11   3   5   -0.0007948463
5   11   3   8   -0.0040482475
5   11   4   6   -0.0019443536
5   11   4   7   0.0016960821
5   11   5   6   -0.0185588598
5   11   5   7   -0.0212754945
5   11   6   5   0.0039154220
5   11   6   8   0.0043653953
5   12   1   6   -0.0000798673
5   12   1   7   -0.0000915582
5   12   2   6   -0.0000089827
5   12   2   7   -0.0000102975
5   12   3   6   -0.0004273814
5   12   3   7   -0.0004899412
5   12   5   5   0.0279470326
5   12   5   8   0.0291915571
5   12   6   6   -0.0017749397
5   12   6   7   -0.0020347542
6   7   1   5   0.0033360944
6   7   1   8   0.0038683201
6   7   2   5   0.0000002861
6   7   2   8   0.0000003726
6   7   3   5   0.0031185930
6   7   3   8   0.0038048583
6   7   4   6   -0.0000303877
6   7   4   7   0.0000265075
6   7   5   6   -0.0000265075
6   7   5   7   -0.0000303877
6   7   6   5   0.0001742392
6   7   6   8   0.0006228766
6   8   1   5   0.0000153202
6   8   1   8   -0.0000109013
6   8   2   5   -0.0014958804
6   8   2   8   -0.0015417903
6   8   3   5   0.0002034971
6   8   3   8   -0.0001355455
6   8   4   6   -0.0000645117
6   8   4   7   0.0000562743
6   8   5   6   -0.0000562743
6   8   5   7   -0.0000645117
6   8   6   5   -0.0013810670
6   8   6   8   0.0008026696
6   9   1   5   0.0028824274
6   9   1   8   0.0035314066
6   9   2   5   0.0000018421
6   9   2   8   -0.0000011778
6   9   3   5   0.0116605261
6   9   3   8   0.0138874748
6   9   4   6   -0.0001475667
6   9   4   7   0.0001287241
6   9   5   6   -0.0001287241
6   9   5   7   -0.0001475667
6   9   6   5   -0.0029868263
6   9   6   8   -0.0168603359
6   10   1   6   -0.0000550109
6   10   1   7   0.0000479867
6   10   2   6   -0.0000096898
6   10   2   7   0.0000084526
6   10   3   6   -0.0004607928
6   10   3   7   0.0004019549
6   10   4   5   0.0038209491
6   10   4   8   0.0043519114
6   10   6   6   -0.0169522562
6   10   6   7   0.0147876491
6   11   1   6   -0.0000479867
6   11   1   7   -0.0000550109
6   11   2   6   -0.0000084526
6   11   2   7   -0.0000096898
6   11   3   6   -0.0004019549
6   11   3   7   -0.0004607928
6   11   5   5   0.0038209491
6   11   5   8   0.0043519114
6   11   6   6   -0.0147876491
6   11   6   7   -0.0169522562
6   12   1   5   0.0000065827
6   12   1   8   -0.0009813806
6   12   2   5   0.0000469401
6   12   2   8   0.0000438145
6   12   3   5   -0.0000242277
6   12   3   8   -0.0022655844
6   12   4   6   -0.0019040734
6   12   4   7   0.0016609453
6   12   5   6   -0.0016609453
6   12   5   7   -0.0019040734
6   12   6   5   0.0363366317
6   12   6   8   0.0377568594

End IJKA Block
Begin IABC Block
1   5   1   5   -0.0000457653
1   5   1   8   -0.0000279322
1   5   2   6   -0.0000118893
1   5   3   7   -0.0000118893
1   5   4   5   -0.0000525183
1   5   4   8   -0.0000317482
1   6   1   6   -0.0000365789
1   6   2   5   -0.0000120058
1   6   2   8   -0.0000195933
1   6   4   6   -0.0000439532
1   7   1   7   -0.0000365789
1   7   3   5   -0.0000120058
1   7   3   8   -0.0000195933
1   7   4   7   -0.0000439532
1   8   1   5   -0.0000272016
1   8   1   8   -0.0000642330
1   8   2   6   -0.0000192515
1   8   3   7   -0.0000192515
1   8   4   5   -0.0000310134
1   8   4   8   -0.0000709199
2   5   1   5   0.0001147317
2   5   1   8   -0.0014276310
2   5   2   6   0.0023836677
2   5   3   7   0.0023836677
2   5   4   5   -0.0022421353
2   5   4   8   -0.0004943182
2   6   1   6   -0.0000571204
2   6   2   5   0.0023984736
2   6   2   8   0.0013956604
2   6   4   6   -0.0004298090
2   7   1   7   -0.0000571204
2   7   3   5   0.0023984736
2   7   3   8   0.0013956604
2   7   4   7   -0.0004298090
2   8   1   5   -0.0014362138
2   8   1   8   -0.0014058585
2   8   2   6   0.0013853145
2   8   3   7   0.0013853145
2   8   4   5   -0.0004884148
2   8   4   8   -0.0005210003
3   5   1   5   -0.0002507877
3   5   1   8   -0.0001879823
3   5   2   6   0.0000089503
3   5   3   7   0.0000089503
3   5   4   5   -0.0004258282
3   5   4   8   -0.0002435474
3   6   1   6   -0.0002297126
3   6   2   5   0.0000075807
3   6   2   8   -0.0000056073
3   6   4   6   -0.0002742562
3   7   1   7   -0.0002297126
3   7   3   5   0.0000075807
3   7   3   8   -0.0000056073
3   7   4   7   -0.0002742562
3   8   1   5   -0.0001908405
3   8   1   8   -0.0003245058
3   8   2   6   -0.0000027650
3   8   3   7   -0.0000027650
3   8   4   5   -0.0002424207
3   8   4   8   -0.0005842055
4   5   1   6   0.0003913963
4   5   1   7   -0.0003414195
4   5   2   5   0.0005905116
4   5   2   8   0.0000981501
4   5   3   5   -0.0005151101
4   5   3   8   -0.0000856174
4   5   4   6   0.0011366129
4   5   4   7   -0.0009914805
4   6   1   5   0.0003903782
4   6   1   8   0.0004276139
4   6   2   6   0.0008616535
4   6   2   7   -0.0001798120
4   6   3   6   -0.0003921982
4   6   3   7   0.0002059129
4   6   4   5   0.0011407229
4   6   4   8   0.0008685355
4   7   1   5   -0.0003405314
4   7   1   8   -0.0003730126
4   7   2   6   -0.0001796202
4   7   2   7   0.0004496079
4   7   3   6   0.0002061327
4   7   3   7   -0.0007516304
4   7   4   5   -0.0009950658
4   7   4   8   -0.0007576335
4   8   1   6   0.0004295005
4   8   1   7   -0.0003746582
4   8   2   5   0.0001026303
4   8   2   8   0.0000158223
4   8   3   5   -0.0000895256
4   8   3   8   -0.0000138020
4   8   4   6   0.0008781088
4   8   4   7   -0.0007659844
5   5   1   6   0.0003414195
5   5   1   7   0.0003913963
5   5   2   5   0.0005151101
5   5   2   8   0.0000856174
5   5   3   5   0.0005905116
5   5   3   8   0.0000981501
5   5   4   6   0.0009914805
5   5   4   7   0.0011366129
5   6   1   5   0.0003405314
5   6   1   8   0.0003730126
5   6   2   6   0.0007516304
5   6   2   7   0.0002061327
5   6   3   6   0.0004496079
5   6   3   7   0.0001796202
5   6   4   5   0.0009950658
5   6   4   8   0.0007576335
5   7   1   5   0.0003903782
5   7   1   8   0.0004276139
5   7   2   6   0.0002059129
5   7   2   7   0.0003921982
5   7   3   6   0.0001798120
5   7   3   7   0.0008616535
5   7   4   5   0.0011407229
5   7   4   8   0.0008685355
5   8   1   6   0.0003746582
5   8   1   7   0.0004295005
5   8   2   5   0.0000895256
5   8   2   8   0.0000138020
5   8   3   5   0.0001026303
5   8   3   8   0.0000158223
5   8   4   6   0.0007659844
5   8   4   7   0.0008781088
6   5   1   5   -0.0034861976
6   5   1   8   -0.0004403122
6   5   2   6   -0.0019027738
6   5   3   7   -0.0019027738
6   5   4   5   -0.0074746749
6   5   4   8   -0.0033025443
6   6   1   6   -0.0025410395
6   6   2   5   -0.0019106761
6   6   2   8   -0.0012703668
6   6   4   6   -0.0061761399
6   7   1   7   -0.0025410395
6   7   3   5   -0.0019106761
6   7   3   8   -0.0012703668
6   7   4   7   -0.0061761399
6   8   1   5   -0.0004390837
6   8   1   8   -0.0019703816
6   8   2   6   -0.0012676241
6   8   3   7   -0.0012676241
6   8   4   5   -0.0033809256
6   8   4   8   -0.0058442598

End IABC Block
