Begin IJ Block
1   1   -40.7489322114
1   2   0.0000114189
1   3   0.7535528833
1   6   0.0148390865
2   2   -5.4965454383
2   3   -0.0000101799
2   6   -0.0113394908
3   3   -9.1532066835
3   6   -0.0535500980
4   4   -8.0694343500
5   5   -8.0694343500
6   6   -7.5372458807

End IJ Block
Begin IA Block
1   1   -0.0017546583
2   1   0.1118891309
3   1   0.0136441094
4   2   0.0250779849
4   3   0.1200256433
5   2   0.1200256433
5   3   -0.0250779849
6   1   0.0631026518

End IA Block
Begin AB Block
1   1   -1.7257690771
2   2   -1.5193433710
3   3   -1.5193433710

End AB Block
Begin IJKL Block
1   7   1   7   5.3485336689
1   7   1   8   -0.0000095521
1   7   1   9   -0.5327046662
1   7   1   12   -0.0104869476
1   7   2   7   -0.0000095521
1   7   2   8   0.0000010655
1   7   2   9   0.0000016592
1   7   2   12   -0.0000000624
1   7   3   7   -0.5327046662
1   7   3   8   0.0000016592
1   7   3   9   0.0817368115
1   7   3   12   0.0017097950
1   7   4   10   0.0320376352
1   7   5   11   0.0320376352
1   7   6   7   -0.0104869476
1   7   6   8   -0.0000000624
1   7   6   9   0.0017097950
1   7   6   12   0.0282719091
1   8   1   7   -0.0000095521
1   8   1   8   0.1166354168
1   8   1   9   0.0000138209
1   8   1   12   -0.0002610991
1   8   2   7   0.0000007494
1   8   2   8   0.0000007869
1   8   2   9   0.0000009097
1   8   2   12   0.0000000017
1   8   3   7   0.0000018082
1   8   3   8   0.0000063231
1   8   3   9   -0.0000004349
1   8   3   12   0.0000018677
1   8   4   10   0.0000002768
1   8   5   11   0.0000002768
1   8   6   7   0.0000001785
1   8   6   8   -0.0006721429
1   8   6   9   -0.0000002529
1   8   6   12   0.0000031012
1   9   1   7   -0.5327046662
1   9   1   8   0.0000138209
1   9   1   9   1.2638095417
1   9   1   12   0.0148325652
1   9   2   7   0.0000018082
1   9   2   8   0.0000010134
1   9   2   9   -0.0000004434
1   9   2   12   -0.0000000635
1   9   3   7   0.0863199750
1   9   3   8   -0.0000005779
1   9   3   9   -0.0237732161
1   9   3   12   -0.0004385363
1   9   4   10   0.0363991568
1   9   5   11   0.0363991568
1   9   6   7   0.0016653136
1   9   6   8   -0.0000003062
1   9   6   9   -0.0005347466
1   9   6   12   0.0323683957
1   10   1   10   1.1736827379
1   10   2   10   -0.0000000632
1   10   3   10   -0.0156003881
1   10   4   7   0.0372385165
1   10   4   8   0.0000002981
1   10   4   9   0.0370290648
1   10   4   12   0.0005942166
1   10   6   10   -0.0003479455
1   11   1   11   1.1736827379
1   11   2   11   -0.0000000632
1   11   3   11   -0.0156003881
1   11   5   7   0.0372385165
1   11   5   8   0.0000002981
1   11   5   9   0.0370290648
1   11   5   12   0.0005942166
1   11   6   11   -0.0003479455
1   12   1   7   -0.0104869476
1   12   1   8   -0.0002610991
1   12   1   9   0.0148325652
1   12   1   12   1.0763111454
1   12   2   7   0.0000001785
1   12   2   8   -0.0000000488
1   12   2   9   -0.0000001498
1   12   2   12   -0.0000000488
1   12   3   7   0.0016653136
1   12   3   8   0.0000016706
1   12   3   9   -0.0004619574
1   12   3   12   -0.0142237501
1   12   4   10   0.0005472684
1   12   5   11   0.0005472684
1   12   6   7   0.0333174533
1   12   6   8   0.0000029055
1   12   6   9   0.0333461067
1   12   6   12   0.0004741222
2   7   1   7   -0.0000095521
2   7   1   8   0.0000007494
2   7   1   9   0.0000018082
2   7   1   12   0.0000001785
2   7   2   7   0.1166354168
2   7   2   8   0.0000007869
2   7   2   9   0.0000063231
2   7   2   12   -0.0006721429
2   7   3   7   0.0000138209
2   7   3   8   0.0000009097
2   7   3   9   -0.0000004349
2   7   3   12   -0.0000002529
2   7   4   10   0.0000002768
2   7   5   11   0.0000002768
2   7   6   7   -0.0002610991
2   7   6   8   0.0000000017
2   7   6   9   0.0000018677
2   7   6   12   0.0000031012
2   8   1   7   0.0000010655
2   8   1   8   0.0000007869
2   8   1   9   0.0000010134
2   8   1   12   -0.0000000488
2   8   2   7   0.0000007869
2   8   2   8   1.6355401608
2   8   2   9   -0.0000660668
2   8   2   12   0.0134307331
2   8   3   7   0.0000010134
2   8   3   8   -0.0000660668
2   8   3   9   0.0000029919
2   8   3   12   -0.0000023746
2   8   4   10   -0.0000004249
2   8   4   11   -0.0000000000
2   8   5   10   0.0000000000
2   8   5   11   -0.0000004249
2   8   6   7   -0.0000000488
2   8   6   8   0.0134307331
2   8   6   9   -0.0000023746
2   8   6   12   -0.0000820158
2   9   1   7   0.0000016592
2   9   1   8   0.0000009097
2   9   1   9   -0.0000004434
2   9   1   12   -0.0000001498
2   9   2   7   0.0000063231
2   9   2   8   -0.0000660668
2   9   2   9   0.1169272623
2   9   2   12   -0.0084288349
2   9   3   7   -0.0000005779
2   9   3   8   0.0000061122
2   9   3   9   0.0000094299
2   9   3   12   -0.0000013543
2   9   4   10   0.0000009337
2   9   5   11   0.0000009337
2   9   6   7   0.0000016706
2   9   6   8   0.0000012037
2   9   6   9   -0.0002383509
2   9   6   12   0.0000302978
2   10   1   10   -0.0000000632
2   10   2   10   0.1165318003
2   10   3   10   0.0000093946
2   10   4   7   0.0000002981
2   10   4   8   -0.0000025195
2   10   4   9   0.0000013651
2   10   4   12   0.0000001070
2   10   6   10   -0.0002336718
2   11   1   11   -0.0000000632
2   11   2   11   0.1165318003
2   11   3   11   0.0000093946
2   11   5   7   0.0000002981
2   11   5   8   -0.0000025195
2   11   5   9   0.0000013651
2   11   5   12   0.0000001070
2   11   6   11   -0.0002336718
2   12   1   7   -0.0000000624
2   12   1   8   0.0000000017
2   12   1   9   -0.0000000635
2   12   1   12   -0.0000000488
2   12   2   7   -0.0006721429
2   12   2   8   0.0134307331
2   12   2   9   -0.0084288349
2   12   2   12   0.1313510277
2   12   3   7   -0.0000003062
2   12   3   8   0.0000012037
2   12   3   9   0.0000006076
2   12   3   12   0.0000094324
2   12   4   10   0.0000029042
2   12   5   11   0.0000029042
2   12   6   7   0.0000029055
2   12   6   8   0.0003487639
2   12   6   9   0.0000306282
2   12   6   12   -0.0002007222
3   7   1   7   -0.5327046662
3   7   1   8   0.0000018082
3   7   1   9   0.0863199750
3   7   1   12   0.0016653136
3   7   2   7   0.0000138209
3   7   2   8   0.0000010134
3   7   2   9   -0.0000005779
3   7   2   12   -0.0000003062
3   7   3   7   1.2638095417
3   7   3   8   -0.0000004434
3   7   3   9   -0.0237732161
3   7   3   12   -0.0005347466
3   7   4   10   0.0363991568
3   7   5   11   0.0363991568
3   7   6   7   0.0148325652
3   7   6   8   -0.0000000635
3   7   6   9   -0.0004385363
3   7   6   12   0.0323683957
3   8   1   7   0.0000016592
3   8   1   8   0.0000063231
3   8   1   9   -0.0000005779
3   8   1   12   0.0000016706
3   8   2   7   0.0000009097
3   8   2   8   -0.0000660668
3   8   2   9   0.0000061122
3   8   2   12   0.0000012037
3   8   3   7   -0.0000004434
3   8   3   8   0.1169272623
3   8   3   9   0.0000094299
3   8   3   12   -0.0002383509
3   8   4   10   0.0000009337
3   8   5   11   0.0000009337
3   8   6   7   -0.0000001498
3   8   6   8   -0.0084288349
3   8   6   9   -0.0000013543
3   8   6   12   0.0000302978
3   9   1   7   0.0817368115
3   9   1   8   -0.0000004349
3   9   1   9   -0.0237732161
3   9   1   12   -0.0004619574
3   9   2   7   -0.0000004349
3   9   2   8   0.0000029919
3   9   2   9   0.0000094299
3   9   2   12   0.0000006076
3   9   3   7   -0.0237732161
3   9   3   8   0.0000094299
3   9   3   9   0.8723204220
3   9   3   12   0.0076075785
3   9   4   10   0.1545777735
3   9   5   11   0.1545777735
3   9   6   7   -0.0004619574
3   9   6   8   0.0000006076
3   9   6   9   0.0076075785
3   9   6   12   0.1401604583
3   10   1   10   -0.0156003881
3   10   2   10   0.0000093946
3   10   3   10   0.8209667607
3   10   4   7   0.0370290648
3   10   4   8   0.0000013651
3   10   4   9   0.1593319742
3   10   4   12   0.0016623593
3   10   6   10   0.0071804588
3   11   1   11   -0.0156003881
3   11   2   11   0.0000093946
3   11   3   11   0.8209667607
3   11   5   7   0.0370290648
3   11   5   8   0.0000013651
3   11   5   9   0.1593319742
3   11   5   12   0.0016623593
3   11   6   11   0.0071804588
3   12   1   7   0.0017097950
3   12   1   8   0.0000018677
3   12   1   9   -0.0004385363
3   12   1   12   -0.0142237501
3   12   2   7   -0.0000002529
3   12   2   8   -0.0000023746
3   12   2   9   -0.0000013543
3   12   2   12   0.0000094324
3   12   3   7   -0.0005347466
3   12   3   8   -0.0002383509
3   12   3   9   0.0076075785
3   12   3   12   0.7585394456
3   12   4   10   0.0015614513
3   12   5   11   0.0015614513
3   12   6   7   0.0333461067
3   12   6   8   0.0000306282
3   12   6   9   0.1455572841
3   12   6   12   0.0067294899
4   7   1   10   0.0372385165
4   7   2   10   0.0000002981
4   7   3   10   0.0370290648
4   7   4   7   1.1736827379
4   7   4   8   -0.0000000632
4   7   4   9   -0.0156003881
4   7   4   12   -0.0003479455
4   7   6   10   0.0005942166
4   8   1   10   0.0000002981
4   8   2   10   -0.0000025195
4   8   3   10   0.0000013651
4   8   4   7   -0.0000000632
4   8   4   8   0.1165318003
4   8   4   9   0.0000093946
4   8   4   12   -0.0002336718
4   8   6   10   0.0000001070
4   9   1   10   0.0370290648
4   9   2   10   0.0000013651
4   9   3   10   0.1593319742
4   9   4   7   -0.0156003881
4   9   4   8   0.0000093946
4   9   4   9   0.8209667607
4   9   4   12   0.0071804588
4   9   6   10   0.0016623593
4   10   1   7   0.0320376352
4   10   1   8   0.0000002768
4   10   1   9   0.0363991568
4   10   1   12   0.0005472684
4   10   2   7   0.0000002768
4   10   2   8   -0.0000004249
4   10   2   9   0.0000009337
4   10   2   12   0.0000029042
4   10   3   7   0.0363991568
4   10   3   8   0.0000009337
4   10   3   9   0.1545777735
4   10   3   12   0.0015614513
4   10   4   10   0.8213472877
4   10   5   11   0.0323217367
4   10   6   7   0.0005472684
4   10   6   8   0.0000029042
4   10   6   9   0.0015614513
4   10   6   12   0.0297029117
4   11   2   8   -0.0000000000
4   11   4   11   0.7505731188
4   11   5   10   0.0384524322
4   11   6   12   -0.0000000000
4   12   1   10   0.0005942166
4   12   2   10   0.0000001070
4   12   3   10   0.0016623593
4   12   4   7   -0.0003479455
4   12   4   8   -0.0002336718
4   12   4   9   0.0071804588
4   12   4   12   0.6949357480
4   12   6   10   0.0351802787
5   7   1   11   0.0372385165
5   7   2   11   0.0000002981
5   7   3   11   0.0370290648
5   7   5   7   1.1736827379
5   7   5   8   -0.0000000632
5   7   5   9   -0.0156003881
5   7   5   12   -0.0003479455
5   7   6   11   0.0005942166
5   8   1   11   0.0000002981
5   8   2   11   -0.0000025195
5   8   3   11   0.0000013651
5   8   5   7   -0.0000000632
5   8   5   8   0.1165318003
5   8   5   9   0.0000093946
5   8   5   12   -0.0002336718
5   8   6   11   0.0000001070
5   9   1   11   0.0370290648
5   9   2   11   0.0000013651
5   9   3   11   0.1593319742
5   9   5   7   -0.0156003881
5   9   5   8   0.0000093946
5   9   5   9   0.8209667607
5   9   5   12   0.0071804588
5   9   6   11   0.0016623593
5   10   2   8   0.0000000000
5   10   4   11   0.0384524322
5   10   5   10   0.7505731188
5   10   6   12   0.0000000000
5   11   1   7   0.0320376352
5   11   1   8   0.0000002768
5   11   1   9   0.0363991568
5   11   1   12   0.0005472684
5   11   2   7   0.0000002768
5   11   2   8   -0.0000004249
5   11   2   9   0.0000009337
5   11   2   12   0.0000029042
5   11   3   7   0.0363991568
5   11   3   8   0.0000009337
5   11   3   9   0.1545777735
5   11   3   12   0.0015614513
5   11   4   10   0.0323217367
5   11   5   11   0.8213472877
5   11   6   7   0.0005472684
5   11   6   8   0.0000029042
5   11   6   9   0.0015614513
5   11   6   12   0.0297029117
5   12   1   11   0.0005942166
5   12   2   11   0.0000001070
5   12   3   11   0.0016623593
5   12   5   7   -0.0003479455
5   12   5   8   -0.0002336718
5   12   5   9   0.0071804588
5   12   5   12   0.6949357480
5   12   6   11   0.0351802787
6   7   1   7   -0.0104869476
6   7   1   8   0.0000001785
6   7   1   9   0.0016653136
6   7   1   12   0.0333174533
6   7   2   7   -0.0002610991
6   7   2   8   -0.0000000488
6   7   2   9   0.0000016706
6   7   2   12   0.0000029055
6   7   3   7   0.0148325652
6   7   3   8   -0.0000001498
6   7   3   9   -0.0004619574
6   7   3   12   0.0333461067
6   7   4   10   0.0005472684
6   7   5   11   0.0005472684
6   7   6   7   1.0763111454
6   7   6   8   -0.0000000488
6   7   6   9   -0.0142237501
6   7   6   12   0.0004741222
6   8   1   7   -0.0000000624
6   8   1   8   -0.0006721429
6   8   1   9   -0.0000003062
6   8   1   12   0.0000029055
6   8   2   7   0.0000000017
6   8   2   8   0.0134307331
6   8   2   9   0.0000012037
6   8   2   12   0.0003487639
6   8   3   7   -0.0000000635
6   8   3   8   -0.0084288349
6   8   3   9   0.0000006076
6   8   3   12   0.0000306282
6   8   4   10   0.0000029042
6   8   5   11   0.0000029042
6   8   6   7   -0.0000000488
6   8   6   8   0.1313510277
6   8   6   9   0.0000094324
6   8   6   12   -0.0002007222
6   9   1   7   0.0017097950
6   9   1   8   -0.0000002529
6   9   1   9   -0.0005347466
6   9   1   12   0.0333461067
6   9   2   7   0.0000018677
6   9   2   8   -0.0000023746
6   9   2   9   -0.0002383509
6   9   2   12   0.0000306282
6   9   3   7   -0.0004385363
6   9   3   8   -0.0000013543
6   9   3   9   0.0076075785
6   9   3   12   0.1455572841
6   9   4   10   0.0015614513
6   9   5   11   0.0015614513
6   9   6   7   -0.0142237501
6   9   6   8   0.0000094324
6   9   6   9   0.7585394456
6   9   6   12   0.0067294899
6   10   1   10   -0.0003479455
6   10   2   10   -0.0002336718
6   10   3   10   0.0071804588
6   10   4   7   0.0005942166
6   10   4   8   0.0000001070
6   10   4   9   0.0016623593
6   10   4   12   0.0351802787
6   10   6   10   0.6949357480
6   11   1   11   -0.0003479455
6   11   2   11   -0.0002336718
6   11   3   11   0.0071804588
6   11   5   7   0.0005942166
6   11   5   8   0.0000001070
6   11   5   9   0.0016623593
6   11   5   12   0.0351802787
6   11   6   11   0.6949357480
6   12   1   7   0.0282719091
6   12   1   8   0.0000031012
6   12   1   9   0.0323683957
6   12   1   12   0.0004741222
6   12   2   7   0.0000031012
6   12   2   8   -0.0000820158
6   12   2   9   0.0000302978
6   12   2   12   -0.0002007222
6   12   3   7   0.0323683957
6   12   3   8   0.0000302978
6   12   3   9   0.1401604583
6   12   3   12   0.0067294899
6   12   4   10   0.0297029117
6   12   4   11   -0.0000000000
6   12   5   10   0.0000000000
6   12   5   11   0.0297029117
6   12   6   7   0.0004741222
6   12   6   8   -0.0002007222
6   12   6   9   0.0067294899
6   12   6   12   0.7161055712

End IJKL Block
Begin IJAB Block
1   7   1   4   0.0001924936
1   7   2   5   0.0000400915
1   7   3   6   0.0000400915
1   8   1   4   0.0000000514
1   8   2   5   -0.0000000076
1   8   3   6   -0.0000000076
1   9   1   4   0.0001982668
1   9   2   5   0.0000404588
1   9   3   6   0.0000404588
1   10   1   5   0.0000001980
1   10   1   6   0.0000009477
1   10   2   4   0.0000009197
1   10   3   4   0.0000044015
1   11   1   5   0.0000009477
1   11   1   6   -0.0000001980
1   11   2   4   0.0000044015
1   11   3   4   -0.0000009197
1   12   1   4   -0.0000390102
1   12   2   5   0.0000013968
1   12   3   6   0.0000013968
2   7   1   4   0.0000000514
2   7   2   5   -0.0000000076
2   7   3   6   -0.0000000076
2   8   1   4   0.0146339762
2   8   2   5   0.0024883104
2   8   3   6   0.0024883104
2   9   1   4   -0.0000057828
2   9   2   5   0.0000077824
2   9   3   6   0.0000077824
2   10   1   5   -0.0000001396
2   10   1   6   -0.0000006683
2   10   2   4   0.0000056459
2   10   3   4   0.0000270220
2   11   1   5   -0.0000006683
2   11   1   6   0.0000001396
2   11   2   4   0.0000270220
2   11   3   4   -0.0000056459
2   12   1   4   0.0006731599
2   12   2   5   -0.0004992478
2   12   3   6   -0.0004992478
3   7   1   4   0.0001982668
3   7   2   5   0.0000404588
3   7   3   6   0.0000404588
3   8   1   4   -0.0000057828
3   8   2   5   0.0000077824
3   8   3   6   0.0000077824
3   9   1   4   0.0012168344
3   9   2   5   0.0001829931
3   9   3   6   0.0001829931
3   10   1   5   0.0000135828
3   10   1   6   0.0000650085
3   10   2   4   0.0000061044
3   10   3   4   0.0000292160
3   11   1   5   0.0000650085
3   11   1   6   -0.0000135828
3   11   2   4   0.0000292160
3   11   3   4   -0.0000061044
3   12   1   4   -0.0006002825
3   12   2   5   -0.0000155309
3   12   3   6   -0.0000155309
4   7   1   5   0.0000009197
4   7   1   6   0.0000044015
4   7   2   4   0.0000001980
4   7   3   4   0.0000009477
4   8   1   5   0.0000056459
4   8   1   6   0.0000270220
4   8   2   4   -0.0000001396
4   8   3   4   -0.0000006683
4   9   1   5   0.0000061044
4   9   1   6   0.0000292160
4   9   2   4   0.0000135828
4   9   3   4   0.0000650085
4   10   1   4   0.0010126827
4   10   2   5   0.0000986463
4   10   2   6   0.0001016826
4   10   3   5   0.0001016826
4   10   3   6   0.0005640636
4   11   1   4   -0.0000000000
4   11   2   5   0.0001016826
4   11   2   6   0.0000687704
4   11   3   5   0.0003966468
4   11   3   6   -0.0001016826
4   12   1   5   -0.0001030204
4   12   1   6   -0.0004930657
4   12   2   4   -0.0002188231
4   12   3   4   -0.0010473082
5   7   1   5   0.0000044015
5   7   1   6   -0.0000009197
5   7   2   4   0.0000009477
5   7   3   4   -0.0000001980
5   8   1   5   0.0000270220
5   8   1   6   -0.0000056459
5   8   2   4   -0.0000006683
5   8   3   4   0.0000001396
5   9   1   5   0.0000292160
5   9   1   6   -0.0000061044
5   9   2   4   0.0000650085
5   9   3   4   -0.0000135828
5   10   1   4   0.0000000000
5   10   2   5   0.0001016826
5   10   2   6   0.0003966468
5   10   3   5   0.0000687704
5   10   3   6   -0.0001016826
5   11   1   4   0.0010126827
5   11   2   5   0.0005640636
5   11   2   6   -0.0001016826
5   11   3   5   -0.0001016826
5   11   3   6   0.0000986463
5   12   1   5   -0.0004930657
5   12   1   6   0.0001030204
5   12   2   4   -0.0010473082
5   12   3   4   0.0002188231
6   7   1   4   -0.0000390102
6   7   2   5   0.0000013968
6   7   3   6   0.0000013968
6   8   1   4   0.0006731599
6   8   2   5   -0.0004992478
6   8   3   6   -0.0004992478
6   9   1   4   -0.0006002825
6   9   2   5   -0.0000155309
6   9   3   6   -0.0000155309
6   10   1   5   -0.0002188231
6   10   1   6   -0.0010473082
6   10   2   4   -0.0001030204
6   10   3   4   -0.0004930657
6   11   1   5   -0.0010473082
6   11   1   6   0.0002188231
6   11   2   4   -0.0004930657
6   11   3   4   0.0001030204
6   12   1   4   0.0088829162
6   12   2   5   0.0002676884
6   12   3   6   0.0002676884

End IJAB Block
Begin ABCD Block
1   4   1   4   0.2338663957
1   4   2   5   0.0390387195
1   4   3   6   0.0390387195
1   5   1   5   0.1940286919
1   5   2   4   0.0390581610
1   6   1   6   0.1940286919
1   6   3   4   0.0390581610
2   4   1   5   0.0390581610
2   4   2   4   0.1940286919
2   5   1   4   0.0390387195
2   5   2   5   0.1859138531
2   5   3   6   0.0098996783
2   6   2   6   0.1661147610
2   6   3   5   0.0098994138
3   4   1   6   0.0390581610
3   4   3   4   0.1940286919
3   5   2   6   0.0098994138
3   5   3   5   0.1661147610
3   6   1   4   0.0390387195
3   6   2   5   0.0098996783
3   6   3   6   0.1859138531

End ABCD Block
Begin AIJB Block
1   7   1   4   0.0002932268
1   7   2   4   0.0000003385
1   7   3   4   0.0003318310
1   7   4   5   0.0000003447
1   7   4   6   0.0000016497
1   7   5   5   0.0000016497
1   7   5   6   -0.0000003447
1   7   6   4   -0.0000175804
1   8   1   4   0.0000003385
1   8   2   4   0.0112004380
1   8   3   4   -0.0000004767
1   8   4   5   0.0000044518
1   8   4   6   0.0000213066
1   8   5   5   0.0000213066
1   8   5   6   -0.0000044518
1   8   6   4   0.0003314373
1   9   1   4   0.0003318310
1   9   2   4   -0.0000004767
1   9   3   4   0.0015133579
1   9   4   5   0.0000006621
1   9   4   6   0.0000031690
1   9   5   5   0.0000031690
1   9   5   6   -0.0000006621
1   9   6   4   0.0003212653
1   10   1   5   -0.0000002405
1   10   1   6   -0.0000011511
1   10   2   5   0.0000002517
1   10   2   6   0.0000012048
1   10   3   5   -0.0000050674
1   10   3   6   -0.0000242532
1   10   4   4   -0.0001646547
1   10   6   5   -0.0003093532
1   10   6   6   -0.0014805942
1   11   1   5   -0.0000011511
1   11   1   6   0.0000002405
1   11   2   5   0.0000012048
1   11   2   6   -0.0000002517
1   11   3   5   -0.0000242532
1   11   3   6   0.0000050674
1   11   5   4   -0.0001646547
1   11   6   5   -0.0014805942
1   11   6   6   0.0003093532
1   12   1   4   -0.0000175804
1   12   2   4   0.0003314373
1   12   3   4   0.0003212653
1   12   4   5   -0.0000246659
1   12   4   6   -0.0001180536
1   12   5   5   -0.0001180536
1   12   5   6   0.0000246659
1   12   6   4   0.0070998095
2   7   1   5   0.0000416674
2   7   2   5   -0.0000002102
2   7   3   5   0.0000390140
2   7   4   4   -0.0000002405
2   7   5   4   -0.0000011511
2   7   6   5   0.0000031258
2   8   1   5   -0.0000002102
2   8   2   5   0.0022469036
2   8   3   5   0.0000038586
2   8   4   4   0.0000002517
2   8   5   4   0.0000012048
2   8   6   5   -0.0003743228
2   9   1   5   0.0000390140
2   9   2   5   0.0000038586
2   9   3   5   0.0001686490
2   9   4   4   -0.0000050674
2   9   5   4   -0.0000242532
2   9   6   5   0.0000069566
2   10   1   4   0.0000003447
2   10   2   4   0.0000044518
2   10   3   4   0.0000006621
2   10   4   5   0.0000620735
2   10   4   6   0.0001109276
2   10   5   5   0.0001109276
2   10   5   6   0.0004812996
2   10   6   4   -0.0000246659
2   11   1   4   0.0000016497
2   11   2   4   0.0000213066
2   11   3   4   0.0000031690
2   11   4   5   0.0001109276
2   11   4   6   0.0000264335
2   11   5   5   0.0005698066
2   11   5   6   -0.0001109276
2   11   6   4   -0.0001180536
2   12   1   5   0.0000031258
2   12   2   5   -0.0003743228
2   12   3   5   0.0000069566
2   12   4   4   -0.0003093532
2   12   5   4   -0.0014805942
2   12   6   5   0.0008536938
3   7   1   6   0.0000416674
3   7   2   6   -0.0000002102
3   7   3   6   0.0000390140
3   7   4   4   -0.0000011511
3   7   5   4   0.0000002405
3   7   6   6   0.0000031258
3   8   1   6   -0.0000002102
3   8   2   6   0.0022469036
3   8   3   6   0.0000038586
3   8   4   4   0.0000012048
3   8   5   4   -0.0000002517
3   8   6   6   -0.0003743228
3   9   1   6   0.0000390140
3   9   2   6   0.0000038586
3   9   3   6   0.0001686490
3   9   4   4   -0.0000242532
3   9   5   4   0.0000050674
3   9   6   6   0.0000069566
3   10   1   4   0.0000016497
3   10   2   4   0.0000213066
3   10   3   4   0.0000031690
3   10   4   5   0.0001109276
3   10   4   6   0.0005698066
3   10   5   5   0.0000264335
3   10   5   6   -0.0001109276
3   10   6   4   -0.0001180536
3   11   1   4   -0.0000003447
3   11   2   4   -0.0000044518
3   11   3   4   -0.0000006621
3   11   4   5   0.0004812996
3   11   4   6   -0.0001109276
3   11   5   5   -0.0001109276
3   11   5   6   0.0000620735
3   11   6   4   0.0000246659
3   12   1   6   0.0000031258
3   12   2   6   -0.0003743228
3   12   3   6   0.0000069566
3   12   4   4   -0.0014805942
3   12   5   4   0.0003093532
3   12   6   6   0.0008536938

1   7   7   1   -0.1112288680
1   7   8   1   0.0000000088
1   7   9   1   0.0002915792
1   7   10   2   -0.0000262354
1   7   10   3   -0.0001255650
1   7   11   2   -0.0001255650
1   7   11   3   0.0000262354
1   7   12   1   0.0004818380
1   8   7   1   0.0000000088
1   8   8   1   -0.3008448886
1   8   9   1   0.0000061936
1   8   10   2   -0.0000028461
1   8   10   3   -0.0000136216
1   8   11   2   -0.0000136216
1   8   11   3   0.0000028461
1   8   12   1   -0.0006616261
1   9   7   1   0.0002915792
1   9   8   1   0.0000061936
1   9   9   1   -0.1052256253
1   9   10   2   -0.0003060969
1   9   10   3   -0.0014650091
1   9   11   2   -0.0014650091
1   9   11   3   0.0003060969
1   9   12   1   0.0052421257
1   10   7   2   -0.0000267668
1   10   7   3   -0.0001281086
1   10   8   2   -0.0000025921
1   10   8   3   -0.0000124059
1   10   9   2   -0.0003048812
1   10   9   3   -0.0014591909
1   10   10   1   -0.1036371815
1   10   12   2   0.0000964822
1   10   12   3   0.0004617731
1   11   7   2   -0.0001281086
1   11   7   3   0.0000267668
1   11   8   2   -0.0000124059
1   11   8   3   0.0000025921
1   11   9   2   -0.0014591909
1   11   9   3   0.0003048812
1   11   11   1   -0.1036371815
1   11   12   2   0.0004617731
1   11   12   3   -0.0000964822
1   12   7   1   0.0004818380
1   12   8   1   -0.0006616261
1   12   9   1   0.0052421257
1   12   10   2   0.0001061922
1   12   10   3   0.0005082460
1   12   11   2   0.0005082460
1   12   11   3   -0.0001061922
1   12   12   1   -0.1060524608
2   7   7   2   -0.1019603523
2   7   8   2   0.0000000279
2   7   9   2   0.0000158104
2   7   10   1   -0.0000267668
2   7   11   1   -0.0001281086
2   7   12   2   0.0004459257
2   8   7   2   0.0000000279
2   8   8   2   -0.2405058059
2   8   9   2   0.0000009548
2   8   10   1   -0.0000025921
2   8   11   1   -0.0000124059
2   8   12   2   -0.0001748847
2   9   7   2   0.0000158104
2   9   8   2   0.0000009548
2   9   9   2   -0.1016640982
2   9   10   1   -0.0003048812
2   9   11   1   -0.0014591909
2   9   12   2   0.0055363519
2   10   7   1   -0.0000262354
2   10   8   1   -0.0000028461
2   10   9   1   -0.0003060969
2   10   10   2   -0.1013218093
2   10   10   3   -0.0000601422
2   10   11   2   -0.0000601422
2   10   11   3   -0.0001348859
2   10   12   1   0.0001061922
2   11   7   1   -0.0001255650
2   11   8   1   -0.0000136216
2   11   9   1   -0.0014650091
2   11   10   2   -0.0000601422
2   11   10   3   -0.0001403943
2   11   11   2   -0.1015970894
2   11   11   3   0.0000601422
2   11   12   1   0.0005082460
2   12   7   2   0.0004459257
2   12   8   2   -0.0001748847
2   12   9   2   0.0055363519
2   12   10   1   0.0000964822
2   12   11   1   0.0004617731
2   12   12   2   -0.1082229446
3   7   7   3   -0.1019603523
3   7   8   3   0.0000000279
3   7   9   3   0.0000158104
3   7   10   1   -0.0001281086
3   7   11   1   0.0000267668
3   7   12   3   0.0004459257
3   8   7   3   0.0000000279
3   8   8   3   -0.2405058059
3   8   9   3   0.0000009548
3   8   10   1   -0.0000124059
3   8   11   1   0.0000025921
3   8   12   3   -0.0001748847
3   9   7   3   0.0000158104
3   9   8   3   0.0000009548
3   9   9   3   -0.1016640982
3   9   10   1   -0.0014591909
3   9   11   1   0.0003048812
3   9   12   3   0.0055363519
3   10   7   1   -0.0001255650
3   10   8   1   -0.0000136216
3   10   9   1   -0.0014650091
3   10   10   2   -0.0000601422
3   10   10   3   -0.1015970894
3   10   11   2   -0.0001403943
3   10   11   3   0.0000601422
3   10   12   1   0.0005082460
3   11   7   1   0.0000262354
3   11   8   1   0.0000028461
3   11   9   1   0.0003060969
3   11   10   2   -0.0001348859
3   11   10   3   0.0000601422
3   11   11   2   0.0000601422
3   11   11   3   -0.1013218093
3   11   12   1   -0.0001061922
3   12   7   3   0.0004459257
3   12   8   3   -0.0001748847
3   12   9   3   0.0055363519
3   12   10   1   0.0004617731
3   12   11   1   -0.0000964822
3   12   12   3   -0.1082229446

End AIJB Block
Begin IJKA Block
1   7   1   4   0.0014401266
1   7   2   4   -0.0000005176
1   7   3   4   -0.0002554608
1   7   4   5   -0.0002380711
1   7   4   6   -0.0011394311
1   7   5   5   -0.0011394311
1   7   5   6   0.0002380711
1   7   6   4   0.0025008795
1   8   1   4   -0.0004815669
1   8   2   4   -0.0000001795
1   8   3   4   0.0000030218
1   8   4   5   0.0000014927
1   8   4   6   0.0000071444
1   8   5   5   0.0000071444
1   8   5   6   -0.0000014927
1   8   6   4   0.0000047979
1   9   1   4   -0.0023185795
1   9   2   4   -0.0000004468
1   9   3   4   0.0000118783
1   9   4   5   -0.0002287435
1   9   4   6   -0.0010947883
1   9   5   5   -0.0010947883
1   9   5   6   0.0002287435
1   9   6   4   0.0022842327
1   10   1   5   -0.0035977405
1   10   1   6   -0.0172191316
1   10   2   5   0.0000000106
1   10   2   6   0.0000000509
1   10   3   5   -0.0000390367
1   10   3   6   -0.0001868334
1   10   4   4   -0.0000777962
1   10   6   5   -0.0000091047
1   10   6   6   -0.0000435759
1   11   1   5   -0.0172191316
1   11   1   6   0.0035977405
1   11   2   5   0.0000000509
1   11   2   6   -0.0000000106
1   11   3   5   -0.0001868334
1   11   3   6   0.0000390367
1   11   5   4   -0.0000777962
1   11   6   5   -0.0000435759
1   11   6   6   0.0000091047
1   12   1   4   -0.0247470628
1   12   2   4   -0.0000004776
1   12   3   4   0.0034615035
1   12   4   5   -0.0000184446
1   12   4   6   -0.0000882775
1   12   5   5   -0.0000882775
1   12   5   6   0.0000184446
1   12   6   4   0.0001471457
2   7   1   4   0.0000029002
2   7   2   4   -0.0000333942
2   7   3   4   0.0000028082
2   7   4   5   -0.0000000094
2   7   4   6   -0.0000000449
2   7   5   5   -0.0000000449
2   7   5   6   0.0000000094
2   7   6   4   -0.0000000127
2   8   1   4   -0.0000002972
2   8   2   4   -0.1099045982
2   8   3   4   0.0000059672
2   8   4   5   0.0000025438
2   8   4   6   0.0000121748
2   8   5   5   0.0000121748
2   8   5   6   -0.0000025438
2   8   6   4   -0.0011291424
2   9   1   4   0.0000029539
2   9   2   4   -0.0000202895
2   9   3   4   0.0000117794
2   9   4   5   -0.0000000629
2   9   4   6   -0.0000003008
2   9   5   5   -0.0000003008
2   9   5   6   0.0000000629
2   9   6   4   -0.0000045065
2   10   1   5   -0.0000000047
2   10   1   6   -0.0000000224
2   10   2   5   0.0001101692
2   10   2   6   0.0005272804
2   10   3   5   -0.0000000448
2   10   3   6   -0.0000002144
2   10   4   4   0.0000049329
2   10   6   5   -0.0000005221
2   10   6   6   -0.0000024987
2   11   1   5   -0.0000000224
2   11   1   6   0.0000000047
2   11   2   5   0.0005272804
2   11   2   6   -0.0001101692
2   11   3   5   -0.0000002144
2   11   3   6   0.0000000448
2   11   5   4   0.0000049329
2   11   6   5   -0.0000024987
2   11   6   6   0.0000005221
2   12   1   4   0.0000000549
2   12   2   4   -0.0115806576
2   12   3   4   -0.0000014534
2   12   4   5   -0.0000026405
2   12   4   6   -0.0000126376
2   12   5   5   -0.0000126376
2   12   5   6   0.0000026405
2   12   6   4   0.0001140454
3   7   1   4   -0.0003005255
3   7   2   4   -0.0000004226
3   7   3   4   -0.0000160110
3   7   4   5   -0.0002575235
3   7   4   6   -0.0012325320
3   7   5   5   -0.0012325320
3   7   5   6   0.0002575235
3   7   6   4   0.0029214769
3   8   1   4   0.0000032026
3   8   2   4   0.0000083541
3   8   3   4   -0.0004590182
3   8   4   5   0.0000163747
3   8   4   6   0.0000783707
3   8   5   5   0.0000783707
3   8   5   6   -0.0000163747
3   8   6   4   0.0000560980
3   9   1   4   -0.0000457842
3   9   2   4   0.0000043418
3   9   3   4   -0.0018541918
3   9   4   5   -0.0010054970
3   9   4   6   -0.0048124051
3   9   5   5   -0.0048124051
3   9   5   6   0.0010054970
3   9   6   4   0.0122413608
3   10   1   5   -0.0000781361
3   10   1   6   -0.0003739671
3   10   2   5   0.0000001237
3   10   2   6   0.0000005920
3   10   3   5   -0.0030780322
3   10   3   6   -0.0147317578
3   10   4   4   -0.0003054550
3   10   6   5   -0.0000819957
3   10   6   6   -0.0003924394
3   11   1   5   -0.0003739671
3   11   1   6   0.0000781361
3   11   2   5   0.0000005920
3   11   2   6   -0.0000001237
3   11   3   5   -0.0147317578
3   11   3   6   0.0030780322
3   11   5   4   -0.0003054550
3   11   6   5   -0.0003924394
3   11   6   6   0.0000819957
3   12   1   4   0.0047069266
3   12   2   4   -0.0000081583
3   12   3   4   0.0075405468
3   12   4   5   -0.0001388177
3   12   4   6   -0.0006643947
3   12   5   5   -0.0006643947
3   12   5   6   0.0001388177
3   12   6   4   -0.0002617459
4   7   1   5   -0.0002898173
4   7   1   6   -0.0013870935
4   7   2   5   -0.0000000025
4   7   2   6   -0.0000000121
4   7   3   5   -0.0002687972
4   7   3   6   -0.0012864890
4   7   4   4   0.0000358450
4   7   6   5   -0.0000024763
4   7   6   6   -0.0000118518
4   8   1   5   0.0000013282
4   8   1   6   0.0000063571
4   8   2   5   0.0000003329
4   8   2   6   0.0000015933
4   8   3   5   0.0000156232
4   8   3   6   0.0000747744
4   8   4   4   -0.0004581822
4   8   6   5   -0.0000056040
4   8   6   6   -0.0000268212
4   9   1   5   -0.0002451134
4   9   1   6   -0.0011731361
4   9   2   5   -0.0000000109
4   9   2   6   -0.0000000521
4   9   3   5   -0.0009929623
4   9   3   6   -0.0047524131
4   9   4   4   -0.0013028651
4   9   6   5   -0.0000134336
4   9   6   6   -0.0000642947
4   10   1   4   -0.0000408201
4   10   2   4   0.0000119839
4   10   3   4   -0.0003161631
4   10   4   5   -0.0033638430
4   10   4   6   -0.0160996755
4   10   5   5   -0.0014869318
4   10   5   6   0.0003106774
4   10   6   4   0.0063903914
4   11   2   4   -0.0000000000
4   11   4   5   -0.0131209786
4   11   4   6   0.0027414784
4   11   5   5   -0.0003116873
4   11   5   6   -0.0014917652
4   11   6   4   0.0000000000
4   12   1   5   -0.0000176121
4   12   1   6   -0.0000842934
4   12   2   5   -0.0000024932
4   12   2   6   -0.0000119326
4   12   3   5   -0.0001082057
4   12   3   6   -0.0005178828
4   12   4   4   0.0056533771
4   12   6   5   -0.0003521940
4   12   6   6   -0.0016856342
5   7   1   5   -0.0013870935
5   7   1   6   0.0002898173
5   7   2   5   -0.0000000121
5   7   2   6   0.0000000025
5   7   3   5   -0.0012864890
5   7   3   6   0.0002687972
5   7   5   4   0.0000358450
5   7   6   5   -0.0000118518
5   7   6   6   0.0000024763
5   8   1   5   0.0000063571
5   8   1   6   -0.0000013282
5   8   2   5   0.0000015933
5   8   2   6   -0.0000003329
5   8   3   5   0.0000747744
5   8   3   6   -0.0000156232
5   8   5   4   -0.0004581822
5   8   6   5   -0.0000268212
5   8   6   6   0.0000056040
5   9   1   5   -0.0011731361
5   9   1   6   0.0002451134
5   9   2   5   -0.0000000521
5   9   2   6   0.0000000109
5   9   3   5   -0.0047524131
5   9   3   6   0.0009929623
5   9   5   4   -0.0013028651
5   9   6   5   -0.0000642947
5   9   6   6   0.0000134336
5   10   2   4   0.0000000000
5   10   4   5   -0.0014917652
5   10   4   6   0.0003116873
5   10   5   5   -0.0027414784
5   10   5   6   -0.0131209786
5   10   6   4   -0.0000000000
5   11   1   4   -0.0000408201
5   11   2   4   0.0000119839
5   11   3   4   -0.0003161631
5   11   4   5   -0.0003106774
5   11   4   6   -0.0014869318
5   11   5   5   -0.0160996755
5   11   5   6   0.0033638430
5   11   6   4   0.0063903914
5   12   1   5   -0.0000842934
5   12   1   6   0.0000176121
5   12   2   5   -0.0000119326
5   12   2   6   0.0000024932
5   12   3   5   -0.0005178828
5   12   3   6   0.0001082057
5   12   5   4   0.0056533771
5   12   6   5   -0.0016856342
5   12   6   6   0.0003521940
6   7   1   4   0.0041053611
6   7   2   4   -0.0000004136
6   7   3   4   0.0034666570
6   7   4   5   -0.0000032295
6   7   4   6   -0.0000154568
6   7   5   5   -0.0000154568
6   7   5   6   0.0000032295
6   7   6   4   0.0000604808
6   8   1   4   0.0000041588
6   8   2   4   -0.0015749963
6   8   3   4   0.0000519245
6   8   4   5   -0.0000081249
6   8   4   6   -0.0000388866
6   8   5   5   -0.0000388866
6   8   5   6   0.0000081249
6   8   6   4   -0.0005671048
6   9   1   4   0.0031755592
6   9   2   4   -0.0000074324
6   9   3   4   0.0120938709
6   9   4   5   -0.0000208287
6   9   4   6   -0.0000996882
6   9   5   5   -0.0000996882
6   9   5   6   0.0000208287
6   9   6   4   -0.0014502152
6   10   1   5   -0.0000098576
6   10   1   6   -0.0000471795
6   10   2   5   -0.0000014757
6   10   2   6   -0.0000070630
6   10   3   5   -0.0000522214
6   10   3   6   -0.0002499364
6   10   4   4   0.0053195259
6   10   6   5   -0.0027540564
6   10   6   6   -0.0131811782
6   11   1   5   -0.0000471795
6   11   1   6   0.0000098576
6   11   2   5   -0.0000070630
6   11   2   6   0.0000014757
6   11   3   5   -0.0002499364
6   11   3   6   0.0000522214
6   11   5   4   0.0053195259
6   11   6   5   -0.0131811782
6   11   6   6   0.0027540564
6   12   1   4   0.0002543311
6   12   2   4   0.0002340686
6   12   3   4   -0.0014107442
6   12   4   5   -0.0003166461
6   12   4   6   -0.0015154986
6   12   5   5   -0.0015154986
6   12   5   6   0.0003166461
6   12   6   4   0.0325129030

End IJKA Block
Begin IABC Block
1   4   1   4   -0.0000237033
1   4   2   5   -0.0000038647
1   4   3   6   -0.0000038647
1   5   1   5   -0.0000224843
1   5   2   4   -0.0000039116
1   6   1   6   -0.0000224843
1   6   3   4   -0.0000039116
2   4   1   4   -0.0010867410
2   4   2   5   0.0036771884
2   4   3   6   0.0036771884
2   5   1   5   -0.0004143019
2   5   2   4   0.0037021302
2   6   1   6   -0.0004143019
2   6   3   4   0.0037021302
3   4   1   4   -0.0000317335
3   4   2   5   0.0000340714
3   4   3   6   0.0000340714
3   5   1   5   -0.0000298983
3   5   2   4   0.0000360322
3   6   1   6   -0.0000298983
3   6   3   4   0.0000360322
4   4   1   5   0.0000520074
4   4   1   6   0.0002489126
4   4   2   4   0.0000607998
4   4   3   4   0.0002909938
4   5   1   4   0.0000490517
4   5   2   5   0.0001575473
4   5   2   6   0.0001489946
4   5   3   5   0.0004571158
4   5   3   6   0.0000309075
4   6   1   4   0.0002347660
4   6   2   5   0.0001479262
4   6   2   6   0.0000955091
4   6   3   5   0.0000311307
4   6   3   6   0.0007540367
5   4   1   5   0.0002489126
5   4   1   6   -0.0000520074
5   4   2   4   0.0002909938
5   4   3   4   -0.0000607998
5   5   1   4   0.0002347660
5   5   2   5   0.0007540367
5   5   2   6   -0.0000311307
5   5   3   5   -0.0000955091
5   5   3   6   0.0001479262
5   6   1   4   -0.0000490517
5   6   2   5   -0.0000309075
5   6   2   6   0.0004571158
5   6   3   5   0.0001489946
5   6   3   6   -0.0001575473
6   4   1   4   -0.0030330478
6   4   2   5   -0.0025952949
6   4   3   6   -0.0025952949
6   5   1   5   -0.0040768127
6   5   2   4   -0.0027044542
6   6   1   6   -0.0040768127
6   6   3   4   -0.0027044542

End IABC Block
