Begin IJ Block
1   1   -6.1327313800
1   2   -0.0027440296
1   3   -0.0130659288
2   2   -7.0939145864
2   3   0.0174428048
3   3   -6.0272906060
4   4   -6.0676657476
4   5   0.0000000000
5   5   -6.0676657476

End IJ Block
Begin IA Block
1   1   0.0948117335
1   4   0.0636353881
2   1   0.0430686540
2   4   0.1202993153
3   1   -0.1308829457
3   4   -0.0253162188
4   2   0.0387041712
4   3   -0.1773822511
5   2   0.1773822511
5   3   0.0387041712

End IA Block
Begin AB Block
1   1   -1.6179565716
1   4   -0.3406807714
2   2   -1.3407835595
3   3   -1.3407835595
4   4   -1.4164359155

End AB Block
Begin IJKL Block
1   6   1   6   1.6338789880
1   6   1   7   -0.0116491863
1   6   1   8   0.0386998550
1   6   2   6   -0.0116491863
1   6   2   7   0.0000601650
1   6   2   8   -0.0003678250
1   6   3   6   0.0386998550
1   6   3   7   -0.0003678250
1   6   3   8   0.0010782911
1   6   4   9   -0.0000445547
1   6   5   10   -0.0000445547
1   7   1   6   -0.0116491863
1   7   1   7   0.2433664696
1   7   1   8   -0.0381672635
1   7   2   6   0.0001538239
1   7   2   7   0.0025763615
1   7   2   8   -0.0004762884
1   7   3   6   -0.0005135643
1   7   3   7   -0.0039942878
1   7   3   8   0.0011790827
1   7   4   9   0.0005961122
1   7   5   10   0.0005961122
1   8   1   6   0.0386998550
1   8   1   7   -0.0381672635
1   8   1   8   0.2655230962
1   8   2   6   -0.0005135643
1   8   2   7   -0.0004325747
1   8   2   8   0.0023899712
1   8   3   6   0.0019561627
1   8   3   7   0.0011902138
1   8   3   8   -0.0040636166
1   8   4   9   -0.0001527984
1   8   5   10   -0.0001527984
1   9   1   9   0.2390338477
1   9   2   9   0.0023376823
1   9   3   9   -0.0035950367
1   9   4   6   0.0000569531
1   9   4   7   0.0006271883
1   9   4   8   -0.0001980915
1   10   1   10   0.2390338477
1   10   2   10   0.0023376823
1   10   3   10   -0.0035950367
1   10   5   6   0.0000569531
1   10   5   7   0.0006271883
1   10   5   8   -0.0001980915
2   6   1   6   -0.0116491863
2   6   1   7   0.0001538239
2   6   1   8   -0.0005135643
2   6   2   6   0.2433664696
2   6   2   7   0.0025763615
2   6   2   8   -0.0039942878
2   6   3   6   -0.0381672635
2   6   3   7   -0.0004762884
2   6   3   8   0.0011790827
2   6   4   9   0.0005961122
2   6   5   10   0.0005961122
2   7   1   6   0.0000601650
2   7   1   7   0.0025763615
2   7   1   8   -0.0004325747
2   7   2   6   0.0025763615
2   7   2   7   0.8700867161
2   7   2   8   0.0093061304
2   7   3   6   -0.0004325747
2   7   3   7   0.0093061304
2   7   3   8   0.1462118549
2   7   4   9   0.1502504275
2   7   5   10   0.1502504275
2   8   1   6   -0.0003678250
2   8   1   7   -0.0004762884
2   8   1   8   0.0023899712
2   8   2   6   -0.0039942878
2   8   2   7   0.0093061304
2   8   2   8   0.7901663224
2   8   3   6   0.0011902138
2   8   3   7   0.1513765527
2   8   3   8   0.0135556196
2   8   4   9   0.0028179395
2   8   5   10   0.0028179395
2   9   1   9   0.0023376823
2   9   2   9   0.8080416908
2   9   2   10   -0.0000000000
2   9   3   9   0.0098865906
2   9   4   6   0.0006271883
2   9   4   7   0.1549923692
2   9   4   8   0.0029771340
2   10   1   10   0.0023376823
2   10   2   9   -0.0000000000
2   10   2   10   0.8080416908
2   10   3   10   0.0098865906
2   10   5   6   0.0006271883
2   10   5   7   0.1549923692
2   10   5   8   0.0029771340
3   6   1   6   0.0386998550
3   6   1   7   -0.0005135643
3   6   1   8   0.0019561627
3   6   2   6   -0.0381672635
3   6   2   7   -0.0004325747
3   6   2   8   0.0011902138
3   6   3   6   0.2655230962
3   6   3   7   0.0023899712
3   6   3   8   -0.0040636166
3   6   4   9   -0.0001527984
3   6   5   10   -0.0001527984
3   7   1   6   -0.0003678250
3   7   1   7   -0.0039942878
3   7   1   8   0.0011902138
3   7   2   6   -0.0004762884
3   7   2   7   0.0093061304
3   7   2   8   0.1513765527
3   7   3   6   0.0023899712
3   7   3   7   0.7901663224
3   7   3   8   0.0135556196
3   7   4   9   0.0028179395
3   7   5   10   0.0028179395
3   8   1   6   0.0010782911
3   8   1   7   0.0011790827
3   8   1   8   -0.0040636166
3   8   2   6   0.0011790827
3   8   2   7   0.1462118549
3   8   2   8   0.0135556196
3   8   3   6   -0.0040636166
3   8   3   7   0.0135556196
3   8   3   8   0.7639321269
3   8   4   9   0.0298250658
3   8   5   10   0.0298250658
3   9   1   9   -0.0035950367
3   9   2   9   0.0098865906
3   9   3   9   0.7149210249
3   9   3   10   -0.0000000000
3   9   4   6   -0.0001980915
3   9   4   7   0.0029771340
3   9   4   8   0.0357701225
3   10   1   10   -0.0035950367
3   10   2   10   0.0098865906
3   10   3   9   -0.0000000000
3   10   3   10   0.7149210249
3   10   5   6   -0.0001980915
3   10   5   7   0.0029771340
3   10   5   8   0.0357701225
4   6   1   9   0.0000569531
4   6   2   9   0.0006271883
4   6   3   9   -0.0001980915
4   6   4   6   0.2390338477
4   6   4   7   0.0023376823
4   6   4   8   -0.0035950367
4   7   1   9   0.0006271883
4   7   2   9   0.1549923692
4   7   3   9   0.0029771340
4   7   4   6   0.0023376823
4   7   4   7   0.8080416908
4   7   4   8   0.0098865906
4   7   5   7   -0.0000000000
4   8   1   9   -0.0001980915
4   8   2   9   0.0029771340
4   8   3   9   0.0357701225
4   8   4   6   -0.0035950367
4   8   4   7   0.0098865906
4   8   4   8   0.7149210249
4   8   5   8   -0.0000000000
4   9   1   6   -0.0000445547
4   9   1   7   0.0005961122
4   9   1   8   -0.0001527984
4   9   2   6   0.0005961122
4   9   2   7   0.1502504275
4   9   2   8   0.0028179395
4   9   3   6   -0.0001527984
4   9   3   7   0.0028179395
4   9   3   8   0.0298250658
4   9   4   9   0.7974669411
4   9   4   10   -0.0000000000
4   9   5   9   -0.0000000000
4   9   5   10   0.0306168855
4   10   4   9   -0.0000000000
4   10   4   10   0.7302959122
4   10   5   9   0.0365541434
4   10   5   10   -0.0000000000
5   6   1   10   0.0000569531
5   6   2   10   0.0006271883
5   6   3   10   -0.0001980915
5   6   5   6   0.2390338477
5   6   5   7   0.0023376823
5   6   5   8   -0.0035950367
5   7   1   10   0.0006271883
5   7   2   10   0.1549923692
5   7   3   10   0.0029771340
5   7   4   7   -0.0000000000
5   7   5   6   0.0023376823
5   7   5   7   0.8080416908
5   7   5   8   0.0098865906
5   8   1   10   -0.0001980915
5   8   2   10   0.0029771340
5   8   3   10   0.0357701225
5   8   4   8   -0.0000000000
5   8   5   6   -0.0035950367
5   8   5   7   0.0098865906
5   8   5   8   0.7149210249
5   9   4   9   -0.0000000000
5   9   4   10   0.0365541434
5   9   5   9   0.7302959122
5   9   5   10   -0.0000000000
5   10   1   6   -0.0000445547
5   10   1   7   0.0005961122
5   10   1   8   -0.0001527984
5   10   2   6   0.0005961122
5   10   2   7   0.1502504275
5   10   2   8   0.0028179395
5   10   3   6   -0.0001527984
5   10   3   7   0.0028179395
5   10   3   8   0.0298250658
5   10   4   9   0.0306168855
5   10   4   10   -0.0000000000
5   10   5   9   -0.0000000000
5   10   5   10   0.7974669411

End IJKL Block
Begin IJAB Block
1   6   1   5   0.0070550310
1   6   1   8   0.0052986399
1   6   2   6   0.0006276545
1   6   3   7   0.0006276545
1   6   4   5   0.0052986399
1   6   4   8   0.0042345549
1   7   1   5   -0.0000363874
1   7   1   8   -0.0000380917
1   7   2   6   0.0000162917
1   7   3   7   0.0000162917
1   7   4   5   -0.0000453357
1   7   4   8   -0.0000389749
1   8   1   5   0.0002380423
1   8   1   8   0.0004384879
1   8   2   6   -0.0001801949
1   8   3   7   -0.0001801949
1   8   4   5   0.0002147461
1   8   4   8   0.0002638008
1   9   1   6   0.0000180790
1   9   1   7   -0.0000828565
1   9   2   5   0.0000307312
1   9   2   8   0.0000410131
1   9   3   5   -0.0001408418
1   9   3   8   -0.0001879643
1   9   4   6   0.0000031876
1   9   4   7   -0.0000146086
1   10   1   6   0.0000828565
1   10   1   7   0.0000180790
1   10   2   5   0.0001408418
1   10   2   8   0.0001879643
1   10   3   5   0.0000307312
1   10   3   8   0.0000410131
1   10   4   6   0.0000146086
1   10   4   7   0.0000031876
2   6   1   5   -0.0000363874
2   6   1   8   -0.0000453357
2   6   2   6   0.0000162917
2   6   3   7   0.0000162917
2   6   4   5   -0.0000380917
2   6   4   8   -0.0000389749
2   7   1   5   0.0007676804
2   7   1   8   0.0007764843
2   7   2   6   0.0009767683
2   7   3   7   0.0009767683
2   7   4   5   0.0007764843
2   7   4   8   0.0015669922
2   8   1   5   -0.0006748534
2   8   1   8   -0.0008471128
2   8   2   6   0.0000130362
2   8   3   7   0.0000130362
2   8   4   5   -0.0015080054
2   8   4   8   -0.0011171909
2   9   1   6   0.0001233331
2   9   1   7   -0.0005652391
2   9   2   5   0.0000594109
2   9   2   8   0.0001815550
2   9   3   5   -0.0002722819
2   9   3   8   -0.0008320715
2   9   4   6   0.0003856718
2   9   4   7   -0.0017675441
2   10   1   6   0.0005652391
2   10   1   7   0.0001233331
2   10   2   5   0.0002722819
2   10   2   8   0.0008320715
2   10   3   5   0.0000594109
2   10   3   8   0.0001815550
2   10   4   6   0.0017675441
2   10   4   7   0.0003856718
3   6   1   5   0.0002380423
3   6   1   8   0.0002147461
3   6   2   6   -0.0001801949
3   6   3   7   -0.0001801949
3   6   4   5   0.0004384879
3   6   4   8   0.0002638008
3   7   1   5   -0.0006748534
3   7   1   8   -0.0015080054
3   7   2   6   0.0000130362
3   7   3   7   0.0000130362
3   7   4   5   -0.0008471128
3   7   4   8   -0.0011171909
3   8   1   5   0.0022843379
3   8   1   8   0.0015853939
3   8   2   6   0.0006004970
3   8   3   7   0.0006004970
3   8   4   5   0.0015853939
3   8   4   8   0.0021213287
3   9   1   6   -0.0003941309
3   9   1   7   0.0018063122
3   9   2   5   -0.0001149192
3   9   2   8   -0.0000896853
3   9   3   5   0.0005266780
3   9   3   8   0.0004110301
3   9   4   6   -0.0002369267
3   9   4   7   0.0010858416
3   10   1   6   -0.0018063122
3   10   1   7   -0.0003941309
3   10   2   5   -0.0005266780
3   10   2   8   -0.0004110301
3   10   3   5   -0.0001149192
3   10   3   8   -0.0000896853
3   10   4   6   -0.0010858416
3   10   4   7   -0.0002369267
4   6   1   6   0.0000307312
4   6   1   7   -0.0001408418
4   6   2   5   0.0000180790
4   6   2   8   0.0000031876
4   6   3   5   -0.0000828565
4   6   3   8   -0.0000146086
4   6   4   6   0.0000410131
4   6   4   7   -0.0001879643
4   7   1   6   0.0000594109
4   7   1   7   -0.0002722819
4   7   2   5   0.0001233331
4   7   2   8   0.0003856718
4   7   3   5   -0.0005652391
4   7   3   8   -0.0017675441
4   7   4   6   0.0001815550
4   7   4   7   -0.0008320715
4   8   1   6   -0.0001149192
4   8   1   7   0.0005266780
4   8   2   5   -0.0003941309
4   8   2   8   -0.0002369267
4   8   3   5   0.0018063122
4   8   3   8   0.0010858416
4   8   4   6   -0.0000896853
4   8   4   7   0.0004110301
4   9   1   5   0.0005305907
4   9   1   8   0.0005749346
4   9   2   6   0.0005720490
4   9   2   7   -0.0005771842
4   9   3   6   -0.0005771842
4   9   3   7   0.0030913601
4   9   4   5   0.0005749346
4   9   4   8   0.0012179429
4   10   2   6   0.0005771842
4   10   2   7   -0.0003849116
4   10   3   6   -0.0021343994
4   10   3   7   -0.0005771842
5   6   1   6   0.0001408418
5   6   1   7   0.0000307312
5   6   2   5   0.0000828565
5   6   2   8   0.0000146086
5   6   3   5   0.0000180790
5   6   3   8   0.0000031876
5   6   4   6   0.0001879643
5   6   4   7   0.0000410131
5   7   1   6   0.0002722819
5   7   1   7   0.0000594109
5   7   2   5   0.0005652391
5   7   2   8   0.0017675441
5   7   3   5   0.0001233331
5   7   3   8   0.0003856718
5   7   4   6   0.0008320715
5   7   4   7   0.0001815550
5   8   1   6   -0.0005266780
5   8   1   7   -0.0001149192
5   8   2   5   -0.0018063122
5   8   2   8   -0.0010858416
5   8   3   5   -0.0003941309
5   8   3   8   -0.0002369267
5   8   4   6   -0.0004110301
5   8   4   7   -0.0000896853
5   9   2   6   0.0005771842
5   9   2   7   -0.0021343994
5   9   3   6   -0.0003849116
5   9   3   7   -0.0005771842
5   10   1   5   0.0005305907
5   10   1   8   0.0005749346
5   10   2   6   0.0030913601
5   10   2   7   0.0005771842
5   10   3   6   0.0005771842
5   10   3   7   0.0005720490
5   10   4   5   0.0005749346
5   10   4   8   0.0012179429

End IJAB Block
Begin ABCD Block
1   5   1   5   0.2171430982
1   5   1   8   0.0147882946
1   5   2   6   0.0243548012
1   5   3   7   0.0243548012
1   5   4   5   0.0147882946
1   5   4   8   0.0155554231
1   6   1   6   0.1479073514
1   6   2   5   0.0243549568
1   6   2   8   0.0046846970
1   6   4   6   0.0116494339
1   7   1   7   0.1479073514
1   7   3   5   0.0243549568
1   7   3   8   0.0046846970
1   7   4   7   0.0116494339
1   8   1   5   0.0147882946
1   8   1   8   0.1367192176
1   8   2   6   0.0046846748
1   8   3   7   0.0046846748
1   8   4   5   0.0155561147
1   8   4   8   0.0071305415
2   5   1   6   0.0243549568
2   5   2   5   0.1479073514
2   5   2   8   0.0116494339
2   5   4   6   0.0046846970
2   6   1   5   0.0243548012
2   6   1   8   0.0046846748
2   6   2   6   0.1360292727
2   6   3   7   0.0079005054
2   6   4   5   0.0046846748
2   6   4   8   0.0083027390
2   7   2   7   0.1202283050
2   7   3   6   0.0079004623
2   8   1   6   0.0046846970
2   8   2   5   0.0116494339
2   8   2   8   0.1155749633
2   8   4   6   0.0083030673
3   5   1   7   0.0243549568
3   5   3   5   0.1479073514
3   5   3   8   0.0116494339
3   5   4   7   0.0046846970
3   6   2   7   0.0079004623
3   6   3   6   0.1202283050
3   7   1   5   0.0243548012
3   7   1   8   0.0046846748
3   7   2   6   0.0079005054
3   7   3   7   0.1360292727
3   7   4   5   0.0046846748
3   7   4   8   0.0083027390
3   8   1   7   0.0046846970
3   8   3   5   0.0116494339
3   8   3   8   0.1155749633
3   8   4   7   0.0083030673
4   5   1   5   0.0147882946
4   5   1   8   0.0155561147
4   5   2   6   0.0046846748
4   5   3   7   0.0046846748
4   5   4   5   0.1367192176
4   5   4   8   0.0071305415
4   6   1   6   0.0116494339
4   6   2   5   0.0046846970
4   6   2   8   0.0083030673
4   6   4   6   0.1155749633
4   7   1   7   0.0116494339
4   7   3   5   0.0046846970
4   7   3   8   0.0083030673
4   7   4   7   0.1155749633
4   8   1   5   0.0155554231
4   8   1   8   0.0071305415
4   8   2   6   0.0083027390
4   8   3   7   0.0083027390
4   8   4   5   0.0071305415
4   8   4   8   0.1207356881

End ABCD Block
Begin AIJB Block
1   6   1   5   0.0054461439
1   6   1   8   0.0040109883
1   6   2   5   -0.0000157430
1   6   2   8   -0.0000263113
1   6   3   5   0.0001383894
1   6   3   8   0.0001196853
1   6   4   6   0.0000255062
1   6   4   7   -0.0001168955
1   6   5   6   0.0001168955
1   6   5   7   0.0000255062
1   7   1   5   -0.0000157430
1   7   1   8   -0.0000229653
1   7   2   5   0.0005926166
1   7   2   8   0.0005858753
1   7   3   5   -0.0003897005
1   7   3   8   -0.0009832307
1   7   4   6   0.0000257111
1   7   4   7   -0.0001178345
1   7   5   6   0.0001178345
1   7   5   7   0.0000257111
1   8   1   5   0.0001383894
1   8   1   8   0.0003048127
1   8   2   5   -0.0003897005
1   8   2   8   -0.0003733377
1   8   3   5   0.0016321811
1   8   3   8   0.0011994669
1   8   4   6   -0.0000671535
1   8   4   7   0.0003077664
1   8   5   6   -0.0003077664
1   8   5   7   -0.0000671535
1   9   1   6   0.0000144055
1   9   1   7   -0.0000660207
1   9   2   6   0.0000815435
1   9   2   7   -0.0003737161
1   9   3   6   -0.0003313483
1   9   3   7   0.0015185781
1   9   4   5   0.0003382616
1   9   4   8   0.0004517579
1   10   1   6   0.0000660207
1   10   1   7   0.0000144055
1   10   2   6   0.0003737161
1   10   2   7   0.0000815435
1   10   3   6   -0.0015185781
1   10   3   7   -0.0003313483
1   10   5   5   0.0003382616
1   10   5   8   0.0004517579
2   6   1   6   0.0005438202
2   6   2   6   0.0000080939
2   6   3   6   -0.0001414253
2   6   4   5   0.0000144055
2   6   4   8   0.0000040014
2   6   5   5   0.0000660207
2   6   5   8   0.0000183384
2   7   1   6   0.0000080939
2   7   2   6   0.0007694983
2   7   3   6   0.0000419007
2   7   4   5   0.0000815435
2   7   4   8   0.0002659629
2   7   5   5   0.0003737161
2   7   5   8   0.0012189150
2   8   1   6   -0.0001414253
2   8   2   6   0.0000419007
2   8   3   6   0.0003983511
2   8   4   5   -0.0003313483
2   8   4   8   -0.0002045596
2   8   5   5   -0.0015185781
2   8   5   8   -0.0009375023
2   9   1   5   0.0000255062
2   9   1   8   0.0000333491
2   9   2   5   0.0000257111
2   9   2   8   0.0000858106
2   9   3   5   -0.0000671535
2   9   3   8   -0.0000645572
2   9   4   6   0.0003571084
2   9   4   7   -0.0004506185
2   9   5   6   0.0004506185
2   9   5   7   -0.0018061566
2   10   1   5   0.0001168955
2   10   1   8   0.0001528398
2   10   2   5   0.0001178345
2   10   2   8   0.0003932723
2   10   3   5   -0.0003077664
2   10   3   8   -0.0002958674
2   10   4   6   0.0004506185
2   10   4   7   -0.0001607168
2   10   5   6   0.0023239818
2   10   5   7   0.0004506185
3   6   1   7   0.0005438202
3   6   2   7   0.0000080939
3   6   3   7   -0.0001414253
3   6   4   5   -0.0000660207
3   6   4   8   -0.0000183384
3   6   5   5   0.0000144055
3   6   5   8   0.0000040014
3   7   1   7   0.0000080939
3   7   2   7   0.0007694983
3   7   3   7   0.0000419007
3   7   4   5   -0.0003737161
3   7   4   8   -0.0012189150
3   7   5   5   0.0000815435
3   7   5   8   0.0002659629
3   8   1   7   -0.0001414253
3   8   2   7   0.0000419007
3   8   3   7   0.0003983511
3   8   4   5   0.0015185781
3   8   4   8   0.0009375023
3   8   5   5   -0.0003313483
3   8   5   8   -0.0002045596
3   9   1   5   -0.0001168955
3   9   1   8   -0.0001528398
3   9   2   5   -0.0001178345
3   9   2   8   -0.0003932723
3   9   3   5   0.0003077664
3   9   3   8   0.0002958674
3   9   4   6   -0.0004506185
3   9   4   7   0.0023239818
3   9   5   6   -0.0001607168
3   9   5   7   -0.0004506185
3   10   1   5   0.0000255062
3   10   1   8   0.0000333491
3   10   2   5   0.0000257111
3   10   2   8   0.0000858106
3   10   3   5   -0.0000671535
3   10   3   8   -0.0000645572
3   10   4   6   -0.0018061566
3   10   4   7   -0.0004506185
3   10   5   6   0.0004506185
3   10   5   7   0.0003571084
4   6   1   5   0.0040109883
4   6   1   8   0.0031533303
4   6   2   5   -0.0000229653
4   6   2   8   -0.0000254459
4   6   3   5   0.0003048127
4   6   3   8   0.0001686687
4   6   4   6   0.0000333491
4   6   4   7   -0.0001528398
4   6   5   6   0.0001528398
4   6   5   7   0.0000333491
4   7   1   5   -0.0000263113
4   7   1   8   -0.0000254459
4   7   2   5   0.0005858753
4   7   2   8   0.0011124391
4   7   3   5   -0.0003733377
4   7   3   8   -0.0006178970
4   7   4   6   0.0000858106
4   7   4   7   -0.0003932723
4   7   5   6   0.0003932723
4   7   5   7   0.0000858106
4   8   1   5   0.0001196853
4   8   1   8   0.0001686687
4   8   2   5   -0.0009832307
4   8   2   8   -0.0006178970
4   8   3   5   0.0011994669
4   8   3   8   0.0016245200
4   8   4   6   -0.0000645572
4   8   4   7   0.0002958674
4   8   5   6   -0.0002958674
4   8   5   7   -0.0000645572
4   9   1   6   0.0000040014
4   9   1   7   -0.0000183384
4   9   2   6   0.0002659629
4   9   2   7   -0.0012189150
4   9   3   6   -0.0002045596
4   9   3   7   0.0009375023
4   9   4   5   0.0004517579
4   9   4   8   0.0008817716
4   10   1   6   0.0000183384
4   10   1   7   0.0000040014
4   10   2   6   0.0012189150
4   10   2   7   0.0002659629
4   10   3   6   -0.0009375023
4   10   3   7   -0.0002045596
4   10   5   5   0.0004517579
4   10   5   8   0.0008817716

1   6   6   1   -0.2491266623
1   6   6   4   -0.0588063458
1   6   7   1   0.0007308569
1   6   7   4   0.0001805439
1   6   8   1   -0.0019864720
1   6   8   4   -0.0004765370
1   6   9   2   -0.0000656333
1   6   9   3   0.0003007992
1   6   10   2   -0.0003007992
1   6   10   3   -0.0000656333
1   7   6   1   0.0007308569
1   7   6   4   0.0001807891
1   7   7   1   -0.1376637791
1   7   7   4   -0.0287214415
1   7   8   1   0.0106156498
1   7   8   4   0.0037822971
1   7   9   2   -0.0008436547
1   7   9   3   0.0038664919
1   7   10   2   -0.0038664919
1   7   10   3   -0.0008436547
1   8   6   1   -0.0019864720
1   8   6   4   -0.0004758374
1   8   7   1   0.0106156498
1   8   7   4   0.0037907595
1   8   8   1   -0.1415541013
1   8   8   4   -0.0297175902
1   8   9   2   0.0003030334
1   8   9   3   -0.0013888099
1   8   10   2   0.0013888099
1   8   10   3   0.0003030334
1   9   6   2   -0.0000658915
1   9   6   3   0.0003019826
1   9   7   2   -0.0008436757
1   9   7   3   0.0038665884
1   9   8   2   0.0002992962
1   9   8   3   -0.0013716823
1   9   9   1   -0.1373661206
1   9   9   4   -0.0284664515
1   10   6   2   -0.0003019826
1   10   6   3   -0.0000658915
1   10   7   2   -0.0038665884
1   10   7   3   -0.0008436757
1   10   8   2   0.0013716823
1   10   8   3   0.0002992962
1   10   10   1   -0.1373661206
1   10   10   4   -0.0284664515
2   6   6   2   -0.1648175507
2   6   7   2   0.0001675597
2   6   8   2   -0.0003546649
2   6   9   1   -0.0000658915
2   6   9   4   -0.0000422737
2   6   10   1   -0.0003019826
2   6   10   4   -0.0001937416
2   7   6   2   0.0001675597
2   7   7   2   -0.1306094771
2   7   8   2   0.0055136489
2   7   9   1   -0.0008436757
2   7   9   4   -0.0010113702
2   7   10   1   -0.0038665884
2   7   10   4   -0.0046351365
2   8   6   2   -0.0003546649
2   8   7   2   0.0055136489
2   8   8   2   -0.1315481044
2   8   9   1   0.0002992962
2   8   9   4   0.0001688105
2   8   10   1   0.0013716823
2   8   10   4   0.0007736629
2   9   6   1   -0.0000656333
2   9   6   4   -0.0000419034
2   9   7   1   -0.0008436547
2   9   7   4   -0.0010121491
2   9   8   1   0.0003030334
2   9   8   4   0.0001707332
2   9   9   2   -0.1299309269
2   9   9   3   0.0003210887
2   9   10   2   -0.0003210887
2   9   10   3   0.0006901227
2   10   6   1   -0.0003007992
2   10   6   4   -0.0001920444
2   10   7   1   -0.0038664919
2   10   7   4   -0.0046387063
2   10   8   1   0.0013888099
2   10   8   4   0.0007824748
2   10   9   2   -0.0003210887
2   10   9   3   0.0007113750
2   10   10   2   -0.1313324247
2   10   10   3   -0.0003210887
3   6   6   3   -0.1648175507
3   6   7   3   0.0001675597
3   6   8   3   -0.0003546649
3   6   9   1   0.0003019826
3   6   9   4   0.0001937416
3   6   10   1   -0.0000658915
3   6   10   4   -0.0000422737
3   7   6   3   0.0001675597
3   7   7   3   -0.1306094771
3   7   8   3   0.0055136489
3   7   9   1   0.0038665884
3   7   9   4   0.0046351365
3   7   10   1   -0.0008436757
3   7   10   4   -0.0010113702
3   8   6   3   -0.0003546649
3   8   7   3   0.0055136489
3   8   8   3   -0.1315481044
3   8   9   1   -0.0013716823
3   8   9   4   -0.0007736629
3   8   10   1   0.0002992962
3   8   10   4   0.0001688105
3   9   6   1   0.0003007992
3   9   6   4   0.0001920444
3   9   7   1   0.0038664919
3   9   7   4   0.0046387063
3   9   8   1   -0.0013888099
3   9   8   4   -0.0007824748
3   9   9   2   0.0003210887
3   9   9   3   -0.1313324247
3   9   10   2   0.0007113750
3   9   10   3   0.0003210887
3   10   6   1   -0.0000656333
3   10   6   4   -0.0000419034
3   10   7   1   -0.0008436547
3   10   7   4   -0.0010121491
3   10   8   1   0.0003030334
3   10   8   4   0.0001707332
3   10   9   2   0.0006901227
3   10   9   3   0.0003210887
3   10   10   2   -0.0003210887
3   10   10   3   -0.1299309269
4   6   6   1   -0.0588063458
4   6   6   4   -0.1649394709
4   6   7   1   0.0001807891
4   6   7   4   0.0001177301
4   6   8   1   -0.0004758374
4   6   8   4   -0.0003039819
4   6   9   2   -0.0000419034
4   6   9   3   0.0001920444
4   6   10   2   -0.0001920444
4   6   10   3   -0.0000419034
4   7   6   1   0.0001805439
4   7   6   4   0.0001177301
4   7   7   1   -0.0287214415
4   7   7   4   -0.1446509994
4   7   8   1   0.0037907595
4   7   8   4   0.0024804495
4   7   9   2   -0.0010121491
4   7   9   3   0.0046387063
4   7   10   2   -0.0046387063
4   7   10   3   -0.0010121491
4   8   6   1   -0.0004765370
4   8   6   4   -0.0003039819
4   8   7   1   0.0037822971
4   8   7   4   0.0024804495
4   8   8   1   -0.0297175902
4   8   8   4   -0.1454017402
4   8   9   2   0.0001707332
4   8   9   3   -0.0007824748
4   8   10   2   0.0007824748
4   8   10   3   0.0001707332
4   9   6   2   -0.0000422737
4   9   6   3   0.0001937416
4   9   7   2   -0.0010113702
4   9   7   3   0.0046351365
4   9   8   2   0.0001688105
4   9   8   3   -0.0007736629
4   9   9   1   -0.0284664515
4   9   9   4   -0.1440818061
4   10   6   2   -0.0001937416
4   10   6   3   -0.0000422737
4   10   7   2   -0.0046351365
4   10   7   3   -0.0010113702
4   10   8   2   0.0007736629
4   10   8   3   0.0001688105
4   10   10   1   -0.0284664515
4   10   10   4   -0.1440818061

End AIJB Block
Begin IJKA Block
1   6   1   5   -0.0738740273
1   6   1   8   -0.0586772765
1   6   2   5   0.0006553963
1   6   2   8   0.0005903415
1   6   3   5   -0.0022893496
1   6   3   8   -0.0021323455
1   6   4   6   0.0000320528
1   6   4   7   -0.0001468989
1   6   5   6   0.0001468989
1   6   5   7   0.0000320528
1   7   1   5   -0.0003786832
1   7   1   8   0.0002704302
1   7   2   5   -0.0000443809
1   7   2   8   -0.0000870478
1   7   3   5   0.0000996717
1   7   3   8   0.0001031741
1   7   4   6   -0.0000048896
1   7   4   7   0.0000224092
1   7   5   6   -0.0000224092
1   7   5   7   -0.0000048896
1   8   1   5   -0.0056501229
1   8   1   8   -0.0152575609
1   8   2   5   0.0001315656
1   8   2   8   0.0000900564
1   8   3   5   -0.0002308824
1   8   3   8   -0.0001076607
1   8   4   6   -0.0000100537
1   8   4   7   0.0000460763
1   8   5   6   -0.0000460763
1   8   5   7   -0.0000100537
1   9   1   6   0.0002185737
1   9   1   7   -0.0010017293
1   9   2   6   -0.0000253149
1   9   2   7   0.0001160190
1   9   3   6   0.0000344176
1   9   3   7   -0.0001577368
1   9   4   5   0.0000312169
1   9   4   8   0.0000393110
1   10   1   6   0.0010017293
1   10   1   7   0.0002185737
1   10   2   6   -0.0001160190
1   10   2   7   -0.0000253149
1   10   3   6   0.0001577368
1   10   3   7   0.0000344176
1   10   5   5   0.0000312169
1   10   5   8   0.0000393110
2   6   1   5   0.0006544431
2   6   1   8   0.0005923204
2   6   2   5   -0.0028602541
2   6   2   8   -0.0008183720
2   6   3   5   0.0008480671
2   6   3   8   0.0002549460
2   6   4   6   0.0000673204
2   6   4   7   -0.0003085313
2   6   5   6   0.0003085313
2   6   5   7   0.0000673204
2   7   1   5   -0.0000349972
2   7   1   8   -0.0000610461
2   7   2   5   -0.0074140330
2   7   2   8   -0.0213442092
2   7   3   5   0.0085754827
2   7   3   8   0.0044152030
2   7   4   6   -0.0023287332
2   7   4   7   0.0106726467
2   7   5   6   -0.0106726467
2   7   5   7   -0.0023287332
2   8   1   5   0.0000743223
2   8   1   8   0.0000380438
2   8   2   5   0.0240558873
2   8   2   8   0.0100271522
2   8   3   5   -0.0004043691
2   8   3   8   -0.0022838148
2   8   4   6   -0.0002273468
2   8   4   7   0.0010419363
2   8   5   6   -0.0010419363
2   8   5   7   -0.0002273468
2   9   1   6   -0.0000147033
2   9   1   7   0.0000673854
2   9   2   6   -0.0067166079
2   9   2   7   0.0307823935
2   9   3   6   -0.0002934028
2   9   3   7   0.0013446729
2   9   4   5   -0.0010988411
2   9   4   8   -0.0044253942
2   10   1   6   -0.0000673854
2   10   1   7   -0.0000147033
2   10   2   6   -0.0307823935
2   10   2   7   -0.0067166079
2   10   3   6   -0.0013446729
2   10   3   7   -0.0002934028
2   10   5   5   -0.0010988411
2   10   5   8   -0.0044253942
3   6   1   5   -0.0023928682
3   6   1   8   -0.0021940439
3   6   2   5   0.0008014330
3   6   2   8   0.0002441604
3   6   3   5   -0.0035012067
3   6   3   8   -0.0011208949
3   6   4   6   -0.0000423169
3   6   4   7   0.0001939395
3   6   5   6   -0.0001939395
3   6   5   7   -0.0000423169
3   7   1   5   0.0000622726
3   7   1   8   0.0000506320
3   7   2   5   0.0086695993
3   7   2   8   0.0046448064
3   7   3   5   -0.0058926321
3   7   3   8   -0.0178750900
3   7   4   6   -0.0000849658
3   7   4   7   0.0003894007
3   7   5   6   -0.0003894007
3   7   5   7   -0.0000849658
3   8   1   5   -0.0000840910
3   8   1   8   -0.0000050947
3   8   2   5   -0.0007264562
3   8   2   8   -0.0025074457
3   8   3   5   0.0257661070
3   8   3   8   0.0105520427
3   8   4   6   -0.0006325261
3   8   4   7   0.0028988842
3   8   5   6   -0.0028988842
3   8   5   7   -0.0006325261
3   9   1   6   0.0000125343
3   9   1   7   -0.0000574452
3   9   2   6   -0.0002146808
3   9   2   7   0.0009838879
3   9   3   6   -0.0057257069
3   9   3   7   0.0262410679
3   9   4   5   0.0025395045
3   9   4   8   0.0012762289
3   10   1   6   0.0000574452
3   10   1   7   0.0000125343
3   10   2   6   -0.0009838879
3   10   2   7   -0.0002146808
3   10   3   6   -0.0262410679
3   10   3   7   -0.0057257069
3   10   5   5   0.0025395045
3   10   5   8   0.0012762289
4   6   1   6   0.0000318086
4   6   1   7   -0.0001457795
4   6   2   6   0.0000637486
4   6   2   7   -0.0002921615
4   6   3   6   -0.0000436665
4   6   3   7   0.0002001248
4   6   4   5   -0.0026815125
4   6   4   8   -0.0007600018
4   7   1   6   -0.0000014197
4   7   1   7   0.0000065067
4   7   2   6   -0.0023257800
4   7   2   7   0.0106591120
4   7   3   6   -0.0000773574
4   7   3   7   0.0003545312
4   7   4   5   -0.0063423543
4   7   4   8   -0.0190489410
4   8   1   6   -0.0000114030
4   8   1   7   0.0000522603
4   8   2   6   -0.0001880241
4   8   2   7   0.0008617194
4   8   3   6   -0.0006742111
4   8   3   7   0.0030899277
4   8   4   5   0.0208576567
4   8   4   8   0.0082770123
4   9   1   5   0.0000308783
4   9   1   8   0.0000359262
4   9   2   5   -0.0011262428
4   9   2   8   -0.0043496941
4   9   3   5   0.0024835349
4   9   3   8   0.0012728302
4   9   4   6   -0.0072336818
4   9   4   7   0.0331521572
4   9   5   6   -0.0030827895
4   9   5   7   -0.0006726536
4   10   4   6   -0.0268493033
4   10   4   7   -0.0058584217
4   10   5   6   -0.0007026065
4   10   5   7   0.0032200645
5   6   1   6   0.0001457795
5   6   1   7   0.0000318086
5   6   2   6   0.0002921615
5   6   2   7   0.0000637486
5   6   3   6   -0.0002001248
5   6   3   7   -0.0000436665
5   6   5   5   -0.0026815125
5   6   5   8   -0.0007600018
5   7   1   6   -0.0000065067
5   7   1   7   -0.0000014197
5   7   2   6   -0.0106591120
5   7   2   7   -0.0023257800
5   7   3   6   -0.0003545312
5   7   3   7   -0.0000773574
5   7   5   5   -0.0063423543
5   7   5   8   -0.0190489410
5   8   1   6   -0.0000522603
5   8   1   7   -0.0000114030
5   8   2   6   -0.0008617194
5   8   2   7   -0.0001880241
5   8   3   6   -0.0030899277
5   8   3   7   -0.0006742111
5   8   5   5   0.0208576567
5   8   5   8   0.0082770123
5   9   4   6   -0.0032200645
5   9   4   7   -0.0007026065
5   9   5   6   -0.0058584217
5   9   5   7   0.0268493033
5   10   1   5   0.0000308783
5   10   1   8   0.0000359262
5   10   2   5   -0.0011262428
5   10   2   8   -0.0043496941
5   10   3   5   0.0024835349
5   10   3   8   0.0012728302
5   10   4   6   -0.0006726536
5   10   4   7   0.0030827895
5   10   5   6   -0.0331521572
5   10   5   7   -0.0072336818

End IJKA Block
Begin IABC Block
1   5   1   5   0.0009649697
1   5   1   8   -0.0003076679
1   5   2   6   0.0009778259
1   5   3   7   0.0009778259
1   5   4   5   -0.0001396733
1   5   4   8   -0.0003271618
1   6   1   6   0.0001463944
1   6   2   5   0.0009826068
1   6   2   8   0.0005415849
1   6   4   6   0.0000316387
1   7   1   7   0.0001463944
1   7   3   5   0.0009826068
1   7   3   8   0.0005415849
1   7   4   7   0.0000316387
1   8   1   5   -0.0003115585
1   8   1   8   -0.0003091812
1   8   2   6   0.0005384843
1   8   3   7   0.0005384843
1   8   4   5   -0.0003283944
1   8   4   8   -0.0002564911
2   5   1   5   -0.0002665898
2   5   1   8   -0.0001169261
2   5   2   6   0.0000142902
2   5   3   7   0.0000142902
2   5   4   5   -0.0001763279
2   5   4   8   -0.0000718489
2   6   1   6   -0.0001531566
2   6   2   5   0.0000133169
2   6   2   8   -0.0000383326
2   6   4   6   -0.0001519997
2   7   1   7   -0.0001531566
2   7   3   5   0.0000133169
2   7   3   8   -0.0000383326
2   7   4   7   -0.0001519997
2   8   1   5   -0.0001179210
2   8   1   8   -0.0001035458
2   8   2   6   -0.0000357024
2   8   3   7   -0.0000357024
2   8   4   5   -0.0000731710
2   8   4   8   -0.0001082685
3   5   1   5   -0.0020160193
3   5   1   8   -0.0005350788
3   5   2   6   -0.0011340414
3   5   3   7   -0.0011340414
3   5   4   5   -0.0050761170
3   5   4   8   -0.0014955462
3   6   1   6   -0.0010113821
3   6   2   5   -0.0011364993
3   6   2   8   -0.0005895538
3   6   4   6   -0.0027452548
3   7   1   7   -0.0010113821
3   7   3   5   -0.0011364993
3   7   3   8   -0.0005895538
3   7   4   7   -0.0027452548
3   8   1   5   -0.0005386295
3   8   1   8   -0.0001163813
3   8   2   6   -0.0005911226
3   8   3   7   -0.0005911226
3   8   4   5   -0.0015231328
3   8   4   8   -0.0013395271
4   5   1   6   0.0002376232
4   5   1   7   -0.0010890333
4   5   2   5   0.0002284095
4   5   2   8   0.0000567466
4   5   3   5   -0.0010468066
4   5   3   8   -0.0002600710
4   5   4   6   0.0003805778
4   5   4   7   -0.0017441983
4   6   1   5   0.0002369355
4   6   1   8   0.0001837975
4   6   2   6   0.0001932452
4   6   2   7   -0.0003121403
4   6   3   6   -0.0002626219
4   6   3   7   0.0000678341
4   6   4   5   0.0003790790
4   6   4   8   0.0002838035
4   7   1   5   -0.0010858818
4   7   1   8   -0.0008423486
4   7   2   6   -0.0003108855
4   7   2   7   0.0000573032
4   7   3   6   0.0000681079
4   7   3   7   -0.0008856477
4   7   4   5   -0.0017373293
4   7   4   8   -0.0013006788
4   8   1   6   0.0001858148
4   8   1   7   -0.0008515941
4   8   2   5   0.0000566900
4   8   2   8   -0.0000512044
4   8   3   5   -0.0002598118
4   8   3   8   0.0002346713
4   8   4   6   0.0002893977
4   8   4   7   -0.0013263172
5   5   1   6   0.0010890333
5   5   1   7   0.0002376232
5   5   2   5   0.0010468066
5   5   2   8   0.0002600710
5   5   3   5   0.0002284095
5   5   3   8   0.0000567466
5   5   4   6   0.0017441983
5   5   4   7   0.0003805778
5   6   1   5   0.0010858818
5   6   1   8   0.0008423486
5   6   2   6   0.0008856477
5   6   2   7   0.0000681079
5   6   3   6   0.0000573032
5   6   3   7   0.0003108855
5   6   4   5   0.0017373293
5   6   4   8   0.0013006788
5   7   1   5   0.0002369355
5   7   1   8   0.0001837975
5   7   2   6   0.0000678341
5   7   2   7   0.0002626219
5   7   3   6   0.0003121403
5   7   3   7   0.0001932452
5   7   4   5   0.0003790790
5   7   4   8   0.0002838035
5   8   1   6   0.0008515941
5   8   1   7   0.0001858148
5   8   2   5   0.0002598118
5   8   2   8   -0.0002346713
5   8   3   5   0.0000566900
5   8   3   8   -0.0000512044
5   8   4   6   0.0013263172
5   8   4   7   0.0002893977

End IABC Block
