Begin IJ Block
1   1   -40.9512763449
1   2   0.0001609997
1   3   0.7522642556
1   6   0.0231086626
2   2   -6.0460142811
2   3   0.0000046124
2   6   -0.0122245616
3   3   -9.3513689077
3   6   -0.0446043353
4   4   -8.2187679936
4   5   0.0000000000
5   5   -8.2187679937
6   6   -8.0026917791

End IJ Block
Begin IA Block
1   1   -0.0075740587
1   4   -0.0399514954
2   1   0.1031516894
2   4   0.0725945900
3   1   0.0522391832
3   4   0.2341332319
4   2   0.0488106149
4   3   0.3404789060
5   2   0.3404789060
5   3   -0.0488106149
6   1   -0.3827399089
6   4   -0.3316683077

End IA Block
Begin AB Block
1   1   -1.8302281513
1   4   -0.4185199571
2   2   -1.6233574365
3   3   -1.6233574365
4   4   -1.7461883232

End AB Block
Begin IJKL Block
1   7   1   7   5.3561606046
1   7   1   8   -0.0000947013
1   7   1   9   -0.5337181765
1   7   1   12   -0.0155836247
1   7   2   7   -0.0000947013
1   7   2   8   0.0000000062
1   7   2   9   0.0000145950
1   7   2   12   -0.0000104849
1   7   3   7   -0.5337181765
1   7   3   8   0.0000145950
1   7   3   9   0.0861776958
1   7   3   12   0.0024952109
1   7   4   10   0.0360968194
1   7   5   11   0.0360968194
1   7   6   7   -0.0155836247
1   7   6   8   -0.0000104849
1   7   6   9   0.0024952109
1   7   6   12   0.0337171493
1   8   1   7   -0.0000947013
1   8   1   8   0.1780199657
1   8   1   9   0.0002998182
1   8   1   12   -0.0009186283
1   8   2   7   0.0000000062
1   8   2   8   -0.0000043296
1   8   2   9   0.0000000157
1   8   2   12   -0.0000001743
1   8   3   7   0.0000145950
1   8   3   8   0.0000041004
1   8   3   9   -0.0000038053
1   8   3   12   0.0000042256
1   8   4   10   0.0000092471
1   8   5   11   0.0000092471
1   8   6   7   -0.0000104849
1   8   6   8   -0.0016019438
1   8   6   9   -0.0000126689
1   8   6   12   0.0000183639
1   9   1   7   -0.5337181765
1   9   1   8   0.0002998182
1   9   1   9   1.2649369270
1   9   1   12   0.0204656234
1   9   2   7   0.0000145950
1   9   2   8   0.0000000157
1   9   2   9   -0.0000045150
1   9   2   12   -0.0000113740
1   9   3   7   0.0861776958
1   9   3   8   -0.0000038053
1   9   3   9   -0.0232347325
1   9   3   12   -0.0007567768
1   9   4   10   0.0373934578
1   9   5   11   0.0373934578
1   9   6   7   0.0024952109
1   9   6   8   -0.0000126689
1   9   6   9   -0.0009219935
1   9   6   12   0.0351498710
1   10   1   10   1.1669993542
1   10   2   10   -0.0000032574
1   10   3   10   -0.0145491857
1   10   4   7   0.0360968194
1   10   4   8   0.0000092471
1   10   4   9   0.0373934578
1   10   4   12   0.0008312389
1   10   6   10   -0.0005939511
1   11   1   11   1.1669993542
1   11   2   11   -0.0000032574
1   11   3   11   -0.0145491857
1   11   5   7   0.0360968194
1   11   5   8   0.0000092471
1   11   5   9   0.0373934578
1   11   5   12   0.0008312389
1   11   6   11   -0.0005939511
1   12   1   7   -0.0155836247
1   12   1   8   -0.0009186283
1   12   1   9   0.0204656234
1   12   1   12   1.1192217457
1   12   2   7   -0.0000104849
1   12   2   8   -0.0000001743
1   12   2   9   -0.0000113740
1   12   2   12   -0.0000034283
1   12   3   7   0.0024952109
1   12   3   8   0.0000042256
1   12   3   9   -0.0007567768
1   12   3   12   -0.0135930010
1   12   4   10   0.0008312389
1   12   5   11   0.0008312389
1   12   6   7   0.0337171493
1   12   6   8   0.0000183639
1   12   6   9   0.0351498710
1   12   6   12   0.0008041679
2   7   1   7   -0.0000947013
2   7   1   8   0.0000000062
2   7   1   9   0.0000145950
2   7   1   12   -0.0000104849
2   7   2   7   0.1780199657
2   7   2   8   -0.0000043296
2   7   2   9   0.0000041004
2   7   2   12   -0.0016019438
2   7   3   7   0.0002998182
2   7   3   8   0.0000000157
2   7   3   9   -0.0000038053
2   7   3   12   -0.0000126689
2   7   4   10   0.0000092471
2   7   5   11   0.0000092471
2   7   6   7   -0.0009186283
2   7   6   8   -0.0000001743
2   7   6   9   0.0000042256
2   7   6   12   0.0000183639
2   8   1   7   0.0000000062
2   8   1   8   -0.0000043296
2   8   1   9   0.0000000157
2   8   1   12   -0.0000001743
2   8   2   7   -0.0000043296
2   8   2   8   1.6513974029
2   8   2   9   -0.0018264566
2   8   2   12   0.0195712552
2   8   3   7   0.0000000157
2   8   3   8   -0.0018264566
2   8   3   9   0.0000032403
2   8   3   12   -0.0000362388
2   8   4   10   0.0000028556
2   8   5   11   0.0000028556
2   8   6   7   -0.0000001743
2   8   6   8   0.0195712552
2   8   6   9   -0.0000362388
2   8   6   12   0.0004249268
2   9   1   7   0.0000145950
2   9   1   8   0.0000000157
2   9   1   9   -0.0000045150
2   9   1   12   -0.0000113740
2   9   2   7   0.0000041004
2   9   2   8   -0.0018264566
2   9   2   9   0.1784408930
2   9   2   12   -0.0201503950
2   9   3   7   -0.0000038053
2   9   3   8   0.0000032403
2   9   3   9   0.0002293172
2   9   3   12   -0.0000660481
2   9   4   10   0.0000582174
2   9   5   11   0.0000582174
2   9   6   7   0.0000042256
2   9   6   8   -0.0000362388
2   9   6   9   -0.0008225392
2   9   6   12   0.0001682806
2   10   1   10   -0.0000032574
2   10   2   10   0.1768236679
2   10   3   10   0.0002137169
2   10   4   7   0.0000092471
2   10   4   8   0.0000028556
2   10   4   9   0.0000582174
2   10   4   12   -0.0000247766
2   10   6   10   -0.0007769633
2   11   1   11   -0.0000032574
2   11   2   11   0.1768236679
2   11   3   11   0.0002137169
2   11   5   7   0.0000092471
2   11   5   8   0.0000028556
2   11   5   9   0.0000582174
2   11   5   12   -0.0000247766
2   11   6   11   -0.0007769633
2   12   1   7   -0.0000104849
2   12   1   8   -0.0000001743
2   12   1   9   -0.0000113740
2   12   1   12   -0.0000034283
2   12   2   7   -0.0016019438
2   12   2   8   0.0195712552
2   12   2   9   -0.0201503950
2   12   2   12   0.1904892921
2   12   3   7   -0.0000126689
2   12   3   8   -0.0000362388
2   12   3   9   -0.0000660481
2   12   3   12   0.0002186665
2   12   4   10   -0.0000247766
2   12   5   11   -0.0000247766
2   12   6   7   0.0000183639
2   12   6   8   0.0004249268
2   12   6   9   0.0001682806
2   12   6   12   -0.0008825916
3   7   1   7   -0.5337181765
3   7   1   8   0.0000145950
3   7   1   9   0.0861776958
3   7   1   12   0.0024952109
3   7   2   7   0.0002998182
3   7   2   8   0.0000000157
3   7   2   9   -0.0000038053
3   7   2   12   -0.0000126689
3   7   3   7   1.2649369270
3   7   3   8   -0.0000045150
3   7   3   9   -0.0232347325
3   7   3   12   -0.0009219935
3   7   4   10   0.0373934578
3   7   5   11   0.0373934578
3   7   6   7   0.0204656234
3   7   6   8   -0.0000113740
3   7   6   9   -0.0007567768
3   7   6   12   0.0351498710
3   8   1   7   0.0000145950
3   8   1   8   0.0000041004
3   8   1   9   -0.0000038053
3   8   1   12   0.0000042256
3   8   2   7   0.0000000157
3   8   2   8   -0.0018264566
3   8   2   9   0.0000032403
3   8   2   12   -0.0000362388
3   8   3   7   -0.0000045150
3   8   3   8   0.1784408930
3   8   3   9   0.0002293172
3   8   3   12   -0.0008225392
3   8   4   10   0.0000582174
3   8   5   11   0.0000582174
3   8   6   7   -0.0000113740
3   8   6   8   -0.0201503950
3   8   6   9   -0.0000660481
3   8   6   12   0.0001682806
3   9   1   7   0.0861776958
3   9   1   8   -0.0000038053
3   9   1   9   -0.0232347325
3   9   1   12   -0.0007567768
3   9   2   7   -0.0000038053
3   9   2   8   0.0000032403
3   9   2   9   0.0002293172
3   9   2   12   -0.0000660481
3   9   3   7   -0.0232347325
3   9   3   8   0.0002293172
3   9   3   9   0.8836309744
3   9   3   12   0.0086915282
3   9   4   10   0.1651320351
3   9   5   11   0.1651320351
3   9   6   7   -0.0007567768
3   9   6   8   -0.0000660481
3   9   6   9   0.0086915282
3   9   6   12   0.1583152455
3   10   1   10   -0.0145491857
3   10   2   10   0.0002137169
3   10   3   10   0.8274995175
3   10   4   7   0.0373934578
3   10   4   8   0.0000582174
3   10   4   9   0.1651320351
3   10   4   12   0.0019255652
3   10   6   10   0.0080734709
3   11   1   11   -0.0145491857
3   11   2   11   0.0002137169
3   11   3   11   0.8274995175
3   11   5   7   0.0373934578
3   11   5   8   0.0000582174
3   11   5   9   0.1651320351
3   11   5   12   0.0019255652
3   11   6   11   0.0080734709
3   12   1   7   0.0024952109
3   12   1   8   0.0000042256
3   12   1   9   -0.0007567768
3   12   1   12   -0.0135930010
3   12   2   7   -0.0000126689
3   12   2   8   -0.0000362388
3   12   2   9   -0.0000660481
3   12   2   12   0.0002186665
3   12   3   7   -0.0009219935
3   12   3   8   -0.0008225392
3   12   3   9   0.0086915282
3   12   3   12   0.8010474789
3   12   4   10   0.0019255652
3   12   5   11   0.0019255652
3   12   6   7   0.0351498710
3   12   6   8   0.0001682806
3   12   6   9   0.1583152455
3   12   6   12   0.0092985690
4   7   1   10   0.0360968194
4   7   2   10   0.0000092471
4   7   3   10   0.0373934578
4   7   4   7   1.1669993542
4   7   4   8   -0.0000032574
4   7   4   9   -0.0145491857
4   7   4   12   -0.0005939511
4   7   6   10   0.0008312389
4   8   1   10   0.0000092471
4   8   2   10   0.0000028556
4   8   3   10   0.0000582174
4   8   4   7   -0.0000032574
4   8   4   8   0.1768236679
4   8   4   9   0.0002137169
4   8   4   12   -0.0007769633
4   8   6   10   -0.0000247766
4   9   1   10   0.0373934578
4   9   2   10   0.0000582174
4   9   3   10   0.1651320351
4   9   4   7   -0.0145491857
4   9   4   8   0.0002137169
4   9   4   9   0.8274995175
4   9   4   12   0.0080734709
4   9   6   10   0.0019255652
4   10   1   7   0.0360968194
4   10   1   8   0.0000092471
4   10   1   9   0.0373934578
4   10   1   12   0.0008312389
4   10   2   7   0.0000092471
4   10   2   8   0.0000028556
4   10   2   9   0.0000582174
4   10   2   12   -0.0000247766
4   10   3   7   0.0373934578
4   10   3   8   0.0000582174
4   10   3   9   0.1651320351
4   10   3   12   0.0019255652
4   10   4   10   0.8348447138
4   10   4   11   -0.0000000000
4   10   5   10   -0.0000000000
4   10   5   11   0.0404625629
4   10   6   7   0.0008312389
4   10   6   8   -0.0000247766
4   10   6   9   0.0019255652
4   10   6   12   0.0389344156
4   11   4   10   -0.0000000000
4   11   4   11   0.7539195879
4   11   5   10   0.0404625629
4   11   5   11   -0.0000000000
4   12   1   10   0.0008312389
4   12   2   10   -0.0000247766
4   12   3   10   0.0019255652
4   12   4   7   -0.0005939511
4   12   4   8   -0.0007769633
4   12   4   9   0.0080734709
4   12   4   12   0.7308545376
4   12   5   12   -0.0000000000
4   12   6   10   0.0389344156
5   7   1   11   0.0360968194
5   7   2   11   0.0000092471
5   7   3   11   0.0373934578
5   7   5   7   1.1669993542
5   7   5   8   -0.0000032574
5   7   5   9   -0.0145491857
5   7   5   12   -0.0005939511
5   7   6   11   0.0008312389
5   8   1   11   0.0000092471
5   8   2   11   0.0000028556
5   8   3   11   0.0000582174
5   8   5   7   -0.0000032574
5   8   5   8   0.1768236679
5   8   5   9   0.0002137169
5   8   5   12   -0.0007769633
5   8   6   11   -0.0000247766
5   9   1   11   0.0373934578
5   9   2   11   0.0000582174
5   9   3   11   0.1651320351
5   9   5   7   -0.0145491857
5   9   5   8   0.0002137169
5   9   5   9   0.8274995175
5   9   5   12   0.0080734709
5   9   6   11   0.0019255652
5   10   4   10   -0.0000000000
5   10   4   11   0.0404625629
5   10   5   10   0.7539195879
5   10   5   11   -0.0000000000
5   11   1   7   0.0360968194
5   11   1   8   0.0000092471
5   11   1   9   0.0373934578
5   11   1   12   0.0008312389
5   11   2   7   0.0000092471
5   11   2   8   0.0000028556
5   11   2   9   0.0000582174
5   11   2   12   -0.0000247766
5   11   3   7   0.0373934578
5   11   3   8   0.0000582174
5   11   3   9   0.1651320351
5   11   3   12   0.0019255652
5   11   4   10   0.0404625629
5   11   4   11   -0.0000000000
5   11   5   10   -0.0000000000
5   11   5   11   0.8348447138
5   11   6   7   0.0008312389
5   11   6   8   -0.0000247766
5   11   6   9   0.0019255652
5   11   6   12   0.0389344156
5   12   1   11   0.0008312389
5   12   2   11   -0.0000247766
5   12   3   11   0.0019255652
5   12   4   12   -0.0000000000
5   12   5   7   -0.0005939511
5   12   5   8   -0.0007769633
5   12   5   9   0.0080734709
5   12   5   12   0.7308545376
5   12   6   11   0.0389344156
6   7   1   7   -0.0155836247
6   7   1   8   -0.0000104849
6   7   1   9   0.0024952109
6   7   1   12   0.0337171493
6   7   2   7   -0.0009186283
6   7   2   8   -0.0000001743
6   7   2   9   0.0000042256
6   7   2   12   0.0000183639
6   7   3   7   0.0204656234
6   7   3   8   -0.0000113740
6   7   3   9   -0.0007567768
6   7   3   12   0.0351498710
6   7   4   10   0.0008312389
6   7   5   11   0.0008312389
6   7   6   7   1.1192217457
6   7   6   8   -0.0000034283
6   7   6   9   -0.0135930010
6   7   6   12   0.0008041679
6   8   1   7   -0.0000104849
6   8   1   8   -0.0016019438
6   8   1   9   -0.0000126689
6   8   1   12   0.0000183639
6   8   2   7   -0.0000001743
6   8   2   8   0.0195712552
6   8   2   9   -0.0000362388
6   8   2   12   0.0004249268
6   8   3   7   -0.0000113740
6   8   3   8   -0.0201503950
6   8   3   9   -0.0000660481
6   8   3   12   0.0001682806
6   8   4   10   -0.0000247766
6   8   5   11   -0.0000247766
6   8   6   7   -0.0000034283
6   8   6   8   0.1904892921
6   8   6   9   0.0002186665
6   8   6   12   -0.0008825916
6   9   1   7   0.0024952109
6   9   1   8   -0.0000126689
6   9   1   9   -0.0009219935
6   9   1   12   0.0351498710
6   9   2   7   0.0000042256
6   9   2   8   -0.0000362388
6   9   2   9   -0.0008225392
6   9   2   12   0.0001682806
6   9   3   7   -0.0007567768
6   9   3   8   -0.0000660481
6   9   3   9   0.0086915282
6   9   3   12   0.1583152455
6   9   4   10   0.0019255652
6   9   5   11   0.0019255652
6   9   6   7   -0.0135930010
6   9   6   8   0.0002186665
6   9   6   9   0.8010474789
6   9   6   12   0.0092985690
6   10   1   10   -0.0005939511
6   10   2   10   -0.0007769633
6   10   3   10   0.0080734709
6   10   4   7   0.0008312389
6   10   4   8   -0.0000247766
6   10   4   9   0.0019255652
6   10   4   12   0.0389344156
6   10   6   10   0.7308545376
6   10   6   11   -0.0000000000
6   11   1   11   -0.0005939511
6   11   2   11   -0.0007769633
6   11   3   11   0.0080734709
6   11   5   7   0.0008312389
6   11   5   8   -0.0000247766
6   11   5   9   0.0019255652
6   11   5   12   0.0389344156
6   11   6   10   -0.0000000000
6   11   6   11   0.7308545376
6   12   1   7   0.0337171493
6   12   1   8   0.0000183639
6   12   1   9   0.0351498710
6   12   1   12   0.0008041679
6   12   2   7   0.0000183639
6   12   2   8   0.0004249268
6   12   2   9   0.0001682806
6   12   2   12   -0.0008825916
6   12   3   7   0.0351498710
6   12   3   8   0.0001682806
6   12   3   9   0.1583152455
6   12   3   12   0.0092985690
6   12   4   10   0.0389344156
6   12   5   11   0.0389344156
6   12   6   7   0.0008041679
6   12   6   8   -0.0008825916
6   12   6   9   0.0092985690
6   12   6   12   0.7844312275

End IJKL Block
Begin IJAB Block
1   7   1   5   0.0002094477
1   7   1   8   0.0002555300
1   7   2   6   0.0001580574
1   7   3   7   0.0001580574
1   7   4   5   0.0002555300
1   7   4   8   0.0004841382
1   8   1   5   0.0000019180
1   8   1   8   -0.0000005283
1   8   2   6   -0.0000011696
1   8   3   7   -0.0000011696
1   8   4   5   0.0000019528
1   8   4   8   -0.0000005938
1   9   1   5   0.0001968400
1   9   1   8   0.0001944952
1   9   2   6   0.0001519993
1   9   3   7   0.0001519993
1   9   4   5   0.0001916507
1   9   4   8   0.0001424116
1   10   1   6   -0.0000020258
1   10   1   7   -0.0000141310
1   10   2   5   0.0000030331
1   10   2   8   0.0000147014
1   10   3   5   0.0000211572
1   10   3   8   0.0001025497
1   10   4   6   -0.0000077485
1   10   4   7   -0.0000540496
1   11   1   6   -0.0000141310
1   11   1   7   0.0000020258
1   11   2   5   0.0000211572
1   11   2   8   0.0001025497
1   11   3   5   -0.0000030331
1   11   3   8   -0.0000147014
1   11   4   6   -0.0000540496
1   11   4   7   0.0000077485
1   12   1   5   -0.0000005077
1   12   1   8   -0.0000849523
1   12   2   6   0.0000092333
1   12   3   7   0.0000092333
1   12   4   5   0.0000422998
1   12   4   8   -0.0000453297
2   7   1   5   0.0000019180
2   7   1   8   0.0000019528
2   7   2   6   -0.0000011696
2   7   3   7   -0.0000011696
2   7   4   5   -0.0000005283
2   7   4   8   -0.0000005938
2   8   1   5   0.0078602799
2   8   1   8   0.0062167378
2   8   2   6   0.0011629095
2   8   3   7   0.0011629095
2   8   4   5   0.0062167378
2   8   4   8   0.0056925534
2   9   1   5   -0.0000002968
2   9   1   8   -0.0000082166
2   9   2   6   0.0000075783
2   9   3   7   0.0000075783
2   9   4   5   -0.0000147847
2   9   4   8   -0.0000147429
2   10   1   6   0.0000019646
2   10   1   7   0.0000137043
2   10   2   5   0.0000117986
2   10   2   8   0.0000181721
2   10   3   5   0.0000823013
2   10   3   8   0.0001267599
2   10   4   6   -0.0000023253
2   10   4   7   -0.0000162201
2   11   1   6   0.0000137043
2   11   1   7   -0.0000019646
2   11   2   5   0.0000823013
2   11   2   8   0.0001267599
2   11   3   5   -0.0000117986
2   11   3   8   -0.0000181721
2   11   4   6   -0.0000162201
2   11   4   7   0.0000023253
2   12   1   5   0.0001595312
2   12   1   8   0.0003730182
2   12   2   6   -0.0002321433
2   12   3   7   -0.0002321433
2   12   4   5   0.0001494965
2   12   4   8   0.0001254096
3   7   1   5   0.0001968400
3   7   1   8   0.0001916507
3   7   2   6   0.0001519993
3   7   3   7   0.0001519993
3   7   4   5   0.0001944952
3   7   4   8   0.0001424116
3   8   1   5   -0.0000002968
3   8   1   8   -0.0000147847
3   8   2   6   0.0000075783
3   8   3   7   0.0000075783
3   8   4   5   -0.0000082166
3   8   4   8   -0.0000147429
3   9   1   5   0.0008657597
3   9   1   8   0.0010630721
3   9   2   6   0.0005840191
3   9   3   7   0.0005840191
3   9   4   5   0.0010630721
3   9   4   8   0.0019280691
3   10   1   6   0.0000367262
3   10   1   7   0.0002561838
3   10   2   5   0.0000101156
3   10   2   8   0.0000441419
3   10   3   5   0.0000705617
3   10   3   8   0.0003079119
3   10   4   6   0.0001883463
3   10   4   7   0.0013138114
3   11   1   6   0.0002561838
3   11   1   7   -0.0000367262
3   11   2   5   0.0000705617
3   11   2   8   0.0003079119
3   11   3   5   -0.0000101156
3   11   3   8   -0.0000441419
3   11   4   6   0.0013138114
3   11   4   7   -0.0001883463
3   12   1   5   -0.0003362189
3   12   1   8   -0.0005434282
3   12   2   6   0.0000271237
3   12   3   7   0.0000271237
3   12   4   5   -0.0015546161
3   12   4   8   -0.0018064299
4   7   1   6   0.0000030331
4   7   1   7   0.0000211572
4   7   2   5   -0.0000020258
4   7   2   8   -0.0000077485
4   7   3   5   -0.0000141310
4   7   3   8   -0.0000540496
4   7   4   6   0.0000147014
4   7   4   7   0.0001025497
4   8   1   6   0.0000117986
4   8   1   7   0.0000823013
4   8   2   5   0.0000019646
4   8   2   8   -0.0000023253
4   8   3   5   0.0000137043
4   8   3   8   -0.0000162201
4   8   4   6   0.0000181721
4   8   4   7   0.0001267599
4   9   1   6   0.0000101156
4   9   1   7   0.0000705617
4   9   2   5   0.0000367262
4   9   2   8   0.0001883463
4   9   3   5   0.0002561838
4   9   3   8   0.0013138114
4   9   4   6   0.0000441419
4   9   4   7   0.0003079119
4   10   1   5   0.0002618551
4   10   1   8   0.0003725480
4   10   2   6   0.0002096864
4   10   2   7   0.0002937572
4   10   3   6   0.0002937572
4   10   3   7   0.0022166801
4   10   4   5   0.0003725480
4   10   4   8   0.0008410670
4   11   2   6   0.0002937572
4   11   2   7   0.0001254611
4   11   3   6   0.0018815327
4   11   3   7   -0.0002937572
4   12   1   6   -0.0000378556
4   12   1   7   -0.0002640622
4   12   2   5   -0.0003280804
4   12   2   8   -0.0003335861
4   12   3   5   -0.0022885278
4   12   3   8   -0.0023269331
4   12   4   6   -0.0000530121
4   12   4   7   -0.0003697866
5   7   1   6   0.0000211572
5   7   1   7   -0.0000030331
5   7   2   5   -0.0000141310
5   7   2   8   -0.0000540496
5   7   3   5   0.0000020258
5   7   3   8   0.0000077485
5   7   4   6   0.0001025497
5   7   4   7   -0.0000147014
5   8   1   6   0.0000823013
5   8   1   7   -0.0000117986
5   8   2   5   0.0000137043
5   8   2   8   -0.0000162201
5   8   3   5   -0.0000019646
5   8   3   8   0.0000023253
5   8   4   6   0.0001267599
5   8   4   7   -0.0000181721
5   9   1   6   0.0000705617
5   9   1   7   -0.0000101156
5   9   2   5   0.0002561838
5   9   2   8   0.0013138114
5   9   3   5   -0.0000367262
5   9   3   8   -0.0001883463
5   9   4   6   0.0003079119
5   9   4   7   -0.0000441419
5   10   2   6   0.0002937572
5   10   2   7   0.0018815327
5   10   3   6   0.0001254611
5   10   3   7   -0.0002937572
5   11   1   5   0.0002618551
5   11   1   8   0.0003725480
5   11   2   6   0.0022166801
5   11   2   7   -0.0002937572
5   11   3   6   -0.0002937572
5   11   3   7   0.0002096864
5   11   4   5   0.0003725480
5   11   4   8   0.0008410670
5   12   1   6   -0.0002640622
5   12   1   7   0.0000378556
5   12   2   5   -0.0022885278
5   12   2   8   -0.0023269331
5   12   3   5   0.0003280804
5   12   3   8   0.0003335861
5   12   4   6   -0.0003697866
5   12   4   7   0.0000530121
6   7   1   5   -0.0000005077
6   7   1   8   0.0000422998
6   7   2   6   0.0000092333
6   7   3   7   0.0000092333
6   7   4   5   -0.0000849523
6   7   4   8   -0.0000453297
6   8   1   5   0.0001595312
6   8   1   8   0.0001494965
6   8   2   6   -0.0002321433
6   8   3   7   -0.0002321433
6   8   4   5   0.0003730182
6   8   4   8   0.0001254096
6   9   1   5   -0.0003362189
6   9   1   8   -0.0015546161
6   9   2   6   0.0000271237
6   9   3   7   0.0000271237
6   9   4   5   -0.0005434282
6   9   4   8   -0.0018064299
6   10   1   6   -0.0003280804
6   10   1   7   -0.0022885278
6   10   2   5   -0.0000378556
6   10   2   8   -0.0000530121
6   10   3   5   -0.0002640622
6   10   3   8   -0.0003697866
6   10   4   6   -0.0003335861
6   10   4   7   -0.0023269331
6   11   1   6   -0.0022885278
6   11   1   7   0.0003280804
6   11   2   5   -0.0002640622
6   11   2   8   -0.0003697866
6   11   3   5   0.0000378556
6   11   3   8   0.0000530121
6   11   4   6   -0.0023269331
6   11   4   7   0.0003335861
6   12   1   5   0.0032983121
6   12   1   8   0.0035221014
6   12   2   6   0.0003983571
6   12   3   7   0.0003983571
6   12   4   5   0.0035221014
6   12   4   8   0.0044314886

End IJAB Block
Begin ABCD Block
1   5   1   5   0.2293069800
1   5   1   8   0.0120807693
1   5   2   6   0.0307270431
1   5   3   7   0.0307270431
1   5   4   5   0.0120807693
1   5   4   8   0.0208689951
1   6   1   6   0.1685717181
1   6   2   5   0.0307270431
1   6   2   8   0.0065128330
1   6   4   6   0.0143677328
1   7   1   7   0.1685717181
1   7   3   5   0.0307270431
1   7   3   8   0.0065128330
1   7   4   7   0.0143677328
1   8   1   5   0.0120807693
1   8   1   8   0.1581052033
1   8   2   6   0.0065128330
1   8   3   7   0.0065128330
1   8   4   5   0.0208689951
1   8   4   8   0.0080731921
2   5   1   6   0.0307270431
2   5   2   5   0.1685717181
2   5   2   8   0.0143677328
2   5   4   6   0.0065128330
2   6   1   5   0.0307270431
2   6   1   8   0.0065128330
2   6   2   6   0.1548744654
2   6   3   7   0.0084703887
2   6   4   5   0.0065128330
2   6   4   8   0.0096133683
2   7   2   7   0.1379336880
2   7   3   6   0.0084703887
2   8   1   6   0.0065128330
2   8   2   5   0.0143677328
2   8   2   8   0.1335576271
2   8   4   6   0.0096133683
3   5   1   7   0.0307270431
3   5   3   5   0.1685717181
3   5   3   8   0.0143677328
3   5   4   7   0.0065128330
3   6   2   7   0.0084703887
3   6   3   6   0.1379336880
3   7   1   5   0.0307270431
3   7   1   8   0.0065128330
3   7   2   6   0.0084703887
3   7   3   7   0.1548744654
3   7   4   5   0.0065128330
3   7   4   8   0.0096133683
3   8   1   7   0.0065128330
3   8   3   5   0.0143677328
3   8   3   8   0.1335576271
3   8   4   7   0.0096133683
4   5   1   5   0.0120807693
4   5   1   8   0.0208689951
4   5   2   6   0.0065128330
4   5   3   7   0.0065128330
4   5   4   5   0.1581052033
4   5   4   8   0.0080731921
4   6   1   6   0.0143677328
4   6   2   5   0.0065128330
4   6   2   8   0.0096133683
4   6   4   6   0.1335576271
4   7   1   7   0.0143677328
4   7   3   5   0.0065128330
4   7   3   8   0.0096133683
4   7   4   7   0.1335576271
4   8   1   5   0.0208689951
4   8   1   8   0.0080731921
4   8   2   6   0.0096133683
4   8   3   7   0.0096133683
4   8   4   5   0.0080731921
4   8   4   8   0.1379491952

End ABCD Block
Begin AIJB Block
1   7   1   5   0.0002094477
1   7   1   8   0.0002555300
1   7   2   5   0.0000019180
1   7   2   8   0.0000019528
1   7   3   5   0.0001968400
1   7   3   8   0.0001916507
1   7   4   6   0.0000030331
1   7   4   7   0.0000211572
1   7   5   6   0.0000211572
1   7   5   7   -0.0000030331
1   7   6   5   -0.0000005077
1   7   6   8   0.0000422998
1   8   1   5   0.0000019180
1   8   1   8   -0.0000005283
1   8   2   5   0.0078602799
1   8   2   8   0.0062167378
1   8   3   5   -0.0000002968
1   8   3   8   -0.0000147847
1   8   4   6   0.0000117986
1   8   4   7   0.0000823013
1   8   5   6   0.0000823013
1   8   5   7   -0.0000117986
1   8   6   5   0.0001595312
1   8   6   8   0.0001494965
1   9   1   5   0.0001968400
1   9   1   8   0.0001944952
1   9   2   5   -0.0000002968
1   9   2   8   -0.0000082166
1   9   3   5   0.0008657597
1   9   3   8   0.0010630721
1   9   4   6   0.0000101156
1   9   4   7   0.0000705617
1   9   5   6   0.0000705617
1   9   5   7   -0.0000101156
1   9   6   5   -0.0003362189
1   9   6   8   -0.0015546161
1   10   1   6   -0.0000020258
1   10   1   7   -0.0000141310
1   10   2   6   0.0000019646
1   10   2   7   0.0000137043
1   10   3   6   0.0000367262
1   10   3   7   0.0002561838
1   10   4   5   0.0002618551
1   10   4   8   0.0003725480
1   10   6   6   -0.0003280804
1   10   6   7   -0.0022885278
1   11   1   6   -0.0000141310
1   11   1   7   0.0000020258
1   11   2   6   0.0000137043
1   11   2   7   -0.0000019646
1   11   3   6   0.0002561838
1   11   3   7   -0.0000367262
1   11   5   5   0.0002618551
1   11   5   8   0.0003725480
1   11   6   6   -0.0022885278
1   11   6   7   0.0003280804
1   12   1   5   -0.0000005077
1   12   1   8   -0.0000849523
1   12   2   5   0.0001595312
1   12   2   8   0.0003730182
1   12   3   5   -0.0003362189
1   12   3   8   -0.0005434282
1   12   4   6   -0.0000378556
1   12   4   7   -0.0002640622
1   12   5   6   -0.0002640622
1   12   5   7   0.0000378556
1   12   6   5   0.0032983121
1   12   6   8   0.0035221014
2   7   1   6   0.0001580574
2   7   2   6   -0.0000011696
2   7   3   6   0.0001519993
2   7   4   5   -0.0000020258
2   7   4   8   -0.0000077485
2   7   5   5   -0.0000141310
2   7   5   8   -0.0000540496
2   7   6   6   0.0000092333
2   8   1   6   -0.0000011696
2   8   2   6   0.0011629095
2   8   3   6   0.0000075783
2   8   4   5   0.0000019646
2   8   4   8   -0.0000023253
2   8   5   5   0.0000137043
2   8   5   8   -0.0000162201
2   8   6   6   -0.0002321433
2   9   1   6   0.0001519993
2   9   2   6   0.0000075783
2   9   3   6   0.0005840191
2   9   4   5   0.0000367262
2   9   4   8   0.0001883463
2   9   5   5   0.0002561838
2   9   5   8   0.0013138114
2   9   6   6   0.0000271237
2   10   1   5   0.0000030331
2   10   1   8   0.0000147014
2   10   2   5   0.0000117986
2   10   2   8   0.0000181721
2   10   3   5   0.0000101156
2   10   3   8   0.0000441419
2   10   4   6   0.0002096864
2   10   4   7   0.0002937572
2   10   5   6   0.0002937572
2   10   5   7   0.0018815327
2   10   6   5   -0.0000378556
2   10   6   8   -0.0000530121
2   11   1   5   0.0000211572
2   11   1   8   0.0001025497
2   11   2   5   0.0000823013
2   11   2   8   0.0001267599
2   11   3   5   0.0000705617
2   11   3   8   0.0003079119
2   11   4   6   0.0002937572
2   11   4   7   0.0001254611
2   11   5   6   0.0022166801
2   11   5   7   -0.0002937572
2   11   6   5   -0.0002640622
2   11   6   8   -0.0003697866
2   12   1   6   0.0000092333
2   12   2   6   -0.0002321433
2   12   3   6   0.0000271237
2   12   4   5   -0.0003280804
2   12   4   8   -0.0003335861
2   12   5   5   -0.0022885278
2   12   5   8   -0.0023269331
2   12   6   6   0.0003983571
3   7   1   7   0.0001580574
3   7   2   7   -0.0000011696
3   7   3   7   0.0001519993
3   7   4   5   -0.0000141310
3   7   4   8   -0.0000540496
3   7   5   5   0.0000020258
3   7   5   8   0.0000077485
3   7   6   7   0.0000092333
3   8   1   7   -0.0000011696
3   8   2   7   0.0011629095
3   8   3   7   0.0000075783
3   8   4   5   0.0000137043
3   8   4   8   -0.0000162201
3   8   5   5   -0.0000019646
3   8   5   8   0.0000023253
3   8   6   7   -0.0002321433
3   9   1   7   0.0001519993
3   9   2   7   0.0000075783
3   9   3   7   0.0005840191
3   9   4   5   0.0002561838
3   9   4   8   0.0013138114
3   9   5   5   -0.0000367262
3   9   5   8   -0.0001883463
3   9   6   7   0.0000271237
3   10   1   5   0.0000211572
3   10   1   8   0.0001025497
3   10   2   5   0.0000823013
3   10   2   8   0.0001267599
3   10   3   5   0.0000705617
3   10   3   8   0.0003079119
3   10   4   6   0.0002937572
3   10   4   7   0.0022166801
3   10   5   6   0.0001254611
3   10   5   7   -0.0002937572
3   10   6   5   -0.0002640622
3   10   6   8   -0.0003697866
3   11   1   5   -0.0000030331
3   11   1   8   -0.0000147014
3   11   2   5   -0.0000117986
3   11   2   8   -0.0000181721
3   11   3   5   -0.0000101156
3   11   3   8   -0.0000441419
3   11   4   6   0.0018815327
3   11   4   7   -0.0002937572
3   11   5   6   -0.0002937572
3   11   5   7   0.0002096864
3   11   6   5   0.0000378556
3   11   6   8   0.0000530121
3   12   1   7   0.0000092333
3   12   2   7   -0.0002321433
3   12   3   7   0.0000271237
3   12   4   5   -0.0022885278
3   12   4   8   -0.0023269331
3   12   5   5   0.0003280804
3   12   5   8   0.0003335861
3   12   6   7   0.0003983571
4   7   1   5   0.0002555300
4   7   1   8   0.0004841382
4   7   2   5   -0.0000005283
4   7   2   8   -0.0000005938
4   7   3   5   0.0001944952
4   7   3   8   0.0001424116
4   7   4   6   0.0000147014
4   7   4   7   0.0001025497
4   7   5   6   0.0001025497
4   7   5   7   -0.0000147014
4   7   6   5   -0.0000849523
4   7   6   8   -0.0000453297
4   8   1   5   0.0000019528
4   8   1   8   -0.0000005938
4   8   2   5   0.0062167378
4   8   2   8   0.0056925534
4   8   3   5   -0.0000082166
4   8   3   8   -0.0000147429
4   8   4   6   0.0000181721
4   8   4   7   0.0001267599
4   8   5   6   0.0001267599
4   8   5   7   -0.0000181721
4   8   6   5   0.0003730182
4   8   6   8   0.0001254096
4   9   1   5   0.0001916507
4   9   1   8   0.0001424116
4   9   2   5   -0.0000147847
4   9   2   8   -0.0000147429
4   9   3   5   0.0010630721
4   9   3   8   0.0019280691
4   9   4   6   0.0000441419
4   9   4   7   0.0003079119
4   9   5   6   0.0003079119
4   9   5   7   -0.0000441419
4   9   6   5   -0.0005434282
4   9   6   8   -0.0018064299
4   10   1   6   -0.0000077485
4   10   1   7   -0.0000540496
4   10   2   6   -0.0000023253
4   10   2   7   -0.0000162201
4   10   3   6   0.0001883463
4   10   3   7   0.0013138114
4   10   4   5   0.0003725480
4   10   4   8   0.0008410670
4   10   6   6   -0.0003335861
4   10   6   7   -0.0023269331
4   11   1   6   -0.0000540496
4   11   1   7   0.0000077485
4   11   2   6   -0.0000162201
4   11   2   7   0.0000023253
4   11   3   6   0.0013138114
4   11   3   7   -0.0001883463
4   11   5   5   0.0003725480
4   11   5   8   0.0008410670
4   11   6   6   -0.0023269331
4   11   6   7   0.0003335861
4   12   1   5   0.0000422998
4   12   1   8   -0.0000453297
4   12   2   5   0.0001494965
4   12   2   8   0.0001254096
4   12   3   5   -0.0015546161
4   12   3   8   -0.0018064299
4   12   4   6   -0.0000530121
4   12   4   7   -0.0003697866
4   12   5   6   -0.0003697866
4   12   5   7   0.0000530121
4   12   6   5   0.0035221014
4   12   6   8   0.0044314886

1   7   7   1   -0.1257579841
1   7   7   4   -0.0313856934
1   7   8   1   -0.0000000348
1   7   8   4   -0.0000001008
1   7   9   1   0.0000811170
1   7   9   4   0.0000951548
1   7   10   2   -0.0000377119
1   7   10   3   -0.0002630594
1   7   11   2   -0.0002630594
1   7   11   3   0.0000377119
1   7   12   1   0.0007336100
1   7   12   4   0.0004043325
1   8   7   1   -0.0000000348
1   8   7   4   -0.0000001008
1   8   8   1   -0.2731950438
1   8   8   4   -0.0664759439
1   8   9   1   0.0001136684
1   8   9   4   0.0000203913
1   8   10   2   -0.0000147748
1   8   10   3   -0.0001030615
1   8   11   2   -0.0001030615
1   8   11   3   0.0000147748
1   8   12   1   -0.0009023857
1   8   12   4   -0.0001540012
1   9   7   1   0.0000811170
1   9   7   4   0.0000951548
1   9   8   1   0.0001136684
1   9   8   4   0.0000203913
1   9   9   1   -0.1240406731
1   9   9   4   -0.0293128300
1   9   10   2   -0.0004234434
1   9   10   3   -0.0029537334
1   9   11   2   -0.0029537334
1   9   11   3   0.0004234434
1   9   12   1   0.0086249563
1   9   12   4   0.0036060461
1   10   7   2   -0.0000377119
1   10   7   3   -0.0002630594
1   10   8   2   -0.0000147748
1   10   8   3   -0.0001030615
1   10   9   2   -0.0004234434
1   10   9   3   -0.0029537334
1   10   10   1   -0.1234258526
1   10   10   4   -0.0287327378
1   10   12   2   0.0001523358
1   10   12   3   0.0010626198
1   11   7   2   -0.0002630594
1   11   7   3   0.0000377119
1   11   8   2   -0.0001030615
1   11   8   3   0.0000147748
1   11   9   2   -0.0029537334
1   11   9   3   0.0004234434
1   11   11   1   -0.1234258526
1   11   11   4   -0.0287327378
1   11   12   2   0.0010626198
1   11   12   3   -0.0001523358
1   12   7   1   0.0007336100
1   12   7   4   0.0004043325
1   12   8   1   -0.0009023857
1   12   8   4   -0.0001540012
1   12   9   1   0.0086249563
1   12   9   4   0.0036060461
1   12   10   2   0.0001523358
1   12   10   3   0.0010626198
1   12   11   2   0.0010626198
1   12   11   3   -0.0001523358
1   12   12   1   -0.1276638084
1   12   12   4   -0.0305213043
2   7   7   2   -0.1255516514
2   7   8   2   -0.0000001670
2   7   9   2   0.0000621073
2   7   10   1   -0.0000377119
2   7   10   4   -0.0000557377
2   7   11   1   -0.0002630594
2   7   11   4   -0.0003887991
2   7   12   2   0.0005388238
2   8   7   2   -0.0000001670
2   8   8   2   -0.1965391956
2   8   9   2   0.0000370144
2   8   10   1   -0.0000147748
2   8   10   4   -0.0000096986
2   8   11   1   -0.0001030615
2   8   11   4   -0.0000676525
2   8   12   2   -0.0002220113
2   9   7   2   0.0000621073
2   9   8   2   0.0000370144
2   9   9   2   -0.1242475426
2   9   10   1   -0.0004234434
2   9   10   4   -0.0005264791
2   9   11   1   -0.0029537334
2   9   11   4   -0.0036724602
2   9   12   2   0.0066284916
2   10   7   1   -0.0000377119
2   10   7   4   -0.0000557377
2   10   8   1   -0.0000147748
2   10   8   4   -0.0000096986
2   10   9   1   -0.0004234434
2   10   9   4   -0.0005264791
2   10   10   2   -0.1236188168
2   10   10   3   -0.0001391214
2   10   11   2   -0.0001391214
2   10   11   3   -0.0004752492
2   10   12   1   0.0001523358
2   10   12   4   0.0001279953
2   11   7   1   -0.0002630594
2   11   7   4   -0.0003887991
2   11   8   1   -0.0001030615
2   11   8   4   -0.0000676525
2   11   9   1   -0.0029537334
2   11   9   4   -0.0036724602
2   11   10   2   -0.0001391214
2   11   10   3   -0.0004752492
2   11   11   2   -0.1245693152
2   11   11   3   0.0001391214
2   11   12   1   0.0010626198
2   11   12   4   0.0008928321
2   12   7   2   0.0005388238
2   12   8   2   -0.0002220113
2   12   9   2   0.0066284916
2   12   10   1   0.0001523358
2   12   10   4   0.0001279953
2   12   11   1   0.0010626198
2   12   11   4   0.0008928321
2   12   12   2   -0.1262514388
3   7   7   3   -0.1255516514
3   7   8   3   -0.0000001670
3   7   9   3   0.0000621073
3   7   10   1   -0.0002630594
3   7   10   4   -0.0003887991
3   7   11   1   0.0000377119
3   7   11   4   0.0000557377
3   7   12   3   0.0005388238
3   8   7   3   -0.0000001670
3   8   8   3   -0.1965391956
3   8   9   3   0.0000370144
3   8   10   1   -0.0001030615
3   8   10   4   -0.0000676525
3   8   11   1   0.0000147748
3   8   11   4   0.0000096986
3   8   12   3   -0.0002220113
3   9   7   3   0.0000621073
3   9   8   3   0.0000370144
3   9   9   3   -0.1242475426
3   9   10   1   -0.0029537334
3   9   10   4   -0.0036724602
3   9   11   1   0.0004234434
3   9   11   4   0.0005264791
3   9   12   3   0.0066284916
3   10   7   1   -0.0002630594
3   10   7   4   -0.0003887991
3   10   8   1   -0.0001030615
3   10   8   4   -0.0000676525
3   10   9   1   -0.0029537334
3   10   9   4   -0.0036724602
3   10   10   2   -0.0001391214
3   10   10   3   -0.1245693152
3   10   11   2   -0.0004752492
3   10   11   3   0.0001391214
3   10   12   1   0.0010626198
3   10   12   4   0.0008928321
3   11   7   1   0.0000377119
3   11   7   4   0.0000557377
3   11   8   1   0.0000147748
3   11   8   4   0.0000096986
3   11   9   1   0.0004234434
3   11   9   4   0.0005264791
3   11   10   2   -0.0004752492
3   11   10   3   0.0001391214
3   11   11   2   0.0001391214
3   11   11   3   -0.1236188168
3   11   12   1   -0.0001523358
3   11   12   4   -0.0001279953
3   12   7   3   0.0005388238
3   12   8   3   -0.0002220113
3   12   9   3   0.0066284916
3   12   10   1   0.0010626198
3   12   10   4   0.0008928321
3   12   11   1   -0.0001523358
3   12   11   4   -0.0001279953
3   12   12   3   -0.1262514388
4   7   7   1   -0.0313856934
4   7   7   4   -0.1434286870
4   7   8   1   -0.0000001008
4   7   8   4   -0.0000002264
4   7   9   1   0.0000951548
4   7   9   4   0.0001575651
4   7   10   2   -0.0000557377
4   7   10   3   -0.0003887991
4   7   11   2   -0.0003887991
4   7   11   3   0.0000557377
4   7   12   1   0.0004043325
4   7   12   4   0.0007374232
4   8   7   1   -0.0000001008
4   8   7   4   -0.0000002264
4   8   8   1   -0.0664759439
4   8   8   4   -0.1994078223
4   8   9   1   0.0000203913
4   8   9   4   0.0000250346
4   8   10   2   -0.0000096986
4   8   10   3   -0.0000676525
4   8   11   2   -0.0000676525
4   8   11   3   0.0000096986
4   8   12   1   -0.0001540012
4   8   12   4   -0.0001525640
4   9   7   1   0.0000951548
4   9   7   4   0.0001575651
4   9   8   1   0.0000203913
4   9   8   4   0.0000250346
4   9   9   1   -0.0293128300
4   9   9   4   -0.1404001716
4   9   10   2   -0.0005264791
4   9   10   3   -0.0036724602
4   9   11   2   -0.0036724602
4   9   11   3   0.0005264791
4   9   12   1   0.0036060461
4   9   12   4   0.0066775860
4   10   7   2   -0.0000557377
4   10   7   3   -0.0003887991
4   10   8   2   -0.0000096986
4   10   8   3   -0.0000676525
4   10   9   2   -0.0005264791
4   10   9   3   -0.0036724602
4   10   10   1   -0.0287327378
4   10   10   4   -0.1395685613
4   10   12   2   0.0001279953
4   10   12   3   0.0008928321
4   11   7   2   -0.0003887991
4   11   7   3   0.0000557377
4   11   8   2   -0.0000676525
4   11   8   3   0.0000096986
4   11   9   2   -0.0036724602
4   11   9   3   0.0005264791
4   11   11   1   -0.0287327378
4   11   11   4   -0.1395685613
4   11   12   2   0.0008928321
4   11   12   3   -0.0001279953
4   12   7   1   0.0004043325
4   12   7   4   0.0007374232
4   12   8   1   -0.0001540012
4   12   8   4   -0.0001525640
4   12   9   1   0.0036060461
4   12   9   4   0.0066775860
4   12   10   2   0.0001279953
4   12   10   3   0.0008928321
4   12   11   2   0.0008928321
4   12   11   3   -0.0001279953
4   12   12   1   -0.0305213043
4   12   12   4   -0.1424533072

End AIJB Block
Begin IJKA Block
1   7   1   5   0.0058313727
1   7   1   8   0.0301039437
1   7   2   5   -0.0000009998
1   7   2   8   -0.0000016787
1   7   3   5   -0.0009529625
1   7   3   8   -0.0049173145
1   7   4   6   -0.0003389520
1   7   4   7   -0.0023643631
1   7   5   6   -0.0023643631
1   7   5   7   0.0003389520
1   7   6   5   0.0025593189
1   7   6   8   0.0024736545
1   8   1   5   -0.0014344028
1   8   1   8   0.0004044858
1   8   2   5   0.0000004310
1   8   2   8   0.0000005574
1   8   3   5   0.0000003119
1   8   3   8   0.0000005754
1   8   4   6   0.0000025702
1   8   4   7   0.0000179283
1   8   5   6   0.0000179283
1   8   5   7   -0.0000025702
1   8   6   5   0.0000261066
1   8   6   8   -0.0000061415
1   9   1   5   -0.0094751856
1   9   1   8   -0.0456493059
1   9   2   5   -0.0000007810
1   9   2   8   -0.0000006050
1   9   3   5   0.0002526347
1   9   3   8   0.0013292551
1   9   4   6   -0.0003290359
1   9   4   7   -0.0022951929
1   9   5   6   -0.0022951929
1   9   5   7   0.0003290359
1   9   6   5   0.0026140880
1   9   6   8   0.0027613134
1   10   1   6   -0.0084927919
1   10   1   7   -0.0592415501
1   10   2   6   0.0000000348
1   10   2   7   0.0000002429
1   10   3   6   0.0001364183
1   10   3   7   0.0009515871
1   10   4   5   -0.0003281060
1   10   4   8   -0.0015804662
1   10   6   6   -0.0000051570
1   10   6   7   -0.0000359727
1   11   1   6   -0.0592415501
1   11   1   7   0.0084927919
1   11   2   6   0.0000002429
1   11   2   7   -0.0000000348
1   11   3   6   0.0009515871
1   11   3   7   -0.0001364183
1   11   5   5   -0.0003281060
1   11   5   8   -0.0015804662
1   11   6   6   -0.0000359727
1   11   6   7   0.0000051570
1   12   1   5   0.0679279948
1   12   1   8   0.0645403462
1   12   2   5   -0.0000001928
1   12   2   8   0.0000001319
1   12   3   5   -0.0010347359
1   12   3   8   -0.0010164146
1   12   4   6   -0.0000197824
1   12   4   7   -0.0001379925
1   12   5   6   -0.0001379925
1   12   5   7   0.0000197824
1   12   6   5   -0.0001720654
1   12   6   8   -0.0012705158
2   7   1   5   -0.0000009998
2   7   1   8   -0.0000016787
2   7   2   5   -0.0001220697
2   7   2   8   -0.0001254123
2   7   3   5   -0.0000009225
2   7   3   8   -0.0000007884
2   7   4   6   -0.0000000856
2   7   4   7   -0.0000005974
2   7   5   6   -0.0000005974
2   7   5   7   0.0000000856
2   7   6   5   0.0000013604
2   7   6   8   0.0000012413
2   8   1   5   0.0000004310
2   8   1   8   0.0000005574
2   8   2   5   -0.0885405315
2   8   2   8   -0.0767183670
2   8   3   5   0.0001237588
2   8   3   8   0.0001261972
2   8   4   6   0.0000078903
2   8   4   7   0.0000550388
2   8   5   6   0.0000550388
2   8   5   7   -0.0000078903
2   8   6   5   -0.0014142075
2   8   6   8   -0.0014778487
2   9   1   5   -0.0000007810
2   9   1   8   -0.0000006050
2   9   2   5   -0.0004355814
2   9   2   8   -0.0000920529
2   9   3   5   -0.0000061554
2   9   3   8   -0.0000103949
2   9   4   6   -0.0000002368
2   9   4   7   -0.0000016520
2   9   5   6   -0.0000016520
2   9   5   7   0.0000002368
2   9   6   5   0.0000136230
2   9   6   8   0.0000181038
2   10   1   6   0.0000000348
2   10   1   7   0.0000002429
2   10   2   6   0.0002418451
2   10   2   7   0.0016869930
2   10   3   6   -0.0000015336
2   10   3   7   -0.0000106973
2   10   4   5   0.0000039712
2   10   4   8   0.0000076269
2   10   6   6   0.0000041503
2   10   6   7   0.0000289506
2   11   1   6   0.0000002429
2   11   1   7   -0.0000000348
2   11   2   6   0.0016869930
2   11   2   7   -0.0002418451
2   11   3   6   -0.0000106973
2   11   3   7   0.0000015336
2   11   5   5   0.0000039712
2   11   5   8   0.0000076269
2   11   6   6   0.0000289506
2   11   6   7   -0.0000041503
2   12   1   5   -0.0000001928
2   12   1   8   0.0000001319
2   12   2   5   -0.0100592674
2   12   2   8   -0.0187430564
2   12   3   5   0.0000176508
2   12   3   8   0.0000132656
2   12   4   6   -0.0000020255
2   12   4   7   -0.0000141290
2   12   5   6   -0.0000141290
2   12   5   7   0.0000020255
2   12   6   5   -0.0000694596
2   12   6   8   -0.0000111656
3   7   1   5   -0.0009529625
3   7   1   8   -0.0049173145
3   7   2   5   -0.0000009225
3   7   2   8   -0.0000007884
3   7   3   5   0.0002207702
3   7   3   8   0.0012336323
3   7   4   6   -0.0003477892
3   7   4   7   -0.0024260069
3   7   5   6   -0.0024260069
3   7   5   7   0.0003477892
3   7   6   5   0.0026989704
3   7   6   8   0.0028113798
3   8   1   5   0.0000003119
3   8   1   8   0.0000005754
3   8   2   5   0.0001237588
3   8   2   8   0.0001261972
3   8   3   5   -0.0014332190
3   8   3   8   0.0004177546
3   8   4   6   0.0000313893
3   8   4   7   0.0002189562
3   8   5   6   0.0002189562
3   8   5   7   -0.0000313893
3   8   6   5   0.0003283356
3   8   6   8   -0.0000827619
3   9   1   5   0.0002526347
3   9   1   8   0.0013292551
3   9   2   5   -0.0000061554
3   9   2   8   -0.0000103949
3   9   3   5   -0.0054480709
3   9   3   8   -0.0248378946
3   9   4   6   -0.0013749075
3   9   4   7   -0.0095906800
3   9   5   6   -0.0095906800
3   9   5   7   0.0013749075
3   9   6   5   0.0112218086
3   9   6   8   0.0111065064
3   10   1   6   0.0001364183
3   10   1   7   0.0009515871
3   10   2   6   -0.0000015336
3   10   2   7   -0.0000106973
3   10   3   6   -0.0053603762
3   10   3   7   -0.0373913547
3   10   4   5   -0.0009216076
3   10   4   8   -0.0039110052
3   10   6   6   -0.0001824177
3   10   6   7   -0.0012724561
3   11   1   6   0.0009515871
3   11   1   7   -0.0001364183
3   11   2   6   -0.0000106973
3   11   2   7   0.0000015336
3   11   3   6   -0.0373913547
3   11   3   7   0.0053603762
3   11   5   5   -0.0009216076
3   11   5   8   -0.0039110052
3   11   6   6   -0.0012724561
3   11   6   7   0.0001824177
3   12   1   5   -0.0010347359
3   12   1   8   -0.0010164146
3   12   2   5   0.0000176508
3   12   2   8   0.0000132656
3   12   3   5   0.0438127475
3   12   3   8   0.0400270478
3   12   4   6   -0.0001462900
3   12   4   7   -0.0010204476
3   12   5   6   -0.0010204476
3   12   5   7   0.0001462900
3   12   6   5   0.0011236864
3   12   6   8   -0.0008303391
4   7   1   6   -0.0003389520
4   7   1   7   -0.0023643631
4   7   2   6   -0.0000000856
4   7   2   7   -0.0000005974
4   7   3   6   -0.0003477892
4   7   3   7   -0.0024260069
4   7   4   5   0.0001282115
4   7   4   8   0.0007340246
4   7   6   6   -0.0000080773
4   7   6   7   -0.0000563433
4   8   1   6   0.0000025702
4   8   1   7   0.0000179283
4   8   2   6   0.0000078903
4   8   2   7   0.0000550388
4   8   3   6   0.0000313893
4   8   3   7   0.0002189562
4   8   4   5   -0.0013837723
4   8   4   8   0.0004089008
4   8   6   6   -0.0000153661
4   8   6   7   -0.0001071866
4   9   1   6   -0.0003290359
4   9   1   7   -0.0022951929
4   9   2   6   -0.0000002368
4   9   2   7   -0.0000016520
4   9   3   6   -0.0013749075
4   9   3   7   -0.0095906800
4   9   4   5   -0.0049561237
4   9   4   8   -0.0224118714
4   9   6   6   -0.0000369692
4   9   6   7   -0.0002578791
4   10   1   5   -0.0003281060
4   10   1   8   -0.0015804662
4   10   2   5   0.0000039712
4   10   2   8   0.0000076269
4   10   3   5   -0.0009216076
4   10   3   8   -0.0039110052
4   10   4   6   -0.0053910828
4   10   4   7   -0.0376055489
4   10   5   6   -0.0022680038
4   10   5   7   0.0003251381
4   10   6   5   0.0026352833
4   10   6   8   0.0025555397
4   11   4   6   -0.0330695413
4   11   4   7   0.0047408066
4   11   5   6   -0.0003251381
4   11   5   7   -0.0022680038
4   12   1   6   -0.0000197824
4   12   1   7   -0.0001379925
4   12   2   6   -0.0000020255
4   12   2   7   -0.0000141290
4   12   3   6   -0.0001462900
4   12   3   7   -0.0010204476
4   12   4   5   0.0387873050
4   12   4   8   0.0350015822
4   12   6   6   -0.0002819776
4   12   6   7   -0.0019669371
5   7   1   6   -0.0023643631
5   7   1   7   0.0003389520
5   7   2   6   -0.0000005974
5   7   2   7   0.0000000856
5   7   3   6   -0.0024260069
5   7   3   7   0.0003477892
5   7   5   5   0.0001282115
5   7   5   8   0.0007340246
5   7   6   6   -0.0000563433
5   7   6   7   0.0000080773
5   8   1   6   0.0000179283
5   8   1   7   -0.0000025702
5   8   2   6   0.0000550388
5   8   2   7   -0.0000078903
5   8   3   6   0.0002189562
5   8   3   7   -0.0000313893
5   8   5   5   -0.0013837723
5   8   5   8   0.0004089008
5   8   6   6   -0.0001071866
5   8   6   7   0.0000153661
5   9   1   6   -0.0022951929
5   9   1   7   0.0003290359
5   9   2   6   -0.0000016520
5   9   2   7   0.0000002368
5   9   3   6   -0.0095906800
5   9   3   7   0.0013749075
5   9   5   5   -0.0049561237
5   9   5   8   -0.0224118714
5   9   6   6   -0.0002578791
5   9   6   7   0.0000369692
5   10   4   6   -0.0022680038
5   10   4   7   0.0003251381
5   10   5   6   -0.0047408066
5   10   5   7   -0.0330695413
5   11   1   5   -0.0003281060
5   11   1   8   -0.0015804662
5   11   2   5   0.0000039712
5   11   2   8   0.0000076269
5   11   3   5   -0.0009216076
5   11   3   8   -0.0039110052
5   11   4   6   -0.0003251381
5   11   4   7   -0.0022680038
5   11   5   6   -0.0376055489
5   11   5   7   0.0053910828
5   11   6   5   0.0026352833
5   11   6   8   0.0025555397
5   12   1   6   -0.0001379925
5   12   1   7   0.0000197824
5   12   2   6   -0.0000141290
5   12   2   7   0.0000020255
5   12   3   6   -0.0010204476
5   12   3   7   0.0001462900
5   12   5   5   0.0387873050
5   12   5   8   0.0350015822
5   12   6   6   -0.0019669371
5   12   6   7   0.0002819776
6   7   1   5   0.0025593189
6   7   1   8   0.0024736545
6   7   2   5   0.0000013604
6   7   2   8   0.0000012413
6   7   3   5   0.0026989704
6   7   3   8   0.0028113798
6   7   4   6   -0.0000080773
6   7   4   7   -0.0000563433
6   7   5   6   -0.0000563433
6   7   5   7   0.0000080773
6   7   6   5   0.0002286135
6   7   6   8   0.0007966890
6   8   1   5   0.0000261066
6   8   1   8   -0.0000061415
6   8   2   5   -0.0014142075
6   8   2   8   -0.0014778487
6   8   3   5   0.0003283356
6   8   3   8   -0.0000827619
6   8   4   6   -0.0000153661
6   8   4   7   -0.0001071866
6   8   5   6   -0.0001071866
6   8   5   7   0.0000153661
6   8   6   5   -0.0017047488
6   8   6   8   0.0004178537
6   9   1   5   0.0026140880
6   9   1   8   0.0027613134
6   9   2   5   0.0000136230
6   9   2   8   0.0000181038
6   9   3   5   0.0112218086
6   9   3   8   0.0111065064
6   9   4   6   -0.0000369692
6   9   4   7   -0.0002578791
6   9   5   6   -0.0002578791
6   9   5   7   0.0000369692
6   9   6   5   -0.0043469078
6   9   6   8   -0.0208043004
6   10   1   6   -0.0000051570
6   10   1   7   -0.0000359727
6   10   2   6   0.0000041503
6   10   2   7   0.0000289506
6   10   3   6   -0.0001824177
6   10   3   7   -0.0012724561
6   10   4   5   0.0026352833
6   10   4   8   0.0025555397
6   10   6   6   -0.0045141790
6   10   6   7   -0.0314886981
6   11   1   6   -0.0000359727
6   11   1   7   0.0000051570
6   11   2   6   0.0000289506
6   11   2   7   -0.0000041503
6   11   3   6   -0.0012724561
6   11   3   7   0.0001824177
6   11   5   5   0.0026352833
6   11   5   8   0.0025555397
6   11   6   6   -0.0314886981
6   11   6   7   0.0045141790
6   12   1   5   -0.0001720654
6   12   1   8   -0.0012705158
6   12   2   5   -0.0000694596
6   12   2   8   -0.0000111656
6   12   3   5   0.0011236864
6   12   3   8   -0.0008303391
6   12   4   6   -0.0002819776
6   12   4   7   -0.0019669371
6   12   5   6   -0.0019669371
6   12   5   7   0.0002819776
6   12   6   5   0.0418652257
6   12   6   8   0.0372266953

End IJKA Block
Begin IABC Block
1   5   1   5   -0.0000544624
1   5   1   8   -0.0000295259
1   5   2   6   -0.0000167065
1   5   3   7   -0.0000167065
1   5   4   5   -0.0000523742
1   5   4   8   -0.0000273389
1   6   1   6   -0.0000396317
1   6   2   5   -0.0000167065
1   6   2   8   -0.0000256676
1   6   4   6   -0.0000388347
1   7   1   7   -0.0000396317
1   7   3   5   -0.0000167065
1   7   3   8   -0.0000256676
1   7   4   7   -0.0000388347
1   8   1   5   -0.0000295259
1   8   1   8   -0.0000544057
1   8   2   6   -0.0000256676
1   8   3   7   -0.0000256676
1   8   4   5   -0.0000273389
1   8   4   8   -0.0000486929
2   5   1   5   0.0004085525
2   5   1   8   -0.0010499356
2   5   2   6   0.0019947872
2   5   3   7   0.0019947872
2   5   4   5   -0.0015494074
2   5   4   8   -0.0006466603
2   6   1   6   -0.0000128020
2   6   2   5   0.0019947872
2   6   2   8   0.0011596376
2   6   4   6   -0.0003048585
2   7   1   7   -0.0000128020
2   7   3   5   0.0019947872
2   7   3   8   0.0011596376
2   7   4   7   -0.0003048585
2   8   1   5   -0.0010499356
2   8   1   8   -0.0009994336
2   8   2   6   0.0011596376
2   8   3   7   0.0011596376
2   8   4   5   -0.0006466603
2   8   4   8   -0.0006283868
3   5   1   5   -0.0002882318
3   5   1   8   -0.0001745134
3   5   2   6   0.0000098624
3   5   3   7   0.0000098624
3   5   4   5   -0.0002981949
3   5   4   8   -0.0002447539
3   6   1   6   -0.0002511444
3   6   2   5   0.0000098624
3   6   2   8   -0.0000299055
3   6   4   6   -0.0002490503
3   7   1   7   -0.0002511444
3   7   3   5   0.0000098624
3   7   3   8   -0.0000299055
3   7   4   7   -0.0002490503
3   8   1   5   -0.0001745134
3   8   1   8   -0.0003149482
3   8   2   6   -0.0000299055
3   8   3   7   -0.0000299055
3   8   4   5   -0.0002447539
3   8   4   8   -0.0004613793
4   5   1   6   0.0001120305
4   5   1   7   0.0007814699
4   5   2   5   0.0001709430
4   5   2   8   -0.0000020190
4   5   3   5   0.0011924143
4   5   3   8   -0.0000140835
4   5   4   6   0.0001888792
4   5   4   7   0.0013175283
4   6   1   5   0.0001120305
4   6   1   8   0.0000758916
4   6   2   6   0.0001732999
4   6   2   7   0.0003123606
4   6   3   6   0.0005841338
4   6   3   7   0.0000447796
4   6   4   5   0.0001888792
4   6   4   8   0.0001550684
4   7   1   5   0.0007814699
4   7   1   8   0.0005293826
4   7   2   6   0.0003123606
4   7   2   7   0.0000837407
4   7   3   6   0.0000447796
4   7   3   7   0.0012088550
4   7   4   5   0.0013175283
4   7   4   8   0.0010816811
4   8   1   6   0.0000758916
4   8   1   7   0.0005293826
4   8   2   5   -0.0000020190
4   8   2   8   -0.0000193472
4   8   3   5   -0.0000140835
4   8   3   8   -0.0001349567
4   8   4   6   0.0001550684
4   8   4   7   0.0010816811
5   5   1   6   0.0007814699
5   5   1   7   -0.0001120305
5   5   2   5   0.0011924143
5   5   2   8   -0.0000140835
5   5   3   5   -0.0001709430
5   5   3   8   0.0000020190
5   5   4   6   0.0013175283
5   5   4   7   -0.0001888792
5   6   1   5   0.0007814699
5   6   1   8   0.0005293826
5   6   2   6   0.0012088550
5   6   2   7   -0.0000447796
5   6   3   6   -0.0000837407
5   6   3   7   0.0003123606
5   6   4   5   0.0013175283
5   6   4   8   0.0010816811
5   7   1   5   -0.0001120305
5   7   1   8   -0.0000758916
5   7   2   6   -0.0000447796
5   7   2   7   0.0005841338
5   7   3   6   0.0003123606
5   7   3   7   -0.0001732999
5   7   4   5   -0.0001888792
5   7   4   8   -0.0001550684
5   8   1   6   0.0005293826
5   8   1   7   -0.0000758916
5   8   2   5   -0.0000140835
5   8   2   8   -0.0001349567
5   8   3   5   0.0000020190
5   8   3   8   0.0000193472
5   8   4   6   0.0010816811
5   8   4   7   -0.0001550684
6   5   1   5   -0.0046657254
6   5   1   8   -0.0005577529
6   5   2   6   -0.0019591774
6   5   3   7   -0.0019591774
6   5   4   5   -0.0066151086
6   5   4   8   -0.0023049125
6   6   1   6   -0.0027645967
6   6   2   5   -0.0019591774
6   6   2   8   -0.0011332396
6   6   4   6   -0.0047739769
6   7   1   7   -0.0027645967
6   7   3   5   -0.0019591774
6   7   3   8   -0.0011332396
6   7   4   7   -0.0047739769
6   8   1   5   -0.0005577529
6   8   1   8   -0.0015253030
6   8   2   6   -0.0011332396
6   8   3   7   -0.0011332396
6   8   4   5   -0.0023049125
6   8   4   8   -0.0035621027

End IABC Block
