Begin IJ Block
1   1   -41.3329596019
1   2   0.0110910852
1   3   0.7499293420
1   4   0.0544528247
2   2   -7.2046625010
2   3   -0.0608356932
2   4   0.0412396301
3   3   -9.7305374054
3   4   0.0346914428
4   4   -8.6061501326
5   5   -8.4922929215
6   6   -8.4922929215

End IJ Block
Begin IA Block
1   1   -0.0147730114
1   4   -0.0401997653
2   1   0.1066239657
2   4   0.0611316598
3   1   0.0759087734
3   4   0.1829979177
4   1   -0.1148634579
4   4   0.0301383636
5   2   0.2449915805
5   3   -0.1076967433
6   2   0.1076967433
6   3   0.2449915805

End IA Block
Begin AB Block
1   1   -1.9270246372
1   4   -0.3828160119
2   2   -1.5753169959
3   3   -1.5753169959
4   4   -1.7285203698

End AB Block
Begin IJKL Block
1   7   1   7   5.3477714436
1   7   1   8   -0.0075008911
1   7   1   9   -0.5304253080
1   7   1   10   -0.0325110013
1   7   2   7   -0.0075008911
1   7   2   8   -0.0000243151
1   7   2   9   0.0011410012
1   7   2   10   -0.0001661626
1   7   3   7   -0.5304253080
1   7   3   8   0.0011410012
1   7   3   9   0.0809741396
1   7   3   10   0.0043968680
1   7   4   7   -0.0325110013
1   7   4   8   -0.0001661626
1   7   4   9   0.0043968680
1   7   4   10   0.0307779868
1   7   5   11   0.0306107251
1   7   6   12   0.0306107251
1   8   1   7   -0.0075008911
1   8   1   8   0.3073901469
1   8   1   9   0.0179463008
1   8   1   10   -0.0148721905
1   8   2   7   0.0000205652
1   8   2   8   0.0000539212
1   8   2   9   -0.0000002712
1   8   2   10   -0.0000037317
1   8   3   7   0.0012086517
1   8   3   8   0.0001338297
1   8   3   9   -0.0003182899
1   8   3   10   0.0000823847
1   8   4   7   -0.0002170977
1   8   4   8   -0.0048355297
1   8   4   9   -0.0004616076
1   8   4   10   0.0007685062
1   8   5   11   0.0005671975
1   8   6   12   0.0005671975
1   9   1   7   -0.5304253080
1   9   1   8   0.0179463008
1   9   1   9   1.2603699341
1   9   1   10   0.0256084666
1   9   2   7   0.0012086517
1   9   2   8   -0.0000134946
1   9   2   9   -0.0003327823
1   9   2   10   -0.0003231290
1   9   3   7   0.0855072957
1   9   3   8   -0.0003297105
1   9   3   9   -0.0234771883
1   9   3   10   -0.0019833497
1   9   4   7   0.0043223295
1   9   4   8   -0.0004459529
1   9   4   9   -0.0035981137
1   9   4   10   0.0349961587
1   9   5   11   0.0349563438
1   9   6   12   0.0349563438
1   10   1   7   -0.0325110013
1   10   1   8   -0.0148721905
1   10   1   9   0.0256084666
1   10   1   10   1.1528178598
1   10   2   7   -0.0002170977
1   10   2   8   -0.0000033203
1   10   2   9   -0.0003376984
1   10   2   10   -0.0002340737
1   10   3   7   0.0043223295
1   10   3   8   0.0000840073
1   10   3   9   -0.0020537463
1   10   3   10   -0.0151773761
1   10   4   7   0.0359395168
1   10   4   8   0.0007700671
1   10   4   9   0.0356977495
1   10   4   10   0.0020067329
1   10   5   11   0.0016234255
1   10   6   12   0.0016234255
1   11   1   11   1.1482759638
1   11   2   11   -0.0002208485
1   11   3   11   -0.0151324911
1   11   4   11   -0.0015308413
1   11   5   7   0.0358144419
1   11   5   8   0.0005783560
1   11   5   9   0.0356820023
1   11   5   10   0.0017482098
1   12   1   12   1.1482759638
1   12   2   12   -0.0002208485
1   12   3   12   -0.0151324911
1   12   4   12   -0.0015308413
1   12   6   7   0.0358144419
1   12   6   8   0.0005783560
1   12   6   9   0.0356820023
1   12   6   10   0.0017482098
2   7   1   7   -0.0075008911
2   7   1   8   0.0000205652
2   7   1   9   0.0012086517
2   7   1   10   -0.0002170977
2   7   2   7   0.3073901469
2   7   2   8   0.0000539212
2   7   2   9   0.0001338297
2   7   2   10   -0.0048355297
2   7   3   7   0.0179463008
2   7   3   8   -0.0000002712
2   7   3   9   -0.0003182899
2   7   3   10   -0.0004616076
2   7   4   7   -0.0148721905
2   7   4   8   -0.0000037317
2   7   4   9   0.0000823847
2   7   4   10   0.0007685062
2   7   5   11   0.0005671975
2   7   6   12   0.0005671975
2   8   1   7   -0.0000243151
2   8   1   8   0.0000539212
2   8   1   9   -0.0000134946
2   8   1   10   -0.0000033203
2   8   2   7   0.0000539212
2   8   2   8   1.6285257741
2   8   2   9   -0.0416746389
2   8   2   10   0.0624835037
2   8   3   7   -0.0000134946
2   8   3   8   -0.0416746389
2   8   3   9   0.0016807449
2   8   3   10   -0.0027316053
2   8   4   7   -0.0000033203
2   8   4   8   0.0624835037
2   8   4   9   -0.0027316053
2   8   4   10   0.0041674591
2   8   5   11   0.0000444322
2   8   6   12   0.0000444322
2   9   1   7   0.0011410012
2   9   1   8   -0.0000002712
2   9   1   9   -0.0003327823
2   9   1   10   -0.0003376984
2   9   2   7   0.0001338297
2   9   2   8   -0.0416746389
2   9   2   9   0.3135044167
2   9   2   10   -0.0620403557
2   9   3   7   -0.0003297105
2   9   3   8   0.0019672415
2   9   3   9   0.0122483321
2   9   3   10   -0.0018585646
2   9   4   7   0.0000840073
2   9   4   8   -0.0031130717
2   9   4   9   -0.0120575502
2   9   4   10   0.0041890957
2   9   5   11   0.0030585644
2   9   6   12   0.0030585644
2   10   1   7   -0.0001661626
2   10   1   8   -0.0000037317
2   10   1   9   -0.0003231290
2   10   1   10   -0.0002340737
2   10   2   7   -0.0048355297
2   10   2   8   0.0624835037
2   10   2   9   -0.0620403557
2   10   2   10   0.3339611494
2   10   3   7   -0.0004459529
2   10   3   8   -0.0031130717
2   10   3   9   -0.0017303415
2   10   3   10   0.0110522533
2   10   4   7   0.0007700671
2   10   4   8   0.0053959217
2   10   4   9   0.0042720254
2   10   4   10   -0.0116386202
2   10   5   11   -0.0006827264
2   10   6   12   -0.0006827264
2   11   1   11   -0.0002208485
2   11   2   11   0.3008746180
2   11   3   11   0.0108634617
2   11   4   11   -0.0103368084
2   11   5   7   0.0005783560
2   11   5   8   0.0003430473
2   11   5   9   0.0031892160
2   11   5   10   -0.0008310448
2   12   1   12   -0.0002208485
2   12   2   12   0.3008746180
2   12   3   12   0.0108634617
2   12   4   12   -0.0103368084
2   12   6   7   0.0005783560
2   12   6   8   0.0003430473
2   12   6   9   0.0031892160
2   12   6   10   -0.0008310448
3   7   1   7   -0.5304253080
3   7   1   8   0.0012086517
3   7   1   9   0.0855072957
3   7   1   10   0.0043223295
3   7   2   7   0.0179463008
3   7   2   8   -0.0000134946
3   7   2   9   -0.0003297105
3   7   2   10   -0.0004459529
3   7   3   7   1.2603699341
3   7   3   8   -0.0003327823
3   7   3   9   -0.0234771883
3   7   3   10   -0.0035981137
3   7   4   7   0.0256084666
3   7   4   8   -0.0003231290
3   7   4   9   -0.0019833497
3   7   4   10   0.0349961587
3   7   5   11   0.0349563438
3   7   6   12   0.0349563438
3   8   1   7   0.0011410012
3   8   1   8   0.0001338297
3   8   1   9   -0.0003297105
3   8   1   10   0.0000840073
3   8   2   7   -0.0000002712
3   8   2   8   -0.0416746389
3   8   2   9   0.0019672415
3   8   2   10   -0.0031130717
3   8   3   7   -0.0003327823
3   8   3   8   0.3135044167
3   8   3   9   0.0122483321
3   8   3   10   -0.0120575502
3   8   4   7   -0.0003376984
3   8   4   8   -0.0620403557
3   8   4   9   -0.0018585646
3   8   4   10   0.0041890957
3   8   5   11   0.0030585644
3   8   6   12   0.0030585644
3   9   1   7   0.0809741396
3   9   1   8   -0.0003182899
3   9   1   9   -0.0234771883
3   9   1   10   -0.0020537463
3   9   2   7   -0.0003182899
3   9   2   8   0.0016807449
3   9   2   9   0.0122483321
3   9   2   10   -0.0017303415
3   9   3   7   -0.0234771883
3   9   3   8   0.0122483321
3   9   3   9   0.8691263958
3   9   3   10   0.0014437465
3   9   4   7   -0.0020537463
3   9   4   8   -0.0017303415
3   9   4   9   0.0014437465
3   9   4   10   0.1519070835
3   9   5   11   0.1488390296
3   9   6   12   0.1488390296
3   10   1   7   0.0043968680
3   10   1   8   0.0000823847
3   10   1   9   -0.0019833497
3   10   1   10   -0.0151773761
3   10   2   7   -0.0004616076
3   10   2   8   -0.0027316053
3   10   2   9   -0.0018585646
3   10   2   10   0.0110522533
3   10   3   7   -0.0035981137
3   10   3   8   -0.0120575502
3   10   3   9   0.0014437465
3   10   3   10   0.8083452041
3   10   4   7   0.0356977495
3   10   4   8   0.0042720254
3   10   4   9   0.1566799951
3   10   4   10   0.0162070591
3   10   5   11   0.0035043505
3   10   6   12   0.0035043505
3   11   1   11   -0.0151324911
3   11   2   11   0.0108634617
3   11   3   11   0.8038752511
3   11   4   11   0.0069910268
3   11   5   7   0.0356820023
3   11   5   8   0.0031892160
3   11   5   9   0.1536444049
3   11   5   10   0.0036342297
3   12   1   12   -0.0151324911
3   12   2   12   0.0108634617
3   12   3   12   0.8038752511
3   12   4   12   0.0069910268
3   12   6   7   0.0356820023
3   12   6   8   0.0031892160
3   12   6   9   0.1536444049
3   12   6   10   0.0036342297
4   7   1   7   -0.0325110013
4   7   1   8   -0.0002170977
4   7   1   9   0.0043223295
4   7   1   10   0.0359395168
4   7   2   7   -0.0148721905
4   7   2   8   -0.0000033203
4   7   2   9   0.0000840073
4   7   2   10   0.0007700671
4   7   3   7   0.0256084666
4   7   3   8   -0.0003376984
4   7   3   9   -0.0020537463
4   7   3   10   0.0356977495
4   7   4   7   1.1528178598
4   7   4   8   -0.0002340737
4   7   4   9   -0.0151773761
4   7   4   10   0.0020067329
4   7   5   11   0.0016234255
4   7   6   12   0.0016234255
4   8   1   7   -0.0001661626
4   8   1   8   -0.0048355297
4   8   1   9   -0.0004459529
4   8   1   10   0.0007700671
4   8   2   7   -0.0000037317
4   8   2   8   0.0624835037
4   8   2   9   -0.0031130717
4   8   2   10   0.0053959217
4   8   3   7   -0.0003231290
4   8   3   8   -0.0620403557
4   8   3   9   -0.0017303415
4   8   3   10   0.0042720254
4   8   4   7   -0.0002340737
4   8   4   8   0.3339611494
4   8   4   9   0.0110522533
4   8   4   10   -0.0116386202
4   8   5   11   -0.0006827264
4   8   6   12   -0.0006827264
4   9   1   7   0.0043968680
4   9   1   8   -0.0004616076
4   9   1   9   -0.0035981137
4   9   1   10   0.0356977495
4   9   2   7   0.0000823847
4   9   2   8   -0.0027316053
4   9   2   9   -0.0120575502
4   9   2   10   0.0042720254
4   9   3   7   -0.0019833497
4   9   3   8   -0.0018585646
4   9   3   9   0.0014437465
4   9   3   10   0.1566799951
4   9   4   7   -0.0151773761
4   9   4   8   0.0110522533
4   9   4   9   0.8083452041
4   9   4   10   0.0162070591
4   9   5   11   0.0035043505
4   9   6   12   0.0035043505
4   10   1   7   0.0307779868
4   10   1   8   0.0007685062
4   10   1   9   0.0349961587
4   10   1   10   0.0020067329
4   10   2   7   0.0007685062
4   10   2   8   0.0041674591
4   10   2   9   0.0041890957
4   10   2   10   -0.0116386202
4   10   3   7   0.0349961587
4   10   3   8   0.0041890957
4   10   3   9   0.1519070835
4   10   3   10   0.0162070591
4   10   4   7   0.0020067329
4   10   4   8   -0.0116386202
4   10   4   9   0.0162070591
4   10   4   10   0.8000437913
4   10   5   11   0.0309131613
4   10   6   12   0.0309131613
4   11   1   11   -0.0015308413
4   11   2   11   -0.0103368084
4   11   3   11   0.0069910268
4   11   4   11   0.7281035650
4   11   5   7   0.0017482098
4   11   5   8   -0.0008310448
4   11   5   9   0.0036342297
4   11   5   10   0.0369543146
4   12   1   12   -0.0015308413
4   12   2   12   -0.0103368084
4   12   3   12   0.0069910268
4   12   4   12   0.7281035650
4   12   6   7   0.0017482098
4   12   6   8   -0.0008310448
4   12   6   9   0.0036342297
4   12   6   10   0.0369543146
5   7   1   11   0.0358144419
5   7   2   11   0.0005783560
5   7   3   11   0.0356820023
5   7   4   11   0.0017482098
5   7   5   7   1.1482759638
5   7   5   8   -0.0002208485
5   7   5   9   -0.0151324911
5   7   5   10   -0.0015308413
5   8   1   11   0.0005783560
5   8   2   11   0.0003430473
5   8   3   11   0.0031892160
5   8   4   11   -0.0008310448
5   8   5   7   -0.0002208485
5   8   5   8   0.3008746180
5   8   5   9   0.0108634617
5   8   5   10   -0.0103368084
5   9   1   11   0.0356820023
5   9   2   11   0.0031892160
5   9   3   11   0.1536444049
5   9   4   11   0.0036342297
5   9   5   7   -0.0151324911
5   9   5   8   0.0108634617
5   9   5   9   0.8038752511
5   9   5   10   0.0069910268
5   10   1   11   0.0017482098
5   10   2   11   -0.0008310448
5   10   3   11   0.0036342297
5   10   4   11   0.0369543146
5   10   5   7   -0.0015308413
5   10   5   8   -0.0103368084
5   10   5   9   0.0069910268
5   10   5   10   0.7281035650
5   11   1   7   0.0306107251
5   11   1   8   0.0005671975
5   11   1   9   0.0349563438
5   11   1   10   0.0016234255
5   11   2   7   0.0005671975
5   11   2   8   0.0000444322
5   11   2   9   0.0030585644
5   11   2   10   -0.0006827264
5   11   3   7   0.0349563438
5   11   3   8   0.0030585644
5   11   3   9   0.1488390296
5   11   3   10   0.0035043505
5   11   4   7   0.0016234255
5   11   4   8   -0.0006827264
5   11   4   9   0.0035043505
5   11   4   10   0.0309131613
5   11   5   11   0.7902937949
5   11   6   12   0.0301521706
5   12   5   12   0.7241097495
5   12   6   11   0.0360318748
6   7   1   12   0.0358144419
6   7   2   12   0.0005783560
6   7   3   12   0.0356820023
6   7   4   12   0.0017482098
6   7   6   7   1.1482759638
6   7   6   8   -0.0002208485
6   7   6   9   -0.0151324911
6   7   6   10   -0.0015308413
6   8   1   12   0.0005783560
6   8   2   12   0.0003430473
6   8   3   12   0.0031892160
6   8   4   12   -0.0008310448
6   8   6   7   -0.0002208485
6   8   6   8   0.3008746180
6   8   6   9   0.0108634617
6   8   6   10   -0.0103368084
6   9   1   12   0.0356820023
6   9   2   12   0.0031892160
6   9   3   12   0.1536444049
6   9   4   12   0.0036342297
6   9   6   7   -0.0151324911
6   9   6   8   0.0108634617
6   9   6   9   0.8038752511
6   9   6   10   0.0069910268
6   10   1   12   0.0017482098
6   10   2   12   -0.0008310448
6   10   3   12   0.0036342297
6   10   4   12   0.0369543146
6   10   6   7   -0.0015308413
6   10   6   8   -0.0103368084
6   10   6   9   0.0069910268
6   10   6   10   0.7281035650
6   11   5   12   0.0360318748
6   11   6   11   0.7241097495
6   12   1   7   0.0306107251
6   12   1   8   0.0005671975
6   12   1   9   0.0349563438
6   12   1   10   0.0016234255
6   12   2   7   0.0005671975
6   12   2   8   0.0000444322
6   12   2   9   0.0030585644
6   12   2   10   -0.0006827264
6   12   3   7   0.0349563438
6   12   3   8   0.0030585644
6   12   3   9   0.1488390296
6   12   3   10   0.0035043505
6   12   4   7   0.0016234255
6   12   4   8   -0.0006827264
6   12   4   9   0.0035043505
6   12   4   10   0.0309131613
6   12   5   11   0.0301521706
6   12   6   12   0.7902937949

End IJKL Block
Begin IJAB Block
1   7   1   5   0.0000988325
1   7   1   8   0.0001281035
1   7   2   6   0.0002341001
1   7   3   7   0.0002341001
1   7   4   5   0.0001281035
1   7   4   8   0.0003241147
1   8   1   5   0.0000060281
1   8   1   8   0.0000022208
1   8   2   6   0.0000000331
1   8   3   7   0.0000000331
1   8   4   5   0.0000007195
1   8   4   8   -0.0000001154
1   9   1   5   0.0000511374
1   9   1   8   -0.0000011709
1   9   2   6   0.0002302167
1   9   3   7   0.0002302167
1   9   4   5   -0.0000038946
1   9   4   8   -0.0000265343
1   10   1   5   -0.0000386322
1   10   1   8   -0.0000787939
1   10   2   6   0.0000165024
1   10   3   7   0.0000165024
1   10   4   5   -0.0000246773
1   10   4   8   -0.0000182140
1   11   1   6   0.0000108519
1   11   1   7   -0.0000047704
1   11   2   5   0.0000501192
1   11   2   8   0.0001466293
1   11   3   5   -0.0000220321
1   11   3   8   -0.0000644573
1   11   4   6   0.0000327311
1   11   4   7   -0.0000143884
1   12   1   6   0.0000047704
1   12   1   7   0.0000108519
1   12   2   5   0.0000220321
1   12   2   8   0.0000644573
1   12   3   5   0.0000501192
1   12   3   8   0.0001466293
1   12   4   6   0.0000143884
1   12   4   7   0.0000327311
2   7   1   5   0.0000060281
2   7   1   8   0.0000007195
2   7   2   6   0.0000000331
2   7   3   7   0.0000000331
2   7   4   5   0.0000022208
2   7   4   8   -0.0000001154
2   8   1   5   0.0053652995
2   8   1   8   0.0035378848
2   8   2   6   0.0003157211
2   8   3   7   0.0003157211
2   8   4   5   0.0035378848
2   8   4   8   0.0024703774
2   9   1   5   -0.0001074408
2   9   1   8   -0.0000617973
2   9   2   6   0.0000137299
2   9   3   7   0.0000137299
2   9   4   5   -0.0000879486
2   9   4   8   -0.0000519877
2   10   1   5   0.0002207610
2   10   1   8   0.0003622155
2   10   2   6   -0.0000854612
2   10   3   7   -0.0000854612
2   10   4   5   0.0001652970
2   10   4   8   0.0002144591
2   11   1   6   0.0001782023
2   11   1   7   -0.0000783366
2   11   2   5   0.0001489537
2   11   2   8   0.0001704017
2   11   3   5   -0.0000654791
2   11   3   8   -0.0000749075
2   11   4   6   0.0000749860
2   11   4   7   -0.0000329634
2   12   1   6   0.0000783366
2   12   1   7   0.0001782023
2   12   2   5   0.0000654791
2   12   2   8   0.0000749075
2   12   3   5   0.0001489537
2   12   3   8   0.0001704017
2   12   4   6   0.0000329634
2   12   4   7   0.0000749860
3   7   1   5   0.0000511374
3   7   1   8   -0.0000038946
3   7   2   6   0.0002302167
3   7   3   7   0.0002302167
3   7   4   5   -0.0000011709
3   7   4   8   -0.0000265343
3   8   1   5   -0.0001074408
3   8   1   8   -0.0000879486
3   8   2   6   0.0000137299
3   8   3   7   0.0000137299
3   8   4   5   -0.0000617973
3   8   4   8   -0.0000519877
3   9   1   5   0.0004686291
3   9   1   8   0.0005593265
3   9   2   6   0.0009801673
3   9   3   7   0.0009801673
3   9   4   5   0.0005593265
3   9   4   8   0.0013268018
3   10   1   5   -0.0005495146
3   10   1   8   -0.0004301941
3   10   2   6   0.0000526646
3   10   3   7   0.0000526646
3   10   4   5   -0.0008796444
3   10   4   8   -0.0001203664
3   11   1   6   0.0006383327
3   11   1   7   -0.0002806070
3   11   2   5   0.0002884141
3   11   2   8   0.0007512031
3   11   3   5   -0.0001267850
3   11   3   8   -0.0003302241
3   11   4   6   0.0016213259
3   11   4   7   -0.0007127246
3   12   1   6   0.0002806070
3   12   1   7   0.0006383327
3   12   2   5   0.0001267850
3   12   2   8   0.0003302241
3   12   3   5   0.0002884141
3   12   3   8   0.0007512031
3   12   4   6   0.0007127246
3   12   4   7   0.0016213259
4   7   1   5   -0.0000386322
4   7   1   8   -0.0000246773
4   7   2   6   0.0000165024
4   7   3   7   0.0000165024
4   7   4   5   -0.0000787939
4   7   4   8   -0.0000182140
4   8   1   5   0.0002207610
4   8   1   8   0.0001652970
4   8   2   6   -0.0000854612
4   8   3   7   -0.0000854612
4   8   4   5   0.0003622155
4   8   4   8   0.0002144591
4   9   1   5   -0.0005495146
4   9   1   8   -0.0008796444
4   9   2   6   0.0000526646
4   9   3   7   0.0000526646
4   9   4   5   -0.0004301941
4   9   4   8   -0.0001203664
4   10   1   5   0.0009301285
4   10   1   8   0.0004132157
4   10   2   6   0.0004859018
4   10   3   7   0.0004859018
4   10   4   5   0.0004132157
4   10   4   8   0.0011289732
4   11   1   6   -0.0010371920
4   11   1   7   0.0004559430
4   11   2   5   -0.0003249919
4   11   2   8   -0.0001344550
4   11   3   5   0.0001428644
4   11   3   8   0.0000591056
4   11   4   6   -0.0001810916
4   11   4   7   0.0000796067
4   12   1   6   -0.0004559430
4   12   1   7   -0.0010371920
4   12   2   5   -0.0001428644
4   12   2   8   -0.0000591056
4   12   3   5   -0.0003249919
4   12   3   8   -0.0001344550
4   12   4   6   -0.0000796067
4   12   4   7   -0.0001810916
5   7   1   6   0.0000501192
5   7   1   7   -0.0000220321
5   7   2   5   0.0000108519
5   7   2   8   0.0000327311
5   7   3   5   -0.0000047704
5   7   3   8   -0.0000143884
5   7   4   6   0.0001466293
5   7   4   7   -0.0000644573
5   8   1   6   0.0001489537
5   8   1   7   -0.0000654791
5   8   2   5   0.0001782023
5   8   2   8   0.0000749860
5   8   3   5   -0.0000783366
5   8   3   8   -0.0000329634
5   8   4   6   0.0001704017
5   8   4   7   -0.0000749075
5   9   1   6   0.0002884141
5   9   1   7   -0.0001267850
5   9   2   5   0.0006383327
5   9   2   8   0.0016213259
5   9   3   5   -0.0002806070
5   9   3   8   -0.0007127246
5   9   4   6   0.0007512031
5   9   4   7   -0.0003302241
5   10   1   6   -0.0003249919
5   10   1   7   0.0001428644
5   10   2   5   -0.0010371920
5   10   2   8   -0.0001810916
5   10   3   5   0.0004559430
5   10   3   8   0.0000796067
5   10   4   6   -0.0001344550
5   10   4   7   0.0000591056
5   11   1   5   0.0004700545
5   11   1   8   0.0005703684
5   11   2   6   0.0028060595
5   11   2   7   -0.0010347576
5   11   3   6   -0.0010347576
5   11   3   7   0.0009070367
5   11   4   5   0.0005703684
5   11   4   8   0.0011475871
5   12   2   6   0.0010347576
5   12   2   7   0.0018370524
5   12   3   6   0.0000619704
5   12   3   7   -0.0010347576
6   7   1   6   0.0000220321
6   7   1   7   0.0000501192
6   7   2   5   0.0000047704
6   7   2   8   0.0000143884
6   7   3   5   0.0000108519
6   7   3   8   0.0000327311
6   7   4   6   0.0000644573
6   7   4   7   0.0001466293
6   8   1   6   0.0000654791
6   8   1   7   0.0001489537
6   8   2   5   0.0000783366
6   8   2   8   0.0000329634
6   8   3   5   0.0001782023
6   8   3   8   0.0000749860
6   8   4   6   0.0000749075
6   8   4   7   0.0001704017
6   9   1   6   0.0001267850
6   9   1   7   0.0002884141
6   9   2   5   0.0002806070
6   9   2   8   0.0007127246
6   9   3   5   0.0006383327
6   9   3   8   0.0016213259
6   9   4   6   0.0003302241
6   9   4   7   0.0007512031
6   10   1   6   -0.0001428644
6   10   1   7   -0.0003249919
6   10   2   5   -0.0004559430
6   10   2   8   -0.0000796067
6   10   3   5   -0.0010371920
6   10   3   8   -0.0001810916
6   10   4   6   -0.0000591056
6   10   4   7   -0.0001344550
6   11   2   6   0.0010347576
6   11   2   7   0.0000619704
6   11   3   6   0.0018370524
6   11   3   7   -0.0010347576
6   12   1   5   0.0004700545
6   12   1   8   0.0005703684
6   12   2   6   0.0009070367
6   12   2   7   0.0010347576
6   12   3   6   0.0010347576
6   12   3   7   0.0028060595
6   12   4   5   0.0005703684
6   12   4   8   0.0011475871

End IJAB Block
Begin ABCD Block
1   5   1   5   0.2058282612
1   5   1   8   0.0123460535
1   5   2   6   0.0211417959
1   5   3   7   0.0211417959
1   5   4   5   0.0123460535
1   5   4   8   0.0125395185
1   6   1   6   0.1366598423
1   6   2   5   0.0211420229
1   6   2   8   0.0046859402
1   6   4   6   0.0098326017
1   7   1   7   0.1366598423
1   7   3   5   0.0211420229
1   7   3   8   0.0046859402
1   7   4   7   0.0098326017
1   8   1   5   0.0123460535
1   8   1   8   0.1258838171
1   8   2   6   0.0046857543
1   8   3   7   0.0046857543
1   8   4   5   0.0125396750
1   8   4   8   0.0073459973
2   5   1   6   0.0211420229
2   5   2   5   0.1366598423
2   5   2   8   0.0098326017
2   5   4   6   0.0046859402
2   6   1   5   0.0211417959
2   6   1   8   0.0046857543
2   6   2   6   0.1281871515
2   6   3   7   0.0078339802
2   6   4   5   0.0046857543
2   6   4   8   0.0088391485
2   7   2   7   0.1125192421
2   7   3   6   0.0078339293
2   8   1   6   0.0046859402
2   8   2   5   0.0098326017
2   8   2   8   0.1098397799
2   8   4   6   0.0088394976
3   5   1   7   0.0211420229
3   5   3   5   0.1366598423
3   5   3   8   0.0098326017
3   5   4   7   0.0046859402
3   6   2   7   0.0078339293
3   6   3   6   0.1125192421
3   7   1   5   0.0211417959
3   7   1   8   0.0046857543
3   7   2   6   0.0078339802
3   7   3   7   0.1281871515
3   7   4   5   0.0046857543
3   7   4   8   0.0088391485
3   8   1   7   0.0046859402
3   8   3   5   0.0098326017
3   8   3   8   0.1098397799
3   8   4   7   0.0088394976
4   5   1   5   0.0123460535
4   5   1   8   0.0125396750
4   5   2   6   0.0046857543
4   5   3   7   0.0046857543
4   5   4   5   0.1258838171
4   5   4   8   0.0073459973
4   6   1   6   0.0098326017
4   6   2   5   0.0046859402
4   6   2   8   0.0088394976
4   6   4   6   0.1098397799
4   7   1   7   0.0098326017
4   7   3   5   0.0046859402
4   7   3   8   0.0088394976
4   7   4   7   0.1098397799
4   8   1   5   0.0125395185
4   8   1   8   0.0073459973
4   8   2   6   0.0088391485
4   8   3   7   0.0088391485
4   8   4   5   0.0073459973
4   8   4   8   0.1192889182

End ABCD Block
Begin AIJB Block
1   7   1   5   0.0000956494
1   7   1   8   0.0001209426
1   7   2   5   0.0000053945
1   7   2   8   0.0000001791
1   7   3   5   0.0000412237
1   7   3   8   -0.0000149858
1   7   4   5   -0.0000208187
1   7   4   8   0.0000045974
1   7   5   6   0.0000365213
1   7   5   7   -0.0000160545
1   7   6   6   0.0000160545
1   7   6   7   0.0000365213
1   8   1   5   0.0000053945
1   8   1   8   0.0000020006
1   8   2   5   0.0040903409
1   8   2   8   0.0026550873
1   8   3   5   -0.0000629968
1   8   3   8   -0.0000554883
1   8   4   5   0.0001218772
1   8   4   8   0.0000910820
1   8   5   6   0.0001164384
1   8   5   7   -0.0000511856
1   8   6   6   0.0000511856
1   8   6   7   0.0001164384
1   9   1   5   0.0000412237
1   9   1   8   -0.0000127696
1   9   2   5   -0.0000629968
1   9   2   8   -0.0000373126
1   9   3   5   0.0003519756
1   9   3   8   0.0004038191
1   9   4   5   -0.0003510055
1   9   4   8   -0.0006027085
1   9   5   6   0.0001169037
1   9   5   7   -0.0000513901
1   9   6   6   0.0000513901
1   9   6   7   0.0001169037
1   10   1   5   -0.0000208187
1   10   1   8   -0.0000584369
1   10   2   5   0.0001218772
1   10   2   8   0.0002471412
1   10   3   5   -0.0003510055
1   10   3   8   -0.0001993594
1   10   4   5   0.0006878095
1   10   4   8   0.0003491790
1   10   5   6   -0.0001995863
1   10   5   7   0.0000877369
1   10   6   6   -0.0000877369
1   10   6   7   -0.0001995863
1   11   1   6   -0.0000098959
1   11   1   7   0.0000043502
1   11   2   6   0.0001454135
1   11   2   7   -0.0000639229
1   11   3   6   0.0004338298
1   11   3   7   -0.0001907088
1   11   4   6   -0.0008230421
1   11   4   7   0.0003618041
1   11   5   5   0.0004142773
1   11   5   8   0.0005347067
1   12   1   6   -0.0000043502
1   12   1   7   -0.0000098959
1   12   2   6   0.0000639229
1   12   2   7   0.0001454135
1   12   3   6   0.0001907088
1   12   3   7   0.0004338298
1   12   4   6   -0.0003618041
1   12   4   7   -0.0008230421
1   12   6   5   0.0004142773
1   12   6   8   0.0005347067
2   7   1   6   0.0002280769
2   7   2   6   0.0000000492
2   7   3   6   0.0002070581
2   7   4   6   0.0000186444
2   7   5   5   -0.0000098959
2   7   5   8   -0.0000182370
2   7   6   5   -0.0000043502
2   7   6   8   -0.0000080169
2   8   1   6   0.0000000492
2   8   2   6   0.0002775065
2   8   3   6   0.0000067475
2   8   4   6   -0.0000633485
2   8   5   5   0.0001454135
2   8   5   8   0.0000631871
2   8   6   5   0.0000639229
2   8   6   8   0.0000277767
2   9   1   6   0.0002070581
2   9   2   6   0.0000067475
2   9   3   6   0.0007608858
2   9   4   6   0.0000582611
2   9   5   5   0.0004338298
2   9   5   8   0.0011285612
2   9   6   5   0.0001907088
2   9   6   8   0.0004961083
2   10   1   6   0.0000186444
2   10   2   6   -0.0000633485
2   10   3   6   0.0000582611
2   10   4   6   0.0002974544
2   10   5   5   -0.0008230421
2   10   5   8   -0.0001717578
2   10   6   5   -0.0003618041
2   10   6   8   -0.0000755036
2   11   1   5   0.0000365213
2   11   1   8   0.0001127454
2   11   2   5   0.0001164384
2   11   2   8   0.0001304480
2   11   3   5   0.0001169037
2   11   3   8   0.0003539488
2   11   4   5   -0.0001995863
2   11   4   8   -0.0001170188
2   11   5   6   0.0020020753
2   11   5   7   -0.0007658404
2   11   6   6   0.0007658404
2   11   6   7   -0.0000780340
2   12   1   5   0.0000160545
2   12   1   8   0.0000495622
2   12   2   5   0.0000511856
2   12   2   8   0.0000573441
2   12   3   5   0.0000513901
2   12   3   8   0.0001555936
2   12   4   5   -0.0000877369
2   12   4   8   -0.0000514407
2   12   5   6   0.0007658404
2   12   5   7   0.0014835308
2   12   6   6   0.0005965786
2   12   6   7   0.0007658404
3   7   1   7   0.0002280769
3   7   2   7   0.0000000492
3   7   3   7   0.0002070581
3   7   4   7   0.0000186444
3   7   5   5   0.0000043502
3   7   5   8   0.0000080169
3   7   6   5   -0.0000098959
3   7   6   8   -0.0000182370
3   8   1   7   0.0000000492
3   8   2   7   0.0002775065
3   8   3   7   0.0000067475
3   8   4   7   -0.0000633485
3   8   5   5   -0.0000639229
3   8   5   8   -0.0000277767
3   8   6   5   0.0001454135
3   8   6   8   0.0000631871
3   9   1   7   0.0002070581
3   9   2   7   0.0000067475
3   9   3   7   0.0007608858
3   9   4   7   0.0000582611
3   9   5   5   -0.0001907088
3   9   5   8   -0.0004961083
3   9   6   5   0.0004338298
3   9   6   8   0.0011285612
3   10   1   7   0.0000186444
3   10   2   7   -0.0000633485
3   10   3   7   0.0000582611
3   10   4   7   0.0002974544
3   10   5   5   0.0003618041
3   10   5   8   0.0000755036
3   10   6   5   -0.0008230421
3   10   6   8   -0.0001717578
3   11   1   5   -0.0000160545
3   11   1   8   -0.0000495622
3   11   2   5   -0.0000511856
3   11   2   8   -0.0000573441
3   11   3   5   -0.0000513901
3   11   3   8   -0.0001555936
3   11   4   5   0.0000877369
3   11   4   8   0.0000514407
3   11   5   6   -0.0007658404
3   11   5   7   0.0005965786
3   11   6   6   0.0014835308
3   11   6   7   -0.0007658404
3   12   1   5   0.0000365213
3   12   1   8   0.0001127454
3   12   2   5   0.0001164384
3   12   2   8   0.0001304480
3   12   3   5   0.0001169037
3   12   3   8   0.0003539488
3   12   4   5   -0.0001995863
3   12   4   8   -0.0001170188
3   12   5   6   -0.0000780340
3   12   5   7   -0.0007658404
3   12   6   6   0.0007658404
3   12   6   7   0.0020020753
4   7   1   5   0.0001209426
4   7   1   8   0.0003042562
4   7   2   5   0.0000020006
4   7   2   8   -0.0000006102
4   7   3   5   -0.0000127696
4   7   3   8   -0.0000526243
4   7   4   5   -0.0000584369
4   7   4   8   -0.0000102808
4   7   5   6   0.0001127454
4   7   5   7   -0.0000495622
4   7   6   6   0.0000495622
4   7   6   7   0.0001127454
4   8   1   5   0.0000001791
4   8   1   8   -0.0000006102
4   8   2   5   0.0026550873
4   8   2   8   0.0018295795
4   8   3   5   -0.0000373126
4   8   3   8   -0.0000339435
4   8   4   5   0.0002471412
4   8   4   8   0.0001374710
4   8   5   6   0.0001304480
4   8   5   7   -0.0000573441
4   8   6   6   0.0000573441
4   8   6   7   0.0001304480
4   9   1   5   -0.0000149858
4   9   1   8   -0.0000526243
4   9   2   5   -0.0000554883
4   9   2   8   -0.0000339435
4   9   3   5   0.0004038191
4   9   3   8   0.0009319114
4   9   4   5   -0.0001993594
4   9   4   8   -0.0000506828
4   9   5   6   0.0003539488
4   9   5   7   -0.0001555936
4   9   6   6   0.0001555936
4   9   6   7   0.0003539488
4   10   1   5   0.0000045974
4   10   1   8   -0.0000102808
4   10   2   5   0.0000910820
4   10   2   8   0.0001374710
4   10   3   5   -0.0006027085
4   10   3   8   -0.0000506828
4   10   4   5   0.0003491790
4   10   4   8   0.0008751243
4   10   5   6   -0.0001170188
4   10   5   7   0.0000514407
4   10   6   6   -0.0000514407
4   10   6   7   -0.0001170188
4   11   1   6   -0.0000182370
4   11   1   7   0.0000080169
4   11   2   6   0.0000631871
4   11   2   7   -0.0000277767
4   11   3   6   0.0011285612
4   11   3   7   -0.0004961083
4   11   4   6   -0.0001717578
4   11   4   7   0.0000755036
4   11   5   5   0.0005347067
4   11   5   8   0.0009122958
4   12   1   6   -0.0000080169
4   12   1   7   -0.0000182370
4   12   2   6   0.0000277767
4   12   2   7   0.0000631871
4   12   3   6   0.0004961083
4   12   3   7   0.0011285612
4   12   4   6   -0.0000755036
4   12   4   7   -0.0001717578
4   12   6   5   0.0005347067
4   12   6   8   0.0009122958

1   7   7   1   -0.1459118320
1   7   7   4   -0.0291471494
1   7   8   1   -0.0000105127
1   7   8   4   -0.0000029818
1   7   9   1   0.0000041375
1   7   9   4   0.0000225682
1   7   10   1   0.0009821424
1   7   10   4   0.0003480501
1   7   11   2   -0.0003716343
1   7   11   3   0.0001633681
1   7   12   2   -0.0001633681
1   7   12   3   -0.0003716343
1   8   7   1   -0.0000105127
1   8   7   4   -0.0000030259
1   8   8   1   -0.2318169881
1   8   8   4   -0.0494186936
1   8   9   1   0.0022725697
1   8   9   4   0.0005084664
1   8   10   1   -0.0029914319
1   8   10   4   -0.0006295961
1   8   11   2   -0.0005140158
1   8   11   3   0.0002259581
1   8   12   2   -0.0002259581
1   8   12   3   -0.0005140158
1   9   7   1   0.0000041375
1   9   7   4   0.0000228861
1   9   8   1   0.0022725697
1   9   8   4   0.0005083050
1   9   9   1   -0.1462265381
1   9   9   4   -0.0288788815
1   9   10   1   0.0116848210
1   9   10   4   0.0035747734
1   9   11   2   -0.0041317593
1   9   11   3   0.0018162951
1   9   12   2   -0.0018162951
1   9   12   3   -0.0041317593
1   10   7   1   0.0009821424
1   10   7   4   0.0003468334
1   10   8   1   -0.0029914319
1   10   8   4   -0.0006282423
1   10   9   1   0.0116848210
1   10   9   4   0.0035774639
1   10   10   1   -0.1477492767
1   10   10   4   -0.0290008452
1   10   11   2   0.0010948643
1   10   11   3   -0.0004812954
1   10   12   2   0.0004812954
1   10   12   3   0.0010948643
1   11   7   2   -0.0003726365
1   11   7   3   0.0001638086
1   11   8   2   -0.0005168193
1   11   8   3   0.0002271905
1   11   9   2   -0.0041295539
1   11   9   3   0.0018153257
1   11   10   2   0.0010873124
1   11   10   3   -0.0004779756
1   11   11   1   -0.1457966951
1   11   11   4   -0.0287315067
1   12   7   2   -0.0001638086
1   12   7   3   -0.0003726365
1   12   8   2   -0.0002271905
1   12   8   3   -0.0005168193
1   12   9   2   -0.0018153257
1   12   9   3   -0.0041295539
1   12   10   2   0.0004779756
1   12   10   3   0.0010873124
1   12   12   1   -0.1457966951
1   12   12   4   -0.0287315067
2   7   7   2   -0.1334065967
2   7   8   2   -0.0000020864
2   7   9   2   0.0000802728
2   7   10   2   0.0003614128
2   7   11   1   -0.0003726365
2   7   11   4   -0.0004957861
2   7   12   1   -0.0001638086
2   7   12   4   -0.0002179444
2   8   7   2   -0.0000020864
2   8   8   2   -0.1493567538
2   8   9   2   0.0003812424
2   8   10   2   -0.0004009043
2   8   11   1   -0.0005168193
2   8   11   4   -0.0003505316
2   8   12   1   -0.0002271905
2   8   12   4   -0.0001540915
2   9   7   2   0.0000802728
2   9   8   2   0.0003812424
2   9   9   2   -0.1315861950
2   9   10   2   0.0043285695
2   9   11   1   -0.0041295539
2   9   11   4   -0.0047639647
2   9   12   1   -0.0018153257
2   9   12   4   -0.0020942086
2   10   7   2   0.0003614128
2   10   8   2   -0.0004009043
2   10   9   2   0.0043285695
2   10   10   2   -0.1311780117
2   10   11   1   0.0010873124
2   10   11   4   0.0003683945
2   10   12   1   0.0004779756
2   10   12   4   0.0001619439
2   11   7   1   -0.0003716343
2   11   7   4   -0.0004932080
2   11   8   1   -0.0005140158
2   11   8   4   -0.0003469127
2   11   9   1   -0.0041317593
2   11   9   4   -0.0047692279
2   11   10   1   0.0010948643
2   11   10   4   0.0003684270
2   11   11   2   -0.1321202506
2   11   11   3   0.0006240658
2   11   12   2   -0.0006240658
2   11   12   3   -0.0005820280
2   12   7   1   -0.0001633681
2   12   7   4   -0.0002168111
2   12   8   1   -0.0002259581
2   12   8   4   -0.0001525006
2   12   9   1   -0.0018162951
2   12   9   4   -0.0020965223
2   12   10   1   0.0004812954
2   12   10   4   0.0001619582
2   12   11   2   -0.0006240658
2   12   11   3   -0.0005632791
2   12   12   2   -0.1309749434
2   12   12   3   -0.0006240658
3   7   7   3   -0.1334065967
3   7   8   3   -0.0000020864
3   7   9   3   0.0000802728
3   7   10   3   0.0003614128
3   7   11   1   0.0001638086
3   7   11   4   0.0002179444
3   7   12   1   -0.0003726365
3   7   12   4   -0.0004957861
3   8   7   3   -0.0000020864
3   8   8   3   -0.1493567538
3   8   9   3   0.0003812424
3   8   10   3   -0.0004009043
3   8   11   1   0.0002271905
3   8   11   4   0.0001540915
3   8   12   1   -0.0005168193
3   8   12   4   -0.0003505316
3   9   7   3   0.0000802728
3   9   8   3   0.0003812424
3   9   9   3   -0.1315861950
3   9   10   3   0.0043285695
3   9   11   1   0.0018153257
3   9   11   4   0.0020942086
3   9   12   1   -0.0041295539
3   9   12   4   -0.0047639647
3   10   7   3   0.0003614128
3   10   8   3   -0.0004009043
3   10   9   3   0.0043285695
3   10   10   3   -0.1311780117
3   10   11   1   -0.0004779756
3   10   11   4   -0.0001619439
3   10   12   1   0.0010873124
3   10   12   4   0.0003683945
3   11   7   1   0.0001633681
3   11   7   4   0.0002168111
3   11   8   1   0.0002259581
3   11   8   4   0.0001525006
3   11   9   1   0.0018162951
3   11   9   4   0.0020965223
3   11   10   1   -0.0004812954
3   11   10   4   -0.0001619582
3   11   11   2   0.0006240658
3   11   11   3   -0.1309749434
3   11   12   2   -0.0005632791
3   11   12   3   0.0006240658
3   12   7   1   -0.0003716343
3   12   7   4   -0.0004932080
3   12   8   1   -0.0005140158
3   12   8   4   -0.0003469127
3   12   9   1   -0.0041317593
3   12   9   4   -0.0047692279
3   12   10   1   0.0010948643
3   12   10   4   0.0003684270
3   12   11   2   -0.0005820280
3   12   11   3   0.0006240658
3   12   12   2   -0.0006240658
3   12   12   3   -0.1321202506
4   7   7   1   -0.0291471494
4   7   7   4   -0.1506151683
4   7   8   1   -0.0000030259
4   7   8   4   0.0000009472
4   7   9   1   0.0000228861
4   7   9   4   0.0000788771
4   7   10   1   0.0003468334
4   7   10   4   0.0000217422
4   7   11   2   -0.0004932080
4   7   11   3   0.0002168111
4   7   12   2   -0.0002168111
4   7   12   3   -0.0004932080
4   8   7   1   -0.0000029818
4   8   7   4   0.0000009472
4   8   8   1   -0.0494186936
4   8   8   4   -0.1524751915
4   8   9   1   0.0005083050
4   8   9   4   0.0001056334
4   8   10   1   -0.0006282423
4   8   10   4   -0.0001567891
4   8   11   2   -0.0003469127
4   8   11   3   0.0001525006
4   8   12   2   -0.0001525006
4   8   12   3   -0.0003469127
4   9   7   1   0.0000225682
4   9   7   4   0.0000788771
4   9   8   1   0.0005084664
4   9   8   4   0.0001056334
4   9   9   1   -0.0288788815
4   9   9   4   -0.1492699367
4   9   10   1   0.0035774639
4   9   10   4   0.0000446079
4   9   11   2   -0.0047692279
4   9   11   3   0.0020965223
4   9   12   2   -0.0020965223
4   9   12   3   -0.0047692279
4   10   7   1   0.0003480501
4   10   7   4   0.0000217422
4   10   8   1   -0.0006295961
4   10   8   4   -0.0001567891
4   10   9   1   0.0035747734
4   10   9   4   0.0000446079
4   10   10   1   -0.0290008452
4   10   10   4   -0.1494574500
4   10   11   2   0.0003684270
4   10   11   3   -0.0001619582
4   10   12   2   0.0001619582
4   10   12   3   0.0003684270
4   11   7   2   -0.0004957861
4   11   7   3   0.0002179444
4   11   8   2   -0.0003505316
4   11   8   3   0.0001540915
4   11   9   2   -0.0047639647
4   11   9   3   0.0020942086
4   11   10   2   0.0003683945
4   11   10   3   -0.0001619439
4   11   11   1   -0.0287315067
4   11   11   4   -0.1487125245
4   12   7   2   -0.0002179444
4   12   7   3   -0.0004957861
4   12   8   2   -0.0001540915
4   12   8   3   -0.0003505316
4   12   9   2   -0.0020942086
4   12   9   3   -0.0047639647
4   12   10   2   0.0001619439
4   12   10   3   0.0003683945
4   12   12   1   -0.0287315067
4   12   12   4   -0.1487125245

End AIJB Block
Begin IJKA Block
1   7   1   5   0.0117052264
1   7   1   8   0.0309351175
1   7   2   5   -0.0000394396
1   7   2   8   -0.0000745670
1   7   3   5   -0.0019940992
1   7   3   8   -0.0051504276
1   7   4   5   0.0012051732
1   7   4   8   -0.0001725976
1   7   5   6   -0.0025615230
1   7   5   7   0.0011260292
1   7   6   6   -0.0011260292
1   7   6   7   -0.0025615230
1   8   1   5   -0.0047299080
1   8   1   8   -0.0020550047
1   8   2   5   -0.0000015355
1   8   2   8   -0.0000005368
1   8   3   5   0.0000041886
1   8   3   8   0.0000130988
1   8   4   5   0.0001602067
1   8   4   8   0.0000667869
1   8   5   6   0.0000050400
1   8   5   7   -0.0000022155
1   8   6   6   0.0000022155
1   8   6   7   0.0000050400
1   9   1   5   -0.0139745446
1   9   1   8   -0.0353519340
1   9   2   5   -0.0000063754
1   9   2   8   0.0000128237
1   9   3   5   0.0002722468
1   9   3   8   0.0008092455
1   9   4   5   0.0013162203
1   9   4   8   0.0002481261
1   9   5   6   -0.0024165371
1   9   5   7   0.0010622944
1   9   6   6   -0.0010622944
1   9   6   7   -0.0024165371
1   10   1   5   0.0190768796
1   10   1   8   -0.0014436069
1   10   2   5   0.0000029062
1   10   2   8   0.0000126030
1   10   3   5   0.0000703612
1   10   3   8   0.0001355802
1   10   4   5   -0.0005989108
1   10   4   8   -0.0014867110
1   10   5   6   -0.0002036469
1   10   5   7   0.0000895219
1   10   6   6   -0.0000895219
1   10   6   7   -0.0002036469
1   11   1   6   -0.0397288233
1   11   1   7   0.0174645385
1   11   2   6   0.0000075618
1   11   2   7   -0.0000033241
1   11   3   6   0.0000076231
1   11   3   7   -0.0000033511
1   11   4   6   -0.0000964898
1   11   4   7   0.0000424163
1   11   5   5   -0.0005008478
1   11   5   8   -0.0015574839
1   12   1   6   -0.0174645385
1   12   1   7   -0.0397288233
1   12   2   6   0.0000033241
1   12   2   7   0.0000075618
1   12   3   6   0.0000033511
1   12   3   7   0.0000076231
1   12   4   6   -0.0000424163
1   12   4   7   -0.0000964898
1   12   6   5   -0.0005008478
1   12   6   8   -0.0015574839
2   7   1   5   -0.0000363138
2   7   1   8   -0.0000786649
2   7   2   5   -0.0001701387
2   7   2   8   -0.0000219356
2   7   3   5   -0.0000106910
2   7   3   8   0.0000105392
2   7   4   5   0.0000276009
2   7   4   8   -0.0000013452
2   7   5   6   -0.0000407580
2   7   5   7   0.0000179169
2   7   6   6   -0.0000179169
2   7   6   7   -0.0000407580
2   8   1   5   -0.0000031909
2   8   1   8   -0.0000019202
2   8   2   5   -0.0627889103
2   8   2   8   -0.0443584355
2   8   3   5   0.0019521221
2   8   3   8   0.0015562596
2   8   4   5   -0.0030278257
2   8   4   8   -0.0025565566
2   8   5   6   0.0002204596
2   8   5   7   -0.0000969126
2   8   6   6   0.0000969126
2   8   6   7   0.0002204596
2   9   1   5   -0.0000080149
2   9   1   8   0.0000002653
2   9   2   5   0.0002008536
2   9   2   8   0.0005875998
2   9   3   5   -0.0002938454
2   9   3   8   -0.0004416907
2   9   4   5   0.0003829601
2   9   4   8   0.0003853699
2   9   5   6   -0.0001461005
2   9   5   7   0.0000642248
2   9   6   6   -0.0000642248
2   9   6   7   -0.0001461005
2   10   1   5   0.0000086076
2   10   1   8   0.0000123087
2   10   2   5   -0.0028567944
2   10   2   8   -0.0114459979
2   10   3   5   0.0004466639
2   10   3   8   0.0002666974
2   10   4   5   -0.0005407730
2   10   4   8   -0.0002879807
2   10   5   6   -0.0000515374
2   10   5   7   0.0000226555
2   10   6   6   -0.0000226555
2   10   6   7   -0.0000515374
2   11   1   6   -0.0000059811
2   11   1   7   0.0000026293
2   11   2   6   -0.0006666987
2   11   2   7   0.0002930765
2   11   3   6   -0.0005532049
2   11   3   7   0.0002431854
2   11   4   6   0.0004871398
2   11   4   7   -0.0002141435
2   11   5   5   0.0000797014
2   11   5   8   0.0000769872
2   12   1   6   -0.0000026293
2   12   1   7   -0.0000059811
2   12   2   6   -0.0002930765
2   12   2   7   -0.0006666987
2   12   3   6   -0.0002431854
2   12   3   7   -0.0005532049
2   12   4   6   0.0002141435
2   12   4   7   0.0004871398
2   12   6   5   0.0000797014
2   12   6   8   0.0000769872
3   7   1   5   -0.0021711153
3   7   1   8   -0.0055807876
3   7   2   5   -0.0000110027
3   7   2   8   0.0000143104
3   7   3   5   0.0003208726
3   7   3   8   0.0010986687
3   7   4   5   0.0014560578
3   7   4   8   0.0002172147
3   7   5   6   -0.0027411130
3   7   5   7   0.0012049759
3   7   6   6   -0.0012049759
3   7   6   7   -0.0027411130
3   8   1   5   0.0000040054
3   8   1   8   0.0000087029
3   8   2   5   0.0019453290
3   8   2   8   0.0015535734
3   8   3   5   -0.0047561123
3   8   3   8   -0.0019048207
3   8   4   5   0.0017488448
3   8   4   8   0.0007161130
3   8   5   6   0.0002742682
3   8   5   7   -0.0001205666
3   8   6   6   0.0001205666
3   8   6   7   0.0002742682
3   9   1   5   0.0001067291
3   9   1   8   0.0004249264
3   9   2   5   -0.0002634387
3   9   2   8   -0.0003814253
3   9   3   5   -0.0087034593
3   9   3   8   -0.0206711641
3   9   4   5   0.0052375925
3   9   4   8   0.0002798896
3   9   5   6   -0.0099106370
3   9   5   7   0.0043566531
3   9   6   6   -0.0043566531
3   9   6   7   -0.0099106370
3   10   1   5   0.0002323222
3   10   1   8   0.0001393265
3   10   2   5   0.0003783128
3   10   2   8   0.0002138697
3   10   3   5   0.0140809444
3   10   3   8   -0.0006512822
3   10   4   5   -0.0017699759
3   10   4   8   -0.0034390173
3   10   5   6   -0.0010381180
3   10   5   7   0.0004563501
3   10   6   6   -0.0004563501
3   10   6   7   -0.0010381180
3   11   1   6   -0.0003075469
3   11   1   7   0.0001351956
3   11   2   6   -0.0004483677
3   11   2   7   0.0001970996
3   11   3   6   -0.0285192057
3   11   3   7   0.0125368618
3   11   4   6   -0.0013936020
3   11   4   7   0.0006126186
3   11   5   5   -0.0008187791
3   11   5   8   -0.0038923971
3   12   1   6   -0.0001351956
3   12   1   7   -0.0003075469
3   12   2   6   -0.0001970996
3   12   2   7   -0.0004483677
3   12   3   6   -0.0125368618
3   12   3   7   -0.0285192057
3   12   4   6   -0.0006126186
3   12   4   7   -0.0013936020
3   12   6   5   -0.0008187791
3   12   6   8   -0.0038923971
4   7   1   5   0.0014557968
4   7   1   8   -0.0001324901
4   7   2   5   0.0000269021
4   7   2   8   -0.0000020886
4   7   3   5   0.0015211390
4   7   3   8   0.0002446366
4   7   4   5   0.0003540878
4   7   4   8   0.0006604574
4   7   5   6   -0.0001305328
4   7   5   7   0.0000573814
4   7   6   6   -0.0000573814
4   7   6   7   -0.0001305328
4   8   1   5   0.0001449766
4   8   1   8   0.0000605281
4   8   2   5   -0.0030854988
4   8   2   8   -0.0025638640
4   8   3   5   0.0016709987
4   8   3   8   0.0006893156
4   8   4   5   -0.0055224978
4   8   4   8   -0.0022977154
4   8   5   6   -0.0002098128
4   8   5   7   0.0000922324
4   8   6   6   -0.0000922324
4   8   6   7   -0.0002098128
4   9   1   5   0.0013870793
4   9   1   8   0.0002596879
4   9   2   5   0.0003300776
4   9   2   8   0.0003076913
4   9   3   5   0.0052928429
4   9   3   8   0.0004329038
4   9   4   5   -0.0073435333
4   9   4   8   -0.0182116974
4   9   5   6   -0.0005072170
4   9   5   7   0.0002229694
4   9   6   6   -0.0002229694
4   9   6   7   -0.0005072170
4   10   1   5   -0.0005440595
4   10   1   8   -0.0014096493
4   10   2   5   -0.0004346538
4   10   2   8   -0.0002256560
4   10   3   5   -0.0018165487
4   10   3   8   -0.0034588841
4   10   4   5   0.0150741662
4   10   4   8   -0.0009137635
4   10   5   6   -0.0026961138
4   10   5   7   0.0011851945
4   10   6   6   -0.0011851945
4   10   6   7   -0.0026961138
4   11   1   6   -0.0000949227
4   11   1   7   0.0000417274
4   11   2   6   0.0003460657
4   11   2   7   -0.0001521283
4   11   3   6   -0.0011199514
4   11   3   7   0.0004923235
4   11   4   6   -0.0246562254
4   11   4   7   0.0108387201
4   11   5   5   0.0013617239
4   11   5   8   -0.0001848328
4   12   1   6   -0.0000417274
4   12   1   7   -0.0000949227
4   12   2   6   0.0001521283
4   12   2   7   0.0003460657
4   12   3   6   -0.0004923235
4   12   3   7   -0.0011199514
4   12   4   6   -0.0108387201
4   12   4   7   -0.0246562254
4   12   6   5   0.0013617239
4   12   6   8   -0.0001848328
5   7   1   6   -0.0030144671
5   7   1   7   0.0013251406
5   7   2   6   -0.0000424691
5   7   2   7   0.0000186691
5   7   3   6   -0.0028395012
5   7   3   7   0.0012482267
5   7   4   6   -0.0001514150
5   7   4   7   0.0000665611
5   7   5   5   0.0002216807
5   7   5   8   0.0006318445
5   8   1   6   -0.0000031265
5   8   1   7   0.0000013744
5   8   2   6   0.0002245094
5   8   2   7   -0.0000986929
5   8   3   6   0.0002523485
5   8   3   7   -0.0001109308
5   8   4   6   -0.0002159264
5   8   4   7   0.0000949199
5   8   5   5   -0.0041693716
5   8   5   8   -0.0016302658
5   9   1   6   -0.0025363701
5   9   1   7   0.0011149722
5   9   2   6   -0.0001064020
5   9   2   7   0.0000467736
5   9   3   6   -0.0098997544
5   9   3   7   0.0043518692
5   9   4   6   -0.0004841381
5   9   4   7   0.0002128240
5   9   5   5   -0.0072808674
5   9   5   8   -0.0183866758
5   10   1   6   -0.0002037465
5   10   1   7   0.0000895657
5   10   2   6   -0.0000676063
5   10   2   7   0.0000297193
5   10   3   6   -0.0009057661
5   10   3   7   0.0003981690
5   10   4   6   -0.0028011200
5   10   4   7   0.0012313546
5   10   5   5   0.0119234504
5   10   5   8   -0.0010396549
5   11   1   5   -0.0004670762
5   11   1   8   -0.0014663332
5   11   2   5   0.0000664618
5   11   2   8   0.0000704778
5   11   3   5   -0.0008971554
5   11   3   8   -0.0038573249
5   11   4   5   0.0012972206
5   11   4   8   -0.0001529771
5   11   5   6   -0.0305682016
5   11   5   7   0.0134375874
5   11   6   6   -0.0012378070
5   11   6   7   -0.0028157982
5   12   5   6   -0.0109007734
5   12   5   7   -0.0247973860
5   12   6   6   -0.0029550175
5   12   6   7   0.0012990069
6   7   1   6   -0.0013251406
6   7   1   7   -0.0030144671
6   7   2   6   -0.0000186691
6   7   2   7   -0.0000424691
6   7   3   6   -0.0012482267
6   7   3   7   -0.0028395012
6   7   4   6   -0.0000665611
6   7   4   7   -0.0001514150
6   7   6   5   0.0002216807
6   7   6   8   0.0006318445
6   8   1   6   -0.0000013744
6   8   1   7   -0.0000031265
6   8   2   6   0.0000986929
6   8   2   7   0.0002245094
6   8   3   6   0.0001109308
6   8   3   7   0.0002523485
6   8   4   6   -0.0000949199
6   8   4   7   -0.0002159264
6   8   6   5   -0.0041693716
6   8   6   8   -0.0016302658
6   9   1   6   -0.0011149722
6   9   1   7   -0.0025363701
6   9   2   6   -0.0000467736
6   9   2   7   -0.0001064020
6   9   3   6   -0.0043518692
6   9   3   7   -0.0098997544
6   9   4   6   -0.0002128240
6   9   4   7   -0.0004841381
6   9   6   5   -0.0072808674
6   9   6   8   -0.0183866758
6   10   1   6   -0.0000895657
6   10   1   7   -0.0002037465
6   10   2   6   -0.0000297193
6   10   2   7   -0.0000676063
6   10   3   6   -0.0003981690
6   10   3   7   -0.0009057661
6   10   4   6   -0.0012313546
6   10   4   7   -0.0028011200
6   10   6   5   0.0119234504
6   10   6   8   -0.0010396549
6   11   5   6   -0.0012990069
6   11   5   7   -0.0029550175
6   11   6   6   -0.0247973860
6   11   6   7   0.0109007734
6   12   1   5   -0.0004670762
6   12   1   8   -0.0014663332
6   12   2   5   0.0000664618
6   12   2   8   0.0000704778
6   12   3   5   -0.0008971554
6   12   3   8   -0.0038573249
6   12   4   5   0.0012972206
6   12   4   8   -0.0001529771
6   12   5   6   -0.0028157982
6   12   5   7   0.0012378070
6   12   6   6   -0.0134375874
6   12   6   7   -0.0305682016

End IJKA Block
Begin IABC Block
1   5   1   5   -0.0000349288
1   5   1   8   -0.0000116276
1   5   2   6   -0.0000290918
1   5   3   7   -0.0000290918
1   5   4   5   -0.0000039511
1   5   4   8   -0.0000004929
1   6   1   6   -0.0000104705
1   6   2   5   -0.0000292249
1   6   2   8   -0.0000407431
1   6   4   6   0.0000011584
1   7   1   7   -0.0000104705
1   7   3   5   -0.0000292249
1   7   3   8   -0.0000407431
1   7   4   7   0.0000011584
1   8   1   5   -0.0000115770
1   8   1   8   0.0000006440
1   8   2   6   -0.0000404233
1   8   3   7   -0.0000404233
1   8   4   5   -0.0000005003
1   8   4   8   0.0000020251
2   5   1   5   0.0010496091
2   5   1   8   -0.0000981638
2   5   2   6   0.0005528269
2   5   3   7   0.0005528269
2   5   4   5   0.0001583480
2   5   4   8   -0.0001166414
2   6   1   6   0.0001283408
2   6   2   5   0.0005549998
2   6   2   8   0.0003002995
2   6   4   6   0.0000621615
2   7   1   7   0.0001283408
2   7   3   5   0.0005549998
2   7   3   8   0.0003002995
2   7   4   7   0.0000621615
2   8   1   5   -0.0001017190
2   8   1   8   -0.0002108603
2   8   2   6   0.0002991103
2   8   3   7   0.0002991103
2   8   4   5   -0.0001181753
2   8   4   8   -0.0001200061
3   5   1   5   -0.0002442160
3   5   1   8   -0.0000475693
3   5   2   6   -0.0000200106
3   5   3   7   -0.0000200106
3   5   4   5   -0.0000874727
3   5   4   8   -0.0000304355
3   6   1   6   -0.0000724196
3   6   2   5   -0.0000210822
3   6   2   8   -0.0000675138
3   6   4   6   -0.0001027159
3   7   1   7   -0.0000724196
3   7   3   5   -0.0000210822
3   7   3   8   -0.0000675138
3   7   4   7   -0.0001027159
3   8   1   5   -0.0000489849
3   8   1   8   -0.0000404886
3   8   2   6   -0.0000652359
3   8   3   7   -0.0000652359
3   8   4   5   -0.0000323516
3   8   4   8   -0.0000551485
4   5   1   5   -0.0007487586
4   5   1   8   -0.0003472875
4   5   2   6   -0.0005644791
4   5   3   7   -0.0005644791
4   5   4   5   -0.0034273281
4   5   4   8   -0.0008018249
4   6   1   6   -0.0004920994
4   6   2   5   -0.0005634012
4   6   2   8   -0.0002214273
4   6   4   6   -0.0014905283
4   7   1   7   -0.0004920994
4   7   3   5   -0.0005634012
4   7   3   8   -0.0002214273
4   7   4   7   -0.0014905283
4   8   1   5   -0.0003496346
4   8   1   8   0.0000870988
4   8   2   6   -0.0002239751
4   8   3   7   -0.0002239751
4   8   4   5   -0.0008147767
4   8   4   8   -0.0001771950
5   5   1   6   0.0013500474
5   5   1   7   -0.0005934722
5   5   2   5   0.0009613800
5   5   2   8   0.0001805817
5   5   3   5   -0.0004226166
5   5   3   8   -0.0000793826
5   5   4   6   0.0016715268
5   5   4   7   -0.0007347926
5   6   1   5   0.0013414467
5   6   1   8   0.0009541047
5   6   2   6   0.0006342502
5   6   2   7   -0.0001179345
5   6   3   6   -0.0000433740
5   6   3   7   0.0002673010
5   6   4   5   0.0016577500
5   6   4   8   0.0013348122
5   7   1   5   -0.0005896914
5   7   1   8   -0.0004194184
5   7   2   6   -0.0001175038
5   7   2   7   0.0000986684
5   7   3   6   0.0002682808
5   7   3   7   -0.0002788124
5   7   4   5   -0.0007287364
5   7   4   8   -0.0005867750
5   8   1   6   0.0009681613
5   8   1   7   -0.0004255976
5   8   2   5   0.0001791046
5   8   2   8   -0.0003364017
5   8   3   5   -0.0000787332
5   8   3   8   0.0001478801
5   8   4   6   0.0013610883
5   8   4   7   -0.0005983258
6   5   1   6   0.0005934722
6   5   1   7   0.0013500474
6   5   2   5   0.0004226166
6   5   2   8   0.0000793826
6   5   3   5   0.0009613800
6   5   3   8   0.0001805817
6   5   4   6   0.0007347926
6   5   4   7   0.0016715268
6   6   1   5   0.0005896914
6   6   1   8   0.0004194184
6   6   2   6   0.0002788124
6   6   2   7   0.0002682808
6   6   3   6   0.0000986684
6   6   3   7   0.0001175038
6   6   4   5   0.0007287364
6   6   4   8   0.0005867750
6   7   1   5   0.0013414467
6   7   1   8   0.0009541047
6   7   2   6   0.0002673010
6   7   2   7   0.0000433740
6   7   3   6   0.0001179345
6   7   3   7   0.0006342502
6   7   4   5   0.0016577500
6   7   4   8   0.0013348122
6   8   1   6   0.0004255976
6   8   1   7   0.0009681613
6   8   2   5   0.0000787332
6   8   2   8   -0.0001478801
6   8   3   5   0.0001791046
6   8   3   8   -0.0003364017
6   8   4   6   0.0005983258
6   8   4   7   0.0013610883

End IABC Block
