Begin IJ Block
1   1   -7.2317693756
1   2   -0.1134531871
1   3   0.1001819217
2   2   -7.5672989686
2   3   0.1986572667
3   3   -6.7078221371
4   4   -6.4578631589
4   5   0.0000000000
5   5   -6.4578631589

End IJ Block
Begin IA Block
1   1   0.1071134267
1   4   0.0565843183
2   1   0.0453916113
2   4   0.1085833676
3   1   -0.0004029264
3   4   0.0844969820
4   2   0.0147271931
4   3   0.1820200219
5   2   0.1820200219
5   3   -0.0147271931

End IA Block
Begin AB Block
1   1   -1.6495384787
1   4   -0.3201140513
2   2   -1.2838045310
3   3   -1.2838045310
4   4   -1.4424884674

End AB Block
Begin IJKL Block
1   6   1   6   1.5988994564
1   6   1   7   -0.1228416130
1   6   1   8   0.0994681896
1   6   2   6   -0.1228416130
1   6   2   7   0.0187245995
1   6   2   8   -0.0170089804
1   6   3   6   0.0994681896
1   6   3   7   -0.0170089804
1   6   3   8   0.0163866943
1   6   4   9   0.0016501563
1   6   5   10   0.0016501563
1   7   1   6   -0.1228416130
1   7   1   7   0.4235404947
1   7   1   8   -0.1049763260
1   7   2   6   0.0193104820
1   7   2   7   0.0421619413
1   7   2   8   -0.0032510437
1   7   3   6   -0.0175373064
1   7   3   7   -0.0322086234
1   7   3   8   0.0121514877
1   7   4   9   0.0128549034
1   7   5   10   0.0128549034
1   8   1   6   0.0994681896
1   8   1   7   -0.1049763260
1   8   1   8   0.4288397033
1   8   2   6   -0.0175373064
1   8   2   7   -0.0029085152
1   8   2   8   0.0383393118
1   8   3   6   0.0177311968
1   8   3   7   0.0125082135
1   8   3   8   -0.0304230900
1   8   4   9   -0.0024775859
1   8   5   10   -0.0024775859
1   9   1   9   0.3850977210
1   9   2   9   0.0383851525
1   9   3   9   -0.0277108972
1   9   4   6   0.0023553927
1   9   4   7   0.0133149136
1   9   4   8   -0.0028930982
1   10   1   10   0.3850977210
1   10   2   10   0.0383851526
1   10   3   10   -0.0277108972
1   10   5   6   0.0023553927
1   10   5   7   0.0133149136
1   10   5   8   -0.0028930982
2   6   1   6   -0.1228416130
2   6   1   7   0.0193104820
2   6   1   8   -0.0175373064
2   6   2   6   0.4235404947
2   6   2   7   0.0421619413
2   6   2   8   -0.0322086234
2   6   3   6   -0.1049763260
2   6   3   7   -0.0032510437
2   6   3   8   0.0121514877
2   6   4   9   0.0128549034
2   6   5   10   0.0128549034
2   7   1   6   0.0187245995
2   7   1   7   0.0421619413
2   7   1   8   -0.0029085152
2   7   2   6   0.0421619413
2   7   2   7   0.8678475288
2   7   2   8   -0.0120309885
2   7   3   6   -0.0029085152
2   7   3   7   -0.0120309885
2   7   3   8   0.1569600973
2   7   4   9   0.1476113280
2   7   5   10   0.1476113280
2   8   1   6   -0.0170089804
2   8   1   7   -0.0032510437
2   8   1   8   0.0383393118
2   8   2   6   -0.0322086234
2   8   2   7   -0.0120309885
2   8   2   8   0.8292629959
2   8   3   6   0.0125082135
2   8   3   7   0.1614114247
2   8   3   8   0.0162640116
2   8   4   9   0.0025931623
2   8   5   10   0.0025931623
2   9   1   9   0.0383851525
2   9   2   9   0.8008360825
2   9   3   9   -0.0013326634
2   9   4   6   0.0133149136
2   9   4   7   0.1524557786
2   9   4   8   0.0026413838
2   10   1   10   0.0383851526
2   10   2   10   0.8008360825
2   10   3   10   -0.0013326634
2   10   5   6   0.0133149136
2   10   5   7   0.1524557786
2   10   5   8   0.0026413838
3   6   1   6   0.0994681896
3   6   1   7   -0.0175373064
3   6   1   8   0.0177311968
3   6   2   6   -0.1049763260
3   6   2   7   -0.0029085152
3   6   2   8   0.0125082135
3   6   3   6   0.4288397033
3   6   3   7   0.0383393118
3   6   3   8   -0.0304230900
3   6   4   9   -0.0024775859
3   6   5   10   -0.0024775859
3   7   1   6   -0.0170089804
3   7   1   7   -0.0322086234
3   7   1   8   0.0125082135
3   7   2   6   -0.0032510437
3   7   2   7   -0.0120309885
3   7   2   8   0.1614114247
3   7   3   6   0.0383393118
3   7   3   7   0.8292629959
3   7   3   8   0.0162640116
3   7   4   9   0.0025931623
3   7   5   10   0.0025931623
3   8   1   6   0.0163866943
3   8   1   7   0.0121514877
3   8   1   8   -0.0304230900
3   8   2   6   0.0121514877
3   8   2   7   0.1569600973
3   8   2   8   0.0162640116
3   8   3   6   -0.0304230900
3   8   3   7   0.0162640116
3   8   3   8   0.8458970201
3   8   4   9   0.0321220439
3   8   5   10   0.0321220439
3   9   1   9   -0.0277108972
3   9   2   9   -0.0013326634
3   9   3   9   0.7451608046
3   9   4   6   -0.0028930982
3   9   4   7   0.0026413838
3   9   4   8   0.0382777715
3   10   1   10   -0.0277108972
3   10   2   10   -0.0013326634
3   10   3   10   0.7451608046
3   10   5   6   -0.0028930982
3   10   5   7   0.0026413838
3   10   5   8   0.0382777715
4   6   1   9   0.0023553927
4   6   2   9   0.0133149136
4   6   3   9   -0.0028930982
4   6   4   6   0.3850977210
4   6   4   7   0.0383851525
4   6   4   8   -0.0277108972
4   7   1   9   0.0133149136
4   7   2   9   0.1524557786
4   7   3   9   0.0026413838
4   7   4   6   0.0383851525
4   7   4   7   0.8008360825
4   7   4   8   -0.0013326634
4   8   1   9   -0.0028930982
4   8   2   9   0.0026413838
4   8   3   9   0.0382777715
4   8   4   6   -0.0277108972
4   8   4   7   -0.0013326634
4   8   4   8   0.7451608046
4   9   1   6   0.0016501563
4   9   1   7   0.0128549034
4   9   1   8   -0.0024775859
4   9   2   6   0.0128549034
4   9   2   7   0.1476113280
4   9   2   8   0.0025931623
4   9   3   6   -0.0024775859
4   9   3   7   0.0025931623
4   9   3   8   0.0321220439
4   9   4   9   0.7856594160
4   9   5   10   0.0298431540
4   10   4   10   0.7201036682
4   10   5   9   0.0357125938
4   10   5   10   0.0000000000
5   6   1   10   0.0023553927
5   6   2   10   0.0133149136
5   6   3   10   -0.0028930982
5   6   5   6   0.3850977210
5   6   5   7   0.0383851526
5   6   5   8   -0.0277108972
5   7   1   10   0.0133149136
5   7   2   10   0.1524557786
5   7   3   10   0.0026413838
5   7   5   6   0.0383851526
5   7   5   7   0.8008360825
5   7   5   8   -0.0013326634
5   8   1   10   -0.0028930982
5   8   2   10   0.0026413838
5   8   3   10   0.0382777715
5   8   5   6   -0.0277108972
5   8   5   7   -0.0013326634
5   8   5   8   0.7451608046
5   9   4   10   0.0357125938
5   9   5   9   0.7201036682
5   9   5   10   0.0000000000
5   10   1   6   0.0016501563
5   10   1   7   0.0128549034
5   10   1   8   -0.0024775859
5   10   2   6   0.0128549034
5   10   2   7   0.1476113280
5   10   2   8   0.0025931623
5   10   3   6   -0.0024775859
5   10   3   7   0.0025931623
5   10   3   8   0.0321220439
5   10   4   9   0.0298431540
5   10   4   10   0.0000000000
5   10   5   9   0.0000000000
5   10   5   10   0.7856594160

End IJKL Block
Begin IJAB Block
1   6   1   5   0.0042952663
1   6   1   8   0.0024242197
1   6   2   6   0.0001337009
1   6   3   7   0.0001337009
1   6   4   5   0.0024242197
1   6   4   8   0.0014434281
1   7   1   5   -0.0003687149
1   7   1   8   -0.0001455700
1   7   2   6   0.0000353774
1   7   3   7   0.0000353774
1   7   4   5   -0.0001991834
1   7   4   8   -0.0000659161
1   8   1   5   0.0004130074
1   8   1   8   0.0004178317
1   8   2   6   -0.0000189826
1   8   3   7   -0.0000189826
1   8   4   5   0.0002171142
1   8   4   8   0.0002382097
1   9   1   6   0.0000275207
1   9   1   7   0.0003401403
1   9   2   5   0.0000144914
1   9   2   8   0.0000147655
1   9   3   5   0.0001791062
1   9   3   8   0.0001824929
1   9   4   6   0.0000151631
1   9   4   7   0.0001874078
1   10   1   6   0.0003401403
1   10   1   7   -0.0000275207
1   10   2   5   0.0001791062
1   10   2   8   0.0001824929
1   10   3   5   -0.0000144914
1   10   3   8   -0.0000147655
1   10   4   6   0.0001874078
1   10   4   7   -0.0000151631
2   6   1   5   -0.0003687149
2   6   1   8   -0.0001991834
2   6   2   6   0.0000353774
2   6   3   7   0.0000353774
2   6   4   5   -0.0001455700
2   6   4   8   -0.0000659161
2   7   1   5   0.0003315068
2   7   1   8   0.0005382089
2   7   2   6   0.0008791421
2   7   3   7   0.0008791421
2   7   4   5   0.0005382089
2   7   4   8   0.0012448549
2   8   1   5   -0.0002412929
2   8   1   8   0.0000653143
2   8   2   6   0.0000721174
2   8   3   7   0.0000721174
2   8   4   5   -0.0001018517
2   8   4   8   0.0007286178
2   9   1   6   0.0000566941
2   9   1   7   0.0007007081
2   9   2   5   0.0000236407
2   9   2   8   0.0000553631
2   9   3   5   0.0002921865
2   9   3   8   0.0006842571
2   9   4   6   0.0001258124
2   9   4   7   0.0015549725
2   10   1   6   0.0007007081
2   10   1   7   -0.0000566941
2   10   2   5   0.0002921865
2   10   2   8   0.0006842571
2   10   3   5   -0.0000236407
2   10   3   8   -0.0000553631
2   10   4   6   0.0015549725
2   10   4   7   -0.0001258124
3   6   1   5   0.0004130074
3   6   1   8   0.0002171142
3   6   2   6   -0.0000189826
3   6   3   7   -0.0000189826
3   6   4   5   0.0004178317
3   6   4   8   0.0002382097
3   7   1   5   -0.0002412929
3   7   1   8   -0.0001018517
3   7   2   6   0.0000721174
3   7   3   7   0.0000721174
3   7   4   5   0.0000653143
3   7   4   8   0.0007286178
3   8   1   5   0.0003096791
3   8   1   8   0.0002394095
3   8   2   6   0.0003815720
3   8   3   7   0.0003815720
3   8   4   5   0.0002394095
3   8   4   8   0.0012138509
3   9   1   6   -0.0000158042
3   9   1   7   -0.0001953316
3   9   2   5   -0.0000085546
3   9   2   8   0.0000088963
3   9   3   5   -0.0001057302
3   9   3   8   0.0001099528
3   9   4   6   0.0000496491
3   9   4   7   0.0006136354
3   10   1   6   -0.0001953316
3   10   1   7   0.0000158042
3   10   2   5   -0.0001057302
3   10   2   8   0.0001099528
3   10   3   5   0.0000085546
3   10   3   8   -0.0000088963
3   10   4   6   0.0006136354
3   10   4   7   -0.0000496491
4   6   1   6   0.0000144914
4   6   1   7   0.0001791062
4   6   2   5   0.0000275207
4   6   2   8   0.0000151631
4   6   3   5   0.0003401403
4   6   3   8   0.0001874078
4   6   4   6   0.0000147655
4   6   4   7   0.0001824929
4   7   1   6   0.0000236407
4   7   1   7   0.0002921865
4   7   2   5   0.0000566941
4   7   2   8   0.0001258124
4   7   3   5   0.0007007081
4   7   3   8   0.0015549725
4   7   4   6   0.0000553631
4   7   4   7   0.0006842571
4   8   1   6   -0.0000085546
4   8   1   7   -0.0001057302
4   8   2   5   -0.0000158042
4   8   2   8   0.0000496491
4   8   3   5   -0.0001953316
4   8   3   8   0.0006136354
4   8   4   6   0.0000088963
4   8   4   7   0.0001099528
4   9   1   5   0.0005439801
4   9   1   8   0.0006823865
4   9   2   6   0.0004208118
4   9   2   7   0.0002019190
4   9   3   6   0.0002019190
4   9   3   7   0.0029000830
4   9   4   5   0.0006823865
4   9   4   8   0.0011615538
4   10   2   6   0.0002019190
4   10   2   7   0.0004375611
4   10   3   6   0.0020417100
4   10   3   7   -0.0002019190
5   6   1   6   0.0001791062
5   6   1   7   -0.0000144914
5   6   2   5   0.0003401403
5   6   2   8   0.0001874078
5   6   3   5   -0.0000275207
5   6   3   8   -0.0000151631
5   6   4   6   0.0001824929
5   6   4   7   -0.0000147655
5   7   1   6   0.0002921865
5   7   1   7   -0.0000236407
5   7   2   5   0.0007007081
5   7   2   8   0.0015549725
5   7   3   5   -0.0000566941
5   7   3   8   -0.0001258124
5   7   4   6   0.0006842571
5   7   4   7   -0.0000553631
5   8   1   6   -0.0001057302
5   8   1   7   0.0000085546
5   8   2   5   -0.0001953316
5   8   2   8   0.0006136354
5   8   3   5   0.0000158042
5   8   3   8   -0.0000496491
5   8   4   6   0.0001099528
5   8   4   7   -0.0000088963
5   9   2   6   0.0002019190
5   9   2   7   0.0020417100
5   9   3   6   0.0004375611
5   9   3   7   -0.0002019190
5   10   1   5   0.0005439801
5   10   1   8   0.0006823865
5   10   2   6   0.0029000830
5   10   2   7   -0.0002019190
5   10   3   6   -0.0002019190
5   10   3   7   0.0004208118
5   10   4   5   0.0006823865
5   10   4   8   0.0011615538

End IJAB Block
Begin ABCD Block
1   5   1   5   0.1938590546
1   5   1   8   0.0100816648
1   5   2   6   0.0191707923
1   5   3   7   0.0191707923
1   5   4   5   0.0100816648
1   5   4   8   0.0106442028
1   6   1   6   0.1288695220
1   6   2   5   0.0191710809
1   6   2   8   0.0050876810
1   6   4   6   0.0090453234
1   7   1   7   0.1288695220
1   7   3   5   0.0191710809
1   7   3   8   0.0050876810
1   7   4   7   0.0090453234
1   8   1   5   0.0100816648
1   8   1   8   0.1188298340
1   8   2   6   0.0050874452
1   8   3   7   0.0050874452
1   8   4   5   0.0106442621
1   8   4   8   0.0078536051
2   5   1   6   0.0191710809
2   5   2   5   0.1288695220
2   5   2   8   0.0090453234
2   5   4   6   0.0050876810
2   6   1   5   0.0191707923
2   6   1   8   0.0050874452
2   6   2   6   0.1238770106
2   6   3   7   0.0078780314
2   6   4   5   0.0050874452
2   6   4   8   0.0098046029
2   7   2   7   0.1081209889
2   7   3   6   0.0078779903
2   8   1   6   0.0050876810
2   8   2   5   0.0090453234
2   8   2   8   0.1076118453
2   8   4   6   0.0098048767
3   5   1   7   0.0191710809
3   5   3   5   0.1288695220
3   5   3   8   0.0090453234
3   5   4   7   0.0050876810
3   6   2   7   0.0078779903
3   6   3   6   0.1081209889
3   7   1   5   0.0191707923
3   7   1   8   0.0050874452
3   7   2   6   0.0078780314
3   7   3   7   0.1238770106
3   7   4   5   0.0050874452
3   7   4   8   0.0098046029
3   8   1   7   0.0050876810
3   8   3   5   0.0090453234
3   8   3   8   0.1076118453
3   8   4   7   0.0098048767
4   5   1   5   0.0100816648
4   5   1   8   0.0106442621
4   5   2   6   0.0050874452
4   5   3   7   0.0050874452
4   5   4   5   0.1188298340
4   5   4   8   0.0078536051
4   6   1   6   0.0090453234
4   6   2   5   0.0050876810
4   6   2   8   0.0098048767
4   6   4   6   0.1076118453
4   7   1   7   0.0090453234
4   7   3   5   0.0050876810
4   7   3   8   0.0098048767
4   7   4   7   0.1076118453
4   8   1   5   0.0106442028
4   8   1   8   0.0078536051
4   8   2   6   0.0098046029
4   8   3   7   0.0098046029
4   8   4   5   0.0078536051
4   8   4   8   0.1216924331

End ABCD Block
Begin AIJB Block
1   6   1   5   0.0032361654
1   6   1   8   0.0018042076
1   6   2   5   -0.0002562919
1   6   2   8   -0.0001394962
1   6   3   5   0.0002734792
1   6   3   8   0.0001371891
1   6   4   6   0.0000099598
1   6   4   7   0.0001230975
1   6   5   6   0.0001230975
1   6   5   7   -0.0000099598
1   7   1   5   -0.0002562919
1   7   1   8   -0.0000993948
1   7   2   5   0.0002501432
1   7   2   8   0.0003892719
1   7   3   5   -0.0001545798
1   7   3   8   -0.0000587395
1   7   4   6   0.0000079968
1   7   4   7   0.0000988359
1   7   5   6   0.0000988359
1   7   5   7   -0.0000079968
1   8   1   5   0.0002734792
1   8   1   8   0.0002967605
1   8   2   5   -0.0001545798
1   8   2   8   0.0000750791
1   8   3   5   0.0002711991
1   8   3   8   0.0002133515
1   8   4   6   -0.0000048068
1   8   4   7   -0.0000594089
1   8   5   6   -0.0000594089
1   8   5   7   0.0000048068
1   9   1   6   0.0000221178
1   9   1   7   0.0002733634
1   9   2   6   0.0000378620
1   9   2   7   0.0004679533
1   9   3   6   -0.0000068465
1   9   3   7   -0.0000846193
1   9   4   5   0.0005814468
1   9   4   8   0.0006754736
1   10   1   6   0.0002733634
1   10   1   7   -0.0000221178
1   10   2   6   0.0004679533
1   10   2   7   -0.0000378620
1   10   3   6   -0.0000846193
1   10   3   7   0.0000068465
1   10   5   5   0.0005814468
1   10   5   8   0.0006754736
2   6   1   6   0.0001215987
2   6   2   6   0.0000264697
2   6   3   6   -0.0000122033
2   6   4   5   0.0000221178
2   6   4   8   0.0000115505
2   6   5   5   0.0002733634
2   6   5   8   0.0001427579
2   7   1   6   0.0000264697
2   7   2   6   0.0006775191
2   7   3   6   0.0000532241
2   7   4   5   0.0000378620
2   7   4   8   0.0000873651
2   7   5   5   0.0004679533
2   7   5   8   0.0010797851
2   8   1   6   -0.0000122033
2   8   2   6   0.0000532241
2   8   3   6   0.0002258081
2   8   4   5   -0.0000068465
2   8   4   8   0.0000398793
2   8   5   5   -0.0000846193
2   8   5   8   0.0004928857
2   9   1   5   0.0000099598
2   9   1   8   0.0000099208
2   9   2   5   0.0000079968
2   9   2   8   0.0000249429
2   9   3   5   -0.0000048068
2   9   3   8   0.0000037591
2   9   4   6   0.0002423816
2   9   4   7   0.0001451869
2   9   5   6   0.0001451869
2   9   5   7   0.0015658283
2   10   1   5   0.0001230975
2   10   1   8   0.0001226151
2   10   2   5   0.0000988359
2   10   2   8   0.0003082810
2   10   3   5   -0.0000594089
2   10   3   8   0.0000464601
2   10   4   6   0.0001451869
2   10   4   7   0.0002168546
2   10   5   6   0.0020250645
2   10   5   7   -0.0001451869
3   6   1   7   0.0001215987
3   6   2   7   0.0000264697
3   6   3   7   -0.0000122033
3   6   4   5   0.0002733634
3   6   4   8   0.0001427579
3   6   5   5   -0.0000221178
3   6   5   8   -0.0000115505
3   7   1   7   0.0000264697
3   7   2   7   0.0006775191
3   7   3   7   0.0000532241
3   7   4   5   0.0004679533
3   7   4   8   0.0010797851
3   7   5   5   -0.0000378620
3   7   5   8   -0.0000873651
3   8   1   7   -0.0000122033
3   8   2   7   0.0000532241
3   8   3   7   0.0002258081
3   8   4   5   -0.0000846193
3   8   4   8   0.0004928857
3   8   5   5   0.0000068465
3   8   5   8   -0.0000398793
3   9   1   5   0.0001230975
3   9   1   8   0.0001226151
3   9   2   5   0.0000988359
3   9   2   8   0.0003082810
3   9   3   5   -0.0000594089
3   9   3   8   0.0000464601
3   9   4   6   0.0001451869
3   9   4   7   0.0020250645
3   9   5   6   0.0002168546
3   9   5   7   -0.0001451869
3   10   1   5   -0.0000099598
3   10   1   8   -0.0000099208
3   10   2   5   -0.0000079968
3   10   2   8   -0.0000249429
3   10   3   5   0.0000048068
3   10   3   8   -0.0000037591
3   10   4   6   0.0015658283
3   10   4   7   -0.0001451869
3   10   5   6   -0.0001451869
3   10   5   7   0.0002423816
4   6   1   5   0.0018042076
4   6   1   8   0.0010703282
4   6   2   5   -0.0000993948
4   6   2   8   -0.0000474181
4   6   3   5   0.0002967605
4   6   3   8   0.0001602479
4   6   4   6   0.0000099208
4   6   4   7   0.0001226151
4   6   5   6   0.0001226151
4   6   5   7   -0.0000099208
4   7   1   5   -0.0001394962
4   7   1   8   -0.0000474181
4   7   2   5   0.0003892719
4   7   2   8   0.0008884218
4   7   3   5   0.0000750791
4   7   3   8   0.0004894928
4   7   4   6   0.0000249429
4   7   4   7   0.0003082810
4   7   5   6   0.0003082810
4   7   5   7   -0.0000249429
4   8   1   5   0.0001371891
4   8   1   8   0.0001602479
4   8   2   5   -0.0000587395
4   8   2   8   0.0004894928
4   8   3   5   0.0002133515
4   8   3   8   0.0009019904
4   8   4   6   0.0000037591
4   8   4   7   0.0000464601
4   8   5   6   0.0000464601
4   8   5   7   -0.0000037591
4   9   1   6   0.0000115505
4   9   1   7   0.0001427579
4   9   2   6   0.0000873651
4   9   2   7   0.0010797851
4   9   3   6   0.0000398793
4   9   3   7   0.0004928857
4   9   4   5   0.0006754736
4   9   4   8   0.0009628359
4   10   1   6   0.0001427579
4   10   1   7   -0.0000115505
4   10   2   6   0.0010797851
4   10   2   7   -0.0000873651
4   10   3   6   0.0004928857
4   10   3   7   -0.0000398793
4   10   5   5   0.0006754736
4   10   5   8   0.0009628359

1   6   6   1   -0.2161194441
1   6   6   4   -0.0424737015
1   6   7   1   0.0057884808
1   6   7   4   0.0010700201
1   6   8   1   -0.0043958236
1   6   8   4   -0.0007192839
1   6   9   2   -0.0000877027
1   6   9   3   -0.0010839573
1   6   10   2   -0.0010839573
1   6   10   3   0.0000877027
1   7   6   1   0.0057884808
1   7   6   4   0.0010690021
1   7   7   1   -0.1541737999
1   7   7   4   -0.0301445706
1   7   8   1   0.0122563974
1   7   8   4   0.0030301568
1   7   9   2   -0.0003919223
1   7   9   3   -0.0048439448
1   7   10   2   -0.0048439448
1   7   10   3   0.0003919223
1   8   6   1   -0.0043958236
1   8   6   4   -0.0007178411
1   8   7   1   0.0122563974
1   8   7   4   0.0030284732
1   8   8   1   -0.1526990668
1   8   8   4   -0.0294339472
1   8   9   2   0.0000573230
1   8   9   3   0.0007084808
1   8   10   2   0.0007084808
1   8   10   3   -0.0000573230
1   9   6   2   -0.0000881573
1   9   6   3   -0.0010895763
1   9   7   2   -0.0003914270
1   9   7   3   -0.0048378228
1   9   8   2   0.0000573146
1   9   8   3   0.0007083776
1   9   9   1   -0.1533054028
1   9   9   4   -0.0299696935
1   10   6   2   -0.0010895763
1   10   6   3   0.0000881573
1   10   7   2   -0.0048378228
1   10   7   3   0.0003914270
1   10   8   2   0.0007083776
1   10   8   3   -0.0000573146
1   10   10   1   -0.1533054028
1   10   10   4   -0.0299696935
2   6   6   2   -0.1399748806
2   6   7   2   0.0006555349
2   6   8   2   -0.0003640847
2   6   9   1   -0.0000881573
2   6   9   4   -0.0000666849
2   6   10   1   -0.0010895763
2   6   10   4   -0.0008241892
2   7   6   2   0.0006555349
2   7   7   2   -0.1314381937
2   7   8   2   0.0032287148
2   7   9   1   -0.0003914270
2   7   9   4   -0.0004297844
2   7   10   1   -0.0048378228
2   7   10   4   -0.0053118992
2   8   6   2   -0.0003640847
2   8   7   2   0.0032287148
2   8   8   2   -0.1302486529
2   8   9   1   0.0000573146
2   8   9   4   -0.0000062861
2   8   10   1   0.0007083776
2   8   10   4   -0.0000776928
2   9   6   1   -0.0000877027
2   9   6   4   -0.0000662087
2   9   7   1   -0.0003919223
2   9   7   4   -0.0004304559
2   9   8   1   0.0000573230
2   9   8   4   -0.0000067322
2   9   9   2   -0.1305434286
2   9   9   3   -0.0001376448
2   9   10   2   -0.0001376448
2   9   10   3   -0.0008373981
2   10   6   1   -0.0010839573
2   10   6   4   -0.0008183026
2   10   7   1   -0.0048439448
2   10   7   4   -0.0053201983
2   10   8   1   0.0007084808
2   10   8   4   -0.0000832064
2   10   9   2   -0.0001376448
2   10   9   3   -0.0008526787
2   10   10   2   -0.1322335054
2   10   10   3   0.0001376448
3   6   6   3   -0.1399748806
3   6   7   3   0.0006555349
3   6   8   3   -0.0003640847
3   6   9   1   -0.0010895763
3   6   9   4   -0.0008241892
3   6   10   1   0.0000881573
3   6   10   4   0.0000666849
3   7   6   3   0.0006555349
3   7   7   3   -0.1314381937
3   7   8   3   0.0032287148
3   7   9   1   -0.0048378228
3   7   9   4   -0.0053118992
3   7   10   1   0.0003914270
3   7   10   4   0.0004297844
3   8   6   3   -0.0003640847
3   8   7   3   0.0032287148
3   8   8   3   -0.1302486529
3   8   9   1   0.0007083776
3   8   9   4   -0.0000776928
3   8   10   1   -0.0000573146
3   8   10   4   0.0000062861
3   9   6   1   -0.0010839573
3   9   6   4   -0.0008183026
3   9   7   1   -0.0048439448
3   9   7   4   -0.0053201983
3   9   8   1   0.0007084808
3   9   8   4   -0.0000832064
3   9   9   2   -0.0001376448
3   9   9   3   -0.1322335054
3   9   10   2   -0.0008526787
3   9   10   3   0.0001376448
3   10   6   1   0.0000877027
3   10   6   4   0.0000662087
3   10   7   1   0.0003919223
3   10   7   4   0.0004304559
3   10   8   1   -0.0000573230
3   10   8   4   0.0000067322
3   10   9   2   -0.0008373981
3   10   9   3   0.0001376448
3   10   10   2   0.0001376448
3   10   10   3   -0.1305434286
4   6   6   1   -0.0424737015
4   6   6   4   -0.1469417778
4   6   7   1   0.0010690021
4   6   7   4   -0.0004102853
4   6   8   1   -0.0007178411
4   6   8   4   0.0002522098
4   6   9   2   -0.0000662087
4   6   9   3   -0.0008183026
4   6   10   2   -0.0008183026
4   6   10   3   0.0000662087
4   7   6   1   0.0010700201
4   7   6   4   -0.0004102853
4   7   7   1   -0.0301445706
4   7   7   4   -0.1522269793
4   7   8   1   0.0030284732
4   7   8   4   -0.0017742759
4   7   9   2   -0.0004304559
4   7   9   3   -0.0053201983
4   7   10   2   -0.0053201983
4   7   10   3   0.0004304559
4   8   6   1   -0.0007192839
4   8   6   4   0.0002522098
4   8   7   1   0.0030301568
4   8   7   4   -0.0017742759
4   8   8   1   -0.0294339472
4   8   8   4   -0.1527286551
4   8   9   2   -0.0000067322
4   8   9   3   -0.0000832064
4   8   10   2   -0.0000832064
4   8   10   3   0.0000067322
4   9   6   2   -0.0000666849
4   9   6   3   -0.0008241892
4   9   7   2   -0.0004297844
4   9   7   3   -0.0053118992
4   9   8   2   -0.0000062861
4   9   8   3   -0.0000776928
4   9   9   1   -0.0299696935
4   9   9   4   -0.1517101268
4   10   6   2   -0.0008241892
4   10   6   3   0.0000666849
4   10   7   2   -0.0053118992
4   10   7   3   0.0004297844
4   10   8   2   -0.0000776928
4   10   8   3   0.0000062861
4   10   10   1   -0.0299696935
4   10   10   4   -0.1517101268

End AIJB Block
Begin IJKA Block
1   6   1   5   -0.0547967790
1   6   1   8   -0.0332841614
1   6   2   5   0.0050510962
1   6   2   8   0.0034500248
1   6   3   5   -0.0040729815
1   6   3   8   -0.0030722085
1   6   4   6   0.0000231064
1   6   4   7   0.0002855823
1   6   5   6   0.0002855823
1   6   5   7   -0.0000231064
1   7   1   5   0.0034355660
1   7   1   8   0.0017812777
1   7   2   5   -0.0012554233
1   7   2   8   -0.0016893651
1   7   3   5   0.0010265319
1   7   3   8   0.0010210139
1   7   4   6   -0.0000616927
1   7   4   7   -0.0007624882
1   7   5   6   -0.0007624882
1   7   5   7   0.0000616927
1   8   1   5   -0.0027911856
1   8   1   8   -0.0100049724
1   8   2   5   0.0006454083
1   8   2   8   0.0002133296
1   8   3   5   -0.0007721664
1   8   3   8   -0.0004048506
1   8   4   6   0.0000033014
1   8   4   7   0.0000408040
1   8   5   6   0.0000408040
1   8   5   7   -0.0000033014
1   9   1   6   -0.0003204493
1   9   1   7   -0.0039605771
1   9   2   6   -0.0001764130
1   9   2   7   -0.0021803684
1   9   3   6   0.0001167477
1   9   3   7   0.0014429374
1   9   4   5   0.0002504191
1   9   4   8   0.0001334817
1   10   1   6   -0.0039605771
1   10   1   7   0.0003204493
1   10   2   6   -0.0021803684
1   10   2   7   0.0001764130
1   10   3   6   0.0014429374
1   10   3   7   -0.0001167477
1   10   5   5   0.0002504191
1   10   5   8   0.0001334817
2   6   1   5   0.0050359115
2   6   1   8   0.0034411649
2   6   2   5   -0.0077633308
2   6   2   8   -0.0037546055
2   6   3   5   0.0032925696
2   6   3   8   0.0014263361
2   6   4   6   -0.0000169809
2   6   4   7   -0.0002098745
2   6   5   6   -0.0002098745
2   6   5   7   0.0000169809
2   7   1   5   -0.0011993484
2   7   1   8   -0.0015844858
2   7   2   5   -0.0082034778
2   7   2   8   -0.0185997769
2   7   3   5   0.0007577511
2   7   3   8   -0.0034374969
2   7   4   6   -0.0008228487
2   7   4   7   -0.0101699584
2   7   5   6   -0.0101699584
2   7   5   7   0.0008228487
2   8   1   5   0.0006403507
2   8   1   8   0.0002263861
2   8   2   5   0.0008034764
2   8   2   8   -0.0110260347
2   8   3   5   -0.0034185765
2   8   3   8   -0.0049286486
2   8   4   6   -0.0000687832
2   8   4   7   -0.0008501221
2   8   5   6   -0.0008501221
2   8   5   7   0.0000687832
2   9   1   6   -0.0001611683
2   9   1   7   -0.0019919512
2   9   2   6   -0.0023719678
2   9   2   7   -0.0293162194
2   9   3   6   -0.0000996264
2   9   3   7   -0.0012313272
2   9   4   5   -0.0001958512
2   9   4   8   -0.0029183866
2   10   1   6   -0.0019919512
2   10   1   7   0.0001611683
2   10   2   6   -0.0293162194
2   10   2   7   0.0023719678
2   10   3   6   -0.0012313272
2   10   3   7   0.0000996264
2   10   5   5   -0.0001958512
2   10   5   8   -0.0029183866
3   6   1   5   -0.0041105861
3   6   1   8   -0.0030518611
3   6   2   5   0.0031840965
3   6   2   8   0.0013794232
3   6   3   5   -0.0082219468
3   6   3   8   -0.0039301087
3   6   4   6   -0.0000105484
3   6   4   7   -0.0001303721
3   6   5   6   -0.0001303721
3   6   5   7   0.0000105484
3   7   1   5   0.0009890492
3   7   1   8   0.0009416213
3   7   2   5   0.0008347684
3   7   2   8   -0.0033417584
3   7   3   5   -0.0079359715
3   7   3   8   -0.0180841434
3   7   4   6   -0.0000405173
3   7   4   7   -0.0005007714
3   7   5   6   -0.0005007714
3   7   5   7   0.0000405173
3   8   1   5   -0.0007747344
3   8   1   8   -0.0004342685
3   8   2   5   -0.0032598545
3   8   2   8   -0.0048233921
3   8   3   5   0.0007574655
3   8   3   8   -0.0125154637
3   8   4   6   -0.0002345517
3   8   4   7   -0.0028989300
3   8   5   6   -0.0028989300
3   8   5   7   0.0002345517
3   9   1   6   0.0001024672
3   9   1   7   0.0012664383
3   9   2   6   -0.0000882187
3   9   2   7   -0.0010903347
3   9   3   6   -0.0021176385
3   9   3   7   -0.0261728492
3   9   4   5   -0.0000705580
3   9   4   8   -0.0014107317
3   10   1   6   0.0012664383
3   10   1   7   -0.0001024672
3   10   2   6   -0.0010903347
3   10   2   7   0.0000882187
3   10   3   6   -0.0261728492
3   10   3   7   0.0021176385
3   10   5   5   -0.0000705580
3   10   5   8   -0.0014107317
4   6   1   6   0.0000246301
4   6   1   7   0.0003044143
4   6   2   6   -0.0000195050
4   6   2   7   -0.0002410712
4   6   3   6   -0.0000104905
4   6   3   7   -0.0001296564
4   6   4   5   -0.0059941674
4   6   4   8   -0.0027948000
4   7   1   6   -0.0000549276
4   7   1   7   -0.0006788748
4   7   2   6   -0.0008194114
4   7   2   7   -0.0101274750
4   7   3   6   -0.0000404466
4   7   3   7   -0.0004998982
4   7   4   5   -0.0068748876
4   7   4   8   -0.0165990350
4   8   1   6   0.0000012825
4   8   1   7   0.0000158513
4   8   2   6   -0.0000636610
4   8   2   7   -0.0007868150
4   8   3   6   -0.0002372542
4   8   3   7   -0.0029323313
4   8   4   5   0.0001596290
4   8   4   8   -0.0101025029
4   9   1   5   0.0001914848
4   9   1   8   0.0001020076
4   9   2   5   -0.0003410663
4   9   2   8   -0.0029448238
4   9   3   5   -0.0001042388
4   9   3   8   -0.0013361071
4   9   4   6   -0.0025250026
4   9   4   7   -0.0312076461
4   9   5   6   -0.0028102646
4   9   5   7   0.0002273778
4   10   4   6   -0.0254563296
4   10   4   7   0.0020596651
4   10   5   6   -0.0002379598
4   10   5   7   -0.0029410519
5   6   1   6   0.0003044143
5   6   1   7   -0.0000246301
5   6   2   6   -0.0002410712
5   6   2   7   0.0000195050
5   6   3   6   -0.0001296564
5   6   3   7   0.0000104905
5   6   5   5   -0.0059941674
5   6   5   8   -0.0027948000
5   7   1   6   -0.0006788748
5   7   1   7   0.0000549276
5   7   2   6   -0.0101274750
5   7   2   7   0.0008194114
5   7   3   6   -0.0004998982
5   7   3   7   0.0000404466
5   7   5   5   -0.0068748876
5   7   5   8   -0.0165990350
5   8   1   6   0.0000158513
5   8   1   7   -0.0000012825
5   8   2   6   -0.0007868150
5   8   2   7   0.0000636610
5   8   3   6   -0.0029323313
5   8   3   7   0.0002372542
5   8   5   5   0.0001596290
5   8   5   8   -0.0101025029
5   9   4   6   -0.0029410519
5   9   4   7   0.0002379597
5   9   5   6   -0.0020596651
5   9   5   7   -0.0254563296
5   10   1   5   0.0001914848
5   10   1   8   0.0001020076
5   10   2   5   -0.0003410663
5   10   2   8   -0.0029448238
5   10   3   5   -0.0001042388
5   10   3   8   -0.0013361071
5   10   4   6   -0.0002273778
5   10   4   7   -0.0028102646
5   10   5   6   -0.0312076461
5   10   5   7   0.0025250026

End IJKA Block
Begin IABC Block
1   5   1   5   0.0009005263
1   5   1   8   -0.0000428877
1   5   2   6   0.0002996927
1   5   3   7   0.0002996927
1   5   4   5   0.0002160078
1   5   4   8   -0.0000383674
1   6   1   6   0.0000817477
1   6   2   5   0.0003004004
1   6   2   8   0.0001602022
1   6   4   6   0.0000554315
1   7   1   7   0.0000817477
1   7   3   5   0.0003004004
1   7   3   8   0.0001602022
1   7   4   7   0.0000554315
1   8   1   5   -0.0000459877
1   8   1   8   -0.0002328811
1   8   2   6   0.0001599280
1   8   3   7   0.0001599280
1   8   4   5   -0.0000398483
1   8   4   8   -0.0000810260
2   5   1   5   -0.0002688594
2   5   1   8   0.0000176521
2   5   2   6   -0.0000798773
2   5   3   7   -0.0000798773
2   5   4   5   -0.0000785110
2   5   4   8   -0.0000286169
2   6   1   6   0.0000007412
2   6   2   5   -0.0000809638
2   6   2   8   -0.0001024623
2   6   4   6   -0.0000702411
2   7   1   7   0.0000007412
2   7   3   5   -0.0000809638
2   7   3   8   -0.0001024623
2   7   4   7   -0.0000702411
2   8   1   5   0.0000166564
2   8   1   8   0.0000009939
2   8   2   6   -0.0001007255
2   8   3   7   -0.0001007255
2   8   4   5   -0.0000296146
2   8   4   8   -0.0000977528
3   5   1   5   0.0005831689
3   5   1   8   -0.0002136350
3   5   2   6   -0.0001352704
3   5   3   7   -0.0001352704
3   5   4   5   -0.0020253536
3   5   4   8   -0.0004110867
3   6   1   6   -0.0002491936
3   6   2   5   -0.0001327614
3   6   2   8   0.0000469947
3   6   4   6   -0.0007417130
3   7   1   7   -0.0002491936
3   7   3   5   -0.0001327614
3   7   3   8   0.0000469947
3   7   4   7   -0.0007417130
3   8   1   5   -0.0002161878
3   8   1   8   -0.0001893017
3   8   2   6   0.0000447702
3   8   3   7   0.0000447702
3   8   4   5   -0.0004143184
3   8   4   8   0.0003191595
4   5   1   6   0.0001413533
4   5   1   7   0.0017470486
4   5   2   5   0.0000621120
4   5   2   8   0.0000033467
4   5   3   5   0.0007676697
4   5   3   8   0.0000413632
4   5   4   6   0.0001444571
4   5   4   7   0.0017854105
4   6   1   5   0.0001400453
4   6   1   8   0.0000954423
4   6   2   6   0.0000371023
4   6   2   7   0.0002538402
4   6   3   6   -0.0000485021
4   6   3   7   0.0000204884
4   6   4   5   0.0001428721
4   6   4   8   0.0001219610
4   7   1   5   0.0017308826
4   7   1   8   0.0011796142
4   7   2   6   0.0002532254
4   7   2   7   -0.0000039243
4   7   3   6   0.0000205381
4   7   3   7   0.0004585635
4   7   4   5   0.0017658202
4   7   4   8   0.0015073710
4   8   1   6   0.0000969998
4   8   1   7   0.0011988643
4   8   2   5   0.0000032575
4   8   2   8   -0.0000410885
4   8   3   5   0.0000402611
4   8   3   8   -0.0005078318
4   8   4   6   0.0001241181
4   8   4   7   0.0015340310
5   5   1   6   0.0017470486
5   5   1   7   -0.0001413533
5   5   2   5   0.0007676697
5   5   2   8   0.0000413632
5   5   3   5   -0.0000621120
5   5   3   8   -0.0000033467
5   5   4   6   0.0017854105
5   5   4   7   -0.0001444571
5   6   1   5   0.0017308826
5   6   1   8   0.0011796142
5   6   2   6   0.0004585635
5   6   2   7   -0.0000205381
5   6   3   6   0.0000039243
5   6   3   7   0.0002532254
5   6   4   5   0.0017658202
5   6   4   8   0.0015073710
5   7   1   5   -0.0001400453
5   7   1   8   -0.0000954423
5   7   2   6   -0.0000204884
5   7   2   7   -0.0000485021
5   7   3   6   0.0002538402
5   7   3   7   -0.0000371023
5   7   4   5   -0.0001428721
5   7   4   8   -0.0001219610
5   8   1   6   0.0011988643
5   8   1   7   -0.0000969998
5   8   2   5   0.0000402611
5   8   2   8   -0.0005078318
5   8   3   5   -0.0000032575
5   8   3   8   0.0000410885
5   8   4   6   0.0015340310
5   8   4   7   -0.0001241181

End IABC Block
