Begin IJ Block
1   1   -41.0649142803
1   2   0.0008538955
1   3   0.7513669436
1   6   0.0347701793
2   2   -6.4063118984
2   3   -0.0031887639
2   6   -0.0116280450
3   3   -9.4631693251
3   6   -0.0528172642
4   4   -8.2915765602
4   5   0.0000000000
5   5   -8.2915765602
6   6   -8.1036714102

End IJ Block
Begin IA Block
1   1   -0.0103815681
2   1   0.1001733677
3   1   0.0562304642
4   2   -0.2357740516
4   3   0.1004902520
5   2   0.1004902520
5   3   0.2357740516
6   1   -0.2047968358

End IA Block
Begin AB Block
1   1   -1.8783346160
2   2   -1.6174623365
2   3   -0.0000000000
3   3   -1.6174623365

End AB Block
Begin IJKL Block
1   7   1   7   5.3482124097
1   7   1   8   -0.0005417420
1   7   1   9   -0.5320063188
1   7   1   12   -0.0229714840
1   7   2   7   -0.0005417420
1   7   2   8   -0.0000073238
1   7   2   9   0.0000802612
1   7   2   12   -0.0000147771
1   7   3   7   -0.5320063188
1   7   3   8   0.0000802612
1   7   3   9   0.0814663961
1   7   3   12   0.0035982253
1   7   4   10   0.0312764485
1   7   5   11   0.0312764485
1   7   6   7   -0.0229714840
1   7   6   8   -0.0000147771
1   7   6   9   0.0035982253
1   7   6   12   0.0288845847
1   8   1   7   -0.0005417420
1   8   1   8   0.2181177310
1   8   1   9   0.0015989288
1   8   1   12   -0.0026853789
1   8   2   7   0.0000005989
1   8   2   8   -0.0000059195
1   8   2   9   0.0000007002
1   8   2   12   -0.0000001701
1   8   3   7   0.0000867968
1   8   3   8   0.0000214822
1   8   3   9   -0.0000237104
1   8   3   12   0.0000110952
1   8   4   10   0.0000464146
1   8   5   11   0.0000464146
1   8   6   7   -0.0000224356
1   8   6   8   -0.0023743441
1   8   6   9   -0.0000398399
1   8   6   12   0.0000835815
1   9   1   7   -0.5320063188
1   9   1   8   0.0015989288
1   9   1   9   1.2630247975
1   9   1   12   0.0276697322
1   9   2   7   0.0000867968
1   9   2   8   -0.0000043803
1   9   2   9   -0.0000272966
1   9   2   12   -0.0000247775
1   9   3   7   0.0860283233
1   9   3   8   -0.0000258978
1   9   3   9   -0.0237464751
1   9   3   12   -0.0010802852
1   9   4   10   0.0355890122
1   9   5   11   0.0355890122
1   9   6   7   0.0034937294
1   9   6   8   -0.0000357444
1   9   6   9   -0.0015481408
1   9   6   12   0.0331200231
1   10   1   10   1.1587365847
1   10   1   11   0.0000000000
1   10   2   10   -0.0000167029
1   10   3   10   -0.0154396161
1   10   3   11   0.0000000000
1   10   4   7   0.0364833857
1   10   4   8   0.0000469556
1   10   4   9   0.0362773206
1   10   4   12   0.0012271053
1   10   6   10   -0.0009680891
1   11   1   10   0.0000000000
1   11   1   11   1.1587365847
1   11   2   11   -0.0000167029
1   11   3   10   0.0000000000
1   11   3   11   -0.0154396161
1   11   5   7   0.0364833857
1   11   5   8   0.0000469556
1   11   5   9   0.0362773206
1   11   5   12   0.0012271053
1   11   6   11   -0.0009680891
1   12   1   7   -0.0229714840
1   12   1   8   -0.0026853789
1   12   1   9   0.0276697322
1   12   1   12   1.1112930445
1   12   2   7   -0.0000224356
1   12   2   8   -0.0000002146
1   12   2   9   -0.0000287924
1   12   2   12   -0.0000168371
1   12   3   7   0.0034937294
1   12   3   8   0.0000110798
1   12   3   9   -0.0011551468
1   12   3   12   -0.0145258754
1   12   4   10   0.0011169961
1   12   5   11   0.0011169961
1   12   6   7   0.0341865911
1   12   6   8   0.0000814530
1   12   6   9   0.0340829392
1   12   6   12   0.0010578715
2   7   1   7   -0.0005417420
2   7   1   8   0.0000005989
2   7   1   9   0.0000867968
2   7   1   12   -0.0000224356
2   7   2   7   0.2181177310
2   7   2   8   -0.0000059195
2   7   2   9   0.0000214822
2   7   2   12   -0.0023743441
2   7   3   7   0.0015989288
2   7   3   8   0.0000007002
2   7   3   9   -0.0000237104
2   7   3   12   -0.0000398399
2   7   4   10   0.0000464146
2   7   5   11   0.0000464146
2   7   6   7   -0.0026853789
2   7   6   8   -0.0000001701
2   7   6   9   0.0000110952
2   7   6   12   0.0000835815
2   8   1   7   -0.0000073238
2   8   1   8   -0.0000059195
2   8   1   9   -0.0000043803
2   8   1   12   -0.0000002146
2   8   2   7   -0.0000059195
2   8   2   8   1.6343852737
2   8   2   9   -0.0065693195
2   8   2   12   0.0328721120
2   8   3   7   -0.0000043803
2   8   3   8   -0.0065693195
2   8   3   9   -0.0000077103
2   8   3   12   -0.0001513993
2   8   4   10   -0.0000392142
2   8   4   11   -0.0000000000
2   8   5   10   -0.0000000000
2   8   5   11   -0.0000392142
2   8   6   7   -0.0000002146
2   8   6   8   0.0328721120
2   8   6   9   -0.0001513993
2   8   6   12   0.0006393428
2   9   1   7   0.0000802612
2   9   1   8   0.0000007002
2   9   1   9   -0.0000272966
2   9   1   12   -0.0000287924
2   9   2   7   0.0000214822
2   9   2   8   -0.0065693195
2   9   2   9   0.2193134016
2   9   2   12   -0.0310184373
2   9   3   7   -0.0000258978
2   9   3   8   0.0000512382
2   9   3   9   0.0011939378
2   9   3   12   -0.0002275448
2   9   4   10   0.0002776356
2   9   5   11   0.0002776356
2   9   6   7   0.0000110798
2   9   6   8   -0.0002411677
2   9   6   9   -0.0024310088
2   9   6   12   0.0006549131
2   10   1   10   -0.0000167029
2   10   2   10   0.2166184551
2   10   3   10   0.0010979782
2   10   4   7   0.0000469556
2   10   4   8   0.0000250421
2   10   4   9   0.0002933795
2   10   4   12   -0.0000990901
2   10   6   10   -0.0022371198
2   11   1   11   -0.0000167029
2   11   2   11   0.2166184551
2   11   3   11   0.0010979782
2   11   5   7   0.0000469556
2   11   5   8   0.0000250421
2   11   5   9   0.0002933795
2   11   5   12   -0.0000990901
2   11   6   11   -0.0022371198
2   12   1   7   -0.0000147771
2   12   1   8   -0.0000001701
2   12   1   9   -0.0000247775
2   12   1   12   -0.0000168371
2   12   2   7   -0.0023743441
2   12   2   8   0.0328721120
2   12   2   9   -0.0310184373
2   12   2   12   0.2407721571
2   12   3   7   -0.0000357444
2   12   3   8   -0.0002411677
2   12   3   9   -0.0002015520
2   12   3   12   0.0011201533
2   12   4   10   -0.0000746047
2   12   5   11   -0.0000746047
2   12   6   7   0.0000814530
2   12   6   8   0.0013851964
2   12   6   9   0.0006591737
2   12   6   12   -0.0025150931
3   7   1   7   -0.5320063188
3   7   1   8   0.0000867968
3   7   1   9   0.0860283233
3   7   1   12   0.0034937294
3   7   2   7   0.0015989288
3   7   2   8   -0.0000043803
3   7   2   9   -0.0000258978
3   7   2   12   -0.0000357444
3   7   3   7   1.2630247975
3   7   3   8   -0.0000272966
3   7   3   9   -0.0237464751
3   7   3   12   -0.0015481408
3   7   4   10   0.0355890122
3   7   5   11   0.0355890122
3   7   6   7   0.0276697322
3   7   6   8   -0.0000247775
3   7   6   9   -0.0010802852
3   7   6   12   0.0331200231
3   8   1   7   0.0000802612
3   8   1   8   0.0000214822
3   8   1   9   -0.0000258978
3   8   1   12   0.0000110798
3   8   2   7   0.0000007002
3   8   2   8   -0.0065693195
3   8   2   9   0.0000512382
3   8   2   12   -0.0002411677
3   8   3   7   -0.0000272966
3   8   3   8   0.2193134016
3   8   3   9   0.0011939378
3   8   3   12   -0.0024310088
3   8   4   10   0.0002776356
3   8   5   11   0.0002776356
3   8   6   7   -0.0000287924
3   8   6   8   -0.0310184373
3   8   6   9   -0.0002275448
3   8   6   12   0.0006549131
3   9   1   7   0.0814663961
3   9   1   8   -0.0000237104
3   9   1   9   -0.0237464751
3   9   1   12   -0.0011551468
3   9   2   7   -0.0000237104
3   9   2   8   -0.0000077103
3   9   2   9   0.0011939378
3   9   2   12   -0.0002015520
3   9   3   7   -0.0237464751
3   9   3   8   0.0011939378
3   9   3   9   0.8704419767
3   9   3   12   0.0110972965
3   9   4   10   0.1508948033
3   9   5   11   0.1508948033
3   9   6   7   -0.0011551468
3   9   6   8   -0.0002015520
3   9   6   9   0.0110972965
3   9   6   12   0.1441902474
3   10   1   10   -0.0154396161
3   10   1   11   0.0000000000
3   10   2   10   0.0010979782
3   10   3   10   0.8099868283
3   10   4   7   0.0362773206
3   10   4   8   0.0002933795
3   10   4   9   0.1556103544
3   10   4   12   0.0027114641
3   10   6   10   0.0104582261
3   11   1   10   0.0000000000
3   11   1   11   -0.0154396161
3   11   2   11   0.0010979782
3   11   3   11   0.8099868283
3   11   5   7   0.0362773206
3   11   5   8   0.0002933795
3   11   5   9   0.1556103544
3   11   5   12   0.0027114641
3   11   6   11   0.0104582261
3   12   1   7   0.0035982253
3   12   1   8   0.0000110952
3   12   1   9   -0.0010802852
3   12   1   12   -0.0145258754
3   12   2   7   -0.0000398399
3   12   2   8   -0.0001513993
3   12   2   9   -0.0002275448
3   12   2   12   0.0011201533
3   12   3   7   -0.0015481408
3   12   3   8   -0.0024310088
3   12   3   9   0.0110972965
3   12   3   12   0.7838996054
3   12   4   10   0.0025527351
3   12   5   11   0.0025527351
3   12   6   7   0.0340829392
3   12   6   8   0.0006591737
3   12   6   9   0.1495067187
3   12   6   12   0.0128936932
4   7   1   10   0.0364833857
4   7   2   10   0.0000469556
4   7   3   10   0.0362773206
4   7   4   7   1.1587365847
4   7   4   8   -0.0000167029
4   7   4   9   -0.0154396161
4   7   4   12   -0.0009680891
4   7   5   7   0.0000000000
4   7   5   9   0.0000000000
4   7   6   10   0.0012271053
4   8   1   10   0.0000469556
4   8   2   10   0.0000250421
4   8   3   10   0.0002933795
4   8   4   7   -0.0000167029
4   8   4   8   0.2166184551
4   8   4   9   0.0010979782
4   8   4   12   -0.0022371198
4   8   6   10   -0.0000990901
4   9   1   10   0.0362773206
4   9   2   10   0.0002933795
4   9   3   10   0.1556103544
4   9   4   7   -0.0154396161
4   9   4   8   0.0010979782
4   9   4   9   0.8099868283
4   9   4   12   0.0104582261
4   9   5   7   0.0000000000
4   9   6   10   0.0027114641
4   10   1   7   0.0312764485
4   10   1   8   0.0000464146
4   10   1   9   0.0355890122
4   10   1   12   0.0011169961
4   10   2   7   0.0000464146
4   10   2   8   -0.0000392142
4   10   2   9   0.0002776356
4   10   2   12   -0.0000746047
4   10   3   7   0.0355890122
4   10   3   8   0.0002776356
4   10   3   9   0.1508948033
4   10   3   12   0.0025527351
4   10   4   10   0.8009984687
4   10   4   11   -0.0000000000
4   10   5   10   -0.0000000000
4   10   5   11   0.0308451330
4   10   6   7   0.0011169961
4   10   6   8   -0.0000746047
4   10   6   9   0.0025527351
4   10   6   12   0.0294924175
4   11   2   8   -0.0000000000
4   11   4   10   -0.0000000000
4   11   4   11   0.7333404361
4   11   5   10   0.0368128996
4   11   5   11   -0.0000000000
4   12   1   10   0.0012271053
4   12   2   10   -0.0000990901
4   12   3   10   0.0027114641
4   12   4   7   -0.0009680891
4   12   4   8   -0.0022371198
4   12   4   9   0.0104582261
4   12   4   12   0.7108022462
4   12   5   12   -0.0000000000
4   12   6   10   0.0354125856
5   7   1   11   0.0364833857
5   7   2   11   0.0000469556
5   7   3   11   0.0362773206
5   7   4   7   0.0000000000
5   7   4   9   0.0000000000
5   7   5   7   1.1587365847
5   7   5   8   -0.0000167029
5   7   5   9   -0.0154396161
5   7   5   12   -0.0009680891
5   7   6   11   0.0012271053
5   8   1   11   0.0000469556
5   8   2   11   0.0000250421
5   8   3   11   0.0002933795
5   8   5   7   -0.0000167029
5   8   5   8   0.2166184551
5   8   5   9   0.0010979782
5   8   5   12   -0.0022371198
5   8   6   11   -0.0000990901
5   9   1   11   0.0362773206
5   9   2   11   0.0002933795
5   9   3   11   0.1556103544
5   9   4   7   0.0000000000
5   9   5   7   -0.0154396161
5   9   5   8   0.0010979782
5   9   5   9   0.8099868283
5   9   5   12   0.0104582261
5   9   6   11   0.0027114641
5   10   2   8   -0.0000000000
5   10   4   10   -0.0000000000
5   10   4   11   0.0368128996
5   10   5   10   0.7333404361
5   10   5   11   -0.0000000000
5   11   1   7   0.0312764485
5   11   1   8   0.0000464146
5   11   1   9   0.0355890122
5   11   1   12   0.0011169961
5   11   2   7   0.0000464146
5   11   2   8   -0.0000392142
5   11   2   9   0.0002776356
5   11   2   12   -0.0000746047
5   11   3   7   0.0355890122
5   11   3   8   0.0002776356
5   11   3   9   0.1508948033
5   11   3   12   0.0025527351
5   11   4   10   0.0308451330
5   11   4   11   -0.0000000000
5   11   5   10   -0.0000000000
5   11   5   11   0.8009984687
5   11   6   7   0.0011169961
5   11   6   8   -0.0000746047
5   11   6   9   0.0025527351
5   11   6   12   0.0294924175
5   12   1   11   0.0012271053
5   12   2   11   -0.0000990901
5   12   3   11   0.0027114641
5   12   4   12   -0.0000000000
5   12   5   7   -0.0009680891
5   12   5   8   -0.0022371198
5   12   5   9   0.0104582261
5   12   5   12   0.7108022462
5   12   6   11   0.0354125856
6   7   1   7   -0.0229714840
6   7   1   8   -0.0000224356
6   7   1   9   0.0034937294
6   7   1   12   0.0341865911
6   7   2   7   -0.0026853789
6   7   2   8   -0.0000002146
6   7   2   9   0.0000110798
6   7   2   12   0.0000814530
6   7   3   7   0.0276697322
6   7   3   8   -0.0000287924
6   7   3   9   -0.0011551468
6   7   3   12   0.0340829392
6   7   4   10   0.0011169961
6   7   5   11   0.0011169961
6   7   6   7   1.1112930445
6   7   6   8   -0.0000168371
6   7   6   9   -0.0145258754
6   7   6   12   0.0010578715
6   8   1   7   -0.0000147771
6   8   1   8   -0.0023743441
6   8   1   9   -0.0000357444
6   8   1   12   0.0000814530
6   8   2   7   -0.0000001701
6   8   2   8   0.0328721120
6   8   2   9   -0.0002411677
6   8   2   12   0.0013851964
6   8   3   7   -0.0000247775
6   8   3   8   -0.0310184373
6   8   3   9   -0.0002015520
6   8   3   12   0.0006591737
6   8   4   10   -0.0000746047
6   8   5   11   -0.0000746047
6   8   6   7   -0.0000168371
6   8   6   8   0.2407721571
6   8   6   9   0.0011201533
6   8   6   12   -0.0025150931
6   9   1   7   0.0035982253
6   9   1   8   -0.0000398399
6   9   1   9   -0.0015481408
6   9   1   12   0.0340829392
6   9   2   7   0.0000110952
6   9   2   8   -0.0001513993
6   9   2   9   -0.0024310088
6   9   2   12   0.0006591737
6   9   3   7   -0.0010802852
6   9   3   8   -0.0002275448
6   9   3   9   0.0110972965
6   9   3   12   0.1495067187
6   9   4   10   0.0025527351
6   9   5   11   0.0025527351
6   9   6   7   -0.0145258754
6   9   6   8   0.0011201533
6   9   6   9   0.7838996054
6   9   6   12   0.0128936932
6   10   1   10   -0.0009680891
6   10   2   10   -0.0022371198
6   10   3   10   0.0104582261
6   10   4   7   0.0012271053
6   10   4   8   -0.0000990901
6   10   4   9   0.0027114641
6   10   4   12   0.0354125856
6   10   6   10   0.7108022462
6   10   6   11   -0.0000000000
6   11   1   11   -0.0009680891
6   11   2   11   -0.0022371198
6   11   3   11   0.0104582261
6   11   5   7   0.0012271053
6   11   5   8   -0.0000990901
6   11   5   9   0.0027114641
6   11   5   12   0.0354125856
6   11   6   10   -0.0000000000
6   11   6   11   0.7108022462
6   12   1   7   0.0288845847
6   12   1   8   0.0000835815
6   12   1   9   0.0331200231
6   12   1   12   0.0010578715
6   12   2   7   0.0000835815
6   12   2   8   0.0006393428
6   12   2   9   0.0006549131
6   12   2   12   -0.0025150931
6   12   3   7   0.0331200231
6   12   3   8   0.0006549131
6   12   3   9   0.1441902474
6   12   3   12   0.0128936932
6   12   4   10   0.0294924175
6   12   5   11   0.0294924175
6   12   6   7   0.0010578715
6   12   6   8   -0.0025150931
6   12   6   9   0.0128936932
6   12   6   12   0.7517880555

End IJKL Block
Begin IJAB Block
1   7   1   4   0.0001909744
1   7   2   5   0.0002154671
1   7   3   6   0.0002154671
1   8   1   4   0.0000028049
1   8   2   5   -0.0000013330
1   8   3   6   -0.0000013330
1   9   1   4   0.0001689691
1   9   2   5   0.0002134181
1   9   3   6   0.0002134181
1   10   1   5   -0.0000081624
1   10   1   6   0.0000034789
1   10   2   4   -0.0000388126
1   10   3   4   0.0000165425
1   11   1   5   0.0000034789
1   11   1   6   0.0000081624
1   11   2   4   0.0000165425
1   11   3   4   0.0000388126
1   12   1   4   -0.0000461021
1   12   2   5   0.0000092030
1   12   3   6   0.0000092030
2   7   1   4   0.0000028049
2   7   2   5   -0.0000013330
2   7   3   6   -0.0000013330
2   8   1   4   0.0081719792
2   8   2   5   0.0008040462
2   8   3   6   0.0008040462
2   9   1   4   -0.0000284161
2   9   2   5   0.0000193531
2   9   3   6   0.0000193531
2   10   1   5   -0.0000493578
2   10   1   6   0.0000210370
2   10   2   4   -0.0001284370
2   10   3   4   0.0000547417
2   11   1   5   0.0000210370
2   11   1   6   0.0000493578
2   11   2   4   0.0000547417
2   11   3   4   0.0001284370
2   12   1   4   0.0002976311
2   12   2   5   -0.0002395253
2   12   3   6   -0.0002395253
3   7   1   4   0.0001689691
3   7   2   5   0.0002134181
3   7   3   6   0.0002134181
3   8   1   4   -0.0000284161
3   8   2   5   0.0000193531
3   8   3   6   0.0000193531
3   9   1   4   0.0009236986
3   9   2   5   0.0009334773
3   9   3   6   0.0009334773
3   10   1   5   -0.0005075655
3   10   1   6   0.0002163316
3   10   2   4   -0.0002451262
3   10   3   4   0.0001044762
3   11   1   5   0.0002163316
3   11   1   6   0.0005075655
3   11   2   4   0.0001044762
3   11   3   4   0.0002451262
3   12   1   4   -0.0007456091
3   12   2   5   -0.0000004276
3   12   3   6   -0.0000004276
4   7   1   5   -0.0000388126
4   7   1   6   0.0000165425
4   7   2   4   -0.0000081624
4   7   3   4   0.0000034789
4   8   1   5   -0.0001284370
4   8   1   6   0.0000547417
4   8   2   4   -0.0000493578
4   8   3   4   0.0000210370
4   9   1   5   -0.0002451262
4   9   1   6   0.0001044762
4   9   2   4   -0.0005075655
4   9   3   4   0.0002163316
4   10   1   4   0.0005991104
4   10   2   5   0.0026329024
4   10   2   6   -0.0009466449
4   10   3   5   -0.0009466449
4   10   3   6   0.0008153217
4   11   2   5   -0.0009466449
4   11   2   6   -0.0017361347
4   11   3   5   -0.0000814461
4   11   3   6   0.0009466449
4   12   1   5   0.0005706468
4   12   1   6   -0.0002432178
4   12   2   4   0.0019560541
4   12   3   4   -0.0008336980
5   7   1   5   0.0000165425
5   7   1   6   0.0000388126
5   7   2   4   0.0000034789
5   7   3   4   0.0000081624
5   8   1   5   0.0000547417
5   8   1   6   0.0001284370
5   8   2   4   0.0000210370
5   8   3   4   0.0000493578
5   9   1   5   0.0001044762
5   9   1   6   0.0002451262
5   9   2   4   0.0002163316
5   9   3   4   0.0005075655
5   10   2   5   -0.0009466449
5   10   2   6   -0.0000814461
5   10   3   5   -0.0017361347
5   10   3   6   0.0009466449
5   11   1   4   0.0005991104
5   11   2   5   0.0008153217
5   11   2   6   0.0009466449
5   11   3   5   0.0009466449
5   11   3   6   0.0026329024
5   12   1   5   -0.0002432178
5   12   1   6   -0.0005706468
5   12   2   4   -0.0008336980
5   12   3   4   -0.0019560541
6   7   1   4   -0.0000461021
6   7   2   5   0.0000092030
6   7   3   6   0.0000092030
6   8   1   4   0.0002976311
6   8   2   5   -0.0002395253
6   8   3   6   -0.0002395253
6   9   1   4   -0.0007456091
6   9   2   5   -0.0000004276
6   9   3   6   -0.0000004276
6   10   1   5   0.0019560541
6   10   1   6   -0.0008336980
6   10   2   4   0.0005706468
6   10   3   4   -0.0002432178
6   11   1   5   -0.0008336980
6   11   1   6   -0.0019560541
6   11   2   4   -0.0002432178
6   11   3   4   -0.0005706468
6   12   1   4   0.0031930145
6   12   2   5   0.0006161056
6   12   3   6   0.0006161056

End IJAB Block
Begin ABCD Block
1   4   1   4   0.2216214451
1   4   2   5   0.0262110163
1   4   3   6   0.0262110163
1   5   1   5   0.1540884408
1   5   2   4   0.0262111269
1   6   1   6   0.1540884408
1   6   3   4   0.0262111269
2   4   1   5   0.0262111269
2   4   2   4   0.1540884408
2   5   1   4   0.0262110163
2   5   2   5   0.1410960212
2   5   3   6   0.0080092652
2   6   2   6   0.1250775167
2   6   3   5   0.0080092393
3   4   1   6   0.0262111269
3   4   3   4   0.1540884408
3   5   2   6   0.0080092393
3   5   3   5   0.1250775167
3   6   1   4   0.0262110163
3   6   2   5   0.0080092652
3   6   3   6   0.1410960212

End ABCD Block
Begin AIJB Block
1   7   1   4   0.0001877676
1   7   2   4   0.0000028795
1   7   3   4   0.0001512465
1   7   4   5   -0.0000284669
1   7   4   6   0.0000121330
1   7   5   5   0.0000121330
1   7   5   6   0.0000284669
1   7   6   4   -0.0000167176
1   8   1   4   0.0000028795
1   8   2   4   0.0061817448
1   8   3   4   -0.0000105604
1   8   4   5   -0.0001040400
1   8   4   6   0.0000443433
1   8   5   5   0.0000443433
1   8   5   6   0.0001040400
1   8   6   4   0.0001721190
1   9   1   4   0.0001512465
1   9   2   4   -0.0000105604
1   9   3   4   0.0007024214
1   9   4   5   -0.0001018178
1   9   4   6   0.0000433962
1   9   5   5   0.0000433962
1   9   5   6   0.0001018178
1   9   6   4   -0.0003604578
1   10   1   5   0.0000073872
1   10   1   6   -0.0000031485
1   10   2   5   -0.0000386702
1   10   2   6   0.0000164818
1   10   3   5   -0.0002977713
1   10   3   6   0.0001269144
1   10   4   4   0.0003216057
1   10   6   5   0.0016174457
1   10   6   6   -0.0006893784
1   11   1   5   -0.0000031485
1   11   1   6   -0.0000073872
1   11   2   5   0.0000164818
1   11   2   6   0.0000386702
1   11   3   5   0.0001269144
1   11   3   6   0.0002977713
1   11   5   4   0.0003216057
1   11   6   5   -0.0006893784
1   11   6   6   -0.0016174457
1   12   1   4   -0.0000167176
1   12   2   4   0.0001721190
1   12   3   4   -0.0003604578
1   12   4   5   0.0003180579
1   12   4   6   -0.0001355608
1   12   5   5   -0.0001355608
1   12   5   6   -0.0003180579
1   12   6   4   0.0021106629
2   7   1   5   0.0002129758
2   7   2   5   -0.0000015329
2   7   3   5   0.0001936868
2   7   4   4   0.0000073872
2   7   5   4   -0.0000031485
2   7   6   5   0.0000140757
2   8   1   5   -0.0000015329
2   8   2   5   0.0007128530
2   8   3   5   0.0000104824
2   8   4   4   -0.0000386702
2   8   5   4   0.0000164818
2   8   6   5   -0.0001913940
2   9   1   5   0.0001936868
2   9   2   5   0.0000104824
2   9   3   5   0.0007377134
2   9   4   4   -0.0002977713
2   9   5   4   0.0001269144
2   9   6   5   0.0000324440
2   10   1   4   -0.0000284669
2   10   2   4   -0.0001040400
2   10   3   4   -0.0001018178
2   10   4   5   0.0020275611
2   10   4   6   -0.0007596475
2   10   5   5   -0.0007596475
2   10   5   6   0.0000775022
2   10   6   4   0.0003180579
2   11   1   4   0.0000121330
2   11   2   4   0.0000443433
2   11   3   4   0.0000433962
2   11   4   5   -0.0007596475
2   11   4   6   -0.0015360434
2   11   5   5   0.0005690199
2   11   5   6   0.0007596475
2   11   6   4   -0.0001355608
2   12   1   5   0.0000140757
2   12   2   5   -0.0001913940
2   12   3   5   0.0000324440
2   12   4   4   0.0016174457
2   12   5   4   -0.0006893784
2   12   6   5   0.0004680805
3   7   1   6   0.0002129758
3   7   2   6   -0.0000015329
3   7   3   6   0.0001936868
3   7   4   4   -0.0000031485
3   7   5   4   -0.0000073872
3   7   6   6   0.0000140757
3   8   1   6   -0.0000015329
3   8   2   6   0.0007128530
3   8   3   6   0.0000104824
3   8   4   4   0.0000164818
3   8   5   4   0.0000386702
3   8   6   6   -0.0001913940
3   9   1   6   0.0001936868
3   9   2   6   0.0000104824
3   9   3   6   0.0007377134
3   9   4   4   0.0001269144
3   9   5   4   0.0002977713
3   9   6   6   0.0000324440
3   10   1   4   0.0000121330
3   10   2   4   0.0000443433
3   10   3   4   0.0000433962
3   10   4   5   -0.0007596475
3   10   4   6   0.0005690199
3   10   5   5   -0.0015360434
3   10   5   6   0.0007596475
3   10   6   4   -0.0001355608
3   11   1   4   0.0000284669
3   11   2   4   0.0001040400
3   11   3   4   0.0001018178
3   11   4   5   0.0000775022
3   11   4   6   0.0007596475
3   11   5   5   0.0007596475
3   11   5   6   0.0020275611
3   11   6   4   -0.0003180579
3   12   1   6   0.0000140757
3   12   2   6   -0.0001913940
3   12   3   6   0.0000324440
3   12   4   4   -0.0006893784
3   12   5   4   -0.0016174457
3   12   6   6   0.0004680805

1   7   7   1   -0.1350269168
1   7   8   1   -0.0000012760
1   7   9   1   0.0000686369
1   7   10   2   0.0003014716
1   7   10   3   -0.0001284915
1   7   11   2   -0.0001284915
1   7   11   3   -0.0003014716
1   7   12   1   0.0008408899
1   8   7   1   -0.0000012760
1   8   8   1   -0.2570916741
1   8   9   1   0.0004221404
1   8   10   2   0.0002187105
1   8   10   3   -0.0000932175
1   8   11   2   -0.0000932175
1   8   11   3   -0.0002187105
1   8   12   1   -0.0016659573
1   9   7   1   0.0000686369
1   9   8   1   0.0004221404
1   9   9   1   -0.1336255086
1   9   10   2   0.0033811007
1   9   10   3   -0.0014410732
1   9   11   2   -0.0014410732
1   9   11   3   -0.0033811007
1   9   12   1   0.0100182161
1   10   7   2   0.0003036995
1   10   7   3   -0.0001294410
1   10   8   2   0.0002196157
1   10   8   3   -0.0000936033
1   10   9   2   0.0033818354
1   10   9   3   -0.0014413863
1   10   10   1   -0.1333143970
1   10   12   2   -0.0013221824
1   10   12   3   0.0005635329
1   11   7   2   -0.0001294410
1   11   7   3   -0.0003036995
1   11   8   2   -0.0000936033
1   11   8   3   -0.0002196157
1   11   9   2   -0.0014413863
1   11   9   3   -0.0033818354
1   11   11   1   -0.1333143970
1   11   12   2   0.0005635329
1   11   12   3   0.0013221824
1   12   7   1   0.0008408899
1   12   8   1   -0.0016659573
1   12   9   1   0.0100182161
1   12   10   2   -0.0013418553
1   12   10   3   0.0005719178
1   12   11   2   0.0005719178
1   12   11   3   0.0013418553
1   12   12   1   -0.1383196419
2   7   7   2   -0.1312899038
2   7   8   2   -0.0000004595
2   7   9   2   0.0000818919
2   7   10   1   0.0003036995
2   7   11   1   -0.0001294410
2   7   12   2   0.0004819893
2   8   7   2   -0.0000004595
2   8   8   2   -0.1739746023
2   8   9   2   0.0001088714
2   8   10   1   0.0002196157
2   8   11   1   -0.0000936033
2   8   12   2   -0.0003238190
2   9   7   2   0.0000818919
2   9   8   2   0.0001088714
2   9   9   2   -0.1294453135
2   9   10   1   0.0033818354
2   9   11   1   -0.0014413863
2   9   12   2   0.0059924180
2   10   7   1   0.0003014716
2   10   8   1   0.0002187105
2   10   9   1   0.0033811007
2   10   10   2   -0.1299769648
2   10   10   3   0.0005122509
2   10   11   2   0.0005122509
2   10   11   3   0.0005022793
2   10   12   1   -0.0013418553
2   11   7   1   -0.0001284915
2   11   8   1   -0.0000932175
2   11   9   1   -0.0014410732
2   11   10   2   0.0005122509
2   11   10   3   0.0004812545
2   11   11   2   -0.1289934309
2   11   11   3   -0.0005122509
2   11   12   1   0.0005719178
2   12   7   2   0.0004819893
2   12   8   2   -0.0003238190
2   12   9   2   0.0059924180
2   12   10   1   -0.0013221824
2   12   11   1   0.0005635329
2   12   12   2   -0.1311781213
3   7   7   3   -0.1312899038
3   7   8   3   -0.0000004595
3   7   9   3   0.0000818919
3   7   10   1   -0.0001294410
3   7   11   1   -0.0003036995
3   7   12   3   0.0004819893
3   8   7   3   -0.0000004595
3   8   8   3   -0.1739746023
3   8   9   3   0.0001088714
3   8   10   1   -0.0000936033
3   8   11   1   -0.0002196157
3   8   12   3   -0.0003238190
3   9   7   3   0.0000818919
3   9   8   3   0.0001088714
3   9   9   3   -0.1294453135
3   9   10   1   -0.0014413863
3   9   11   1   -0.0033818354
3   9   12   3   0.0059924180
3   10   7   1   -0.0001284915
3   10   8   1   -0.0000932175
3   10   9   1   -0.0014410732
3   10   10   2   0.0005122509
3   10   10   3   -0.1289934309
3   10   11   2   0.0004812545
3   10   11   3   -0.0005122509
3   10   12   1   0.0005719178
3   11   7   1   -0.0003014716
3   11   8   1   -0.0002187105
3   11   9   1   -0.0033811007
3   11   10   2   0.0005022793
3   11   10   3   -0.0005122509
3   11   11   2   -0.0005122509
3   11   11   3   -0.1299769648
3   11   12   1   0.0013418553
3   12   7   3   0.0004819893
3   12   8   3   -0.0003238190
3   12   9   3   0.0059924180
3   12   10   1   0.0005635329
3   12   11   1   0.0013221824
3   12   12   3   -0.1311781213

End AIJB Block
Begin IJKA Block
1   7   1   4   0.0082669430
1   7   2   4   -0.0000039753
1   7   3   4   -0.0014111005
1   7   4   5   0.0024868067
1   7   4   6   -0.0010599124
1   7   5   5   -0.0010599124
1   7   5   6   -0.0024868067
1   7   6   4   0.0022592961
1   8   1   4   -0.0023163567
1   8   2   4   0.0000010295
1   8   3   4   0.0000052251
1   8   4   5   -0.0000221342
1   8   4   6   0.0000094339
1   8   5   5   0.0000094339
1   8   5   6   0.0000221342
1   8   6   4   0.0000507829
1   9   1   4   -0.0101039453
1   9   2   4   -0.0000017237
1   9   3   4   0.0001902604
1   9   4   5   0.0023531740
1   9   4   6   -0.0010029562
1   9   5   5   -0.0010029562
1   9   5   6   -0.0023531740
1   9   6   4   0.0022503117
1   10   1   5   0.0377533772
1   10   1   6   -0.0160910260
1   10   2   5   -0.0000015713
1   10   2   6   0.0000006697
1   10   3   5   0.0001065722
1   10   3   6   -0.0000454226
1   10   4   4   -0.0004132017
1   10   6   5   0.0000870583
1   10   6   6   -0.0000371055
1   11   1   5   -0.0160910260
1   11   1   6   -0.0377533772
1   11   2   5   0.0000006697
1   11   2   6   0.0000015713
1   11   3   5   -0.0000454226
1   11   3   6   -0.0001065722
1   11   5   4   -0.0004132017
1   11   6   5   -0.0000371055
1   11   6   6   -0.0000870583
1   12   1   4   0.0335589520
1   12   2   4   -0.0000016638
1   12   3   4   0.0002746747
1   12   4   5   0.0001582348
1   12   4   6   -0.0000674419
1   12   5   5   -0.0000674419
1   12   5   6   -0.0001582348
1   12   6   4   -0.0002400344
2   7   1   4   0.0000005421
2   7   2   4   -0.0001506738
2   7   3   4   0.0000004204
2   7   4   5   0.0000028303
2   7   4   6   -0.0000012063
2   7   5   5   -0.0000012063
2   7   5   6   -0.0000028303
2   7   6   4   0.0000051945
2   8   1   4   0.0000006020
2   8   2   4   -0.0791980778
2   8   3   4   0.0003954064
2   8   4   5   -0.0001049663
2   8   4   6   0.0000447381
2   8   5   5   0.0000447381
2   8   5   6   0.0001049663
2   8   6   4   -0.0021049394
2   9   1   4   0.0000016904
2   9   2   4   -0.0002230524
2   9   3   4   -0.0000126367
2   9   4   5   0.0000074587
2   9   4   6   -0.0000031790
2   9   5   5   -0.0000031790
2   9   5   6   -0.0000074587
2   9   6   4   0.0000505524
2   10   1   5   0.0000009638
2   10   1   6   -0.0000004108
2   10   2   5   -0.0012524210
2   10   2   6   0.0005337996
2   10   3   5   0.0000478386
2   10   3   6   -0.0000203895
2   10   4   4   0.0000210342
2   10   6   5   -0.0000803361
2   10   6   6   0.0000342404
2   11   1   5   -0.0000004108
2   11   1   6   -0.0000009638
2   11   2   5   0.0005337996
2   11   2   6   0.0012524210
2   11   3   5   -0.0000203895
2   11   3   6   -0.0000478386
2   11   5   4   0.0000210342
2   11   6   5   0.0000342404
2   11   6   6   0.0000803361
2   12   1   4   0.0000011398
2   12   2   4   -0.0079556453
2   12   3   4   0.0000652471
2   12   4   5   0.0000366508
2   12   4   6   -0.0000156211
2   12   5   5   -0.0000156211
2   12   5   6   -0.0000366508
2   12   6   4   -0.0001454803
3   7   1   4   -0.0015474616
3   7   2   4   -0.0000026123
3   7   3   4   0.0002257249
3   7   4   5   0.0026620954
3   7   4   6   -0.0011346229
3   7   5   5   -0.0011346229
3   7   5   6   -0.0026620954
3   7   6   4   0.0025198422
3   8   1   4   0.0000060028
3   8   2   4   0.0004039404
3   8   3   4   -0.0022835924
3   8   4   5   -0.0002635303
3   8   4   6   0.0001123203
3   8   5   5   0.0001123203
3   8   5   6   0.0002635303
3   8   6   4   0.0006089339
3   9   1   4   0.0000589194
3   9   2   4   -0.0000103827
3   9   3   4   -0.0065435408
3   9   4   5   0.0098406332
3   9   4   6   -0.0041942177
3   9   5   5   -0.0041942177
3   9   5   6   -0.0098406332
3   9   6   4   0.0097038189
3   10   1   5   0.0004322978
3   10   1   6   -0.0001842515
3   10   2   5   0.0000207909
3   10   2   6   -0.0000088614
3   10   3   5   0.0284680756
3   10   3   6   -0.0121334984
3   10   4   4   -0.0011159187
3   10   6   5   0.0011337899
3   10   6   6   -0.0004832374
3   11   1   5   -0.0001842515
3   11   1   6   -0.0004322978
3   11   2   5   -0.0000088614
3   11   2   6   -0.0000207909
3   11   3   5   -0.0121334984
3   11   3   6   -0.0284680756
3   11   5   4   -0.0011159187
3   11   6   5   -0.0004832374
3   11   6   6   -0.0011337899
3   12   1   4   0.0006099874
3   12   2   4   0.0000237678
3   12   3   4   0.0267176871
3   12   4   5   0.0009761183
3   12   4   6   -0.0004160355
3   12   5   5   -0.0004160355
3   12   5   6   -0.0009761183
3   12   6   4   0.0000454703
4   7   1   5   0.0029559120
4   7   1   6   -0.0012598517
4   7   2   5   0.0000030250
4   7   2   6   -0.0000012893
4   7   3   5   0.0027668748
4   7   3   6   -0.0011792813
4   7   4   4   0.0001470739
4   7   6   5   0.0000914312
4   7   6   6   -0.0000389693
4   8   1   5   -0.0000189617
4   8   1   6   0.0000080818
4   8   2   5   -0.0001028929
4   8   2   6   0.0000438544
4   8   3   5   -0.0002492027
4   8   3   6   0.0001062138
4   8   4   4   -0.0021792637
4   8   6   5   0.0001641965
4   8   6   6   -0.0000699829
4   9   1   5   0.0024854689
4   9   1   6   -0.0010593422
4   9   2   5   -0.0000002324
4   9   2   6   0.0000000991
4   9   3   5   0.0098310740
4   9   3   6   -0.0041901435
4   9   4   4   -0.0056216830
4   9   6   5   0.0002539462
4   9   6   6   -0.0001082355
4   10   1   4   -0.0003717639
4   10   2   4   0.0000226067
4   10   3   4   -0.0011404580
4   10   4   5   0.0306956194
4   10   4   6   -0.0130829093
4   10   5   5   -0.0012207912
4   10   5   6   -0.0028642668
4   10   6   4   0.0029443667
4   11   4   5   -0.0105914827
4   11   4   6   -0.0248501396
4   11   5   5   0.0029812130
4   11   5   6   -0.0012706354
4   12   1   5   0.0001617313
4   12   1   6   -0.0000689322
4   12   2   5   0.0000366355
4   12   2   6   -0.0000156146
4   12   3   5   0.0007871605
4   12   3   6   -0.0003354990
4   12   4   4   0.0231813631
4   12   6   5   0.0029230489
4   12   6   6   -0.0012458450
5   7   1   5   -0.0012598517
5   7   1   6   -0.0029559120
5   7   2   5   -0.0000012893
5   7   2   6   -0.0000030250
5   7   3   5   -0.0011792813
5   7   3   6   -0.0027668748
5   7   5   4   0.0001470739
5   7   6   5   -0.0000389693
5   7   6   6   -0.0000914312
5   8   1   5   0.0000080818
5   8   1   6   0.0000189617
5   8   2   5   0.0000438544
5   8   2   6   0.0001028929
5   8   3   5   0.0001062138
5   8   3   6   0.0002492027
5   8   5   4   -0.0021792637
5   8   6   5   -0.0000699829
5   8   6   6   -0.0001641965
5   9   1   5   -0.0010593422
5   9   1   6   -0.0024854689
5   9   2   5   0.0000000991
5   9   2   6   0.0000002324
5   9   3   5   -0.0041901435
5   9   3   6   -0.0098310740
5   9   5   4   -0.0056216830
5   9   6   5   -0.0001082355
5   9   6   6   -0.0002539462
5   10   4   5   -0.0012706354
5   10   4   6   -0.0029812130
5   10   5   5   0.0248501396
5   10   5   6   -0.0105914827
5   11   1   4   -0.0003717639
5   11   2   4   0.0000226067
5   11   3   4   -0.0011404580
5   11   4   5   0.0028642668
5   11   4   6   -0.0012207912
5   11   5   5   -0.0130829093
5   11   5   6   -0.0306956194
5   11   6   4   0.0029443667
5   12   1   5   -0.0000689322
5   12   1   6   -0.0001617313
5   12   2   5   -0.0000156146
5   12   2   6   -0.0000366355
5   12   3   5   -0.0003354990
5   12   3   6   -0.0007871605
5   12   5   4   0.0231813631
5   12   6   5   -0.0012458450
5   12   6   6   -0.0029230489
6   7   1   4   0.0027780755
6   7   2   4   0.0000039971
6   7   3   4   0.0026878886
6   7   4   5   0.0000729445
6   7   4   6   -0.0000310900
6   7   5   5   -0.0000310900
6   7   5   6   -0.0000729445
6   7   6   4   0.0002798958
6   8   1   4   0.0000454289
6   8   2   4   -0.0022512408
6   8   3   4   0.0005709356
6   8   4   5   0.0001616234
6   8   4   6   -0.0000688862
6   8   5   5   -0.0000688862
6   8   5   6   -0.0001616234
6   8   6   4   -0.0028336875
6   9   1   4   0.0024549762
6   9   2   4   0.0000234725
6   9   3   4   0.0098391472
6   9   4   5   0.0002959091
6   9   4   6   -0.0001261207
6   9   5   5   -0.0001261207
6   9   5   6   -0.0002959091
6   9   6   4   -0.0051168620
6   10   1   5   0.0000921777
6   10   1   6   -0.0000392875
6   10   2   5   -0.0000114273
6   10   2   6   0.0000048705
6   10   3   5   0.0007664972
6   10   3   6   -0.0003266920
6   10   4   4   0.0029677452
6   10   6   5   0.0242777802
6   10   6   6   -0.0103475350
6   11   1   5   -0.0000392875
6   11   1   6   -0.0000921777
6   11   2   5   0.0000048705
6   11   2   6   0.0000114273
6   11   3   5   -0.0003266920
6   11   3   6   -0.0007664972
6   11   5   4   0.0029677452
6   11   6   5   -0.0103475350
6   11   6   6   -0.0242777802
6   12   1   4   -0.0001820552
6   12   2   4   -0.0000071136
6   12   3   4   -0.0004425564
6   12   4   5   0.0027104938
6   12   4   6   -0.0011552510
6   12   5   5   -0.0011552510
6   12   5   6   -0.0027104938
6   12   6   4   0.0289586195

End IJKA Block
Begin IABC Block
1   4   1   4   -0.0000529180
1   4   2   5   -0.0000224051
1   4   3   6   -0.0000224051
1   5   1   5   -0.0000288687
1   5   2   4   -0.0000225721
1   6   1   6   -0.0000288687
1   6   3   4   -0.0000225721
2   4   1   4   0.0008604753
2   4   2   5   0.0012499040
2   4   3   6   0.0012499040
2   5   1   5   0.0001434775
2   5   2   4   0.0012569400
2   6   1   6   0.0001434775
2   6   3   4   0.0012569400
3   4   1   4   -0.0002352363
3   4   2   5   0.0000334473
3   4   3   6   0.0000334473
3   5   1   5   -0.0001505228
3   5   2   4   0.0000324040
3   6   1   6   -0.0001505228
3   6   3   4   0.0000324040
4   4   1   5   -0.0008801430
4   4   1   6   0.0003751295
4   4   2   4   -0.0009220180
4   4   3   4   0.0003929772
4   5   1   4   -0.0008781878
4   5   2   5   -0.0009029691
4   5   2   6   0.0001268302
4   5   3   5   0.0001319192
4   5   3   6   -0.0002958813
4   6   1   4   0.0003742961
4   6   2   5   0.0001261088
4   6   2   6   -0.0003095139
4   6   3   5   -0.0002975739
4   6   3   6   0.0003848583
5   4   1   5   0.0003751295
5   4   1   6   0.0008801430
5   4   2   4   0.0003929772
5   4   3   4   0.0009220180
5   5   1   4   0.0003742961
5   5   2   5   0.0003848583
5   5   2   6   0.0002975739
5   5   3   5   0.0003095139
5   5   3   6   0.0001261088
5   6   1   4   0.0008781878
5   6   2   5   0.0002958813
5   6   2   6   0.0001319192
5   6   3   5   0.0001268302
5   6   3   6   0.0009029691
6   4   1   4   -0.0027012082
6   4   2   5   -0.0014834639
6   4   3   6   -0.0014834639
6   5   1   5   -0.0015352879
6   5   2   4   -0.0014888196
6   6   1   6   -0.0015352879
6   6   3   4   -0.0014888196

End IABC Block
