Begin IJ Block
1   1   -40.7322973560
1   2   0.0000258561
1   3   0.7522483742
1   6   0.0119650929
2   2   -5.4779539713
2   3   -0.0002287913
2   6   -0.0042778285
3   3   -9.1407600554
3   6   -0.0343521195
4   4   -8.0520358896
5   5   -8.0520358896
6   6   -7.7576202792

End IJ Block
Begin IA Block
1   1   -0.0016709970
1   4   -0.0186222494
2   1   0.1119292446
2   4   0.0511987736
3   1   0.0133649398
3   4   0.0965801664
4   2   0.0825364461
4   3   0.1014373717
5   2   0.1014373717
5   3   -0.0825364461
6   1   -0.0097246430
6   4   -0.2609137263

End IA Block
Begin AB Block
1   1   -1.7064285474
1   4   -0.3441738720
2   2   -1.5109625348
3   3   -1.5109625348
4   4   -1.8056864551

End AB Block
Begin IJKL Block
1   7   1   7   5.3485029365
1   7   1   8   -0.0000203969
1   7   1   9   -0.5321858084
1   7   1   12   -0.0083224168
1   7   2   7   -0.0000203969
1   7   2   8   -0.0000014008
1   7   2   9   0.0000035784
1   7   2   12   -0.0000048863
1   7   3   7   -0.5321858084
1   7   3   8   0.0000035784
1   7   3   9   0.0815975599
1   7   3   12   0.0013061384
1   7   4   10   0.0319107540
1   7   5   11   0.0319107540
1   7   6   7   -0.0083224168
1   7   6   8   -0.0000048863
1   7   6   9   0.0013061384
1   7   6   12   0.0301446011
1   8   1   7   -0.0000203969
1   8   1   8   0.1146535301
1   8   1   9   0.0000244800
1   8   1   12   -0.0001586673
1   8   2   7   0.0000008664
1   8   2   8   0.0000006570
1   8   2   9   0.0000010551
1   8   2   12   0.0000000054
1   8   3   7   0.0000037589
1   8   3   8   0.0000074387
1   8   3   9   -0.0000006648
1   8   3   12   0.0000003161
1   8   4   10   0.0000008367
1   8   5   11   0.0000008367
1   8   6   7   -0.0000053379
1   8   6   8   -0.0006637990
1   8   6   9   -0.0000054113
1   8   6   12   0.0000015812
1   9   1   7   -0.5321858084
1   9   1   8   0.0000244800
1   9   1   9   1.2626493655
1   9   1   12   0.0112912621
1   9   2   7   0.0000037589
1   9   2   8   -0.0000012694
1   9   2   9   -0.0000007749
1   9   2   12   -0.0000051588
1   9   3   7   0.0861710502
1   9   3   8   -0.0000008117
1   9   3   9   -0.0236716266
1   9   3   12   -0.0003889508
1   9   4   10   0.0362859474
1   9   5   11   0.0362859474
1   9   6   7   0.0012783669
1   9   6   8   -0.0000051105
1   9   6   9   -0.0004966164
1   9   6   12   0.0342534595
1   10   1   10   1.1713648790
1   10   2   10   -0.0000003632
1   10   3   10   -0.0154828127
1   10   4   7   0.0370991074
1   10   4   8   0.0000008884
1   10   4   9   0.0369206781
1   10   4   12   0.0004725072
1   10   6   10   -0.0002962802
1   11   1   11   1.1713648790
1   11   2   11   -0.0000003632
1   11   3   11   -0.0154828127
1   11   5   7   0.0370991074
1   11   5   8   0.0000008884
1   11   5   9   0.0369206781
1   11   5   12   0.0004725072
1   11   6   11   -0.0002962802
1   12   1   7   -0.0083224168
1   12   1   8   -0.0001586673
1   12   1   9   0.0112912621
1   12   1   12   1.1143125107
1   12   2   7   -0.0000053379
1   12   2   8   -0.0000002775
1   12   2   9   -0.0000055993
1   12   2   12   -0.0000004374
1   12   3   7   0.0012783669
1   12   3   8   0.0000003414
1   12   3   9   -0.0004023941
1   12   3   12   -0.0144705173
1   12   4   10   0.0004386645
1   12   5   11   0.0004386645
1   12   6   7   0.0348832091
1   12   6   8   0.0000014800
1   12   6   9   0.0349368714
1   12   6   12   0.0004096585
2   7   1   7   -0.0000203969
2   7   1   8   0.0000008664
2   7   1   9   0.0000037589
2   7   1   12   -0.0000053379
2   7   2   7   0.1146535301
2   7   2   8   0.0000006570
2   7   2   9   0.0000074387
2   7   2   12   -0.0006637990
2   7   3   7   0.0000244800
2   7   3   8   0.0000010551
2   7   3   9   -0.0000006648
2   7   3   12   -0.0000054113
2   7   4   10   0.0000008367
2   7   5   11   0.0000008367
2   7   6   7   -0.0001586673
2   7   6   8   0.0000000054
2   7   6   9   0.0000003161
2   7   6   12   0.0000015812
2   8   1   7   -0.0000014008
2   8   1   8   0.0000006570
2   8   1   9   -0.0000012694
2   8   1   12   -0.0000002775
2   8   2   7   0.0000006570
2   8   2   8   1.6357923174
2   8   2   9   0.0001057802
2   8   2   12   0.0052518665
2   8   3   7   -0.0000012694
2   8   3   8   0.0001057802
2   8   3   9   0.0000106260
2   8   3   12   -0.0000208315
2   8   4   10   0.0000235557
2   8   4   11   0.0000000000
2   8   5   10   -0.0000000000
2   8   5   11   0.0000235557
2   8   6   7   -0.0000002775
2   8   6   8   0.0052518665
2   8   6   9   -0.0000208315
2   8   6   12   0.0002350816
2   9   1   7   0.0000035784
2   9   1   8   0.0000010551
2   9   1   9   -0.0000007749
2   9   1   12   -0.0000055993
2   9   2   7   0.0000074387
2   9   2   8   0.0001057802
2   9   2   9   0.1149815749
2   9   2   12   -0.0081722355
2   9   3   7   -0.0000008117
2   9   3   8   0.0000072365
2   9   3   9   0.0000150011
2   9   3   12   -0.0000232548
2   9   4   10   0.0000027876
2   9   5   11   0.0000027876
2   9   6   7   0.0000003414
2   9   6   8   0.0000019951
2   9   6   9   -0.0001301101
2   9   6   12   0.0000110500
2   10   1   10   -0.0000003632
2   10   2   10   0.1146124146
2   10   3   10   0.0000135391
2   10   4   7   0.0000008884
2   10   4   8   -0.0000030144
2   10   4   9   0.0000030422
2   10   4   12   -0.0000057361
2   10   6   10   -0.0001200464
2   11   1   11   -0.0000003632
2   11   2   11   0.1146124146
2   11   3   11   0.0000135391
2   11   5   7   0.0000008884
2   11   5   8   -0.0000030144
2   11   5   9   0.0000030422
2   11   5   12   -0.0000057361
2   11   6   11   -0.0001200464
2   12   1   7   -0.0000048863
2   12   1   8   0.0000000054
2   12   1   9   -0.0000051588
2   12   1   12   -0.0000004374
2   12   2   7   -0.0006637990
2   12   2   8   0.0052518665
2   12   2   9   -0.0081722355
2   12   2   12   0.1219129042
2   12   3   7   -0.0000051105
2   12   3   8   0.0000019951
2   12   3   9   -0.0000219067
2   12   3   12   0.0000153010
2   12   4   10   -0.0000052477
2   12   5   11   -0.0000052477
2   12   6   7   0.0000014800
2   12   6   8   0.0001570389
2   12   6   9   0.0000129264
2   12   6   12   -0.0001614693
3   7   1   7   -0.5321858084
3   7   1   8   0.0000037589
3   7   1   9   0.0861710502
3   7   1   12   0.0012783669
3   7   2   7   0.0000244800
3   7   2   8   -0.0000012694
3   7   2   9   -0.0000008117
3   7   2   12   -0.0000051105
3   7   3   7   1.2626493655
3   7   3   8   -0.0000007749
3   7   3   9   -0.0236716266
3   7   3   12   -0.0004966164
3   7   4   10   0.0362859474
3   7   5   11   0.0362859474
3   7   6   7   0.0112912621
3   7   6   8   -0.0000051588
3   7   6   9   -0.0003889508
3   7   6   12   0.0342534595
3   8   1   7   0.0000035784
3   8   1   8   0.0000074387
3   8   1   9   -0.0000008117
3   8   1   12   0.0000003414
3   8   2   7   0.0000010551
3   8   2   8   0.0001057802
3   8   2   9   0.0000072365
3   8   2   12   0.0000019951
3   8   3   7   -0.0000007749
3   8   3   8   0.1149815749
3   8   3   9   0.0000150011
3   8   3   12   -0.0001301101
3   8   4   10   0.0000027876
3   8   5   11   0.0000027876
3   8   6   7   -0.0000055993
3   8   6   8   -0.0081722355
3   8   6   9   -0.0000232548
3   8   6   12   0.0000110500
3   9   1   7   0.0815975599
3   9   1   8   -0.0000006648
3   9   1   9   -0.0236716266
3   9   1   12   -0.0004023941
3   9   2   7   -0.0000006648
3   9   2   8   0.0000106260
3   9   2   9   0.0000150011
3   9   2   12   -0.0000219067
3   9   3   7   -0.0236716266
3   9   3   8   0.0000150011
3   9   3   9   0.8716117945
3   9   3   12   0.0052332469
3   9   4   10   0.1543797653
3   9   5   11   0.1543797653
3   9   6   7   -0.0004023941
3   9   6   8   -0.0000219067
3   9   6   9   0.0052332469
3   9   6   12   0.1478263475
3   10   1   10   -0.0154828127
3   10   2   10   0.0000135391
3   10   3   10   0.8199107484
3   10   4   7   0.0369206781
3   10   4   8   0.0000030422
3   10   4   9   0.1593432996
3   10   4   12   0.0012598176
3   10   6   10   0.0051552988
3   11   1   11   -0.0154828127
3   11   2   11   0.0000135391
3   11   3   11   0.8199107484
3   11   5   7   0.0369206781
3   11   5   8   0.0000030422
3   11   5   9   0.1593432996
3   11   5   12   0.0012598176
3   11   6   11   0.0051552988
3   12   1   7   0.0013061384
3   12   1   8   0.0000003161
3   12   1   9   -0.0003889508
3   12   1   12   -0.0144705173
3   12   2   7   -0.0000054113
3   12   2   8   -0.0000208315
3   12   2   9   -0.0000232548
3   12   2   12   0.0000153010
3   12   3   7   -0.0004966164
3   12   3   8   -0.0001301101
3   12   3   9   0.0052332469
3   12   3   12   0.7866058639
3   12   4   10   0.0011663188
3   12   5   11   0.0011663188
3   12   6   7   0.0349368714
3   12   6   8   0.0000129264
3   12   6   9   0.1527215761
3   12   6   12   0.0050036079
4   7   1   10   0.0370991074
4   7   2   10   0.0000008884
4   7   3   10   0.0369206781
4   7   4   7   1.1713648790
4   7   4   8   -0.0000003632
4   7   4   9   -0.0154828127
4   7   4   12   -0.0002962802
4   7   6   10   0.0004725072
4   8   1   10   0.0000008884
4   8   2   10   -0.0000030144
4   8   3   10   0.0000030422
4   8   4   7   -0.0000003632
4   8   4   8   0.1146124146
4   8   4   9   0.0000135391
4   8   4   12   -0.0001200464
4   8   6   10   -0.0000057361
4   9   1   10   0.0369206781
4   9   2   10   0.0000030422
4   9   3   10   0.1593432996
4   9   4   7   -0.0154828127
4   9   4   8   0.0000135391
4   9   4   9   0.8199107484
4   9   4   12   0.0051552988
4   9   6   10   0.0012598176
4   10   1   7   0.0319107540
4   10   1   8   0.0000008367
4   10   1   9   0.0362859474
4   10   1   12   0.0004386645
4   10   2   7   0.0000008367
4   10   2   8   0.0000235557
4   10   2   9   0.0000027876
4   10   2   12   -0.0000052477
4   10   3   7   0.0362859474
4   10   3   8   0.0000027876
4   10   3   9   0.1543797653
4   10   3   12   0.0011663188
4   10   4   10   0.8194947732
4   10   5   11   0.0322331580
4   10   6   7   0.0004386645
4   10   6   8   -0.0000052477
4   10   6   9   0.0011663188
4   10   6   12   0.0314746273
4   11   2   8   0.0000000000
4   11   4   11   0.7488579884
4   11   5   10   0.0384036268
4   11   6   12   0.0000000000
4   12   1   10   0.0004725072
4   12   2   10   -0.0000057361
4   12   3   10   0.0012598176
4   12   4   7   -0.0002962802
4   12   4   8   -0.0001200464
4   12   4   9   0.0051552988
4   12   4   12   0.7202612355
4   12   6   10   0.0373334990
5   7   1   11   0.0370991074
5   7   2   11   0.0000008884
5   7   3   11   0.0369206781
5   7   5   7   1.1713648790
5   7   5   8   -0.0000003632
5   7   5   9   -0.0154828127
5   7   5   12   -0.0002962802
5   7   6   11   0.0004725072
5   8   1   11   0.0000008884
5   8   2   11   -0.0000030144
5   8   3   11   0.0000030422
5   8   5   7   -0.0000003632
5   8   5   8   0.1146124146
5   8   5   9   0.0000135391
5   8   5   12   -0.0001200464
5   8   6   11   -0.0000057361
5   9   1   11   0.0369206781
5   9   2   11   0.0000030422
5   9   3   11   0.1593432996
5   9   5   7   -0.0154828127
5   9   5   8   0.0000135391
5   9   5   9   0.8199107484
5   9   5   12   0.0051552988
5   9   6   11   0.0012598176
5   10   2   8   -0.0000000000
5   10   4   11   0.0384036268
5   10   5   10   0.7488579884
5   10   6   12   -0.0000000000
5   11   1   7   0.0319107540
5   11   1   8   0.0000008367
5   11   1   9   0.0362859474
5   11   1   12   0.0004386645
5   11   2   7   0.0000008367
5   11   2   8   0.0000235557
5   11   2   9   0.0000027876
5   11   2   12   -0.0000052477
5   11   3   7   0.0362859474
5   11   3   8   0.0000027876
5   11   3   9   0.1543797653
5   11   3   12   0.0011663188
5   11   4   10   0.0322331580
5   11   5   11   0.8194947732
5   11   6   7   0.0004386645
5   11   6   8   -0.0000052477
5   11   6   9   0.0011663188
5   11   6   12   0.0314746273
5   12   1   11   0.0004725072
5   12   2   11   -0.0000057361
5   12   3   11   0.0012598176
5   12   5   7   -0.0002962802
5   12   5   8   -0.0001200464
5   12   5   9   0.0051552988
5   12   5   12   0.7202612355
5   12   6   11   0.0373334990
6   7   1   7   -0.0083224168
6   7   1   8   -0.0000053379
6   7   1   9   0.0012783669
6   7   1   12   0.0348832091
6   7   2   7   -0.0001586673
6   7   2   8   -0.0000002775
6   7   2   9   0.0000003414
6   7   2   12   0.0000014800
6   7   3   7   0.0112912621
6   7   3   8   -0.0000055993
6   7   3   9   -0.0004023941
6   7   3   12   0.0349368714
6   7   4   10   0.0004386645
6   7   5   11   0.0004386645
6   7   6   7   1.1143125107
6   7   6   8   -0.0000004374
6   7   6   9   -0.0144705173
6   7   6   12   0.0004096585
6   8   1   7   -0.0000048863
6   8   1   8   -0.0006637990
6   8   1   9   -0.0000051105
6   8   1   12   0.0000014800
6   8   2   7   0.0000000054
6   8   2   8   0.0052518665
6   8   2   9   0.0000019951
6   8   2   12   0.0001570389
6   8   3   7   -0.0000051588
6   8   3   8   -0.0081722355
6   8   3   9   -0.0000219067
6   8   3   12   0.0000129264
6   8   4   10   -0.0000052477
6   8   5   11   -0.0000052477
6   8   6   7   -0.0000004374
6   8   6   8   0.1219129042
6   8   6   9   0.0000153010
6   8   6   12   -0.0001614693
6   9   1   7   0.0013061384
6   9   1   8   -0.0000054113
6   9   1   9   -0.0004966164
6   9   1   12   0.0349368714
6   9   2   7   0.0000003161
6   9   2   8   -0.0000208315
6   9   2   9   -0.0001301101
6   9   2   12   0.0000129264
6   9   3   7   -0.0003889508
6   9   3   8   -0.0000232548
6   9   3   9   0.0052332469
6   9   3   12   0.1527215761
6   9   4   10   0.0011663188
6   9   5   11   0.0011663188
6   9   6   7   -0.0144705173
6   9   6   8   0.0000153010
6   9   6   9   0.7866058639
6   9   6   12   0.0050036079
6   10   1   10   -0.0002962802
6   10   2   10   -0.0001200464
6   10   3   10   0.0051552988
6   10   4   7   0.0004725072
6   10   4   8   -0.0000057361
6   10   4   9   0.0012598176
6   10   4   12   0.0373334990
6   10   6   10   0.7202612355
6   11   1   11   -0.0002962802
6   11   2   11   -0.0001200464
6   11   3   11   0.0051552988
6   11   5   7   0.0004725072
6   11   5   8   -0.0000057361
6   11   5   9   0.0012598176
6   11   5   12   0.0373334990
6   11   6   11   0.7202612355
6   12   1   7   0.0301446011
6   12   1   8   0.0000015812
6   12   1   9   0.0342534595
6   12   1   12   0.0004096585
6   12   2   7   0.0000015812
6   12   2   8   0.0002350816
6   12   2   9   0.0000110500
6   12   2   12   -0.0001614693
6   12   3   7   0.0342534595
6   12   3   8   0.0000110500
6   12   3   9   0.1478263475
6   12   3   12   0.0050036079
6   12   4   10   0.0314746273
6   12   4   11   0.0000000000
6   12   5   10   -0.0000000000
6   12   5   11   0.0314746273
6   12   6   7   0.0004096585
6   12   6   8   -0.0001614693
6   12   6   9   0.0050036079
6   12   6   12   0.7678693584

End IJKL Block
Begin IJAB Block
1   7   1   5   0.0002048483
1   7   1   8   0.0002954997
1   7   2   6   0.0000385161
1   7   3   7   0.0000385161
1   7   4   5   0.0002954997
1   7   4   8   0.0004881073
1   8   1   5   0.0000002817
1   8   1   8   -0.0000006204
1   8   2   6   0.0000000214
1   8   3   7   0.0000000214
1   8   4   5   0.0000003909
1   8   4   8   -0.0000008124
1   9   1   5   0.0002084921
1   9   1   8   0.0003131547
1   9   2   6   0.0000392938
1   9   3   7   0.0000392938
1   9   4   5   0.0002844131
1   9   4   8   0.0004201911
1   10   1   6   -0.0000001634
1   10   1   7   -0.0000002008
1   10   2   5   0.0000022455
1   10   2   8   0.0000203135
1   10   3   5   0.0000027597
1   10   3   8   0.0000249653
1   10   4   6   0.0000052843
1   10   4   7   0.0000064944
1   11   1   6   -0.0000002008
1   11   1   7   0.0000001634
1   11   2   5   0.0000027597
1   11   2   8   0.0000249653
1   11   3   5   -0.0000022455
1   11   3   8   -0.0000203135
1   11   4   6   0.0000064944
1   11   4   7   -0.0000052843
1   12   1   5   -0.0000200162
1   12   1   8   -0.0001124536
1   12   2   6   0.0000014234
1   12   3   7   0.0000014234
1   12   4   5   -0.0001375069
1   12   4   8   -0.0001827850
2   7   1   5   0.0000002817
2   7   1   8   0.0000003909
2   7   2   6   0.0000000214
2   7   3   7   0.0000000214
2   7   4   5   -0.0000006204
2   7   4   8   -0.0000008124
2   8   1   5   0.0146178810
2   8   1   8   0.0074761248
2   8   2   6   0.0025595032
2   8   3   7   0.0025595032
2   8   4   5   0.0074761248
2   8   4   8   0.0070677082
2   9   1   5   0.0000012872
2   9   1   8   0.0000009983
2   9   2   6   0.0000033493
2   9   3   7   0.0000033493
2   9   4   5   -0.0000037213
2   9   4   8   -0.0000005851
2   10   1   6   -0.0000050657
2   10   1   7   -0.0000062257
2   10   2   5   0.0000156956
2   10   2   8   0.0000285748
2   10   3   5   0.0000192899
2   10   3   8   0.0000351185
2   10   4   6   -0.0000050126
2   10   4   7   -0.0000061605
2   11   1   6   -0.0000062257
2   11   1   7   0.0000050657
2   11   2   5   0.0000192899
2   11   2   8   0.0000351185
2   11   3   5   -0.0000156956
2   11   3   8   -0.0000285748
2   11   4   6   -0.0000061605
2   11   4   7   0.0000050126
2   12   1   5   0.0004265984
2   12   1   8   0.0005019069
2   12   2   6   -0.0003108272
2   12   3   7   -0.0003108272
2   12   4   5   0.0002607411
2   12   4   8   -0.0003183331
3   7   1   5   0.0002084921
3   7   1   8   0.0002844131
3   7   2   6   0.0000392938
3   7   3   7   0.0000392938
3   7   4   5   0.0003131547
3   7   4   8   0.0004201911
3   8   1   5   0.0000012872
3   8   1   8   -0.0000037213
3   8   2   6   0.0000033493
3   8   3   7   0.0000033493
3   8   4   5   0.0000009983
3   8   4   8   -0.0000005851
3   9   1   5   0.0011234961
3   9   1   8   0.0016371508
3   9   2   6   0.0002127266
3   9   3   7   0.0002127266
3   9   4   5   0.0016371508
3   9   4   8   0.0023965097
3   10   1   6   0.0000201845
3   10   1   7   0.0000248068
3   10   2   5   0.0000098282
3   10   2   8   0.0001045424
3   10   3   5   0.0000120789
3   10   3   8   0.0001284827
3   10   4   6   0.0002439857
3   10   4   7   0.0002998587
3   11   1   6   0.0000248068
3   11   1   7   -0.0000201845
3   11   2   5   0.0000120789
3   11   2   8   0.0001284827
3   11   3   5   -0.0000098282
3   11   3   8   -0.0001045424
3   11   4   6   0.0002998587
3   11   4   7   -0.0002439857
3   12   1   5   -0.0002358843
3   12   1   8   -0.0010023048
3   12   2   6   -0.0000508273
3   12   3   7   -0.0000508273
3   12   4   5   -0.0014777414
3   12   4   8   -0.0021998900
4   7   1   6   0.0000022455
4   7   1   7   0.0000027597
4   7   2   5   -0.0000001634
4   7   2   8   0.0000052843
4   7   3   5   -0.0000002008
4   7   3   8   0.0000064944
4   7   4   6   0.0000203135
4   7   4   7   0.0000249653
4   8   1   6   0.0000156956
4   8   1   7   0.0000192899
4   8   2   5   -0.0000050657
4   8   2   8   -0.0000050126
4   8   3   5   -0.0000062257
4   8   3   8   -0.0000061605
4   8   4   6   0.0000285748
4   8   4   7   0.0000351185
4   9   1   6   0.0000098282
4   9   1   7   0.0000120789
4   9   2   5   0.0000201845
4   9   2   8   0.0002439857
4   9   3   5   0.0000248068
4   9   3   8   0.0002998587
4   9   4   6   0.0001045424
4   9   4   7   0.0001284827
4   10   1   5   0.0008479891
4   10   1   8   0.0010827509
4   10   2   6   0.0003436279
4   10   2   7   0.0002633455
4   10   3   6   0.0002633455
4   10   3   7   0.0004530037
4   10   4   5   0.0010827509
4   10   4   8   0.0013141789
4   11   1   5   0.0000000000
4   11   2   6   0.0002633455
4   11   2   7   -0.0001325740
4   11   3   6   0.0002419498
4   11   3   7   -0.0002633455
4   11   4   8   0.0000000000
4   12   1   6   -0.0002840571
4   12   1   7   -0.0003491065
4   12   2   5   -0.0006818001
4   12   2   8   -0.0009451964
4   12   3   5   -0.0008379329
4   12   3   8   -0.0011616473
4   12   4   6   -0.0002215650
4   12   4   7   -0.0002723036
5   7   1   6   0.0000027597
5   7   1   7   -0.0000022455
5   7   2   5   -0.0000002008
5   7   2   8   0.0000064944
5   7   3   5   0.0000001634
5   7   3   8   -0.0000052843
5   7   4   6   0.0000249653
5   7   4   7   -0.0000203135
5   8   1   6   0.0000192899
5   8   1   7   -0.0000156956
5   8   2   5   -0.0000062257
5   8   2   8   -0.0000061605
5   8   3   5   0.0000050657
5   8   3   8   0.0000050126
5   8   4   6   0.0000351185
5   8   4   7   -0.0000285748
5   9   1   6   0.0000120789
5   9   1   7   -0.0000098282
5   9   2   5   0.0000248068
5   9   2   8   0.0002998587
5   9   3   5   -0.0000201845
5   9   3   8   -0.0002439857
5   9   4   6   0.0001284827
5   9   4   7   -0.0001045424
5   10   1   5   -0.0000000000
5   10   2   6   0.0002633455
5   10   2   7   0.0002419498
5   10   3   6   -0.0001325740
5   10   3   7   -0.0002633455
5   10   4   8   -0.0000000000
5   11   1   5   0.0008479891
5   11   1   8   0.0010827509
5   11   2   6   0.0004530037
5   11   2   7   -0.0002633455
5   11   3   6   -0.0002633455
5   11   3   7   0.0003436279
5   11   4   5   0.0010827509
5   11   4   8   0.0013141789
5   12   1   6   -0.0003491065
5   12   1   7   0.0002840571
5   12   2   5   -0.0008379329
5   12   2   8   -0.0011616473
5   12   3   5   0.0006818001
5   12   3   8   0.0009451964
5   12   4   6   -0.0002723036
5   12   4   7   0.0002215650
6   7   1   5   -0.0000200162
6   7   1   8   -0.0001375069
6   7   2   6   0.0000014234
6   7   3   7   0.0000014234
6   7   4   5   -0.0001124536
6   7   4   8   -0.0001827850
6   8   1   5   0.0004265984
6   8   1   8   0.0002607411
6   8   2   6   -0.0003108272
6   8   3   7   -0.0003108272
6   8   4   5   0.0005019069
6   8   4   8   -0.0003183331
6   9   1   5   -0.0002358843
6   9   1   8   -0.0014777414
6   9   2   6   -0.0000508273
6   9   3   7   -0.0000508273
6   9   4   5   -0.0010023048
6   9   4   8   -0.0021998900
6   10   1   6   -0.0006818001
6   10   1   7   -0.0008379329
6   10   2   5   -0.0002840571
6   10   2   8   -0.0002215650
6   10   3   5   -0.0003491065
6   10   3   8   -0.0002723036
6   10   4   6   -0.0009451964
6   10   4   7   -0.0011616473
6   11   1   6   -0.0008379329
6   11   1   7   0.0006818001
6   11   2   5   -0.0003491065
6   11   2   8   -0.0002723036
6   11   3   5   0.0002840571
6   11   3   8   0.0002215650
6   11   4   6   -0.0011616473
6   11   4   7   0.0009451964
6   12   1   5   0.0045225501
6   12   1   8   0.0070111644
6   12   2   6   0.0009218899
6   12   3   7   0.0009218899
6   12   4   5   0.0070111644
6   12   4   8   0.0084467531

End IJAB Block
Begin ABCD Block
1   5   1   5   0.2341441412
1   5   1   8   -0.0059539226
1   5   2   6   0.0393040087
1   5   3   7   0.0393040087
1   5   4   5   -0.0059539226
1   5   4   8   0.0331182828
1   6   1   6   0.1948927356
1   6   2   5   0.0393109727
1   6   2   8   0.0077689830
1   6   4   6   0.0086055103
1   7   1   7   0.1948927356
1   7   3   5   0.0393109727
1   7   3   8   0.0077689830
1   7   4   7   0.0086055103
1   8   1   5   -0.0059539226
1   8   1   8   0.1962355502
1   8   2   6   0.0077646620
1   8   3   7   0.0077646620
1   8   4   5   0.0331565196
1   8   4   8   0.0151047648
2   5   1   6   0.0393109727
2   5   2   5   0.1948927356
2   5   2   8   0.0086055103
2   5   4   6   0.0077689830
2   6   1   5   0.0393040087
2   6   1   8   0.0077646620
2   6   2   6   0.1868506286
2   6   3   7   0.0099469292
2   6   4   5   0.0077646620
2   6   4   8   0.0122854537
2   7   2   7   0.1669571495
2   7   3   6   0.0099465499
2   8   1   6   0.0077689830
2   8   2   5   0.0086055103
2   8   2   8   0.1733425085
2   8   4   6   0.0122876151
3   5   1   7   0.0393109727
3   5   3   5   0.1948927356
3   5   3   8   0.0086055103
3   5   4   7   0.0077689830
3   6   2   7   0.0099465499
3   6   3   6   0.1669571495
3   7   1   5   0.0393040087
3   7   1   8   0.0077646620
3   7   2   6   0.0099469292
3   7   3   7   0.1868506286
3   7   4   5   0.0077646620
3   7   4   8   0.0122854537
3   8   1   7   0.0077689830
3   8   3   5   0.0086055103
3   8   3   8   0.1733425085
3   8   4   7   0.0122876151
4   5   1   5   -0.0059539226
4   5   1   8   0.0331565196
4   5   2   6   0.0077646620
4   5   3   7   0.0077646620
4   5   4   5   0.1962355502
4   5   4   8   0.0151047648
4   6   1   6   0.0086055103
4   6   2   5   0.0077689830
4   6   2   8   0.0122876151
4   6   4   6   0.1733425085
4   7   1   7   0.0086055103
4   7   3   5   0.0077689830
4   7   3   8   0.0122876151
4   7   4   7   0.1733425085
4   8   1   5   0.0331182828
4   8   1   8   0.0151047648
4   8   2   6   0.0122854537
4   8   3   7   0.0122854537
4   8   4   5   0.0151047648
4   8   4   8   0.2014928447

End ABCD Block
Begin AIJB Block
1   7   1   5   0.0003231943
1   7   1   8   0.0003483573
1   7   2   5   0.0000004292
1   7   2   8   0.0000004794
1   7   3   5   0.0003804428
1   7   3   8   0.0003368807
1   7   4   6   0.0000009860
1   7   4   7   0.0000012118
1   7   5   6   0.0000012118
1   7   5   7   -0.0000009860
1   7   6   5   -0.0000141574
1   7   6   8   -0.0000364897
1   8   1   5   0.0000004292
1   8   1   8   -0.0000008151
1   8   2   5   0.0113240189
1   8   2   8   0.0057030978
1   8   3   5   0.0000026466
1   8   3   8   -0.0000045929
1   8   4   6   0.0000136820
1   8   4   7   0.0000168152
1   8   5   6   0.0000168152
1   8   5   7   -0.0000136820
1   8   6   5   0.0001198324
1   8   6   8   -0.0000304266
1   9   1   5   0.0003804428
1   9   1   8   0.0003736654
1   9   2   5   0.0000026466
1   9   2   8   0.0000032853
1   9   3   5   0.0017718532
1   9   3   8   0.0016189036
1   9   4   6   0.0000012911
1   9   4   7   0.0000015867
1   9   5   6   0.0000015867
1   9   5   7   -0.0000012911
1   9   6   5   0.0002581340
1   9   6   8   -0.0003649503
1   10   1   6   -0.0000013725
1   10   1   7   -0.0000016868
1   10   2   6   -0.0000015497
1   10   2   7   -0.0000019046
1   10   3   6   -0.0000122711
1   10   3   7   -0.0000150813
1   10   4   5   -0.0002484484
1   10   4   8   0.0000790733
1   10   6   6   -0.0008643701
1   10   6   7   -0.0010623117
1   11   1   6   -0.0000016868
1   11   1   7   0.0000013725
1   11   2   6   -0.0000019046
1   11   2   7   0.0000015497
1   11   3   6   -0.0000150813
1   11   3   7   0.0000122711
1   11   5   5   -0.0002484484
1   11   5   8   0.0000790733
1   11   6   6   -0.0010623117
1   11   6   7   0.0008643701
1   12   1   5   -0.0000141574
1   12   1   8   -0.0000495421
1   12   2   5   0.0001198324
1   12   2   8   0.0002132007
1   12   3   5   0.0002581340
1   12   3   8   0.0000862253
1   12   4   6   -0.0000556532
1   12   4   7   -0.0000683978
1   12   5   6   -0.0000683978
1   12   5   7   0.0000556532
1   12   6   5   0.0075983765
1   12   6   8   0.0061558594
2   7   1   6   0.0000384046
2   7   2   6   -0.0000001872
2   7   3   6   0.0000360809
2   7   4   5   -0.0000013725
2   7   4   8   -0.0000033622
2   7   5   5   -0.0000016868
2   7   5   8   -0.0000041322
2   7   6   6   0.0000023084
2   8   1   6   -0.0000001872
2   8   2   6   0.0022768429
2   8   3   6   -0.0000004739
2   8   4   5   -0.0000015497
2   8   4   8   0.0000009551
2   8   5   5   -0.0000019046
2   8   5   8   0.0000011738
2   8   6   6   -0.0001747377
2   9   1   6   0.0000360809
2   9   2   6   -0.0000004739
2   9   3   6   0.0001576487
2   9   4   5   -0.0000122711
2   9   4   8   0.0001514016
2   9   5   5   -0.0000150813
2   9   5   8   0.0001860728
2   9   6   6   0.0000122044
2   10   1   5   0.0000009860
2   10   1   8   0.0000149504
2   10   2   5   0.0000136820
2   10   2   8   0.0000267005
2   10   3   5   0.0000012911
2   10   3   8   0.0000439739
2   10   4   6   0.0002380292
2   10   4   7   0.0002516196
2   10   5   6   0.0002516196
2   10   5   7   0.0002635949
2   10   6   5   -0.0000556532
2   10   6   8   -0.0001272637
2   11   1   5   0.0000012118
2   11   1   8   0.0000183740
2   11   2   5   0.0000168152
2   11   2   8   0.0000328150
2   11   3   5   0.0000015867
2   11   3   8   0.0000540440
2   11   4   6   0.0002516196
2   11   4   7   -0.0001590893
2   11   5   6   0.0003425348
2   11   5   7   -0.0002516196
2   11   6   5   -0.0000683978
2   11   6   8   -0.0001564072
2   12   1   6   0.0000023084
2   12   2   6   -0.0001747377
2   12   3   6   0.0000122044
2   12   4   5   -0.0008643701
2   12   4   8   -0.0010087838
2   12   5   5   -0.0010623117
2   12   5   8   -0.0012397963
2   12   6   6   0.0003832570
3   7   1   7   0.0000384046
3   7   2   7   -0.0000001872
3   7   3   7   0.0000360809
3   7   4   5   -0.0000016868
3   7   4   8   -0.0000041322
3   7   5   5   0.0000013725
3   7   5   8   0.0000033622
3   7   6   7   0.0000023084
3   8   1   7   -0.0000001872
3   8   2   7   0.0022768429
3   8   3   7   -0.0000004739
3   8   4   5   -0.0000019046
3   8   4   8   0.0000011738
3   8   5   5   0.0000015497
3   8   5   8   -0.0000009551
3   8   6   7   -0.0001747377
3   9   1   7   0.0000360809
3   9   2   7   -0.0000004739
3   9   3   7   0.0001576487
3   9   4   5   -0.0000150813
3   9   4   8   0.0001860728
3   9   5   5   0.0000122711
3   9   5   8   -0.0001514016
3   9   6   7   0.0000122044
3   10   1   5   0.0000012118
3   10   1   8   0.0000183740
3   10   2   5   0.0000168152
3   10   2   8   0.0000328150
3   10   3   5   0.0000015867
3   10   3   8   0.0000540440
3   10   4   6   0.0002516196
3   10   4   7   0.0003425348
3   10   5   6   -0.0001590893
3   10   5   7   -0.0002516196
3   10   6   5   -0.0000683978
3   10   6   8   -0.0001564072
3   11   1   5   -0.0000009860
3   11   1   8   -0.0000149504
3   11   2   5   -0.0000136820
3   11   2   8   -0.0000267005
3   11   3   5   -0.0000012911
3   11   3   8   -0.0000439739
3   11   4   6   0.0002635949
3   11   4   7   -0.0002516196
3   11   5   6   -0.0002516196
3   11   5   7   0.0002380292
3   11   6   5   0.0000556532
3   11   6   8   0.0001272637
3   12   1   7   0.0000023084
3   12   2   7   -0.0001747377
3   12   3   7   0.0000122044
3   12   4   5   -0.0010623117
3   12   4   8   -0.0012397963
3   12   5   5   0.0008643701
3   12   5   8   0.0010087838
3   12   6   7   0.0003832570
4   7   1   5   0.0003483573
4   7   1   8   0.0005050209
4   7   2   5   -0.0000008151
4   7   2   8   -0.0000010897
4   7   3   5   0.0003736654
4   7   3   8   0.0004132196
4   7   4   6   0.0000149504
4   7   4   7   0.0000183740
4   7   5   6   0.0000183740
4   7   5   7   -0.0000149504
4   7   6   5   -0.0000495421
4   7   6   8   -0.0000693459
4   8   1   5   0.0000004794
4   8   1   8   -0.0000010897
4   8   2   5   0.0057030978
4   8   2   8   0.0057984281
4   8   3   5   0.0000032853
4   8   3   8   -0.0000047296
4   8   4   6   0.0000267005
4   8   4   7   0.0000328150
4   8   5   6   0.0000328150
4   8   5   7   -0.0000267005
4   8   6   5   0.0002132007
4   8   6   8   -0.0003381454
4   9   1   5   0.0003368807
4   9   1   8   0.0004132196
4   9   2   5   -0.0000045929
4   9   2   8   -0.0000047296
4   9   3   5   0.0016189036
4   9   3   8   0.0020697938
4   9   4   6   0.0000439739
4   9   4   7   0.0000540440
4   9   5   6   0.0000540440
4   9   5   7   -0.0000439739
4   9   6   5   0.0000862253
4   9   6   8   -0.0008666252
4   10   1   6   -0.0000033622
4   10   1   7   -0.0000041322
4   10   2   6   0.0000009551
4   10   2   7   0.0000011738
4   10   3   6   0.0001514016
4   10   3   7   0.0001860728
4   10   4   5   0.0000790733
4   10   4   8   0.0004503830
4   10   6   6   -0.0010087838
4   10   6   7   -0.0012397963
4   11   1   6   -0.0000041322
4   11   1   7   0.0000033622
4   11   2   6   0.0000011738
4   11   2   7   -0.0000009551
4   11   3   6   0.0001860728
4   11   3   7   -0.0001514016
4   11   5   5   0.0000790733
4   11   5   8   0.0004503830
4   11   6   6   -0.0012397963
4   11   6   7   0.0010087838
4   12   1   5   -0.0000364897
4   12   1   8   -0.0000693459
4   12   2   5   -0.0000304266
4   12   2   8   -0.0003381454
4   12   3   5   -0.0003649503
4   12   3   8   -0.0008666252
4   12   4   6   -0.0001272637
4   12   4   7   -0.0001564072
4   12   5   6   -0.0001564072
4   12   5   7   0.0001272637
4   12   6   5   0.0061558594
4   12   6   8   0.0076709086

1   7   7   1   -0.1080948158
1   7   7   4   -0.0320379749
1   7   8   1   -0.0000001205
1   7   8   4   -0.0000000804
1   7   9   1   0.0002122722
1   7   9   4   0.0001936835
1   7   10   2   -0.0000783504
1   7   10   3   -0.0000962928
1   7   11   2   -0.0000962928
1   7   11   3   0.0000783504
1   7   12   1   0.0004778272
1   7   12   4   0.0002709444
1   8   7   1   -0.0000001205
1   8   7   4   0.0000000031
1   8   8   1   -0.3021173278
1   8   8   4   -0.0413131211
1   8   9   1   -0.0000007887
1   8   9   4   -0.0000001056
1   8   10   2   -0.0000096438
1   8   10   3   -0.0000118522
1   8   11   2   -0.0000118522
1   8   11   3   0.0000096438
1   8   12   1   -0.0002436248
1   8   12   4   0.0000568634
1   9   7   1   0.0002122722
1   9   7   4   0.0001919231
1   9   8   1   -0.0000007887
1   9   8   4   0.0000012298
1   9   9   1   -0.1027694519
1   9   9   4   -0.0272458985
1   9   10   2   -0.0009120791
1   9   10   3   -0.0011209461
1   9   11   2   -0.0011209461
1   9   11   3   0.0009120791
1   9   12   1   0.0052978925
1   9   12   4   0.0022437825
1   10   7   2   -0.0000796939
1   10   7   3   -0.0000979439
1   10   8   2   -0.0000076192
1   10   8   3   -0.0000093640
1   10   9   2   -0.0009077203
1   10   9   3   -0.0011155891
1   10   10   1   -0.1010000349
1   10   10   4   -0.0258292957
1   10   12   2   0.0002546588
1   10   12   3   0.0003129760
1   11   7   2   -0.0000979439
1   11   7   3   0.0000796939
1   11   8   2   -0.0000093640
1   11   8   3   0.0000076192
1   11   9   2   -0.0011155891
1   11   9   3   0.0009077203
1   11   11   1   -0.1010000349
1   11   11   4   -0.0258292957
1   11   12   2   0.0003129760
1   11   12   3   -0.0002546588
1   12   7   1   0.0004778272
1   12   7   4   0.0002562513
1   12   8   1   -0.0002436248
1   12   8   4   0.0000575574
1   12   9   1   0.0052978925
1   12   9   4   0.0022464837
1   12   10   2   0.0002654040
1   12   10   3   0.0003261818
1   12   11   2   0.0003261818
1   12   11   3   -0.0002654040
1   12   12   1   -0.1022858840
1   12   12   4   -0.0257848178
2   7   7   2   -0.1007209717
2   7   8   2   -0.0000000235
2   7   9   2   0.0000128069
2   7   10   1   -0.0000796939
2   7   10   4   -0.0000960858
2   7   11   1   -0.0000979439
2   7   11   4   -0.0001180895
2   7   12   2   0.0004481295
2   8   7   2   -0.0000000235
2   8   8   2   -0.2417463817
2   8   9   2   -0.0000016305
2   8   10   1   -0.0000076192
2   8   10   4   -0.0000030417
2   8   11   1   -0.0000093640
2   8   11   4   -0.0000037382
2   8   12   2   -0.0000719416
2   9   7   2   0.0000128069
2   9   8   2   -0.0000016305
2   9   9   2   -0.1004906586
2   9   10   1   -0.0009077203
2   9   10   4   -0.0009764067
2   9   11   1   -0.0011155891
2   9   11   4   -0.0012000048
2   9   12   2   0.0054898123
2   10   7   1   -0.0000783504
2   10   7   4   -0.0000944792
2   10   8   1   -0.0000096438
2   10   8   4   -0.0000040780
2   10   9   1   -0.0009120791
2   10   9   4   -0.0009784777
2   10   10   2   -0.1002603809
2   10   10   3   -0.0001376982
2   10   11   2   -0.0001376982
2   10   11   3   -0.0000262981
2   10   12   1   0.0002654040
2   10   12   4   0.0003226721
2   11   7   1   -0.0000962928
2   11   7   4   -0.0001161150
2   11   8   1   -0.0000118522
2   11   8   4   -0.0000050119
2   11   9   1   -0.0011209461
2   11   9   4   -0.0012025500
2   11   10   2   -0.0001376982
2   11   10   3   -0.0000308924
2   11   11   2   -0.1003175713
2   11   11   3   0.0001376982
2   11   12   1   0.0003261818
2   11   12   4   0.0003965643
2   12   7   2   0.0004481295
2   12   8   2   -0.0000719416
2   12   9   2   0.0054898123
2   12   10   1   0.0002546588
2   12   10   4   0.0003091593
2   12   11   1   0.0003129760
2   12   11   4   0.0003799571
2   12   12   2   -0.1038325172
3   7   7   3   -0.1007209717
3   7   8   3   -0.0000000235
3   7   9   3   0.0000128069
3   7   10   1   -0.0000979439
3   7   10   4   -0.0001180895
3   7   11   1   0.0000796939
3   7   11   4   0.0000960858
3   7   12   3   0.0004481295
3   8   7   3   -0.0000000235
3   8   8   3   -0.2417463817
3   8   9   3   -0.0000016305
3   8   10   1   -0.0000093640
3   8   10   4   -0.0000037382
3   8   11   1   0.0000076192
3   8   11   4   0.0000030417
3   8   12   3   -0.0000719416
3   9   7   3   0.0000128069
3   9   8   3   -0.0000016305
3   9   9   3   -0.1004906586
3   9   10   1   -0.0011155891
3   9   10   4   -0.0012000048
3   9   11   1   0.0009077203
3   9   11   4   0.0009764067
3   9   12   3   0.0054898123
3   10   7   1   -0.0000962928
3   10   7   4   -0.0001161150
3   10   8   1   -0.0000118522
3   10   8   4   -0.0000050119
3   10   9   1   -0.0011209461
3   10   9   4   -0.0012025500
3   10   10   2   -0.0001376982
3   10   10   3   -0.1003175713
3   10   11   2   -0.0000308924
3   10   11   3   0.0001376982
3   10   12   1   0.0003261818
3   10   12   4   0.0003965643
3   11   7   1   0.0000783504
3   11   7   4   0.0000944792
3   11   8   1   0.0000096438
3   11   8   4   0.0000040780
3   11   9   1   0.0009120791
3   11   9   4   0.0009784777
3   11   10   2   -0.0000262981
3   11   10   3   0.0001376982
3   11   11   2   0.0001376982
3   11   11   3   -0.1002603809
3   11   12   1   -0.0002654040
3   11   12   4   -0.0003226721
3   12   7   3   0.0004481295
3   12   8   3   -0.0000719416
3   12   9   3   0.0054898123
3   12   10   1   0.0003129760
3   12   10   4   0.0003799571
3   12   11   1   -0.0002546588
3   12   11   4   -0.0003091593
3   12   12   3   -0.1038325172
4   7   7   1   -0.0320379749
4   7   7   4   -0.1327721394
4   7   8   1   0.0000000031
4   7   8   4   -0.0000001255
4   7   9   1   0.0001919231
4   7   9   4   0.0002236319
4   7   10   2   -0.0000944792
4   7   10   3   -0.0001161150
4   7   11   2   -0.0001161150
4   7   11   3   0.0000944792
4   7   12   1   0.0002562513
4   7   12   4   0.0008516360
4   8   7   1   -0.0000000804
4   8   7   4   -0.0000001255
4   8   8   1   -0.0413131211
4   8   8   4   -0.2697402070
4   8   9   1   0.0000012298
4   8   9   4   0.0000011807
4   8   10   2   -0.0000040780
4   8   10   3   -0.0000050119
4   8   11   2   -0.0000050119
4   8   11   3   0.0000040780
4   8   12   1   0.0000575574
4   8   12   4   0.0000022964
4   9   7   1   0.0001936835
4   9   7   4   0.0002236319
4   9   8   1   -0.0000001056
4   9   8   4   0.0000011807
4   9   9   1   -0.0272458985
4   9   9   4   -0.1275941729
4   9   10   2   -0.0009784777
4   9   10   3   -0.0012025500
4   9   11   2   -0.0012025500
4   9   11   3   0.0009784777
4   9   12   1   0.0022464837
4   9   12   4   0.0085780082
4   10   7   2   -0.0000960858
4   10   7   3   -0.0001180895
4   10   8   2   -0.0000030417
4   10   8   3   -0.0000037382
4   10   9   2   -0.0009764067
4   10   9   3   -0.0012000048
4   10   10   1   -0.0258292957
4   10   10   4   -0.1259403173
4   10   12   2   0.0003091593
4   10   12   3   0.0003799571
4   11   7   2   -0.0001180895
4   11   7   3   0.0000960858
4   11   8   2   -0.0000037382
4   11   8   3   0.0000030417
4   11   9   2   -0.0012000048
4   11   9   3   0.0009764067
4   11   11   1   -0.0258292957
4   11   11   4   -0.1259403173
4   11   12   2   0.0003799571
4   11   12   3   -0.0003091593
4   12   7   1   0.0002709444
4   12   7   4   0.0008516360
4   12   8   1   0.0000568634
4   12   8   4   0.0000022964
4   12   9   1   0.0022437825
4   12   9   4   0.0085780082
4   12   10   2   0.0003226721
4   12   10   3   0.0003965643
4   12   11   2   0.0003965643
4   12   11   3   -0.0003226721
4   12   12   1   -0.0257848178
4   12   12   4   -0.1307931133

End AIJB Block
Begin IJKA Block
1   7   1   5   0.0013388956
1   7   1   8   0.0144922076
1   7   2   5   0.0000002211
1   7   2   8   -0.0000001018
1   7   3   5   -0.0002282762
1   7   3   8   -0.0024760268
1   7   4   6   -0.0007198504
1   7   4   7   -0.0008846968
1   7   5   6   -0.0008846968
1   7   5   7   0.0007198504
1   7   6   5   0.0024491440
1   7   6   8   0.0036049795
1   8   1   5   -0.0003895575
1   8   1   8   0.0011132928
1   8   2   5   -0.0000001491
1   8   2   8   -0.0000000745
1   8   3   5   -0.0000013244
1   8   3   8   -0.0000009637
1   8   4   6   0.0000043136
1   8   4   7   0.0000053015
1   8   5   6   0.0000053015
1   8   5   7   -0.0000043136
1   8   6   5   0.0000047702
1   8   6   8   -0.0000125250
1   9   1   5   -0.0022240373
1   9   1   8   -0.0174823685
1   9   2   5   0.0000001944
1   9   2   8   -0.0000000308
1   9   3   5   0.0000249842
1   9   3   8   0.0003772657
1   9   4   6   -0.0006923254
1   9   4   7   -0.0008508686
1   9   5   6   -0.0008508686
1   9   5   7   0.0006923254
1   9   6   5   0.0022171529
1   9   6   8   0.0034981604
1   10   1   6   -0.0120976818
1   10   1   7   -0.0148680625
1   10   2   6   -0.0000000058
1   10   2   7   -0.0000000071
1   10   3   6   -0.0000793353
1   10   3   7   -0.0000975031
1   10   4   5   -0.0000704128
1   10   4   8   -0.0007653976
1   10   6   6   -0.0000231500
1   10   6   7   -0.0000284514
1   11   1   6   -0.0148680625
1   11   1   7   0.0120976818
1   11   2   6   -0.0000000071
1   11   2   7   0.0000000058
1   11   3   6   -0.0000975031
1   11   3   7   0.0000793353
1   11   5   5   -0.0000704128
1   11   5   8   -0.0007653976
1   11   6   6   -0.0000284514
1   11   6   7   0.0000231500
1   12   1   5   -0.0169057273
1   12   1   8   0.0357475593
1   12   2   5   0.0000001915
1   12   2   8   0.0000001615
1   12   3   5   0.0033552909
1   12   3   8   0.0015550509
1   12   4   6   -0.0000457772
1   12   4   7   -0.0000562603
1   12   5   6   -0.0000562603
1   12   5   7   0.0000457772
1   12   6   5   0.0000884301
1   12   6   8   -0.0004982502
2   7   1   5   -0.0000015218
2   7   1   8   -0.0000004478
2   7   2   5   -0.0000329044
2   7   2   8   -0.0000589584
2   7   3   5   -0.0000013216
2   7   3   8   -0.0000005967
2   7   4   6   -0.0000000476
2   7   4   7   -0.0000000585
2   7   5   6   -0.0000000585
2   7   5   7   0.0000000476
2   7   6   5   0.0000003833
2   7   6   8   0.0000000115
2   8   1   5   0.0000000161
2   8   1   8   -0.0000000015
2   8   2   5   -0.1105413627
2   8   2   8   -0.0638013289
2   8   3   5   -0.0000019313
2   8   3   8   -0.0000027769
2   8   4   6   0.0000093698
2   8   4   7   0.0000115155
2   8   5   6   0.0000115155
2   8   5   7   -0.0000093698
2   8   6   5   -0.0006921749
2   8   6   8   -0.0004508580
2   9   1   5   -0.0000014244
2   9   1   8   -0.0000003896
2   9   2   5   -0.0001313380
2   9   2   8   -0.0003189509
2   9   3   5   -0.0000064851
2   9   3   8   -0.0000030467
2   9   4   6   -0.0000002206
2   9   4   7   -0.0000002711
2   9   5   6   -0.0000002711
2   9   5   7   0.0000002206
2   9   6   5   0.0000004456
2   9   6   8   0.0000018357
2   10   1   6   -0.0000000016
2   10   1   7   -0.0000000020
2   10   2   6   0.0005340256
2   10   2   7   0.0006563180
2   10   3   6   -0.0000004019
2   10   3   7   -0.0000004940
2   10   4   5   -0.0000001256
2   10   4   8   0.0000001089
2   10   6   6   0.0000015535
2   10   6   7   0.0000019092
2   11   1   6   -0.0000000020
2   11   1   7   0.0000000016
2   11   2   6   0.0006563180
2   11   2   7   -0.0005340256
2   11   3   6   -0.0000004940
2   11   3   7   0.0000004019
2   11   5   5   -0.0000001256
2   11   5   8   0.0000001089
2   11   6   6   0.0000019092
2   11   6   7   -0.0000015535
2   12   1   5   -0.0000000258
2   12   1   8   0.0000002090
2   12   2   5   -0.0080592263
2   12   2   8   -0.0135230147
2   12   3   5   0.0000065777
2   12   3   8   -0.0000015015
2   12   4   6   -0.0000077607
2   12   4   7   -0.0000095379
2   12   5   6   -0.0000095379
2   12   5   7   0.0000077607
2   12   6   5   -0.0000444929
2   12   6   8   -0.0000216309
3   7   1   5   -0.0002637611
3   7   1   8   -0.0026988910
3   7   2   5   0.0000001584
3   7   2   8   -0.0000001367
3   7   3   5   0.0000031416
3   7   3   8   0.0004901200
3   7   4   6   -0.0007765903
3   7   4   7   -0.0009544302
3   7   5   6   -0.0009544302
3   7   5   7   0.0007765903
3   7   6   5   0.0029049824
3   7   6   8   0.0040463379
3   8   1   5   -0.0000015934
3   8   1   8   -0.0000009418
3   8   2   5   -0.0000084958
3   8   2   8   -0.0000079164
3   8   3   5   -0.0004034047
3   8   3   8   0.0011057228
3   8   4   6   0.0000476917
3   8   4   7   0.0000586132
3   8   5   6   0.0000586132
3   8   5   7   -0.0000476917
3   8   6   5   0.0000538424
3   8   6   8   -0.0001439682
3   9   1   5   -0.0000197451
3   9   1   8   0.0001619207
3   9   2   5   -0.0000014683
3   9   2   8   -0.0000007583
3   9   3   5   -0.0016540477
3   9   3   8   -0.0111945172
3   9   4   6   -0.0030368091
3   9   4   7   -0.0037322414
3   9   5   6   -0.0037322414
3   9   5   7   0.0030368091
3   9   6   5   0.0118823524
3   9   6   8   0.0161939283
3   10   1   6   -0.0001939969
3   10   1   7   -0.0002384224
3   10   2   6   -0.0000004755
3   10   2   7   -0.0000005844
3   10   3   6   -0.0100519515
3   10   3   7   -0.0123538580
3   10   4   5   -0.0002587853
3   10   4   8   -0.0023872393
3   10   6   6   -0.0002596629
3   10   6   7   -0.0003191260
3   11   1   6   -0.0002384224
3   11   1   7   0.0001939969
3   11   2   6   -0.0000005844
3   11   2   7   0.0000004755
3   11   3   6   -0.0123538580
3   11   3   7   0.0100519515
3   11   5   5   -0.0002587853
3   11   5   8   -0.0023872393
3   11   6   6   -0.0003191260
3   11   6   7   0.0002596629
3   12   1   5   0.0047031020
3   12   1   8   0.0024734173
3   12   2   5   0.0000092628
3   12   2   8   -0.0000006100
3   12   3   5   0.0150573494
3   12   3   8   0.0394462649
3   12   4   6   -0.0002997162
3   12   4   7   -0.0003683515
3   12   5   6   -0.0003683515
3   12   5   7   0.0002997162
3   12   6   5   -0.0000344343
3   12   6   8   -0.0008560154
4   7   1   6   -0.0008656552
4   7   1   7   -0.0010638910
4   7   2   6   -0.0000000167
4   7   2   7   -0.0000000205
4   7   3   6   -0.0008052584
4   7   3   7   -0.0009896634
4   7   4   5   0.0000362361
4   7   4   8   0.0002841274
4   7   6   6   -0.0000061916
4   7   6   7   -0.0000076095
4   8   1   6   0.0000038002
4   8   1   7   0.0000046704
4   8   2   6   0.0000025224
4   8   2   7   0.0000031001
4   8   3   6   0.0000457042
4   8   3   7   0.0000561705
4   8   4   5   -0.0003963673
4   8   4   8   0.0010909996
4   8   6   6   -0.0000164645
4   8   6   7   -0.0000202349
4   9   1   6   -0.0007342340
4   9   1   7   -0.0009023743
4   9   2   6   0.0000000221
4   9   2   7   0.0000000271
4   9   3   6   -0.0029794458
4   9   3   7   -0.0036617417
4   9   4   5   -0.0012423512
4   9   4   8   -0.0100059868
4   9   6   6   -0.0000482523
4   9   6   7   -0.0000593021
4   10   1   5   -0.0000402769
4   10   1   8   -0.0007106279
4   10   2   5   0.0000000765
4   10   2   8   0.0000011008
4   10   3   5   -0.0002606223
4   10   3   8   -0.0023305457
4   10   4   6   -0.0108859439
4   10   4   7   -0.0133788355
4   10   5   6   -0.0011429395
4   10   5   7   0.0009299744
4   10   6   5   0.0061804175
4   10   6   8   0.0059409356
4   11   2   5   0.0000000000
4   11   4   6   -0.0110947410
4   11   4   7   0.0090274470
4   11   5   6   -0.0009285225
4   11   5   7   -0.0011411550
4   11   6   5   0.0000000000
4   12   1   6   -0.0000422649
4   12   1   7   -0.0000519436
4   12   2   6   -0.0000117545
4   12   2   7   -0.0000144463
4   12   3   6   -0.0002131681
4   12   3   7   -0.0002619838
4   12   4   5   0.0138128544
4   12   4   8   0.0349204063
4   12   6   6   -0.0009646169
4   12   6   7   -0.0011855151
5   7   1   6   -0.0010638910
5   7   1   7   0.0008656552
5   7   2   6   -0.0000000205
5   7   2   7   0.0000000167
5   7   3   6   -0.0009896634
5   7   3   7   0.0008052584
5   7   5   5   0.0000362361
5   7   5   8   0.0002841274
5   7   6   6   -0.0000076095
5   7   6   7   0.0000061916
5   8   1   6   0.0000046704
5   8   1   7   -0.0000038002
5   8   2   6   0.0000031001
5   8   2   7   -0.0000025224
5   8   3   6   0.0000561705
5   8   3   7   -0.0000457042
5   8   5   5   -0.0003963673
5   8   5   8   0.0010909996
5   8   6   6   -0.0000202349
5   8   6   7   0.0000164645
5   9   1   6   -0.0009023743
5   9   1   7   0.0007342340
5   9   2   6   0.0000000271
5   9   2   7   -0.0000000221
5   9   3   6   -0.0036617417
5   9   3   7   0.0029794458
5   9   5   5   -0.0012423512
5   9   5   8   -0.0100059868
5   9   6   6   -0.0000593021
5   9   6   7   0.0000482523
5   10   2   5   -0.0000000000
5   10   4   6   -0.0011411550
5   10   4   7   0.0009285225
5   10   5   6   -0.0090274470
5   10   5   7   -0.0110947410
5   10   6   5   -0.0000000000
5   11   1   5   -0.0000402769
5   11   1   8   -0.0007106279
5   11   2   5   0.0000000765
5   11   2   8   0.0000011008
5   11   3   5   -0.0002606223
5   11   3   8   -0.0023305457
5   11   4   6   -0.0009299744
5   11   4   7   -0.0011429395
5   11   5   6   -0.0133788355
5   11   5   7   0.0108859439
5   11   6   5   0.0061804175
5   11   6   8   0.0059409356
5   12   1   6   -0.0000519436
5   12   1   7   0.0000422649
5   12   2   6   -0.0000144463
5   12   2   7   0.0000117545
5   12   3   6   -0.0002619838
5   12   3   7   0.0002131681
5   12   5   5   0.0138128544
5   12   5   8   0.0349204063
5   12   6   6   -0.0011855151
5   12   6   7   0.0009646169
6   7   1   5   0.0040340619
6   7   1   8   0.0047942238
6   7   2   5   0.0000000604
6   7   2   8   0.0000000855
6   7   3   5   0.0033546153
6   7   3   8   0.0043820850
6   7   4   6   -0.0000100945
6   7   4   7   -0.0000124062
6   7   5   6   -0.0000124062
6   7   5   7   0.0000100945
6   7   6   5   0.0000723855
6   7   6   8   0.0003298075
6   8   1   5   0.0000037478
6   8   1   8   -0.0000107396
6   8   2   5   -0.0007907280
6   8   2   8   -0.0005016681
6   8   3   5   0.0000564345
6   8   3   8   -0.0001385153
6   8   4   6   -0.0000200055
6   8   4   7   -0.0000245867
6   8   5   6   -0.0000245867
6   8   5   7   0.0000200055
6   8   6   5   -0.0004876090
6   8   6   8   0.0011546588
6   9   1   5   0.0030084925
6   9   1   8   0.0040046895
6   9   2   5   0.0000049097
6   9   2   8   0.0000049665
6   9   3   5   0.0111841967
6   9   3   8   0.0158902958
6   9   4   6   -0.0000662056
6   9   4   7   -0.0000813668
6   9   5   6   -0.0000813668
6   9   5   7   0.0000662056
6   9   6   5   -0.0011640641
6   9   6   8   -0.0093902493
6   10   1   6   -0.0000233848
6   10   1   7   -0.0000287399
6   10   2   6   0.0000030636
6   10   2   7   0.0000037652
6   10   3   6   -0.0002006772
6   10   3   7   -0.0002466325
6   10   4   5   0.0052402618
6   10   4   8   0.0055871935
6   10   6   6   -0.0087940610
6   10   6   7   -0.0108079095
6   11   1   6   -0.0000287399
6   11   1   7   0.0000233848
6   11   2   6   0.0000037652
6   11   2   7   -0.0000030636
6   11   3   6   -0.0002466325
6   11   3   7   0.0002006772
6   11   5   5   0.0052402618
6   11   5   8   0.0055871935
6   11   6   6   -0.0108079095
6   11   6   7   0.0087940610
6   12   1   5   0.0001581044
6   12   1   8   -0.0004259063
6   12   2   5   -0.0000782753
6   12   2   8   -0.0000426959
6   12   3   5   -0.0008715106
6   12   3   8   -0.0014613858
6   12   4   6   -0.0009349221
6   12   4   7   -0.0011490202
6   12   5   6   -0.0011490202
6   12   5   7   0.0009349221
6   12   6   5   0.0300419998
6   12   6   8   0.0482053506

End IJKA Block
Begin IABC Block
1   5   1   5   -0.0000232363
1   5   1   8   -0.0000160073
1   5   2   6   -0.0000036369
1   5   3   7   -0.0000036369
1   5   4   5   -0.0000381313
1   5   4   8   -0.0000222246
1   6   1   6   -0.0000227122
1   6   2   5   -0.0000036841
1   6   2   8   -0.0000045650
1   6   4   6   -0.0000403506
1   7   1   7   -0.0000227122
1   7   3   5   -0.0000036841
1   7   3   8   -0.0000045650
1   7   4   7   -0.0000403506
1   8   1   5   -0.0000133348
1   8   1   8   -0.0000470227
1   8   2   6   -0.0000044889
1   8   3   7   -0.0000044889
1   8   4   5   -0.0000206606
1   8   4   8   -0.0000747502
2   5   1   5   -0.0011714118
2   5   1   8   -0.0020038313
2   5   2   6   0.0037266321
2   5   3   7   0.0037266321
2   5   4   5   -0.0035875327
2   5   4   8   0.0022664623
2   6   1   6   -0.0004531416
2   6   2   5   0.0037534916
2   6   2   8   0.0016070217
2   6   4   6   -0.0007876848
2   7   1   7   -0.0004531416
2   7   3   5   0.0037534916
2   7   3   8   0.0016070217
2   7   4   7   -0.0007876848
2   8   1   5   -0.0020198069
2   8   1   8   -0.0019739642
2   8   2   6   0.0015960071
2   8   3   7   0.0015960071
2   8   4   5   0.0022922732
2   8   4   8   0.0012145194
3   5   1   5   -0.0000301433
3   5   1   8   -0.0000669577
3   5   2   6   0.0000121681
3   5   3   7   0.0000121681
3   5   4   5   -0.0003680613
3   5   4   8   -0.0001665201
3   6   1   6   -0.0000533786
3   6   2   5   0.0000105115
3   6   2   8   0.0000147118
3   6   4   6   -0.0002031662
3   7   1   7   -0.0000533786
3   7   3   5   0.0000105115
3   7   3   8   0.0000147118
3   7   4   7   -0.0002031662
3   8   1   5   -0.0000857113
3   8   1   8   -0.0001040934
3   8   2   6   0.0000163836
3   8   3   7   0.0000163836
3   8   4   5   -0.0001890042
3   8   4   8   -0.0005081754
4   5   1   6   0.0001573214
4   5   1   7   0.0001933482
4   5   2   5   0.0003243110
4   5   2   8   -0.0000965289
4   5   3   5   0.0003985786
4   5   3   8   -0.0001186341
4   5   4   6   0.0003477043
4   5   4   7   0.0004273289
4   6   1   5   0.0001515512
4   6   1   8   0.0001314416
4   6   2   6   0.0005724599
4   6   2   7   0.0001151827
4   6   3   6   0.0004728747
4   6   3   7   0.0000939758
4   6   4   5   0.0003465817
4   6   4   8   0.0002585828
4   7   1   5   0.0001862566
4   7   1   8   0.0001615419
4   7   2   6   0.0001154963
4   7   2   7   0.0003847635
4   7   3   6   0.0000937206
4   7   3   7   0.0007035538
4   7   4   5   0.0004259492
4   7   4   8   0.0003177985
4   8   1   6   0.0001338194
4   8   1   7   0.0001644641
4   8   2   5   -0.0000909428
4   8   2   8   0.0001450495
4   8   3   5   -0.0001117688
4   8   3   8   0.0001782660
4   8   4   6   0.0002593769
4   8   4   7   0.0003187745
5   5   1   6   0.0001933482
5   5   1   7   -0.0001573214
5   5   2   5   0.0003985786
5   5   2   8   -0.0001186341
5   5   3   5   -0.0003243110
5   5   3   8   0.0000965289
5   5   4   6   0.0004273289
5   5   4   7   -0.0003477043
5   6   1   5   0.0001862566
5   6   1   8   0.0001615419
5   6   2   6   0.0007035538
5   6   2   7   -0.0000937206
5   6   3   6   -0.0003847635
5   6   3   7   0.0001154963
5   6   4   5   0.0004259492
5   6   4   8   0.0003177985
5   7   1   5   -0.0001515512
5   7   1   8   -0.0001314416
5   7   2   6   -0.0000939758
5   7   2   7   0.0004728747
5   7   3   6   0.0001151827
5   7   3   7   -0.0005724599
5   7   4   5   -0.0003465817
5   7   4   8   -0.0002585828
5   8   1   6   0.0001644641
5   8   1   7   -0.0001338194
5   8   2   5   -0.0001117688
5   8   2   8   0.0001782660
5   8   3   5   0.0000909428
5   8   3   8   -0.0001450495
5   8   4   6   0.0003187745
5   8   4   7   -0.0002593769
6   5   1   5   -0.0045662983
6   5   1   8   0.0002558125
6   5   2   6   -0.0016894451
6   5   3   7   -0.0016894451
6   5   4   5   -0.0054116596
6   5   4   8   -0.0034399920
6   6   1   6   -0.0038196618
6   6   2   5   -0.0016986876
6   6   2   8   -0.0010759543
6   6   4   6   -0.0059738160
6   7   1   7   -0.0038196618
6   7   3   5   -0.0016986876
6   7   3   8   -0.0010759543
6   7   4   7   -0.0059738160
6   8   1   5   0.0002256164
6   8   1   8   -0.0042630701
6   8   2   6   -0.0010759685
6   8   3   7   -0.0010759685
6   8   4   5   -0.0035432339
6   8   4   8   -0.0079333124

End IABC Block
