Begin IJ Block
1   1   -5.3216016675
1   2   -0.0001464692
1   5   -0.0066169946
2   2   -6.7399947972
2   5   -0.0154882102
3   3   -5.7814127816
4   4   -5.7814127816
5   5   -5.5909717331

End IJ Block
Begin IA Block
1   1   0.1091023305
1   4   0.0595460976
2   1   0.0122069691
2   4   0.0801701632
3   2   0.0049255573
3   3   0.1097866499
4   2   0.1097866499
4   3   -0.0049255573
5   1   -0.1181779129
5   4   -0.2091896819

End IA Block
Begin AB Block
1   1   -1.5093616806
1   4   -0.3037842211
2   2   -1.3348795613
3   3   -1.3348795613
4   4   -1.5713803627

End AB Block
Begin IJKL Block
1   6   1   6   1.6358039226
1   6   1   7   0.0000381653
1   6   1   10   0.0076928480
1   6   2   6   0.0000381653
1   6   2   7   0.0000099667
1   6   2   10   -0.0000209236
1   6   3   8   0.0000170115
1   6   3   9   -0.0000000000
1   6   4   8   0.0000000000
1   6   4   9   0.0000170115
1   6   5   6   0.0076928480
1   6   5   7   -0.0000209236
1   6   5   10   0.0001835813
1   7   1   6   0.0000381653
1   7   1   7   0.1255199909
1   7   1   10   -0.0097993705
1   7   2   6   0.0000038444
1   7   2   7   0.0000215204
1   7   2   10   -0.0000207805
1   7   3   8   0.0000040164
1   7   4   9   0.0000040164
1   7   5   6   0.0000015478
1   7   5   7   -0.0001844982
1   7   5   10   0.0000221983
1   8   1   8   0.1249926931
1   8   2   8   0.0000197014
1   8   3   6   -0.0000014419
1   8   3   7   0.0000044116
1   8   3   10   -0.0000052117
1   8   5   8   -0.0001738725
1   9   1   9   0.1249926931
1   9   2   9   0.0000197014
1   9   4   6   -0.0000014419
1   9   4   7   0.0000044116
1   9   4   10   -0.0000052117
1   9   5   9   -0.0001738725
1   10   1   6   0.0076928480
1   10   1   7   -0.0097993705
1   10   1   10   0.1331720053
1   10   2   6   0.0000015478
1   10   2   7   -0.0000191007
1   10   2   10   0.0000201309
1   10   3   8   -0.0000044874
1   10   4   9   -0.0000044874
1   10   5   6   0.0001198242
1   10   5   7   0.0000234061
1   10   5   10   -0.0002015499
2   6   1   6   0.0000381653
2   6   1   7   0.0000038444
2   6   1   10   0.0000015478
2   6   2   6   0.1255199909
2   6   2   7   0.0000215204
2   6   2   10   -0.0001844982
2   6   3   8   0.0000040164
2   6   4   9   0.0000040164
2   6   5   6   -0.0097993705
2   6   5   7   -0.0000207805
2   6   5   10   0.0000221983
2   7   1   6   0.0000099667
2   7   1   7   0.0000215204
2   7   1   10   -0.0000191007
2   7   2   6   0.0000215204
2   7   2   7   0.8718307614
2   7   2   10   0.0065081442
2   7   3   8   0.1540634735
2   7   4   9   0.1540634735
2   7   5   6   -0.0000191007
2   7   5   7   0.0065081442
2   7   5   10   0.1456531174
2   8   1   8   0.0000197014
2   8   2   8   0.8196222842
2   8   3   6   0.0000044116
2   8   3   7   0.1588360726
2   8   3   10   0.0014832704
2   8   5   8   0.0061260704
2   9   1   9   0.0000197014
2   9   2   9   0.8196222842
2   9   4   6   0.0000044116
2   9   4   7   0.1588360726
2   9   4   10   0.0014832704
2   9   5   9   0.0061260704
2   10   1   6   -0.0000209236
2   10   1   7   -0.0000207805
2   10   1   10   0.0000201309
2   10   2   6   -0.0001844982
2   10   2   7   0.0065081442
2   10   2   10   0.7844064763
2   10   3   8   0.0013931671
2   10   4   9   0.0013931671
2   10   5   6   0.0000234061
2   10   5   7   0.1507652014
2   10   5   10   0.0059034129
3   6   1   8   -0.0000014419
3   6   2   8   0.0000044116
3   6   3   6   0.1249926931
3   6   3   7   0.0000197014
3   6   3   10   -0.0001738725
3   6   5   8   -0.0000052117
3   7   1   8   0.0000044116
3   7   2   8   0.1588360726
3   7   3   6   0.0000197014
3   7   3   7   0.8196222842
3   7   3   10   0.0061260704
3   7   5   8   0.0014832704
3   8   1   6   0.0000170115
3   8   1   7   0.0000040164
3   8   1   10   -0.0000044874
3   8   2   6   0.0000040164
3   8   2   7   0.1540634735
3   8   2   10   0.0013931671
3   8   3   8   0.8188793437
3   8   4   9   0.0320823794
3   8   5   6   -0.0000044874
3   8   5   7   0.0013931671
3   8   5   10   0.0305789870
3   9   1   6   -0.0000000000
3   9   3   9   0.7485668747
3   9   4   8   0.0382300896
3   9   5   10   -0.0000000000
3   10   1   8   -0.0000052117
3   10   2   8   0.0014832704
3   10   3   6   -0.0001738725
3   10   3   7   0.0061260704
3   10   3   10   0.7177846724
3   10   5   8   0.0364426190
4   6   1   9   -0.0000014419
4   6   2   9   0.0000044116
4   6   4   6   0.1249926931
4   6   4   7   0.0000197014
4   6   4   10   -0.0001738725
4   6   5   9   -0.0000052117
4   7   1   9   0.0000044116
4   7   2   9   0.1588360726
4   7   4   6   0.0000197014
4   7   4   7   0.8196222842
4   7   4   10   0.0061260704
4   7   5   9   0.0014832704
4   8   1   6   0.0000000000
4   8   3   9   0.0382300896
4   8   4   8   0.7485668747
4   8   5   10   0.0000000000
4   9   1   6   0.0000170115
4   9   1   7   0.0000040164
4   9   1   10   -0.0000044874
4   9   2   6   0.0000040164
4   9   2   7   0.1540634735
4   9   2   10   0.0013931671
4   9   3   8   0.0320823794
4   9   4   9   0.8188793437
4   9   5   6   -0.0000044874
4   9   5   7   0.0013931671
4   9   5   10   0.0305789870
4   10   1   9   -0.0000052117
4   10   2   9   0.0014832704
4   10   4   6   -0.0001738725
4   10   4   7   0.0061260704
4   10   4   10   0.7177846724
4   10   5   9   0.0364426190
5   6   1   6   0.0076928480
5   6   1   7   0.0000015478
5   6   1   10   0.0001198242
5   6   2   6   -0.0097993705
5   6   2   7   -0.0000191007
5   6   2   10   0.0000234061
5   6   3   8   -0.0000044874
5   6   4   9   -0.0000044874
5   6   5   6   0.1331720053
5   6   5   7   0.0000201309
5   6   5   10   -0.0002015499
5   7   1   6   -0.0000209236
5   7   1   7   -0.0001844982
5   7   1   10   0.0000234061
5   7   2   6   -0.0000207805
5   7   2   7   0.0065081442
5   7   2   10   0.1507652014
5   7   3   8   0.0013931671
5   7   4   9   0.0013931671
5   7   5   6   0.0000201309
5   7   5   7   0.7844064763
5   7   5   10   0.0059034129
5   8   1   8   -0.0001738725
5   8   2   8   0.0061260704
5   8   3   6   -0.0000052117
5   8   3   7   0.0014832704
5   8   3   10   0.0364426190
5   8   5   8   0.7177846724
5   9   1   9   -0.0001738725
5   9   2   9   0.0061260704
5   9   4   6   -0.0000052117
5   9   4   7   0.0014832704
5   9   4   10   0.0364426190
5   9   5   9   0.7177846724
5   10   1   6   0.0001835813
5   10   1   7   0.0000221983
5   10   1   10   -0.0002015499
5   10   2   6   0.0000221983
5   10   2   7   0.1456531174
5   10   2   10   0.0059034129
5   10   3   8   0.0305789870
5   10   3   9   -0.0000000000
5   10   4   8   0.0000000000
5   10   4   9   0.0305789870
5   10   5   6   -0.0002015499
5   10   5   7   0.0059034129
5   10   5   10   0.7570504888

End IJKL Block
Begin IJAB Block
1   6   1   5   0.0138254359
1   6   1   8   0.0081083486
1   6   2   6   0.0023599981
1   6   3   7   0.0023599981
1   6   4   5   0.0081083486
1   6   4   8   0.0076724098
1   7   1   5   0.0000005532
1   7   1   8   0.0000008054
1   7   2   6   0.0000043312
1   7   3   7   0.0000043312
1   7   4   5   -0.0000057169
1   7   4   8   -0.0000001919
1   8   1   6   -0.0000004299
1   8   1   7   -0.0000095810
1   8   2   5   0.0000016263
1   8   2   8   0.0000032689
1   8   3   5   0.0000362487
1   8   3   8   0.0000728609
1   8   4   6   -0.0000003795
1   8   4   7   -0.0000084585
1   9   1   6   -0.0000095810
1   9   1   7   0.0000004299
1   9   2   5   0.0000362487
1   9   2   8   0.0000728609
1   9   3   5   -0.0000016263
1   9   3   8   -0.0000032689
1   9   4   6   -0.0000084585
1   9   4   7   0.0000003795
1   10   1   5   0.0003614952
1   10   1   8   0.0005250576
1   10   2   6   -0.0002962158
1   10   3   7   -0.0002962158
1   10   4   5   0.0001914005
1   10   4   8   -0.0002664394
2   6   1   5   0.0000005532
2   6   1   8   -0.0000057169
2   6   2   6   0.0000043312
2   6   3   7   0.0000043312
2   6   4   5   0.0000008054
2   6   4   8   -0.0000001919
2   7   1   5   0.0010722662
2   7   1   8   0.0016167077
2   7   2   6   0.0002899704
2   7   3   7   0.0002899704
2   7   4   5   0.0016167077
2   7   4   8   0.0027124849
2   8   1   6   0.0000026396
2   8   1   7   0.0000588342
2   8   2   5   0.0000014051
2   8   2   8   0.0000116007
2   8   3   5   0.0000313188
2   8   3   8   0.0002585696
2   8   4   6   0.0000267335
2   8   4   7   0.0005958681
2   9   1   6   0.0000588342
2   9   1   7   -0.0000026396
2   9   2   5   0.0000313188
2   9   2   8   0.0002585696
2   9   3   5   -0.0000014051
2   9   3   8   -0.0000116007
2   9   4   6   0.0005958681
2   9   4   7   -0.0000267335
2   10   1   5   -0.0002670465
2   10   1   8   -0.0009923594
2   10   2   6   -0.0000460232
2   10   3   7   -0.0000460232
2   10   4   5   -0.0015621533
2   10   4   8   -0.0027070681
3   6   1   6   0.0000016263
3   6   1   7   0.0000362487
3   6   2   5   -0.0000004299
3   6   2   8   -0.0000003795
3   6   3   5   -0.0000095810
3   6   3   8   -0.0000084585
3   6   4   6   0.0000032689
3   6   4   7   0.0000728609
3   7   1   6   0.0000014051
3   7   1   7   0.0000313188
3   7   2   5   0.0000026396
3   7   2   8   0.0000267335
3   7   3   5   0.0000588342
3   7   3   8   0.0005958681
3   7   4   6   0.0000116007
3   7   4   7   0.0002585696
3   8   1   5   0.0007072735
3   8   1   8   0.0009272983
3   8   2   6   0.0001572052
3   8   2   7   0.0000353717
3   8   3   6   0.0000353717
3   8   3   7   0.0009440250
3   8   4   5   0.0009272983
3   8   4   8   0.0014497867
3   9   1   5   -0.0000000000
3   9   1   8   -0.0000000000
3   9   2   6   0.0000353717
3   9   2   7   0.0001237837
3   9   3   6   0.0006630361
3   9   3   7   -0.0000353717
3   9   4   5   -0.0000000000
3   9   4   8   -0.0000000000
3   10   1   6   -0.0000199957
3   10   1   7   -0.0004456878
3   10   2   5   -0.0000594957
3   10   2   8   -0.0000866733
3   10   3   5   -0.0013261101
3   10   3   8   -0.0019318771
3   10   4   6   -0.0000208575
3   10   4   7   -0.0004648964
4   6   1   6   0.0000362487
4   6   1   7   -0.0000016263
4   6   2   5   -0.0000095810
4   6   2   8   -0.0000084585
4   6   3   5   0.0000004299
4   6   3   8   0.0000003795
4   6   4   6   0.0000728609
4   6   4   7   -0.0000032689
4   7   1   6   0.0000313188
4   7   1   7   -0.0000014051
4   7   2   5   0.0000588342
4   7   2   8   0.0005958681
4   7   3   5   -0.0000026396
4   7   3   8   -0.0000267335
4   7   4   6   0.0002585696
4   7   4   7   -0.0000116007
4   8   1   5   0.0000000000
4   8   1   8   0.0000000000
4   8   2   6   0.0000353717
4   8   2   7   0.0006630361
4   8   3   6   0.0001237837
4   8   3   7   -0.0000353717
4   8   4   5   0.0000000000
4   8   4   8   0.0000000000
4   9   1   5   0.0007072735
4   9   1   8   0.0009272983
4   9   2   6   0.0009440250
4   9   2   7   -0.0000353717
4   9   3   6   -0.0000353717
4   9   3   7   0.0001572052
4   9   4   5   0.0009272983
4   9   4   8   0.0014497867
4   10   1   6   -0.0004456878
4   10   1   7   0.0000199957
4   10   2   5   -0.0013261101
4   10   2   8   -0.0019318771
4   10   3   5   0.0000594957
4   10   3   8   0.0000866733
4   10   4   6   -0.0004648964
4   10   4   7   0.0000208575
5   6   1   5   0.0003614952
5   6   1   8   0.0001914005
5   6   2   6   -0.0002962158
5   6   3   7   -0.0002962158
5   6   4   5   0.0005250576
5   6   4   8   -0.0002664394
5   7   1   5   -0.0002670465
5   7   1   8   -0.0015621533
5   7   2   6   -0.0000460232
5   7   3   7   -0.0000460232
5   7   4   5   -0.0009923594
5   7   4   8   -0.0027070681
5   8   1   6   -0.0000594957
5   8   1   7   -0.0013261101
5   8   2   5   -0.0000199957
5   8   2   8   -0.0000208575
5   8   3   5   -0.0004456878
5   8   3   8   -0.0004648964
5   8   4   6   -0.0000866733
5   8   4   7   -0.0019318771
5   9   1   6   -0.0013261101
5   9   1   7   0.0000594957
5   9   2   5   -0.0004456878
5   9   2   8   -0.0004648964
5   9   3   5   0.0000199957
5   9   3   8   0.0000208575
5   9   4   6   -0.0019318771
5   9   4   7   0.0000866733
5   10   1   5   0.0043620551
5   10   1   8   0.0065381157
5   10   2   6   0.0008179003
5   10   3   7   0.0008179003
5   10   4   5   0.0065381157
5   10   4   8   0.0094122957

End IJAB Block
Begin ABCD Block
1   5   1   5   0.2347954252
1   5   1   8   -0.0037217430
1   5   2   6   0.0380954273
1   5   3   7   0.0380954273
1   5   4   5   -0.0037217430
1   5   4   8   0.0304388809
1   6   1   6   0.1912438591
1   6   2   5   0.0380983849
1   6   2   8   0.0082212211
1   6   4   6   0.0101312236
1   7   1   7   0.1912438591
1   7   3   5   0.0380983849
1   7   3   8   0.0082212211
1   7   4   7   0.0101312236
1   8   1   5   -0.0037217430
1   8   1   8   0.1904209361
1   8   2   6   0.0082188333
1   8   3   7   0.0082188333
1   8   4   5   0.0304586427
1   8   4   8   0.0145841369
2   5   1   6   0.0380983849
2   5   2   5   0.1912438591
2   5   2   8   0.0101312236
2   5   4   6   0.0082212211
2   6   1   5   0.0380954273
2   6   1   8   0.0082188333
2   6   2   6   0.1816336210
2   6   3   7   0.0096854034
2   6   4   5   0.0082188333
2   6   4   8   0.0122423396
2   7   2   7   0.1622629992
2   7   3   6   0.0096852184
2   8   1   6   0.0082212211
2   8   2   5   0.0101312236
2   8   2   8   0.1673485549
2   8   4   6   0.0122440781
3   5   1   7   0.0380983849
3   5   3   5   0.1912438591
3   5   3   8   0.0101312236
3   5   4   7   0.0082212211
3   6   2   7   0.0096852184
3   6   3   6   0.1622629992
3   7   1   5   0.0380954273
3   7   1   8   0.0082188333
3   7   2   6   0.0096854034
3   7   3   7   0.1816336210
3   7   4   5   0.0082188333
3   7   4   8   0.0122423396
3   8   1   7   0.0082212211
3   8   3   5   0.0101312236
3   8   3   8   0.1673485549
3   8   4   7   0.0122440781
4   5   1   5   -0.0037217430
4   5   1   8   0.0304586427
4   5   2   6   0.0082188333
4   5   3   7   0.0082188333
4   5   4   5   0.1904209361
4   5   4   8   0.0145841369
4   6   1   6   0.0101312236
4   6   2   5   0.0082212211
4   6   2   8   0.0122440781
4   6   4   6   0.1673485549
4   7   1   7   0.0101312236
4   7   3   5   0.0082212211
4   7   3   8   0.0122440781
4   7   4   7   0.1673485549
4   8   1   5   0.0304388809
4   8   1   8   0.0145841369
4   8   2   6   0.0122423396
4   8   3   7   0.0122423396
4   8   4   5   0.0145841369
4   8   4   8   0.1911305886

End ABCD Block
Begin AIJB Block
1   6   1   5   0.0107247680
1   6   1   8   0.0061842235
1   6   2   5   0.0000026891
1   6   2   8   -0.0000057688
1   6   3   6   0.0000013515
1   6   3   7   0.0000301235
1   6   4   6   0.0000301235
1   6   4   7   -0.0000013515
1   6   5   5   0.0001587618
1   6   5   8   -0.0000178571
1   7   1   5   0.0000026891
1   7   1   8   0.0000038196
1   7   2   5   0.0011326019
1   7   2   8   0.0014233460
1   7   3   6   0.0000004341
1   7   3   7   0.0000096748
1   7   4   6   0.0000096748
1   7   4   7   -0.0000004341
1   7   5   5   0.0000603090
1   7   5   8   -0.0006265854
1   8   1   6   -0.0000001818
1   8   1   7   -0.0000040515
1   8   2   6   0.0000001515
1   8   2   7   0.0000033759
1   8   3   5   0.0000712732
1   8   3   8   0.0002544493
1   8   5   6   -0.0000673369
1   8   5   7   -0.0015008841
1   9   1   6   -0.0000040515
1   9   1   7   0.0000001818
1   9   2   6   0.0000033759
1   9   2   7   -0.0000001515
1   9   4   5   0.0000712732
1   9   4   8   0.0002544493
1   9   5   6   -0.0015008841
1   9   5   7   0.0000673369
1   10   1   5   0.0001587618
1   10   1   8   0.0002927906
1   10   2   5   0.0000603090
1   10   2   8   -0.0001030724
1   10   3   6   -0.0000061033
1   10   3   7   -0.0001360369
1   10   4   6   -0.0001360369
1   10   4   7   0.0000061033
1   10   5   5   0.0045057108
1   10   5   8   0.0052185008
2   6   1   6   0.0020907091
2   6   2   6   0.0000004015
2   6   3   5   -0.0000001818
2   6   3   8   0.0000001758
2   6   4   5   -0.0000040515
2   6   4   8   0.0000039191
2   6   5   6   -0.0002022685
2   7   1   6   0.0000004015
2   7   2   6   0.0002250391
2   7   3   5   0.0000001515
2   7   3   8   0.0000169402
2   7   4   5   0.0000033759
2   7   4   8   0.0003775835
2   7   5   6   0.0000148801
2   8   1   5   0.0000013515
2   8   1   8   0.0000029606
2   8   2   5   0.0000004341
2   8   2   8   0.0000048966
2   8   3   6   0.0000641646
2   8   3   7   0.0000334681
2   8   4   6   0.0000334681
2   8   4   7   0.0006771439
2   8   5   5   -0.0000061033
2   8   5   8   -0.0000129213
2   9   1   5   0.0000301235
2   9   1   8   0.0000659898
2   9   2   5   0.0000096748
2   9   2   8   0.0001091403
2   9   3   6   0.0000334681
2   9   3   7   0.0000673313
2   9   4   6   0.0008086398
2   9   4   7   -0.0000334681
2   9   5   5   -0.0001360369
2   9   5   8   -0.0002880044
2   10   1   6   -0.0002022685
2   10   2   6   0.0000148801
2   10   3   5   -0.0000673369
2   10   3   8   -0.0000875443
2   10   4   5   -0.0015008841
2   10   4   8   -0.0019512904
2   10   5   6   0.0003553609
3   6   1   7   0.0020907091
3   6   2   7   0.0000004015
3   6   3   5   -0.0000040515
3   6   3   8   0.0000039191
3   6   4   5   0.0000001818
3   6   4   8   -0.0000001758
3   6   5   7   -0.0002022685
3   7   1   7   0.0000004015
3   7   2   7   0.0002250391
3   7   3   5   0.0000033759
3   7   3   8   0.0003775835
3   7   4   5   -0.0000001515
3   7   4   8   -0.0000169402
3   7   5   7   0.0000148801
3   8   1   5   0.0000301235
3   8   1   8   0.0000659898
3   8   2   5   0.0000096748
3   8   2   8   0.0001091403
3   8   3   6   0.0000334681
3   8   3   7   0.0008086398
3   8   4   6   0.0000673313
3   8   4   7   -0.0000334681
3   8   5   5   -0.0001360369
3   8   5   8   -0.0002880044
3   9   1   5   -0.0000013515
3   9   1   8   -0.0000029606
3   9   2   5   -0.0000004341
3   9   2   8   -0.0000048966
3   9   3   6   0.0006771439
3   9   3   7   -0.0000334681
3   9   4   6   -0.0000334681
3   9   4   7   0.0000641646
3   9   5   5   0.0000061033
3   9   5   8   0.0000129213
3   10   1   7   -0.0002022685
3   10   2   7   0.0000148801
3   10   3   5   -0.0015008841
3   10   3   8   -0.0019512904
3   10   4   5   0.0000673369
3   10   4   8   0.0000875443
3   10   5   7   0.0003553609
4   6   1   5   0.0061842235
4   6   1   8   0.0061807070
4   6   2   5   0.0000038196
4   6   2   8   -0.0000040567
4   6   3   6   0.0000029606
4   6   3   7   0.0000659898
4   6   4   6   0.0000659898
4   6   4   7   -0.0000029606
4   6   5   5   0.0002927906
4   6   5   8   -0.0003101904
4   7   1   5   -0.0000057688
4   7   1   8   -0.0000040567
4   7   2   5   0.0014233460
4   7   2   8   0.0022318115
4   7   3   6   0.0000048966
4   7   3   7   0.0001091403
4   7   4   6   0.0001091403
4   7   4   7   -0.0000048966
4   7   5   5   -0.0001030724
4   7   5   8   -0.0012478196
4   8   1   6   0.0000001758
4   8   1   7   0.0000039191
4   8   2   6   0.0000169402
4   8   2   7   0.0003775835
4   8   3   5   0.0002544493
4   8   3   8   0.0006602092
4   8   5   6   -0.0000875443
4   8   5   7   -0.0019512904
4   9   1   6   0.0000039191
4   9   1   7   -0.0000001758
4   9   2   6   0.0003775835
4   9   2   7   -0.0000169402
4   9   4   5   0.0002544493
4   9   4   8   0.0006602092
4   9   5   6   -0.0019512904
4   9   5   7   0.0000875443
4   10   1   5   -0.0000178571
4   10   1   8   -0.0003101904
4   10   2   5   -0.0006265854
4   10   2   8   -0.0012478196
4   10   3   6   -0.0000129213
4   10   3   7   -0.0002880044
4   10   4   6   -0.0002880044
4   10   4   7   0.0000129213
4   10   5   5   0.0052185008
4   10   5   8   0.0078639889

1   6   6   1   -0.2978548800
1   6   6   4   -0.0474143794
1   6   7   1   -0.0000004566
1   6   7   4   0.0000017082
1   6   8   2   -0.0000008618
1   6   8   3   -0.0000192089
1   6   9   2   -0.0000192089
1   6   9   3   0.0000008618
1   6   10   1   -0.0003614992
1   6   10   4   0.0000848252
1   7   6   1   -0.0000004566
1   7   6   4   0.0000020902
1   7   7   1   -0.1063184117
1   7   7   4   -0.0283817327
1   7   8   2   -0.0000774969
1   7   8   3   -0.0017273424
1   7   9   2   -0.0017273424
1   7   9   3   0.0000774969
1   7   10   1   0.0060657675
1   7   10   4   0.0026731125
1   8   6   2   -0.0000008147
1   8   6   3   -0.0000181585
1   8   7   2   -0.0000773593
1   8   7   3   -0.0017242753
1   8   8   1   -0.1052606675
1   8   8   4   -0.0272566169
1   8   10   2   0.0000252249
1   8   10   3   0.0005622426
1   9   6   2   -0.0000181585
1   9   6   3   0.0000008147
1   9   7   2   -0.0017242753
1   9   7   3   0.0000773593
1   9   9   1   -0.1052606675
1   9   9   4   -0.0272566169
1   9   10   2   0.0005622426
1   9   10   3   -0.0000252249
1   10   6   1   -0.0003614992
1   10   6   4   0.0000891273
1   10   7   1   0.0060657675
1   10   7   4   0.0026782763
1   10   8   2   0.0000260497
1   10   8   3   0.0005806258
1   10   9   2   0.0005806258
1   10   9   3   -0.0000260497
1   10   10   1   -0.1084939844
1   10   10   4   -0.0283674379
2   6   6   2   -0.2347744420
2   6   7   2   -0.0000003159
2   6   8   1   -0.0000008147
2   6   8   4   -0.0000003886
2   6   9   1   -0.0000181585
2   6   9   4   -0.0000086607
2   6   10   2   -0.0001036136
2   7   6   2   -0.0000003159
2   7   7   2   -0.1063663092
2   7   8   1   -0.0000773593
2   7   8   4   -0.0000896488
2   7   9   1   -0.0017242753
2   7   9   4   -0.0019981995
2   7   10   2   0.0059623648
2   8   6   1   -0.0000008618
2   8   6   4   -0.0000004205
2   8   7   1   -0.0000774969
2   8   7   4   -0.0000897495
2   8   8   2   -0.1059541034
2   8   8   3   -0.0000178735
2   8   9   2   -0.0000178735
2   8   9   3   -0.0001954228
2   8   10   1   0.0000260497
2   8   10   4   0.0000306499
2   9   6   1   -0.0000192089
2   9   6   4   -0.0000093737
2   9   7   1   -0.0017273424
2   9   7   4   -0.0020004435
2   9   8   2   -0.0000178735
2   9   8   3   -0.0002021608
2   9   9   2   -0.1063516870
2   9   9   3   0.0000178735
2   9   10   1   0.0005806258
2   9   10   4   0.0006831612
2   10   6   2   -0.0001036136
2   10   7   2   0.0059623648
2   10   8   1   0.0000252249
2   10   8   4   0.0000295065
2   10   9   1   0.0005622426
2   10   9   4   0.0006576755
2   10   10   2   -0.1096544245
3   6   6   3   -0.2347744420
3   6   7   3   -0.0000003159
3   6   8   1   -0.0000181585
3   6   8   4   -0.0000086607
3   6   9   1   0.0000008147
3   6   9   4   0.0000003886
3   6   10   3   -0.0001036136
3   7   6   3   -0.0000003159
3   7   7   3   -0.1063663092
3   7   8   1   -0.0017242753
3   7   8   4   -0.0019981995
3   7   9   1   0.0000773593
3   7   9   4   0.0000896488
3   7   10   3   0.0059623648
3   8   6   1   -0.0000192089
3   8   6   4   -0.0000093737
3   8   7   1   -0.0017273424
3   8   7   4   -0.0020004435
3   8   8   2   -0.0000178735
3   8   8   3   -0.1063516870
3   8   9   2   -0.0002021608
3   8   9   3   0.0000178735
3   8   10   1   0.0005806258
3   8   10   4   0.0006831612
3   9   6   1   0.0000008618
3   9   6   4   0.0000004205
3   9   7   1   0.0000774969
3   9   7   4   0.0000897495
3   9   8   2   -0.0001954228
3   9   8   3   0.0000178735
3   9   9   2   0.0000178735
3   9   9   3   -0.1059541034
3   9   10   1   -0.0000260497
3   9   10   4   -0.0000306499
3   10   6   3   -0.0001036136
3   10   7   3   0.0059623648
3   10   8   1   0.0005622426
3   10   8   4   0.0006576755
3   10   9   1   -0.0000252249
3   10   9   4   -0.0000295065
3   10   10   3   -0.1096544245
4   6   6   1   -0.0474143794
4   6   6   4   -0.2611372643
4   6   7   1   0.0000020902
4   6   7   4   0.0000038962
4   6   8   2   -0.0000004205
4   6   8   3   -0.0000093737
4   6   9   2   -0.0000093737
4   6   9   3   0.0000004205
4   6   10   1   0.0000891273
4   6   10   4   0.0000273736
4   7   6   1   0.0000017082
4   7   6   4   0.0000038962
4   7   7   1   -0.0283817327
4   7   7   4   -0.1351359635
4   7   8   2   -0.0000897495
4   7   8   3   -0.0020004435
4   7   9   2   -0.0020004435
4   7   9   3   0.0000897495
4   7   10   1   0.0026782763
4   7   10   4   0.0093642734
4   8   6   2   -0.0000003886
4   8   6   3   -0.0000086607
4   8   7   2   -0.0000896488
4   8   7   3   -0.0019981995
4   8   8   1   -0.0272566169
4   8   8   4   -0.1335081644
4   8   10   2   0.0000295065
4   8   10   3   0.0006576755
4   9   6   2   -0.0000086607
4   9   6   3   0.0000003886
4   9   7   2   -0.0019981995
4   9   7   3   0.0000896488
4   9   9   1   -0.0272566169
4   9   9   4   -0.1335081644
4   9   10   2   0.0006576755
4   9   10   3   -0.0000295065
4   10   6   1   0.0000848252
4   10   6   4   0.0000273736
4   10   7   1   0.0026731125
4   10   7   4   0.0093642734
4   10   8   2   0.0000306499
4   10   8   3   0.0006831612
4   10   9   2   0.0006831612
4   10   9   3   -0.0000306499
4   10   10   1   -0.0283674379
4   10   10   4   -0.1389133437

End AIJB Block
Begin IJKA Block
1   6   1   5   -0.1072798458
1   6   1   8   -0.0705410349
1   6   2   5   0.0000075180
1   6   2   8   0.0000000495
1   6   3   6   0.0000006942
1   6   3   7   0.0000154737
1   6   4   6   0.0000154737
1   6   4   7   -0.0000006942
1   6   5   5   -0.0008787145
1   6   5   8   -0.0006709264
1   7   1   5   -0.0002403322
1   7   1   8   -0.0003798655
1   7   2   5   -0.0000028033
1   7   2   8   -0.0000051155
1   7   3   6   -0.0000000197
1   7   3   7   -0.0000004386
1   7   4   6   -0.0000004386
1   7   4   7   0.0000000197
1   7   5   5   0.0000008480
1   7   5   8   0.0000021261
1   8   1   6   0.0000461080
1   8   1   7   0.0010277107
1   8   2   6   -0.0000000456
1   8   2   7   -0.0000010167
1   8   3   5   0.0000008391
1   8   3   8   -0.0000001012
1   8   5   6   0.0000001106
1   8   5   7   0.0000024641
1   9   1   6   0.0010277107
1   9   1   7   -0.0000461080
1   9   2   6   -0.0000010167
1   9   2   7   0.0000000456
1   9   4   5   0.0000008391
1   9   4   8   -0.0000001012
1   9   5   6   0.0000024641
1   9   5   7   -0.0000001106
1   10   1   5   -0.0086098475
1   10   1   8   -0.0168603121
1   10   2   5   0.0000059644
1   10   2   8   0.0000007370
1   10   3   6   -0.0000004160
1   10   3   7   -0.0000092724
1   10   4   6   -0.0000092724
1   10   4   7   0.0000004160
1   10   5   5   -0.0000242207
1   10   5   8   -0.0000175320
2   6   1   5   -0.0000013477
2   6   1   8   -0.0000070651
2   6   2   5   -0.0005425305
2   6   2   8   0.0011572405
2   6   3   6   0.0000042274
2   6   3   7   0.0000942252
2   6   4   6   0.0000942252
2   6   4   7   -0.0000042274
2   6   5   5   0.0000785969
2   6   5   8   -0.0001670810
2   7   1   5   -0.0000012728
2   7   1   8   -0.0000022442
2   7   2   5   -0.0020705006
2   7   2   8   -0.0139287284
2   7   3   6   -0.0002629328
2   7   3   7   -0.0058605565
2   7   4   6   -0.0058605565
2   7   4   7   0.0002629328
2   7   5   5   0.0116741372
2   7   5   8   0.0167060752
2   8   1   6   -0.0000000473
2   8   1   7   -0.0000010553
2   8   2   6   -0.0008418506
2   8   2   7   -0.0187641624
2   8   3   5   -0.0003926332
2   8   3   8   -0.0029175372
2   8   5   6   -0.0000244747
2   8   5   7   -0.0005455212
2   9   1   6   -0.0000010553
2   9   1   7   0.0000000473
2   9   2   6   -0.0187641624
2   9   2   7   0.0008418506
2   9   4   5   -0.0003926332
2   9   4   8   -0.0029175372
2   9   5   6   -0.0005455212
2   9   5   7   0.0000244747
2   10   1   5   0.0000076341
2   10   1   8   0.0000016285
2   10   2   5   0.0248735294
2   10   2   8   0.0427057581
2   10   3   6   -0.0000271358
2   10   3   7   -0.0006048349
2   10   4   6   -0.0006048349
2   10   4   7   0.0000271358
2   10   5   5   0.0002772174
2   10   5   8   -0.0010400503
3   6   1   6   0.0000001819
3   6   1   7   0.0000040539
3   6   2   6   0.0000040525
3   6   2   7   0.0000903278
3   6   3   5   -0.0005338298
3   6   3   8   0.0011398819
3   6   5   6   -0.0000016397
3   6   5   7   -0.0000365478
3   7   1   6   0.0000000056
3   7   1   7   0.0000001249
3   7   2   6   -0.0002583363
3   7   2   7   -0.0057581045
3   7   3   5   -0.0016925198
3   7   3   8   -0.0124873236
3   7   5   6   -0.0000047777
3   7   5   7   -0.0001064909
3   8   1   5   0.0000023785
3   8   1   8   0.0000002098
3   8   2   5   -0.0003876140
3   8   2   8   -0.0028554187
3   8   3   6   -0.0009147184
3   8   3   7   -0.0203883257
3   8   4   6   -0.0017911384
3   8   4   7   0.0000803591
3   8   5   5   0.0049333725
3   8   5   8   0.0057143713
3   9   1   5   -0.0000000000
3   9   3   6   -0.0168017762
3   9   3   7   0.0007538085
3   9   4   6   -0.0000805508
3   9   4   7   -0.0017954111
3   9   5   5   -0.0000000000
3   9   5   8   0.0000000000
3   10   1   6   -0.0000006762
3   10   1   7   -0.0000150716
3   10   2   6   -0.0000207711
3   10   2   7   -0.0004629704
3   10   3   5   0.0224013380
3   10   3   8   0.0375835106
3   10   5   6   -0.0000827248
3   10   5   7   -0.0018438687
4   6   1   6   0.0000040539
4   6   1   7   -0.0000001819
4   6   2   6   0.0000903278
4   6   2   7   -0.0000040525
4   6   4   5   -0.0005338298
4   6   4   8   0.0011398819
4   6   5   6   -0.0000365478
4   6   5   7   0.0000016397
4   7   1   6   0.0000001249
4   7   1   7   -0.0000000056
4   7   2   6   -0.0057581045
4   7   2   7   0.0002583363
4   7   4   5   -0.0016925198
4   7   4   8   -0.0124873236
4   7   5   6   -0.0001064909
4   7   5   7   0.0000047777
4   8   1   5   0.0000000000
4   8   3   6   -0.0017954111
4   8   3   7   0.0000805508
4   8   4   6   -0.0007538085
4   8   4   7   -0.0168017762
4   8   5   5   0.0000000000
4   8   5   8   -0.0000000000
4   9   1   5   0.0000023785
4   9   1   8   0.0000002098
4   9   2   5   -0.0003876140
4   9   2   8   -0.0028554187
4   9   3   6   -0.0000803591
4   9   3   7   -0.0017911384
4   9   4   6   -0.0203883257
4   9   4   7   0.0009147184
4   9   5   5   0.0049333725
4   9   5   8   0.0057143713
4   10   1   6   -0.0000150716
4   10   1   7   0.0000006762
4   10   2   6   -0.0004629704
4   10   2   7   0.0000207711
4   10   4   5   0.0224013380
4   10   4   8   0.0375835106
4   10   5   6   -0.0018438687
4   10   5   7   0.0000827248
5   6   1   5   -0.0009140103
5   6   1   8   -0.0007019978
5   6   2   5   0.0000792571
5   6   2   8   -0.0001588071
5   6   3   6   -0.0000017227
5   6   3   7   -0.0000383974
5   6   4   6   -0.0000383974
5   6   4   7   0.0000017227
5   6   5   5   -0.0006399210
5   6   5   8   0.0012360566
5   7   1   5   0.0000042077
5   7   1   8   0.0000048936
5   7   2   5   0.0113875449
5   7   2   8   0.0166195914
5   7   3   6   -0.0000059466
5   7   3   7   -0.0001325451
5   7   4   6   -0.0001325451
5   7   4   7   0.0000059466
5   7   5   5   -0.0015112402
5   7   5   8   -0.0117223500
5   8   1   6   0.0000001309
5   8   1   7   0.0000029182
5   8   2   6   -0.0000182230
5   8   2   7   -0.0004061764
5   8   3   5   0.0044489049
5   8   3   8   0.0055176439
5   8   5   6   -0.0007372219
5   8   5   7   -0.0164320739
5   9   1   6   0.0000029182
5   9   1   7   -0.0000001309
5   9   2   6   -0.0004061764
5   9   2   7   0.0000182230
5   9   4   5   0.0044489049
5   9   4   8   0.0055176439
5   9   5   6   -0.0164320739
5   9   5   7   0.0007372219
5   10   1   5   -0.0000373287
5   10   1   8   -0.0000325754
5   10   2   5   -0.0004074751
5   10   2   8   -0.0016257989
5   10   3   6   -0.0000797460
5   10   3   7   -0.0017774738
5   10   4   6   -0.0017774738
5   10   4   7   0.0000797460
5   10   5   5   0.0345918537
5   10   5   8   0.0498685305

End IJKA Block
Begin IABC Block
1   5   1   5   -0.0008316601
1   5   1   8   -0.0019986443
1   5   2   6   0.0034240134
1   5   3   7   0.0034240134
1   5   4   5   -0.0035439992
1   5   4   8   0.0014605689
1   6   1   6   -0.0003490413
1   6   2   5   0.0034482196
1   6   2   8   0.0016587779
1   6   4   6   -0.0007689894
1   7   1   7   -0.0003490413
1   7   3   5   0.0034482196
1   7   3   8   0.0016587779
1   7   4   7   -0.0007689894
1   8   1   5   -0.0020141625
1   8   1   8   -0.0019987474
1   8   2   6   0.0016466076
1   8   3   7   0.0016466076
1   8   4   5   0.0014817985
1   8   4   8   0.0008132013
2   5   1   5   -0.0001286583
2   5   1   8   -0.0001254694
2   5   2   6   0.0000086281
2   5   3   7   0.0000086281
2   5   4   5   -0.0004142775
2   5   4   8   -0.0002122631
2   6   1   6   -0.0001445505
2   6   2   5   0.0000071288
2   6   2   8   0.0000127888
2   6   4   6   -0.0002578693
2   7   1   7   -0.0001445505
2   7   3   5   0.0000071288
2   7   3   8   0.0000127888
2   7   4   7   -0.0002578693
2   8   1   5   -0.0001359482
2   8   1   8   -0.0002542013
2   8   2   6   0.0000148762
2   8   3   7   0.0000148762
2   8   4   5   -0.0002228624
2   8   4   8   -0.0006459324
3   5   1   6   0.0000130421
3   5   1   7   0.0002906971
3   5   2   5   0.0000266864
3   5   2   8   -0.0000025276
3   5   3   5   0.0005948174
3   5   3   8   -0.0000563391
3   5   4   6   0.0000377079
3   5   4   7   0.0008404778
3   6   1   5   0.0000128316
3   6   1   8   0.0000139986
3   6   2   6   0.0000447755
3   6   2   7   0.0001819424
3   6   3   6   0.0006337722
3   6   3   7   0.0000081787
3   6   4   5   0.0000378459
3   6   4   8   0.0000283813
3   7   1   5   0.0002860068
3   7   1   8   0.0003120163
3   7   2   6   0.0001822955
3   7   2   7   0.0000284341
3   7   3   6   0.0000081628
3   7   3   7   0.0009980101
3   7   4   5   0.0008435541
3   7   4   8   0.0006325964
3   8   1   6   0.0000140992
3   8   1   7   0.0003142596
3   8   2   5   -0.0000020936
3   8   2   8   0.0000089440
3   8   3   5   -0.0000466642
3   8   3   8   0.0001993549
3   8   4   6   0.0000284225
3   8   4   7   0.0006335140
4   5   1   6   0.0002906971
4   5   1   7   -0.0000130421
4   5   2   5   0.0005948174
4   5   2   8   -0.0000563391
4   5   3   5   -0.0000266864
4   5   3   8   0.0000025276
4   5   4   6   0.0008404778
4   5   4   7   -0.0000377079
4   6   1   5   0.0002860068
4   6   1   8   0.0003120163
4   6   2   6   0.0009980101
4   6   2   7   -0.0000081628
4   6   3   6   -0.0000284341
4   6   3   7   0.0001822955
4   6   4   5   0.0008435541
4   6   4   8   0.0006325964
4   7   1   5   -0.0000128316
4   7   1   8   -0.0000139986
4   7   2   6   -0.0000081787
4   7   2   7   0.0006337722
4   7   3   6   0.0001819424
4   7   3   7   -0.0000447755
4   7   4   5   -0.0000378459
4   7   4   8   -0.0000283813
4   8   1   6   0.0003142596
4   8   1   7   -0.0000140992
4   8   2   5   -0.0000466642
4   8   2   8   0.0001993549
4   8   3   5   0.0000020936
4   8   3   8   -0.0000089440
4   8   4   6   0.0006335140
4   8   4   7   -0.0000284225
5   5   1   5   -0.0044163075
5   5   1   8   0.0000356309
5   5   2   6   -0.0017746235
5   5   3   7   -0.0017746235
5   5   4   5   -0.0064614718
5   5   4   8   -0.0036462776
5   6   1   6   -0.0035475384
5   6   2   5   -0.0017807260
5   6   2   8   -0.0012017973
5   6   4   6   -0.0065547972
5   7   1   7   -0.0035475384
5   7   3   5   -0.0017807260
5   7   3   8   -0.0012017973
5   7   4   7   -0.0065547972
5   8   1   5   0.0000405756
5   8   1   8   -0.0038119582
5   8   2   6   -0.0012020210
5   8   3   7   -0.0012020210
5   8   4   5   -0.0037382906
5   8   4   8   -0.0083928502

End IABC Block
