Begin IJ Block
1   1   -5.8780917082
1   2   0.0001828899
1   5   -0.0162326381
2   2   -6.9839737932
2   5   -0.0056199451
3   3   -5.9779974067
3   4   -0.0000000000
4   4   -5.9779974068
5   5   -5.8586186940

End IJ Block
Begin IA Block
1   1   0.0968080891
1   4   0.0694598505
2   1   0.0354803335
2   4   0.1202519602
3   2   0.1572047552
3   3   -0.0758921543
4   2   0.0758921543
4   3   0.1572047552
5   1   -0.1543175031
5   4   -0.0647508201

End IA Block
Begin AB Block
1   1   -1.6016957942
1   4   -0.3537790069
2   2   -1.3629864329
2   3   0.0000000000
3   3   -1.3629864329
4   4   -1.4253515207

End AB Block
Begin IJKL Block
1   6   1   6   1.6349318280
1   6   1   7   -0.0043483550
1   6   1   10   0.0282917903
1   6   2   6   -0.0043483550
1   6   2   7   -0.0000109646
1   6   2   10   -0.0000892825
1   6   3   8   -0.0000228293
1   6   4   9   -0.0000228293
1   6   5   6   0.0282917903
1   6   5   7   -0.0000892825
1   6   5   10   0.0004460998
1   7   1   6   -0.0043483550
1   7   1   7   0.2058220217
1   7   1   10   -0.0272103671
1   7   2   6   0.0000248575
1   7   2   7   0.0007503680
1   7   2   10   -0.0001487852
1   7   3   8   0.0001751454
1   7   4   9   0.0001751454
1   7   5   6   -0.0001377168
1   7   5   7   -0.0018265002
1   7   5   10   0.0004583119
1   8   1   8   0.2038029139
1   8   2   8   0.0006953751
1   8   3   6   0.0000144046
1   8   3   7   0.0001856849
1   8   3   10   -0.0000652429
1   8   5   8   -0.0017005084
1   9   1   9   0.2038029139
1   9   2   9   0.0006953751
1   9   4   6   0.0000144046
1   9   4   7   0.0001856849
1   9   4   10   -0.0000652429
1   9   5   9   -0.0017005084
1   10   1   6   0.0282917903
1   10   1   7   -0.0272103671
1   10   1   10   0.2255517347
1   10   2   6   -0.0001377168
1   10   2   7   -0.0001289942
1   10   2   10   0.0007063823
1   10   3   8   -0.0000480472
1   10   4   9   -0.0000480472
1   10   5   6   0.0010425009
1   10   5   7   0.0004599505
1   10   5   10   -0.0019045046
2   6   1   6   -0.0043483550
2   6   1   7   0.0000248575
2   6   1   10   -0.0001377168
2   6   2   6   0.2058220217
2   6   2   7   0.0007503680
2   6   2   10   -0.0018265002
2   6   3   8   0.0001751454
2   6   4   9   0.0001751454
2   6   5   6   -0.0272103671
2   6   5   7   -0.0001487852
2   6   5   10   0.0004583119
2   7   1   6   -0.0000109646
2   7   1   7   0.0007503680
2   7   1   10   -0.0001289942
2   7   2   6   0.0007503680
2   7   2   7   0.8709991029
2   7   2   10   0.0109452538
2   7   3   8   0.1513250523
2   7   4   9   0.1513250523
2   7   5   6   -0.0001289942
2   7   5   7   0.0109452538
2   7   5   10   0.1436750760
2   8   1   8   0.0006953751
2   8   2   8   0.8113347916
2   8   3   6   0.0001856849
2   8   3   7   0.1560286923
2   8   3   10   0.0024368933
2   8   5   8   0.0099654109
2   9   1   9   0.0006953751
2   9   2   9   0.8113347916
2   9   4   6   0.0001856849
2   9   4   7   0.1560286923
2   9   4   10   0.0024368933
2   9   5   9   0.0099654109
2   10   1   6   -0.0000892825
2   10   1   7   -0.0001487852
2   10   1   10   0.0007063823
2   10   2   6   -0.0018265002
2   10   2   7   0.0109452538
2   10   2   10   0.7821706639
2   10   3   8   0.0022837717
2   10   4   9   0.0022837717
2   10   5   6   0.0004599505
2   10   5   7   0.1490366996
2   10   5   10   0.0117638137
3   6   1   8   0.0000144046
3   6   2   8   0.0001856849
3   6   3   6   0.2038029139
3   6   3   7   0.0006953751
3   6   3   10   -0.0017005084
3   6   5   8   -0.0000652429
3   7   1   8   0.0001856849
3   7   2   8   0.1560286923
3   7   3   6   0.0006953751
3   7   3   7   0.8113347916
3   7   3   10   0.0099654109
3   7   5   8   0.0024368933
3   8   1   6   -0.0000228293
3   8   1   7   0.0001751454
3   8   1   10   -0.0000480472
3   8   2   6   0.0001751454
3   8   2   7   0.1513250523
3   8   2   10   0.0022837717
3   8   3   8   0.8031650413
3   8   3   9   0.0000000000
3   8   4   8   0.0000000000
3   8   4   9   0.0309894222
3   8   5   6   -0.0000480472
3   8   5   7   0.0022837717
3   8   5   10   0.0294717962
3   9   3   8   0.0000000000
3   9   3   9   0.7351994155
3   9   4   8   0.0369762036
3   9   4   9   0.0000000000
3   10   1   8   -0.0000652429
3   10   2   8   0.0024368933
3   10   3   6   -0.0017005084
3   10   3   7   0.0099654109
3   10   3   10   0.7099711969
3   10   4   10   0.0000000000
3   10   5   8   0.0353727524
4   6   1   9   0.0000144046
4   6   2   9   0.0001856849
4   6   4   6   0.2038029139
4   6   4   7   0.0006953751
4   6   4   10   -0.0017005084
4   6   5   9   -0.0000652429
4   7   1   9   0.0001856849
4   7   2   9   0.1560286923
4   7   4   6   0.0006953751
4   7   4   7   0.8113347916
4   7   4   10   0.0099654109
4   7   5   9   0.0024368933
4   8   3   8   0.0000000000
4   8   3   9   0.0369762036
4   8   4   8   0.7351994155
4   8   4   9   0.0000000000
4   9   1   6   -0.0000228293
4   9   1   7   0.0001751454
4   9   1   10   -0.0000480472
4   9   2   6   0.0001751454
4   9   2   7   0.1513250523
4   9   2   10   0.0022837717
4   9   3   8   0.0309894222
4   9   3   9   0.0000000000
4   9   4   8   0.0000000000
4   9   4   9   0.8031650414
4   9   5   6   -0.0000480472
4   9   5   7   0.0022837717
4   9   5   10   0.0294717962
4   10   1   9   -0.0000652429
4   10   2   9   0.0024368933
4   10   3   10   0.0000000000
4   10   4   6   -0.0017005084
4   10   4   7   0.0099654109
4   10   4   10   0.7099711970
4   10   5   9   0.0353727524
5   6   1   6   0.0282917903
5   6   1   7   -0.0001377168
5   6   1   10   0.0010425009
5   6   2   6   -0.0272103671
5   6   2   7   -0.0001289942
5   6   2   10   0.0004599505
5   6   3   8   -0.0000480472
5   6   4   9   -0.0000480472
5   6   5   6   0.2255517347
5   6   5   7   0.0007063823
5   6   5   10   -0.0019045046
5   7   1   6   -0.0000892825
5   7   1   7   -0.0018265002
5   7   1   10   0.0004599505
5   7   2   6   -0.0001487852
5   7   2   7   0.0109452538
5   7   2   10   0.1490366996
5   7   3   8   0.0022837717
5   7   4   9   0.0022837717
5   7   5   6   0.0007063823
5   7   5   7   0.7821706639
5   7   5   10   0.0117638137
5   8   1   8   -0.0017005084
5   8   2   8   0.0099654109
5   8   3   6   -0.0000652429
5   8   3   7   0.0024368933
5   8   3   10   0.0353727524
5   8   5   8   0.7099711969
5   8   5   9   0.0000000000
5   9   1   9   -0.0017005084
5   9   2   9   0.0099654109
5   9   4   6   -0.0000652429
5   9   4   7   0.0024368933
5   9   4   10   0.0353727524
5   9   5   8   0.0000000000
5   9   5   9   0.7099711970
5   10   1   6   0.0004460998
5   10   1   7   0.0004583119
5   10   1   10   -0.0019045046
5   10   2   6   0.0004583119
5   10   2   7   0.1436750760
5   10   2   10   0.0117638137
5   10   3   8   0.0294717962
5   10   4   9   0.0294717962
5   10   5   6   -0.0019045046
5   10   5   7   0.0117638137
5   10   5   10   0.7483273760

End IJKL Block
Begin IJAB Block
1   6   1   5   0.0085660923
1   6   1   8   0.0068447412
1   6   2   6   0.0009623314
1   6   3   7   0.0009623314
1   6   4   5   0.0068447412
1   6   4   8   0.0059587377
1   7   1   5   -0.0000193598
1   7   1   8   -0.0000283200
1   7   2   6   0.0000164781
1   7   3   7   0.0000164781
1   7   4   5   -0.0000295745
1   7   4   8   -0.0000272272
1   8   1   6   0.0000325990
1   8   1   7   -0.0000157375
1   8   2   5   0.0001129144
1   8   2   8   0.0001709106
1   8   3   5   -0.0000545105
1   8   3   8   -0.0000825088
1   8   4   6   -0.0000121542
1   8   4   7   0.0000058676
1   9   1   6   0.0000157375
1   9   1   7   0.0000325990
1   9   2   5   0.0000545105
1   9   2   8   0.0000825088
1   9   3   5   0.0001129144
1   9   3   8   0.0001709106
1   9   4   6   -0.0000058676
1   9   4   7   -0.0000121542
1   10   1   5   0.0002917385
1   10   1   8   0.0005350650
1   10   2   6   -0.0002509709
1   10   3   7   -0.0002509709
1   10   4   5   0.0002576315
1   10   4   8   0.0002860100
2   6   1   5   -0.0000193598
2   6   1   8   -0.0000295745
2   6   2   6   0.0000164781
2   6   3   7   0.0000164781
2   6   4   5   -0.0000283200
2   6   4   8   -0.0000272272
2   7   1   5   0.0009702103
2   7   1   8   0.0010222361
2   7   2   6   0.0008810859
2   7   3   7   0.0008810859
2   7   4   5   0.0010222361
2   7   4   8   0.0018920681
2   8   1   6   0.0004026851
2   8   1   7   -0.0001944002
2   8   2   5   0.0002008254
2   8   2   8   0.0007218175
2   8   3   5   -0.0000969504
2   8   3   8   -0.0003484646
2   8   4   6   0.0015476390
2   8   4   7   -0.0007471381
2   9   1   6   0.0001944002
2   9   1   7   0.0004026851
2   9   2   5   0.0000969504
2   9   2   8   0.0003484646
2   9   3   5   0.0002008254
2   9   3   8   0.0007218175
2   9   4   6   0.0007471381
2   9   4   7   0.0015476390
2   10   1   5   -0.0006511118
2   10   1   8   -0.0010768617
2   10   2   6   -0.0000088383
2   10   3   7   -0.0000088383
2   10   4   5   -0.0018314225
2   10   4   8   -0.0019292895
3   6   1   6   0.0001129144
3   6   1   7   -0.0000545105
3   6   2   5   0.0000325990
3   6   2   8   -0.0000121542
3   6   3   5   -0.0000157375
3   6   3   8   0.0000058676
3   6   4   6   0.0001709106
3   6   4   7   -0.0000825088
3   7   1   6   0.0002008254
3   7   1   7   -0.0000969504
3   7   2   5   0.0004026851
3   7   2   8   0.0015476390
3   7   3   5   -0.0001944002
3   7   3   8   -0.0007471381
3   7   4   6   0.0007218175
3   7   4   7   -0.0003484646
3   8   1   5   0.0005996571
3   8   1   8   0.0006334816
3   8   2   6   0.0024203453
3   8   2   7   -0.0009740057
3   8   3   6   -0.0009740057
3   8   3   7   0.0008729784
3   8   4   5   0.0006334816
3   8   4   8   0.0013448078
3   9   2   6   0.0009740057
3   9   2   7   0.0015650327
3   9   3   6   -0.0000176657
3   9   3   7   -0.0009740057
3   10   1   6   -0.0005434355
3   10   1   7   0.0002623489
3   10   2   5   -0.0019013129
3   10   2   8   -0.0015718235
3   10   3   5   0.0009178777
3   10   3   8   0.0007588134
3   10   4   6   -0.0005293219
3   10   4   7   0.0002555354
4   6   1   6   0.0000545105
4   6   1   7   0.0001129144
4   6   2   5   0.0000157375
4   6   2   8   -0.0000058676
4   6   3   5   0.0000325990
4   6   3   8   -0.0000121542
4   6   4   6   0.0000825088
4   6   4   7   0.0001709106
4   7   1   6   0.0000969504
4   7   1   7   0.0002008254
4   7   2   5   0.0001944002
4   7   2   8   0.0007471381
4   7   3   5   0.0004026851
4   7   3   8   0.0015476390
4   7   4   6   0.0003484646
4   7   4   7   0.0007218175
4   8   2   6   0.0009740057
4   8   2   7   -0.0000176657
4   8   3   6   0.0015650327
4   8   3   7   -0.0009740057
4   9   1   5   0.0005996571
4   9   1   8   0.0006334816
4   9   2   6   0.0008729784
4   9   2   7   0.0009740057
4   9   3   6   0.0009740057
4   9   3   7   0.0024203453
4   9   4   5   0.0006334816
4   9   4   8   0.0013448078
4   10   1   6   -0.0002623489
4   10   1   7   -0.0005434355
4   10   2   5   -0.0009178777
4   10   2   8   -0.0007588134
4   10   3   5   -0.0019013129
4   10   3   8   -0.0015718235
4   10   4   6   -0.0002555354
4   10   4   7   -0.0005293219
5   6   1   5   0.0002917385
5   6   1   8   0.0002576315
5   6   2   6   -0.0002509709
5   6   3   7   -0.0002509709
5   6   4   5   0.0005350650
5   6   4   8   0.0002860100
5   7   1   5   -0.0006511118
5   7   1   8   -0.0018314225
5   7   2   6   -0.0000088383
5   7   3   7   -0.0000088383
5   7   4   5   -0.0010768617
5   7   4   8   -0.0019292895
5   8   1   6   -0.0019013129
5   8   1   7   0.0009178777
5   8   2   5   -0.0005434355
5   8   2   8   -0.0005293219
5   8   3   5   0.0002623489
5   8   3   8   0.0002555354
5   8   4   6   -0.0015718235
5   8   4   7   0.0007588134
5   9   1   6   -0.0009178777
5   9   1   7   -0.0019013129
5   9   2   5   -0.0002623489
5   9   2   8   -0.0002555354
5   9   3   5   -0.0005434355
5   9   3   8   -0.0005293219
5   9   4   6   -0.0007588134
5   9   4   7   -0.0015718235
5   10   1   5   0.0033577971
5   10   1   8   0.0029299271
5   10   2   6   0.0006508587
5   10   3   7   0.0006508587
5   10   4   5   0.0029299271
5   10   4   8   0.0036875529

End IJAB Block
Begin ABCD Block
1   5   1   5   0.2241898374
1   5   1   8   0.0147663661
1   5   2   6   0.0274973396
1   5   3   7   0.0274973396
1   5   4   5   0.0147663661
1   5   4   8   0.0182993096
1   6   1   6   0.1582944452
1   6   2   5   0.0274975333
1   6   2   8   0.0053469253
1   6   4   6   0.0133481182
1   7   1   7   0.1582944452
1   7   3   5   0.0274975333
1   7   3   8   0.0053469253
1   7   4   7   0.0133481182
1   8   1   5   0.0147663661
1   8   1   8   0.1472396413
1   8   2   6   0.0053469804
1   8   3   7   0.0053469804
1   8   4   5   0.0183011915
1   8   4   8   0.0072471976
2   5   1   6   0.0274975333
2   5   2   5   0.1582944452
2   5   2   8   0.0133481182
2   5   4   6   0.0053469253
2   6   1   5   0.0274973396
2   6   1   8   0.0053469804
2   6   2   6   0.1448324331
2   6   3   7   0.0081134449
2   6   4   5   0.0053469804
2   6   4   8   0.0086400426
2   7   2   7   0.1286055842
2   7   3   6   0.0081134040
2   8   1   6   0.0053469253
2   8   2   5   0.0133481182
2   8   2   8   0.1233926726
2   8   4   6   0.0086403526
3   5   1   7   0.0274975333
3   5   3   5   0.1582944452
3   5   3   8   0.0133481182
3   5   4   7   0.0053469253
3   6   2   7   0.0081134040
3   6   3   6   0.1286055842
3   7   1   5   0.0274973396
3   7   1   8   0.0053469804
3   7   2   6   0.0081134449
3   7   3   7   0.1448324331
3   7   4   5   0.0053469804
3   7   4   8   0.0086400426
3   8   1   7   0.0053469253
3   8   3   5   0.0133481182
3   8   3   8   0.1233926726
3   8   4   7   0.0086403526
4   5   1   5   0.0147663661
4   5   1   8   0.0183011915
4   5   2   6   0.0053469804
4   5   3   7   0.0053469804
4   5   4   5   0.1472396413
4   5   4   8   0.0072471976
4   6   1   6   0.0133481182
4   6   2   5   0.0053469253
4   6   2   8   0.0086403526
4   6   4   6   0.1233926726
4   7   1   7   0.0133481182
4   7   3   5   0.0053469253
4   7   3   8   0.0086403526
4   7   4   7   0.1233926726
4   8   1   5   0.0182993096
4   8   1   8   0.0072471976
4   8   2   6   0.0086400426
4   8   3   7   0.0086400426
4   8   4   5   0.0072471976
4   8   4   8   0.1270313954

End ABCD Block
Begin AIJB Block
1   6   1   5   0.0066685238
1   6   1   8   0.0052073461
1   6   2   5   -0.0000067755
1   6   2   8   -0.0000173262
1   6   3   6   0.0000958080
1   6   3   7   -0.0000462523
1   6   4   6   0.0000462523
1   6   4   7   0.0000958080
1   6   5   5   0.0001840017
1   6   5   8   0.0001435095
1   7   1   5   -0.0000067755
1   7   1   8   -0.0000171107
1   7   2   5   0.0007643523
1   7   2   8   0.0007973763
1   7   3   6   0.0000884523
1   7   3   7   -0.0000427012
1   7   4   6   0.0000427012
1   7   4   7   0.0000884523
1   7   5   5   -0.0003297928
1   7   5   8   -0.0011375154
1   8   1   6   0.0000244795
1   8   1   7   -0.0000118177
1   8   2   6   0.0002546085
1   8   2   7   -0.0001229148
1   8   3   5   0.0003129927
1   8   3   8   0.0004268287
1   8   5   6   -0.0016625140
1   8   5   7   0.0008025951
1   9   1   6   0.0000118177
1   9   1   7   0.0000244795
1   9   2   6   0.0001229148
1   9   2   7   0.0002546085
1   9   4   5   0.0003129927
1   9   4   8   0.0004268287
1   9   5   6   -0.0008025951
1   9   5   7   -0.0016625140
1   10   1   5   0.0001840017
1   10   1   8   0.0003813810
1   10   2   5   -0.0003297928
1   10   2   8   -0.0004346414
1   10   3   6   -0.0003006312
1   10   3   7   0.0001451327
1   10   4   6   -0.0001451327
1   10   4   7   -0.0003006312
1   10   5   5   0.0023552178
1   10   5   8   0.0021444641
2   6   1   6   0.0008347476
2   6   2   6   0.0000084141
2   6   3   5   0.0000244795
2   6   3   8   -0.0000023217
2   6   4   5   0.0000118177
2   6   4   8   -0.0000011208
2   6   5   6   -0.0002014845
2   7   1   6   0.0000084141
2   7   2   6   0.0007032450
2   7   3   5   0.0002546085
2   7   3   8   0.0010540107
2   7   4   5   0.0001229148
2   7   4   8   0.0005088341
2   7   5   6   0.0000317712
2   8   1   5   0.0000958080
2   8   1   8   0.0001426205
2   8   2   5   0.0000884523
2   8   2   8   0.0003349276
2   8   3   6   0.0018873744
2   8   3   7   -0.0007990413
2   8   4   6   0.0007990413
2   8   4   7   -0.0001519988
2   8   5   5   -0.0003006312
2   8   5   8   -0.0003633549
2   9   1   5   0.0000462523
2   9   1   8   0.0000688514
2   9   2   5   0.0000427012
2   9   2   8   0.0001616896
2   9   3   6   0.0007990413
2   9   3   7   0.0014214063
2   9   4   6   0.0006179669
2   9   4   7   0.0007990413
2   9   5   5   -0.0001451327
2   9   5   8   -0.0001754132
2   10   1   6   -0.0002014845
2   10   2   6   0.0000317712
2   10   3   5   -0.0016625140
2   10   3   8   -0.0013676896
2   10   4   5   -0.0008025951
2   10   4   8   -0.0006602657
2   10   5   6   0.0004587705
3   6   1   7   0.0008347476
3   6   2   7   0.0000084141
3   6   3   5   -0.0000118177
3   6   3   8   0.0000011208
3   6   4   5   0.0000244795
3   6   4   8   -0.0000023217
3   6   5   7   -0.0002014845
3   7   1   7   0.0000084141
3   7   2   7   0.0007032450
3   7   3   5   -0.0001229148
3   7   3   8   -0.0005088341
3   7   4   5   0.0002546085
3   7   4   8   0.0010540107
3   7   5   7   0.0000317712
3   8   1   5   -0.0000462523
3   8   1   8   -0.0000688514
3   8   2   5   -0.0000427012
3   8   2   8   -0.0001616896
3   8   3   6   -0.0007990413
3   8   3   7   0.0006179669
3   8   4   6   0.0014214063
3   8   4   7   -0.0007990413
3   8   5   5   0.0001451327
3   8   5   8   0.0001754132
3   9   1   5   0.0000958080
3   9   1   8   0.0001426205
3   9   2   5   0.0000884523
3   9   2   8   0.0003349276
3   9   3   6   -0.0001519988
3   9   3   7   -0.0007990413
3   9   4   6   0.0007990413
3   9   4   7   0.0018873744
3   9   5   5   -0.0003006312
3   9   5   8   -0.0003633549
3   10   1   7   -0.0002014845
3   10   2   7   0.0000317712
3   10   3   5   0.0008025951
3   10   3   8   0.0006602657
3   10   4   5   -0.0016625140
3   10   4   8   -0.0013676896
3   10   5   7   0.0004587705
4   6   1   5   0.0052073461
4   6   1   8   0.0044696292
4   6   2   5   -0.0000171107
4   6   2   8   -0.0000182561
4   6   3   6   0.0001426205
4   6   3   7   -0.0000688514
4   6   4   6   0.0000688514
4   6   4   7   0.0001426205
4   6   5   5   0.0003813810
4   6   5   8   0.0001785548
4   7   1   5   -0.0000173262
4   7   1   8   -0.0000182561
4   7   2   5   0.0007973763
4   7   2   8   0.0013730029
4   7   3   6   0.0003349276
4   7   3   7   -0.0001616896
4   7   4   6   0.0001616896
4   7   4   7   0.0003349276
4   7   5   5   -0.0004346414
4   7   5   8   -0.0010414712
4   8   1   6   -0.0000023217
4   8   1   7   0.0000011208
4   8   2   6   0.0010540107
4   8   2   7   -0.0005088341
4   8   3   5   0.0004268287
4   8   3   8   0.0009003191
4   8   5   6   -0.0013676896
4   8   5   7   0.0006602657
4   9   1   6   -0.0000011208
4   9   1   7   -0.0000023217
4   9   2   6   0.0005088341
4   9   2   7   0.0010540107
4   9   4   5   0.0004268287
4   9   4   8   0.0009003191
4   9   5   6   -0.0006602657
4   9   5   7   -0.0013676896
4   10   1   5   0.0001435095
4   10   1   8   0.0001785548
4   10   2   5   -0.0011375154
4   10   2   8   -0.0010414712
4   10   3   6   -0.0003633549
4   10   3   7   0.0001754132
4   10   4   6   -0.0001754132
4   10   4   7   -0.0003633549
4   10   5   5   0.0021444641
4   10   5   8   0.0027803572

1   6   6   1   -0.2620887732
1   6   6   4   -0.0647869995
1   6   7   1   0.0002921773
1   6   7   4   0.0000671058
1   6   8   2   -0.0001786126
1   6   8   3   0.0000862270
1   6   9   2   -0.0000862270
1   6   9   3   -0.0001786126
1   6   10   1   -0.0014879340
1   6   10   4   -0.0003284401
1   7   6   1   0.0002921773
1   7   6   4   0.0000672132
1   7   7   1   -0.1309974785
1   7   7   4   -0.0291962602
1   7   8   2   -0.0031316759
1   7   8   3   0.0015118476
1   7   9   2   -0.0015118476
1   7   9   3   -0.0031316759
1   7   10   1   0.0095973151
1   7   10   4   0.0037317047
1   8   6   2   -0.0001792982
1   8   6   3   0.0000865580
1   8   7   2   -0.0031322597
1   8   7   3   0.0015121294
1   8   8   1   -0.1306568700
1   8   8   4   -0.0287795327
1   8   10   2   0.0012436512
1   8   10   3   -0.0006003849
1   9   6   2   -0.0000865580
1   9   6   3   -0.0001792982
1   9   7   2   -0.0015121294
1   9   7   3   -0.0031322597
1   9   9   1   -0.1306568700
1   9   9   4   -0.0287795327
1   9   10   2   0.0006003849
1   9   10   3   0.0012436512
1   10   6   1   -0.0014879340
1   10   6   4   -0.0003274653
1   10   7   1   0.0095973151
1   10   7   4   0.0037432539
1   10   8   2   0.0012651774
1   10   8   3   -0.0006107770
1   10   9   2   0.0006107770
1   10   9   3   0.0012651774
1   10   10   1   -0.1357141709
1   10   10   4   -0.0305615401
2   6   6   2   -0.1803948017
2   6   7   2   0.0000808551
2   6   8   1   -0.0001792982
2   6   8   4   -0.0001163649
2   6   9   1   -0.0000865580
2   6   9   4   -0.0000561763
2   6   10   2   -0.0003074784
2   7   6   2   0.0000808551
2   7   7   2   -0.1283561582
2   7   8   1   -0.0031322597
2   7   8   4   -0.0038298975
2   7   9   1   -0.0015121294
2   7   9   4   -0.0018489210
2   7   10   2   0.0062384111
2   8   6   1   -0.0001786126
2   8   6   4   -0.0001155220
2   8   7   1   -0.0031316759
2   8   7   4   -0.0038325436
2   8   8   2   -0.1288098711
2   8   8   3   0.0005191765
2   8   9   2   -0.0005191765
2   8   9   3   -0.0004228295
2   8   10   1   0.0012651774
2   8   10   4   0.0008922627
2   9   6   1   -0.0000862270
2   9   6   4   -0.0000557694
2   9   7   1   -0.0015118476
2   9   7   4   -0.0018501984
2   9   8   2   -0.0005191765
2   9   8   3   -0.0004019671
2   9   9   2   -0.1279850745
2   9   9   3   -0.0005191765
2   9   10   1   0.0006107770
2   9   10   4   0.0004307487
2   10   6   2   -0.0003074784
2   10   7   2   0.0062384111
2   10   8   1   0.0012436512
2   10   8   4   0.0008762765
2   10   9   1   0.0006003849
2   10   9   4   0.0004230312
2   10   10   2   -0.1303881165
3   6   6   3   -0.1803948017
3   6   7   3   0.0000808551
3   6   8   1   0.0000865580
3   6   8   4   0.0000561763
3   6   9   1   -0.0001792982
3   6   9   4   -0.0001163649
3   6   10   3   -0.0003074784
3   7   6   3   0.0000808551
3   7   7   3   -0.1283561582
3   7   8   1   0.0015121294
3   7   8   4   0.0018489210
3   7   9   1   -0.0031322597
3   7   9   4   -0.0038298975
3   7   10   3   0.0062384111
3   8   6   1   0.0000862270
3   8   6   4   0.0000557694
3   8   7   1   0.0015118476
3   8   7   4   0.0018501984
3   8   8   2   0.0005191765
3   8   8   3   -0.1279850745
3   8   9   2   -0.0004019671
3   8   9   3   0.0005191765
3   8   10   1   -0.0006107770
3   8   10   4   -0.0004307487
3   9   6   1   -0.0001786126
3   9   6   4   -0.0001155220
3   9   7   1   -0.0031316759
3   9   7   4   -0.0038325436
3   9   8   2   -0.0004228295
3   9   8   3   0.0005191765
3   9   9   2   -0.0005191765
3   9   9   3   -0.1288098711
3   9   10   1   0.0012651774
3   9   10   4   0.0008922627
3   10   6   3   -0.0003074784
3   10   7   3   0.0062384111
3   10   8   1   -0.0006003849
3   10   8   4   -0.0004230312
3   10   9   1   0.0012436512
3   10   9   4   0.0008762765
3   10   10   3   -0.1303881165
4   6   6   1   -0.0647869995
4   6   6   4   -0.1802618198
4   6   7   1   0.0000672132
4   6   7   4   0.0000617733
4   6   8   2   -0.0001155220
4   6   8   3   0.0000557694
4   6   9   2   -0.0000557694
4   6   9   3   -0.0001155220
4   6   10   1   -0.0003274653
4   6   10   4   -0.0002716117
4   7   6   1   0.0000671058
4   7   6   4   0.0000617733
4   7   7   1   -0.0291962602
4   7   7   4   -0.1415553680
4   7   8   2   -0.0038325436
4   7   8   3   0.0018501984
4   7   9   2   -0.0018501984
4   7   9   3   -0.0038325436
4   7   10   1   0.0037432539
4   7   10   4   0.0046046338
4   8   6   2   -0.0001163649
4   8   6   3   0.0000561763
4   8   7   2   -0.0038298975
4   8   7   3   0.0018489210
4   8   8   1   -0.0287795327
4   8   8   4   -0.1409344304
4   8   10   2   0.0008762765
4   8   10   3   -0.0004230312
4   9   6   2   -0.0000561763
4   9   6   3   -0.0001163649
4   9   7   2   -0.0018489210
4   9   7   3   -0.0038298975
4   9   9   1   -0.0287795327
4   9   9   4   -0.1409344304
4   9   10   2   0.0004230312
4   9   10   3   0.0008762765
4   10   6   1   -0.0003284401
4   10   6   4   -0.0002716117
4   10   7   1   0.0037317047
4   10   7   4   0.0046046338
4   10   8   2   0.0008922627
4   10   8   3   -0.0004307487
4   10   9   2   0.0004307487
4   10   9   3   0.0008922627
4   10   10   1   -0.0305615401
4   10   10   4   -0.1432118641

End AIJB Block
Begin IJKA Block
1   6   1   5   -0.0825425743
1   6   1   8   -0.0699365290
1   6   2   5   0.0002800283
1   6   2   8   0.0002748960
1   6   3   6   0.0000896971
1   6   3   7   -0.0000433022
1   6   4   6   0.0000433022
1   6   4   7   0.0000896971
1   6   5   5   -0.0018999590
1   6   5   8   -0.0019073862
1   7   1   5   -0.0003822126
1   7   1   8   0.0001502604
1   7   2   5   -0.0000047584
1   7   2   8   -0.0000260459
1   7   3   6   -0.0000044499
1   7   3   7   0.0000021482
1   7   4   6   -0.0000021482
1   7   4   7   -0.0000044499
1   7   5   5   0.0000315809
1   7   5   8   0.0000337956
1   8   1   6   0.0014355148
1   8   1   7   -0.0006930090
1   8   2   6   -0.0000283609
1   8   2   7   0.0000136915
1   8   3   5   0.0000154253
1   8   3   8   0.0000199903
1   8   5   6   0.0000528433
1   8   5   7   -0.0000255106
1   9   1   6   0.0006930090
1   9   1   7   0.0014355148
1   9   2   6   -0.0000136915
1   9   2   7   -0.0000283609
1   9   4   5   0.0000154253
1   9   4   8   0.0000199903
1   9   5   6   0.0000255106
1   9   5   7   0.0000528433
1   10   1   5   -0.0077113555
1   10   1   8   -0.0186677549
1   10   2   5   0.0000417457
1   10   2   8   0.0000321173
1   10   3   6   -0.0000270865
1   10   3   7   0.0000130763
1   10   4   6   -0.0000130763
1   10   4   7   -0.0000270865
1   10   5   5   -0.0000985169
1   10   5   8   -0.0000322987
2   6   1   5   0.0002770942
2   6   1   8   0.0002742141
2   6   2   5   -0.0020108265
2   6   2   8   -0.0001550933
2   6   3   6   0.0002323122
2   6   3   7   -0.0001121510
2   6   4   6   0.0001121510
2   6   4   7   0.0002323122
2   6   5   5   0.0004966641
2   6   5   8   0.0000424091
2   7   1   5   -0.0000035450
2   7   1   8   -0.0000129077
2   7   2   5   -0.0060649673
2   7   2   8   -0.0213396997
2   7   3   6   -0.0094215958
2   7   3   7   0.0045483688
2   7   4   6   -0.0045483688
2   7   4   7   -0.0094215958
2   7   5   5   0.0102897344
2   7   5   8   0.0077584011
2   8   1   6   -0.0000078329
2   8   1   7   0.0000037814
2   8   2   6   -0.0274394258
2   8   2   7   0.0132466549
2   8   3   5   -0.0010874805
2   8   3   8   -0.0045105119
2   8   5   6   -0.0010516883
2   8   5   7   0.0005077130
2   9   1   6   -0.0000037814
2   9   1   7   -0.0000078329
2   9   2   6   -0.0132466549
2   9   2   7   -0.0274394258
2   9   4   5   -0.0010874805
2   9   4   8   -0.0045105119
2   9   5   6   -0.0005077130
2   9   5   7   -0.0010516883
2   10   1   5   0.0000055723
2   10   1   8   -0.0000034790
2   10   2   5   0.0288407281
2   10   2   8   0.0182912899
2   10   3   6   -0.0008650544
2   10   3   7   0.0004176136
2   10   4   6   -0.0004176136
2   10   4   7   -0.0008650544
2   10   5   5   0.0002178414
2   10   5   8   -0.0019042134
3   6   1   6   0.0000867218
3   6   1   7   -0.0000418658
3   6   2   6   0.0002211303
3   6   2   7   -0.0001067529
3   6   3   5   -0.0019354914
3   6   3   8   -0.0001495794
3   6   5   6   -0.0001422768
3   6   5   7   0.0000686855
3   7   1   6   0.0000017456
3   7   1   7   -0.0000008427
3   7   2   6   -0.0093912845
3   7   2   7   0.0045337357
3   7   3   5   -0.0052572001
3   7   3   8   -0.0190831705
3   7   5   6   -0.0002258093
3   7   5   7   0.0001090117
3   8   1   5   0.0000180229
3   8   1   8   0.0000173241
3   8   2   5   -0.0010915143
3   8   2   8   -0.0044251553
3   8   3   6   -0.0296335861
3   8   3   7   0.0143059075
3   8   4   6   -0.0013275676
3   8   4   7   -0.0027499540
3   8   5   5   0.0031683132
3   8   5   8   0.0024106388
3   9   3   6   -0.0116010682
3   9   3   7   -0.0240307196
3   9   4   6   -0.0028529125
3   9   4   7   0.0013772718
3   10   1   6   -0.0000281264
3   10   1   7   0.0000135783
3   10   2   6   -0.0006945186
3   10   2   7   0.0003352857
3   10   3   5   0.0252071665
3   10   3   8   0.0154612589
3   10   5   6   -0.0028242436
3   10   5   7   0.0013634316
4   6   1   6   0.0000418658
4   6   1   7   0.0000867218
4   6   2   6   0.0001067529
4   6   2   7   0.0002211303
4   6   4   5   -0.0019354914
4   6   4   8   -0.0001495794
4   6   5   6   -0.0000686855
4   6   5   7   -0.0001422768
4   7   1   6   0.0000008427
4   7   1   7   0.0000017456
4   7   2   6   -0.0045337357
4   7   2   7   -0.0093912845
4   7   4   5   -0.0052572001
4   7   4   8   -0.0190831705
4   7   5   6   -0.0001090117
4   7   5   7   -0.0002258093
4   8   3   6   -0.0013772718
4   8   3   7   -0.0028529125
4   8   4   6   -0.0240307196
4   8   4   7   0.0116010682
4   9   1   5   0.0000180229
4   9   1   8   0.0000173241
4   9   2   5   -0.0010915143
4   9   2   8   -0.0044251553
4   9   3   6   -0.0027499540
4   9   3   7   0.0013275676
4   9   4   6   -0.0143059075
4   9   4   7   -0.0296335861
4   9   5   5   0.0031683132
4   9   5   8   0.0024106388
4   10   1   6   -0.0000135783
4   10   1   7   -0.0000281264
4   10   2   6   -0.0003352857
4   10   2   7   -0.0006945186
4   10   4   5   0.0252071665
4   10   4   8   0.0154612589
4   10   5   6   -0.0013634316
4   10   5   7   -0.0028242436
5   6   1   5   -0.0020215041
5   6   1   8   -0.0020054242
5   6   2   5   0.0004685928
5   6   2   8   0.0000424457
5   6   3   6   -0.0001384107
5   6   3   7   0.0000668191
5   6   4   6   -0.0000668191
5   6   4   7   -0.0001384107
5   6   5   5   -0.0024908323
5   6   5   8   -0.0003197942
5   7   1   5   0.0000098681
5   7   1   8   0.0000021718
5   7   2   5   0.0104101192
5   7   2   8   0.0080309618
5   7   3   6   -0.0002595392
5   7   3   7   0.0001252951
5   7   4   6   -0.0001252951
5   7   4   7   -0.0002595392
5   7   5   5   -0.0047292961
5   7   5   8   -0.0176992834
5   8   1   6   -0.0000046486
5   8   1   7   0.0000022442
5   8   2   6   -0.0007296849
5   8   2   7   0.0003522626
5   8   3   5   0.0031917106
5   8   3   8   0.0024247513
5   8   5   6   -0.0234401200
5   8   5   7   0.0113159503
5   9   1   6   -0.0000022442
5   9   1   7   -0.0000046486
5   9   2   6   -0.0003522626
5   9   2   7   -0.0007296849
5   9   4   5   0.0031917106
5   9   4   8   0.0024247513
5   9   5   6   -0.0113159503
5   9   5   7   -0.0234401200
5   10   1   5   0.0000352087
5   10   1   8   0.0000609991
5   10   2   5   -0.0002677204
5   10   2   8   -0.0022542162
5   10   3   6   -0.0026250786
5   10   3   7   0.0012672827
5   10   4   6   -0.0012672827
5   10   4   7   -0.0026250786
5   10   5   5   0.0314248702
5   10   5   8   0.0197029747

End IJKA Block
Begin IABC Block
1   5   1   5   0.0007435813
1   5   1   8   -0.0006329599
1   5   2   6   0.0014413434
1   5   3   7   0.0014413434
1   5   4   5   -0.0007037475
1   5   4   8   -0.0005616944
1   6   1   6   0.0001109976
1   6   2   5   0.0014491676
1   6   2   8   0.0008275588
1   6   4   6   -0.0000713296
1   7   1   7   0.0001109976
1   7   3   5   0.0014491676
1   7   3   8   0.0008275588
1   7   4   7   -0.0000713296
1   8   1   5   -0.0006375630
1   8   1   8   -0.0005701553
1   8   2   6   0.0008220232
1   8   3   7   0.0008220232
1   8   4   5   -0.0005618356
1   8   4   8   -0.0004654610
2   5   1   5   -0.0002797955
2   5   1   8   -0.0001586078
2   5   2   6   0.0000181868
2   5   3   7   0.0000181868
2   5   4   5   -0.0002748215
2   5   4   8   -0.0001270458
2   6   1   6   -0.0002022138
2   6   2   5   0.0000172056
2   6   2   8   -0.0000243801
2   6   4   6   -0.0001976582
2   7   1   7   -0.0002022138
2   7   3   5   0.0000172056
2   7   3   8   -0.0000243801
2   7   4   7   -0.0001976582
2   8   1   5   -0.0001594664
2   8   1   8   -0.0001791674
2   8   2   6   -0.0000216670
2   8   3   7   -0.0000216670
2   8   4   5   -0.0001268785
2   8   4   8   -0.0002359476
3   5   1   6   0.0007753162
3   5   1   7   -0.0003742916
3   5   2   5   0.0008868234
3   5   2   8   0.0002200842
3   5   3   5   -0.0004281228
3   5   3   8   -0.0001062478
3   5   4   6   0.0015466391
3   5   4   7   -0.0007466554
3   6   1   5   0.0007743433
3   6   1   8   0.0006674956
3   6   2   6   0.0009406232
3   6   2   7   -0.0001396048
3   6   3   6   -0.0001753808
3   6   3   7   0.0002881547
3   6   4   5   0.0015456593
3   6   4   8   0.0011275403
3   7   1   5   -0.0003738219
3   7   1   8   -0.0003222401
3   7   2   6   -0.0001391095
3   7   2   7   0.0003632879
3   7   3   6   0.0002891806
3   7   3   7   -0.0004540952
3   7   4   5   -0.0007461823
3   7   4   8   -0.0005443313
3   8   1   6   0.0006728062
3   8   1   7   -0.0003248039
3   8   2   5   0.0002218052
3   8   2   8   -0.0001292310
3   8   3   5   -0.0001070787
3   8   3   8   0.0000623876
3   8   4   6   0.0011479178
3   8   4   7   -0.0005541687
4   5   1   6   0.0003742916
4   5   1   7   0.0007753162
4   5   2   5   0.0004281228
4   5   2   8   0.0001062478
4   5   3   5   0.0008868234
4   5   3   8   0.0002200842
4   5   4   6   0.0007466554
4   5   4   7   0.0015466391
4   6   1   5   0.0003738219
4   6   1   8   0.0003222401
4   6   2   6   0.0004540952
4   6   2   7   0.0002891806
4   6   3   6   0.0003632879
4   6   3   7   0.0001391095
4   6   4   5   0.0007461823
4   6   4   8   0.0005443313
4   7   1   5   0.0007743433
4   7   1   8   0.0006674956
4   7   2   6   0.0002881547
4   7   2   7   0.0001753808
4   7   3   6   0.0001396048
4   7   3   7   0.0009406232
4   7   4   5   0.0015456593
4   7   4   8   0.0011275403
4   8   1   6   0.0003248039
4   8   1   7   0.0006728062
4   8   2   5   0.0001070787
4   8   2   8   -0.0000623876
4   8   3   5   0.0002218052
4   8   3   8   -0.0001292310
4   8   4   6   0.0005541687
4   8   4   7   0.0011479178
5   5   1   5   -0.0027142974
5   5   1   8   -0.0006099069
5   5   2   6   -0.0015530791
5   5   3   7   -0.0015530791
5   5   4   5   -0.0062510898
5   5   4   8   -0.0021895342
5   6   1   6   -0.0015671127
5   6   2   5   -0.0015590129
5   6   2   8   -0.0008979111
5   6   4   6   -0.0040297014
5   7   1   7   -0.0015671127
5   7   3   5   -0.0015590129
5   7   3   8   -0.0008979111
5   7   4   7   -0.0040297014
5   8   1   5   -0.0006146299
5   8   1   8   -0.0006378412
5   8   2   6   -0.0008973883
5   8   3   7   -0.0008973883
5   8   4   5   -0.0022336614
5   8   4   8   -0.0026835967

End IABC Block
