Begin IJ Block
1   1   -40.7501170916
1   2   0.0000286964
1   3   0.7523035394
1   6   0.0127255615
2   2   -5.5134241934
2   3   -0.0002277245
2   6   -0.0049767990
3   3   -9.1568634622
3   6   -0.0367870677
4   4   -8.0665829404
5   5   -8.0665829404
6   6   -7.7708849775

End IJ Block
Begin IA Block
1   1   -0.0019561352
1   4   -0.0205752747
2   1   0.1112960990
2   4   0.0535411189
3   1   0.0149437440
3   4   0.1059370021
4   2   0.1396508327
4   3   -0.0016840989
5   2   0.0016840989
5   3   0.1396508327
6   1   -0.0728537726
6   4   -0.2794315174

End IA Block
Begin AB Block
1   1   -1.7127473168
1   4   -0.3528500659
2   2   -1.5261835183
3   3   -1.5261835183
4   4   -1.8264413715

End AB Block
Begin IJKL Block
1   7   1   7   5.3484967312
1   7   1   8   -0.0000222481
1   7   1   9   -0.5321903485
1   7   1   12   -0.0088635634
1   7   2   7   -0.0000222481
1   7   2   8   -0.0000008948
1   7   2   9   0.0000038477
1   7   2   12   -0.0000044840
1   7   3   7   -0.5321903485
1   7   3   8   0.0000038477
1   7   3   9   0.0815853428
1   7   3   12   0.0014029179
1   7   4   10   0.0318872974
1   7   5   11   0.0318872974
1   7   6   7   -0.0088635634
1   7   6   8   -0.0000044840
1   7   6   9   0.0014029179
1   7   6   12   0.0298696792
1   8   1   7   -0.0000222481
1   8   1   8   0.1186856652
1   8   1   9   0.0000281575
1   8   1   12   -0.0001774481
1   8   2   7   0.0000006297
1   8   2   8   0.0000005178
1   8   2   9   0.0000007674
1   8   2   12   0.0000000040
1   8   3   7   0.0000040346
1   8   3   8   0.0000058946
1   8   3   9   -0.0000007336
1   8   3   12   0.0000004654
1   8   4   10   0.0000009489
1   8   5   11   0.0000009489
1   8   6   7   -0.0000048856
1   8   6   8   -0.0007104394
1   8   6   9   -0.0000051523
1   8   6   12   0.0000019923
1   9   1   7   -0.5321903485
1   9   1   8   0.0000281575
1   9   1   9   1.2629173239
1   9   1   12   0.0121167263
1   9   2   7   0.0000040346
1   9   2   8   -0.0000007945
1   9   2   9   -0.0000008469
1   9   2   12   -0.0000048251
1   9   3   7   0.0861537046
1   9   3   8   -0.0000008929
1   9   3   9   -0.0236976648
1   9   3   12   -0.0004043409
1   9   4   10   0.0362549007
1   9   5   11   0.0362549007
1   9   6   7   0.0013713942
1   9   6   8   -0.0000048845
1   9   6   9   -0.0005096776
1   9   6   12   0.0340177656
1   10   1   10   1.1714645933
1   10   2   10   -0.0000004074
1   10   3   10   -0.0155086835
1   10   4   7   0.0370665779
1   10   4   8   0.0000010102
1   10   4   9   0.0368852572
1   10   4   12   0.0005032469
1   10   6   10   -0.0003162577
1   11   1   11   1.1714645933
1   11   2   11   -0.0000004074
1   11   3   11   -0.0155086835
1   11   5   7   0.0370665779
1   11   5   8   0.0000010102
1   11   5   9   0.0368852572
1   11   5   12   0.0005032469
1   11   6   11   -0.0003162577
1   12   1   7   -0.0088635634
1   12   1   8   -0.0001774481
1   12   1   9   0.0121167263
1   12   1   12   1.1143679119
1   12   2   7   -0.0000048856
1   12   2   8   -0.0000002944
1   12   2   9   -0.0000052378
1   12   2   12   -0.0000004568
1   12   3   7   0.0013713942
1   12   3   8   0.0000004874
1   12   3   9   -0.0004221230
1   12   3   12   -0.0145112269
1   12   4   10   0.0004663524
1   12   5   11   0.0004663524
1   12   6   7   0.0347532100
1   12   6   8   0.0000018820
1   12   6   9   0.0347807963
1   12   6   12   0.0004150380
2   7   1   7   -0.0000222481
2   7   1   8   0.0000006297
2   7   1   9   0.0000040346
2   7   1   12   -0.0000048856
2   7   2   7   0.1186856652
2   7   2   8   0.0000005178
2   7   2   9   0.0000058946
2   7   2   12   -0.0007104394
2   7   3   7   0.0000281575
2   7   3   8   0.0000007674
2   7   3   9   -0.0000007336
2   7   3   12   -0.0000051523
2   7   4   10   0.0000009489
2   7   5   11   0.0000009489
2   7   6   7   -0.0001774481
2   7   6   8   0.0000000040
2   7   6   9   0.0000004654
2   7   6   12   0.0000019923
2   8   1   7   -0.0000008948
2   8   1   8   0.0000005178
2   8   1   9   -0.0000007945
2   8   1   12   -0.0000002944
2   8   2   7   0.0000005178
2   8   2   8   1.6358025249
2   8   2   9   0.0000878778
2   8   2   12   0.0061304879
2   8   3   7   -0.0000007945
2   8   3   8   0.0000878778
2   8   3   9   0.0000102121
2   8   3   12   -0.0000205788
2   8   4   10   0.0000202042
2   8   4   11   0.0000000000
2   8   5   10   -0.0000000000
2   8   5   11   0.0000202042
2   8   6   7   -0.0000002944
2   8   6   8   0.0061304879
2   8   6   9   -0.0000205788
2   8   6   12   0.0002107515
2   9   1   7   0.0000038477
2   9   1   8   0.0000007674
2   9   1   9   -0.0000008469
2   9   1   12   -0.0000052378
2   9   2   7   0.0000058946
2   9   2   8   0.0000878778
2   9   2   9   0.1189568735
2   9   2   12   -0.0087700814
2   9   3   7   -0.0000008929
2   9   3   8   0.0000053193
2   9   3   9   0.0000170876
2   9   3   12   -0.0000218843
2   9   4   10   0.0000031424
2   9   5   11   0.0000031424
2   9   6   7   0.0000004874
2   9   6   8   0.0000017998
2   9   6   9   -0.0001479791
2   9   6   12   0.0000145955
2   10   1   10   -0.0000004074
2   10   2   10   0.1185147730
2   10   3   10   0.0000155152
2   10   4   7   0.0000010102
2   10   4   8   -0.0000021465
2   10   4   9   0.0000034390
2   10   4   12   -0.0000054001
2   10   6   10   -0.0001379131
2   11   1   11   -0.0000004074
2   11   2   11   0.1185147730
2   11   3   11   0.0000155152
2   11   5   7   0.0000010102
2   11   5   8   -0.0000021465
2   11   5   9   0.0000034390
2   11   5   12   -0.0000054001
2   11   6   11   -0.0001379131
2   12   1   7   -0.0000044840
2   12   1   8   0.0000000040
2   12   1   9   -0.0000048251
2   12   1   12   -0.0000004568
2   12   2   7   -0.0007104394
2   12   2   8   0.0061304879
2   12   2   9   -0.0087700814
2   12   2   12   0.1259619214
2   12   3   7   -0.0000048845
2   12   3   8   0.0000017998
2   12   3   9   -0.0000204895
2   12   3   12   0.0000166215
2   12   4   10   -0.0000048173
2   12   5   11   -0.0000048173
2   12   6   7   0.0000018820
2   12   6   8   0.0001276303
2   12   6   9   0.0000161253
2   12   6   12   -0.0001706262
3   7   1   7   -0.5321903485
3   7   1   8   0.0000040346
3   7   1   9   0.0861537046
3   7   1   12   0.0013713942
3   7   2   7   0.0000281575
3   7   2   8   -0.0000007945
3   7   2   9   -0.0000008929
3   7   2   12   -0.0000048845
3   7   3   7   1.2629173239
3   7   3   8   -0.0000008469
3   7   3   9   -0.0236976648
3   7   3   12   -0.0005096776
3   7   4   10   0.0362549007
3   7   5   11   0.0362549007
3   7   6   7   0.0121167263
3   7   6   8   -0.0000048251
3   7   6   9   -0.0004043409
3   7   6   12   0.0340177656
3   8   1   7   0.0000038477
3   8   1   8   0.0000058946
3   8   1   9   -0.0000008929
3   8   1   12   0.0000004874
3   8   2   7   0.0000007674
3   8   2   8   0.0000878778
3   8   2   9   0.0000053193
3   8   2   12   0.0000017998
3   8   3   7   -0.0000008469
3   8   3   8   0.1189568735
3   8   3   9   0.0000170876
3   8   3   12   -0.0001479791
3   8   4   10   0.0000031424
3   8   5   11   0.0000031424
3   8   6   7   -0.0000052378
3   8   6   8   -0.0087700814
3   8   6   9   -0.0000218843
3   8   6   12   0.0000145955
3   9   1   7   0.0815853428
3   9   1   8   -0.0000007336
3   9   1   9   -0.0236976648
3   9   1   12   -0.0004221230
3   9   2   7   -0.0000007336
3   9   2   8   0.0000102121
3   9   2   9   0.0000170876
3   9   2   12   -0.0000204895
3   9   3   7   -0.0236976648
3   9   3   8   0.0000170876
3   9   3   9   0.8717296890
3   9   3   12   0.0057027803
3   9   4   10   0.1542398790
3   9   5   11   0.1542398790
3   9   6   7   -0.0004221230
3   9   6   8   -0.0000204895
3   9   6   9   0.0057027803
3   9   6   12   0.1468664844
3   10   1   10   -0.0155086835
3   10   2   10   0.0000155152
3   10   3   10   0.8198498549
3   10   4   7   0.0368852572
3   10   4   8   0.0000034390
3   10   4   9   0.1591001393
3   10   4   12   0.0013453991
3   10   6   10   0.0055090304
3   11   1   11   -0.0155086835
3   11   2   11   0.0000155152
3   11   3   11   0.8198498549
3   11   5   7   0.0368852572
3   11   5   8   0.0000034390
3   11   5   9   0.1591001393
3   11   5   12   0.0013453991
3   11   6   11   0.0055090304
3   12   1   7   0.0014029179
3   12   1   8   0.0000004654
3   12   1   9   -0.0004043409
3   12   1   12   -0.0145112269
3   12   2   7   -0.0000051523
3   12   2   8   -0.0000205788
3   12   2   9   -0.0000218843
3   12   2   12   0.0000166215
3   12   3   7   -0.0005096776
3   12   3   8   -0.0001479791
3   12   3   9   0.0057027803
3   12   3   12   0.7861493500
3   12   4   10   0.0012564595
3   12   5   11   0.0012564595
3   12   6   7   0.0347807963
3   12   6   8   0.0000161253
3   12   6   9   0.1518609417
3   12   6   12   0.0053613457
4   7   1   10   0.0370665779
4   7   2   10   0.0000010102
4   7   3   10   0.0368852572
4   7   4   7   1.1714645933
4   7   4   8   -0.0000004074
4   7   4   9   -0.0155086835
4   7   4   12   -0.0003162577
4   7   6   10   0.0005032469
4   8   1   10   0.0000010102
4   8   2   10   -0.0000021465
4   8   3   10   0.0000034390
4   8   4   7   -0.0000004074
4   8   4   8   0.1185147730
4   8   4   9   0.0000155152
4   8   4   12   -0.0001379131
4   8   6   10   -0.0000054001
4   9   1   10   0.0368852572
4   9   2   10   0.0000034390
4   9   3   10   0.1591001393
4   9   4   7   -0.0155086835
4   9   4   8   0.0000155152
4   9   4   9   0.8198498549
4   9   4   12   0.0055090304
4   9   6   10   0.0013453991
4   10   1   7   0.0318872974
4   10   1   8   0.0000009489
4   10   1   9   0.0362549007
4   10   1   12   0.0004663524
4   10   2   7   0.0000009489
4   10   2   8   0.0000202042
4   10   2   9   0.0000031424
4   10   2   12   -0.0000048173
4   10   3   7   0.0362549007
4   10   3   8   0.0000031424
4   10   3   9   0.1542398790
4   10   3   12   0.0012564595
4   10   4   10   0.8193542370
4   10   5   11   0.0321638569
4   10   6   7   0.0004663524
4   10   6   8   -0.0000048173
4   10   6   9   0.0012564595
4   10   6   12   0.0310397364
4   11   2   8   0.0000000000
4   11   4   11   0.7488656698
4   11   5   10   0.0383247103
4   11   6   12   0.0000000000
4   12   1   10   0.0005032469
4   12   2   10   -0.0000054001
4   12   3   10   0.0013453991
4   12   4   7   -0.0003162577
4   12   4   8   -0.0001379131
4   12   4   9   0.0055090304
4   12   4   12   0.7196390151
4   12   6   10   0.0369042235
5   7   1   11   0.0370665779
5   7   2   11   0.0000010102
5   7   3   11   0.0368852572
5   7   5   7   1.1714645933
5   7   5   8   -0.0000004074
5   7   5   9   -0.0155086835
5   7   5   12   -0.0003162577
5   7   6   11   0.0005032469
5   8   1   11   0.0000010102
5   8   2   11   -0.0000021465
5   8   3   11   0.0000034390
5   8   5   7   -0.0000004074
5   8   5   8   0.1185147730
5   8   5   9   0.0000155152
5   8   5   12   -0.0001379131
5   8   6   11   -0.0000054001
5   9   1   11   0.0368852572
5   9   2   11   0.0000034390
5   9   3   11   0.1591001393
5   9   5   7   -0.0155086835
5   9   5   8   0.0000155152
5   9   5   9   0.8198498549
5   9   5   12   0.0055090304
5   9   6   11   0.0013453991
5   10   2   8   -0.0000000000
5   10   4   11   0.0383247103
5   10   5   10   0.7488656698
5   10   6   12   -0.0000000000
5   11   1   7   0.0318872974
5   11   1   8   0.0000009489
5   11   1   9   0.0362549007
5   11   1   12   0.0004663524
5   11   2   7   0.0000009489
5   11   2   8   0.0000202042
5   11   2   9   0.0000031424
5   11   2   12   -0.0000048173
5   11   3   7   0.0362549007
5   11   3   8   0.0000031424
5   11   3   9   0.1542398790
5   11   3   12   0.0012564595
5   11   4   10   0.0321638569
5   11   5   11   0.8193542370
5   11   6   7   0.0004663524
5   11   6   8   -0.0000048173
5   11   6   9   0.0012564595
5   11   6   12   0.0310397364
5   12   1   11   0.0005032469
5   12   2   11   -0.0000054001
5   12   3   11   0.0013453991
5   12   5   7   -0.0003162577
5   12   5   8   -0.0001379131
5   12   5   9   0.0055090304
5   12   5   12   0.7196390151
5   12   6   11   0.0369042235
6   7   1   7   -0.0088635634
6   7   1   8   -0.0000048856
6   7   1   9   0.0013713942
6   7   1   12   0.0347532100
6   7   2   7   -0.0001774481
6   7   2   8   -0.0000002944
6   7   2   9   0.0000004874
6   7   2   12   0.0000018820
6   7   3   7   0.0121167263
6   7   3   8   -0.0000052378
6   7   3   9   -0.0004221230
6   7   3   12   0.0347807963
6   7   4   10   0.0004663524
6   7   5   11   0.0004663524
6   7   6   7   1.1143679119
6   7   6   8   -0.0000004568
6   7   6   9   -0.0145112269
6   7   6   12   0.0004150380
6   8   1   7   -0.0000044840
6   8   1   8   -0.0007104394
6   8   1   9   -0.0000048845
6   8   1   12   0.0000018820
6   8   2   7   0.0000000040
6   8   2   8   0.0061304879
6   8   2   9   0.0000017998
6   8   2   12   0.0001276303
6   8   3   7   -0.0000048251
6   8   3   8   -0.0087700814
6   8   3   9   -0.0000204895
6   8   3   12   0.0000161253
6   8   4   10   -0.0000048173
6   8   5   11   -0.0000048173
6   8   6   7   -0.0000004568
6   8   6   8   0.1259619214
6   8   6   9   0.0000166215
6   8   6   12   -0.0001706262
6   9   1   7   0.0014029179
6   9   1   8   -0.0000051523
6   9   1   9   -0.0005096776
6   9   1   12   0.0347807963
6   9   2   7   0.0000004654
6   9   2   8   -0.0000205788
6   9   2   9   -0.0001479791
6   9   2   12   0.0000161253
6   9   3   7   -0.0004043409
6   9   3   8   -0.0000218843
6   9   3   9   0.0057027803
6   9   3   12   0.1518609417
6   9   4   10   0.0012564595
6   9   5   11   0.0012564595
6   9   6   7   -0.0145112269
6   9   6   8   0.0000166215
6   9   6   9   0.7861493500
6   9   6   12   0.0053613457
6   10   1   10   -0.0003162577
6   10   2   10   -0.0001379131
6   10   3   10   0.0055090304
6   10   4   7   0.0005032469
6   10   4   8   -0.0000054001
6   10   4   9   0.0013453991
6   10   4   12   0.0369042235
6   10   6   10   0.7196390151
6   11   1   11   -0.0003162577
6   11   2   11   -0.0001379131
6   11   3   11   0.0055090304
6   11   5   7   0.0005032469
6   11   5   8   -0.0000054001
6   11   5   9   0.0013453991
6   11   5   12   0.0369042235
6   11   6   11   0.7196390151
6   12   1   7   0.0298696792
6   12   1   8   0.0000019923
6   12   1   9   0.0340177656
6   12   1   12   0.0004150380
6   12   2   7   0.0000019923
6   12   2   8   0.0002107515
6   12   2   9   0.0000145955
6   12   2   12   -0.0001706262
6   12   3   7   0.0340177656
6   12   3   8   0.0000145955
6   12   3   9   0.1468664844
6   12   3   12   0.0053613457
6   12   4   10   0.0310397364
6   12   4   11   0.0000000000
6   12   5   10   -0.0000000000
6   12   5   11   0.0310397364
6   12   6   7   0.0004150380
6   12   6   8   -0.0001706262
6   12   6   9   0.0053613457
6   12   6   12   0.7633974776

End IJKL Block
Begin IJAB Block
1   7   1   5   0.0002013486
1   7   1   8   0.0003020004
1   7   2   6   0.0000456093
1   7   3   7   0.0000456093
1   7   4   5   0.0003020004
1   7   4   8   0.0005221982
1   8   1   5   0.0000003353
1   8   1   8   -0.0000007301
1   8   2   6   -0.0000000228
1   8   3   7   -0.0000000228
1   8   4   5   0.0000004456
1   8   4   8   -0.0000009207
1   9   1   5   0.0002066756
1   9   1   8   0.0003144342
1   9   2   6   0.0000462714
1   9   3   7   0.0000462714
1   9   4   5   0.0002930228
1   9   4   8   0.0004377410
1   10   1   6   -0.0000003480
1   10   1   7   0.0000000042
1   10   2   5   0.0000043746
1   10   2   8   0.0000384482
1   10   3   5   -0.0000000528
1   10   3   8   -0.0000004637
1   10   4   6   0.0000103592
1   10   4   7   -0.0000001249
1   11   1   6   -0.0000000042
1   11   1   7   -0.0000003480
1   11   2   5   0.0000000528
1   11   2   8   0.0000004637
1   11   3   5   0.0000043746
1   11   3   8   0.0000384482
1   11   4   6   0.0000001249
1   11   4   7   0.0000103592
1   12   1   5   -0.0000195159
1   12   1   8   -0.0001131724
1   12   2   6   0.0000017870
1   12   3   7   0.0000017870
1   12   4   5   -0.0001257165
1   12   4   8   -0.0001950485
2   7   1   5   0.0000003353
2   7   1   8   0.0000004456
2   7   2   6   -0.0000000228
2   7   3   7   -0.0000000228
2   7   4   5   -0.0000007301
2   7   4   8   -0.0000009207
2   8   1   5   0.0143301664
2   8   1   8   0.0077383982
2   8   2   6   0.0024862336
2   8   3   7   0.0024862336
2   8   4   5   0.0077383982
2   8   4   8   0.0073136837
2   9   1   5   0.0000011815
2   9   1   8   0.0000012466
2   9   2   6   0.0000036119
2   9   3   7   0.0000036119
2   9   4   5   -0.0000044915
2   9   4   8   -0.0000005415
2   10   1   6   -0.0000086874
2   10   1   7   0.0000001048
2   10   2   5   0.0000288030
2   10   2   8   0.0000552532
2   10   3   5   -0.0000003473
2   10   3   8   -0.0000006663
2   10   4   6   -0.0000078397
2   10   4   7   0.0000000945
2   11   1   6   -0.0000001048
2   11   1   7   -0.0000086874
2   11   2   5   0.0000003473
2   11   2   8   0.0000006663
2   11   3   5   0.0000288030
2   11   3   8   0.0000552532
2   11   4   6   -0.0000000945
2   11   4   7   -0.0000078397
2   12   1   5   0.0003889547
2   12   1   8   0.0005024594
2   12   2   6   -0.0003006989
2   12   3   7   -0.0003006989
2   12   4   5   0.0002213436
2   12   4   8   -0.0003022987
3   7   1   5   0.0002066756
3   7   1   8   0.0002930228
3   7   2   6   0.0000462714
3   7   3   7   0.0000462714
3   7   4   5   0.0003144342
3   7   4   8   0.0004377410
3   8   1   5   0.0000011815
3   8   1   8   -0.0000044915
3   8   2   6   0.0000036119
3   8   3   7   0.0000036119
3   8   4   5   0.0000012466
3   8   4   8   -0.0000005415
3   9   1   5   0.0010894070
3   9   1   8   0.0016188385
3   9   2   6   0.0002395924
3   9   3   7   0.0002395924
3   9   4   5   0.0016188385
3   9   4   8   0.0025275588
3   10   1   6   0.0000408944
3   10   1   7   -0.0000004932
3   10   2   5   0.0000209413
3   10   2   8   0.0001992367
3   10   3   5   -0.0000002525
3   10   3   8   -0.0000024027
3   10   4   6   0.0004625099
3   10   4   7   -0.0000055776
3   11   1   6   0.0000004932
3   11   1   7   0.0000408944
3   11   2   5   0.0000002525
3   11   2   8   0.0000024027
3   11   3   5   0.0000209413
3   11   3   8   0.0001992367
3   11   4   6   0.0000055776
3   11   4   7   0.0004625099
3   12   1   5   -0.0002442845
3   12   1   8   -0.0009796197
3   12   2   6   -0.0000484506
3   12   3   7   -0.0000484506
3   12   4   5   -0.0014913877
3   12   4   8   -0.0023945359
4   7   1   6   0.0000043746
4   7   1   7   -0.0000000528
4   7   2   5   -0.0000003480
4   7   2   8   0.0000103592
4   7   3   5   0.0000000042
4   7   3   8   -0.0000001249
4   7   4   6   0.0000384482
4   7   4   7   -0.0000004637
4   8   1   6   0.0000288030
4   8   1   7   -0.0000003473
4   8   2   5   -0.0000086874
4   8   2   8   -0.0000078397
4   8   3   5   0.0000001048
4   8   3   8   0.0000000945
4   8   4   6   0.0000552532
4   8   4   7   -0.0000006663
4   9   1   6   0.0000209413
4   9   1   7   -0.0000002525
4   9   2   5   0.0000408944
4   9   2   8   0.0004625099
4   9   3   5   -0.0000004932
4   9   3   8   -0.0000055776
4   9   4   6   0.0001992367
4   9   4   7   -0.0000024027
4   10   1   5   0.0007748897
4   10   1   8   0.0010035833
4   10   2   6   0.0007677174
4   10   2   7   -0.0000076060
4   10   3   6   -0.0000076060
4   10   3   7   0.0001370950
4   10   4   5   0.0010035833
4   10   4   8   0.0013627590
4   11   1   5   0.0000000000
4   11   1   8   0.0000000000
4   11   2   6   0.0000076060
4   11   2   7   0.0005330403
4   11   3   6   0.0000975820
4   11   3   7   -0.0000076060
4   11   4   5   0.0000000000
4   11   4   8   0.0000000000
4   12   1   6   -0.0004418225
4   12   1   7   0.0000053281
4   12   2   5   -0.0011759163
4   12   2   8   -0.0016753237
4   12   3   5   0.0000141808
4   12   3   8   0.0000202033
4   12   4   6   -0.0003941301
4   12   4   7   0.0000047530
5   7   1   6   0.0000000528
5   7   1   7   0.0000043746
5   7   2   5   -0.0000000042
5   7   2   8   0.0000001249
5   7   3   5   -0.0000003480
5   7   3   8   0.0000103592
5   7   4   6   0.0000004637
5   7   4   7   0.0000384482
5   8   1   6   0.0000003473
5   8   1   7   0.0000288030
5   8   2   5   -0.0000001048
5   8   2   8   -0.0000000945
5   8   3   5   -0.0000086874
5   8   3   8   -0.0000078397
5   8   4   6   0.0000006663
5   8   4   7   0.0000552532
5   9   1   6   0.0000002525
5   9   1   7   0.0000209413
5   9   2   5   0.0000004932
5   9   2   8   0.0000055776
5   9   3   5   0.0000408944
5   9   3   8   0.0004625099
5   9   4   6   0.0000024027
5   9   4   7   0.0001992367
5   10   1   5   -0.0000000000
5   10   1   8   -0.0000000000
5   10   2   6   0.0000076060
5   10   2   7   0.0000975820
5   10   3   6   0.0005330403
5   10   3   7   -0.0000076060
5   10   4   5   -0.0000000000
5   10   4   8   -0.0000000000
5   11   1   5   0.0007748897
5   11   1   8   0.0010035833
5   11   2   6   0.0001370950
5   11   2   7   0.0000076060
5   11   3   6   0.0000076060
5   11   3   7   0.0007677174
5   11   4   5   0.0010035833
5   11   4   8   0.0013627590
5   12   1   6   -0.0000053281
5   12   1   7   -0.0004418225
5   12   2   5   -0.0000141808
5   12   2   8   -0.0000202033
5   12   3   5   -0.0011759163
5   12   3   8   -0.0016753237
5   12   4   6   -0.0000047530
5   12   4   7   -0.0003941301
6   7   1   5   -0.0000195159
6   7   1   8   -0.0001257165
6   7   2   6   0.0000017870
6   7   3   7   0.0000017870
6   7   4   5   -0.0001131724
6   7   4   8   -0.0001950485
6   8   1   5   0.0003889547
6   8   1   8   0.0002213436
6   8   2   6   -0.0003006989
6   8   3   7   -0.0003006989
6   8   4   5   0.0005024594
6   8   4   8   -0.0003022987
6   9   1   5   -0.0002442845
6   9   1   8   -0.0014913877
6   9   2   6   -0.0000484506
6   9   3   7   -0.0000484506
6   9   4   5   -0.0009796197
6   9   4   8   -0.0023945359
6   10   1   6   -0.0011759163
6   10   1   7   0.0000141808
6   10   2   5   -0.0004418225
6   10   2   8   -0.0003941301
6   10   3   5   0.0000053281
6   10   3   8   0.0000047530
6   10   4   6   -0.0016753237
6   10   4   7   0.0000202033
6   11   1   6   -0.0000141808
6   11   1   7   -0.0011759163
6   11   2   5   -0.0000053281
6   11   2   8   -0.0000047530
6   11   3   5   -0.0004418225
6   11   3   8   -0.0003941301
6   11   4   6   -0.0000202033
6   11   4   7   -0.0016753237
6   12   1   5   0.0044092709
6   12   1   8   0.0067554919
6   12   2   6   0.0008723622
6   12   3   7   0.0008723622
6   12   4   5   0.0067554919
6   12   4   8   0.0089055875

End IJAB Block
Begin ABCD Block
1   5   1   5   0.2345836764
1   5   1   8   -0.0052133635
1   5   2   6   0.0388862353
1   5   3   7   0.0388862353
1   5   4   5   -0.0052133635
1   5   4   8   0.0321137434
1   6   1   6   0.1936277170
1   6   2   5   0.0388910396
1   6   2   8   0.0079869179
1   6   4   6   0.0091983120
1   7   1   7   0.1936277170
1   7   3   5   0.0388910396
1   7   3   8   0.0079869179
1   7   4   7   0.0091983120
1   8   1   5   -0.0052133635
1   8   1   8   0.1942140887
1   8   2   6   0.0079835575
1   8   3   7   0.0079835575
1   8   4   5   0.0321418683
1   8   4   8   0.0149992473
2   5   1   6   0.0388910396
2   5   2   5   0.1936277170
2   5   2   8   0.0091983120
2   5   4   6   0.0079869179
2   6   1   5   0.0388862353
2   6   1   8   0.0079835575
2   6   2   6   0.1849355660
2   6   3   7   0.0098502429
2   6   4   5   0.0079835575
2   6   4   8   0.0122973427
2   7   2   7   0.1652353578
2   7   3   6   0.0098499653
2   8   1   6   0.0079869179
2   8   2   5   0.0091983120
2   8   2   8   0.1712302644
2   8   4   6   0.0122993217
3   5   1   7   0.0388910396
3   5   3   5   0.1936277170
3   5   3   8   0.0091983120
3   5   4   7   0.0079869179
3   6   2   7   0.0098499653
3   6   3   6   0.1652353578
3   7   1   5   0.0388862353
3   7   1   8   0.0079835575
3   7   2   6   0.0098502429
3   7   3   7   0.1849355660
3   7   4   5   0.0079835575
3   7   4   8   0.0122973427
3   8   1   7   0.0079869179
3   8   3   5   0.0091983120
3   8   3   8   0.1712302644
3   8   4   7   0.0122993217
4   5   1   5   -0.0052133635
4   5   1   8   0.0321418683
4   5   2   6   0.0079835575
4   5   3   7   0.0079835575
4   5   4   5   0.1942140887
4   5   4   8   0.0149992473
4   6   1   6   0.0091983120
4   6   2   5   0.0079869179
4   6   2   8   0.0122993217
4   6   4   6   0.1712302644
4   7   1   7   0.0091983120
4   7   3   5   0.0079869179
4   7   3   8   0.0122993217
4   7   4   7   0.1712302644
4   8   1   5   0.0321137434
4   8   1   8   0.0149992473
4   8   2   6   0.0122973427
4   8   3   7   0.0122973427
4   8   4   5   0.0149992473
4   8   4   8   0.1979051811

End ABCD Block
Begin AIJB Block
1   7   1   5   0.0002749659
1   7   1   8   0.0003372141
1   7   2   5   0.0000004534
1   7   2   8   0.0000005338
1   7   3   5   0.0003048781
1   7   3   8   0.0003183847
1   7   4   6   0.0000023188
1   7   4   7   -0.0000000280
1   7   5   6   0.0000000280
1   7   5   7   0.0000023188
1   7   6   5   -0.0000105620
1   7   6   8   -0.0000299880
1   8   1   5   0.0000004534
1   8   1   8   -0.0000008449
1   8   2   5   0.0111052668
1   8   2   8   0.0059020495
1   8   3   5   0.0000028274
1   8   3   8   -0.0000050985
1   8   4   6   0.0000241816
1   8   4   7   -0.0000002916
1   8   5   6   0.0000002916
1   8   5   7   0.0000241816
1   8   6   5   0.0001349198
1   8   6   8   -0.0000279963
1   9   1   5   0.0003048781
1   9   1   8   0.0003457562
1   9   2   5   0.0000028274
1   9   2   8   0.0000037454
1   9   3   5   0.0014033724
1   9   3   8   0.0015045531
1   9   4   6   0.0000047883
1   9   4   7   -0.0000000577
1   9   5   6   0.0000000577
1   9   5   7   0.0000047883
1   9   6   5   0.0001565978
1   9   6   8   -0.0004741351
1   10   1   6   -0.0000022953
1   10   1   7   0.0000000277
1   10   2   6   -0.0000030188
1   10   2   7   0.0000000364
1   10   3   6   -0.0000109512
1   10   3   7   0.0000001321
1   10   4   5   -0.0000735984
1   10   4   8   0.0001653233
1   10   6   6   -0.0014190191
1   10   6   7   0.0000171125
1   11   1   6   -0.0000000277
1   11   1   7   -0.0000022953
1   11   2   6   -0.0000000364
1   11   2   7   -0.0000030188
1   11   3   6   -0.0000001321
1   11   3   7   -0.0000109512
1   11   5   5   -0.0000735984
1   11   5   8   0.0001653233
1   11   6   6   -0.0000171125
1   11   6   7   -0.0014190191
1   12   1   5   -0.0000105620
1   12   1   8   -0.0000526553
1   12   2   5   0.0001349198
1   12   2   8   0.0002428704
1   12   3   5   0.0001565978
1   12   3   8   0.0000013916
1   12   4   6   -0.0001068244
1   12   4   7   0.0000012882
1   12   5   6   -0.0000012882
1   12   5   7   -0.0001068244
1   12   6   5   0.0058430348
1   12   6   8   0.0056397097
2   7   1   6   0.0000455717
2   7   2   6   -0.0000002227
2   7   3   6   0.0000425117
2   7   4   5   -0.0000022953
2   7   4   8   -0.0000060617
2   7   5   5   -0.0000000277
2   7   5   8   -0.0000000731
2   7   6   6   0.0000027639
2   8   1   6   -0.0000002227
2   8   2   6   0.0022085401
2   8   3   6   -0.0000001752
2   8   4   5   -0.0000030188
2   8   4   8   0.0000027577
2   8   5   5   -0.0000000364
2   8   5   8   0.0000000333
2   8   6   6   -0.0001858153
2   9   1   6   0.0000425117
2   9   2   6   -0.0000001752
2   9   3   6   0.0001815028
2   9   4   5   -0.0000109512
2   9   4   8   0.0002894134
2   9   5   5   -0.0000001321
2   9   5   8   0.0000034901
2   9   6   6   0.0000128611
2   10   1   5   0.0000023188
2   10   1   8   0.0000284730
2   10   2   5   0.0000241816
2   10   2   8   0.0000507960
2   10   3   5   0.0000047883
2   10   3   8   0.0000838778
2   10   4   6   0.0006461997
2   10   4   7   -0.0000072488
2   10   5   6   0.0000072488
2   10   5   7   0.0000539447
2   10   6   5   -0.0001068244
2   10   6   8   -0.0002346639
2   11   1   5   0.0000000280
2   11   1   8   0.0000003434
2   11   2   5   0.0000002916
2   11   2   8   0.0000006126
2   11   3   5   0.0000000577
2   11   3   8   0.0000010115
2   11   4   6   0.0000072488
2   11   4   7   0.0005470655
2   11   5   6   0.0000451895
2   11   5   7   0.0000072488
2   11   6   5   -0.0000012882
2   11   6   8   -0.0000028299
2   12   1   6   0.0000027639
2   12   2   6   -0.0001858153
2   12   3   6   0.0000128611
2   12   4   5   -0.0014190191
2   12   4   8   -0.0017458641
2   12   5   5   -0.0000171125
2   12   5   8   -0.0000210540
2   12   6   6   0.0003610352
3   7   1   7   0.0000455717
3   7   2   7   -0.0000002227
3   7   3   7   0.0000425117
3   7   4   5   0.0000000277
3   7   4   8   0.0000000731
3   7   5   5   -0.0000022953
3   7   5   8   -0.0000060617
3   7   6   7   0.0000027639
3   8   1   7   -0.0000002227
3   8   2   7   0.0022085401
3   8   3   7   -0.0000001752
3   8   4   5   0.0000000364
3   8   4   8   -0.0000000333
3   8   5   5   -0.0000030188
3   8   5   8   0.0000027577
3   8   6   7   -0.0001858153
3   9   1   7   0.0000425117
3   9   2   7   -0.0000001752
3   9   3   7   0.0001815028
3   9   4   5   0.0000001321
3   9   4   8   -0.0000034901
3   9   5   5   -0.0000109512
3   9   5   8   0.0002894134
3   9   6   7   0.0000128611
3   10   1   5   -0.0000000280
3   10   1   8   -0.0000003434
3   10   2   5   -0.0000002916
3   10   2   8   -0.0000006126
3   10   3   5   -0.0000000577
3   10   3   8   -0.0000010115
3   10   4   6   -0.0000072488
3   10   4   7   0.0000451895
3   10   5   6   0.0005470655
3   10   5   7   -0.0000072488
3   10   6   5   0.0000012882
3   10   6   8   0.0000028299
3   11   1   5   0.0000023188
3   11   1   8   0.0000284730
3   11   2   5   0.0000241816
3   11   2   8   0.0000507960
3   11   3   5   0.0000047883
3   11   3   8   0.0000838778
3   11   4   6   0.0000539447
3   11   4   7   -0.0000072488
3   11   5   6   0.0000072488
3   11   5   7   0.0006461997
3   11   6   5   -0.0001068244
3   11   6   8   -0.0002346639
3   12   1   7   0.0000027639
3   12   2   7   -0.0001858153
3   12   3   7   0.0000128611
3   12   4   5   0.0000171125
3   12   4   8   0.0000210540
3   12   5   5   -0.0014190191
3   12   5   8   -0.0017458641
3   12   6   7   0.0003610352
4   7   1   5   0.0003372141
4   7   1   8   0.0005315772
4   7   2   5   -0.0000008449
4   7   2   8   -0.0000011851
4   7   3   5   0.0003457562
4   7   3   8   0.0004176938
4   7   4   6   0.0000284730
4   7   4   7   -0.0000003434
4   7   5   6   0.0000003434
4   7   5   7   0.0000284730
4   7   6   5   -0.0000526553
4   7   6   8   -0.0000754103
4   8   1   5   0.0000005338
4   8   1   8   -0.0000011851
4   8   2   5   0.0059020495
4   8   2   8   0.0059588665
4   8   3   5   0.0000037454
4   8   3   8   -0.0000046007
4   8   4   6   0.0000507960
4   8   4   7   -0.0000006126
4   8   5   6   0.0000006126
4   8   5   7   0.0000507960
4   8   6   5   0.0002428704
4   8   6   8   -0.0003325378
4   9   1   5   0.0003183847
4   9   1   8   0.0004176938
4   9   2   5   -0.0000050985
4   9   2   8   -0.0000046007
4   9   3   5   0.0015045531
4   9   3   8   0.0021309716
4   9   4   6   0.0000838778
4   9   4   7   -0.0000010115
4   9   5   6   0.0000010115
4   9   5   7   0.0000838778
4   9   6   5   0.0000013916
4   9   6   8   -0.0010196022
4   10   1   6   -0.0000060617
4   10   1   7   0.0000000731
4   10   2   6   0.0000027577
4   10   2   7   -0.0000000333
4   10   3   6   0.0002894134
4   10   3   7   -0.0000034901
4   10   4   5   0.0001653233
4   10   4   8   0.0005376850
4   10   6   6   -0.0017458641
4   10   6   7   0.0000210540
4   11   1   6   -0.0000000731
4   11   1   7   -0.0000060617
4   11   2   6   0.0000000333
4   11   2   7   0.0000027577
4   11   3   6   0.0000034901
4   11   3   7   0.0002894134
4   11   5   5   0.0001653233
4   11   5   8   0.0005376850
4   11   6   6   -0.0000210540
4   11   6   7   -0.0017458641
4   12   1   5   -0.0000299880
4   12   1   8   -0.0000754103
4   12   2   5   -0.0000279963
4   12   2   8   -0.0003325378
4   12   3   5   -0.0004741351
4   12   3   8   -0.0010196022
4   12   4   6   -0.0002346639
4   12   4   7   0.0000028299
4   12   5   6   -0.0000028299
4   12   5   7   -0.0002346639
4   12   6   5   0.0056397097
4   12   6   8   0.0077488229

1   7   7   1   -0.1080151864
1   7   7   4   -0.0319545421
1   7   8   1   -0.0000000565
1   7   8   4   -0.0000001102
1   7   9   1   0.0001675946
1   7   9   4   0.0001771155
1   7   10   2   -0.0001333091
1   7   10   3   0.0000016076
1   7   11   2   -0.0000016076
1   7   11   3   -0.0001333091
1   7   12   1   0.0004938655
1   7   12   4   0.0002851092
1   8   7   1   -0.0000000565
1   8   7   4   -0.0000000484
1   8   8   1   -0.3006464908
1   8   8   4   -0.0436557050
1   8   9   1   -0.0000013175
1   8   9   4   0.0000009218
1   8   10   2   -0.0000156219
1   8   10   3   0.0000001884
1   8   11   2   -0.0000001884
1   8   11   3   -0.0000156219
1   8   12   1   -0.0002832365
1   8   12   4   0.0000697176
1   9   7   1   0.0001675946
1   9   7   4   0.0001757260
1   9   8   1   -0.0000013175
1   9   8   4   0.0000017711
1   9   9   1   -0.1038725989
1   9   9   4   -0.0276240309
1   9   10   2   -0.0015535497
1   9   10   3   0.0000187348
1   9   11   2   -0.0000187348
1   9   11   3   -0.0015535497
1   9   12   1   0.0056200148
1   9   12   4   0.0024245642
1   10   7   2   -0.0001353159
1   10   7   3   0.0000016318
1   10   8   2   -0.0000135563
1   10   8   3   0.0000001635
1   10   9   2   -0.0015486303
1   10   9   3   0.0000186755
1   10   10   1   -0.1024941393
1   10   10   4   -0.0263614484
1   10   12   2   0.0004646096
1   10   12   3   -0.0000056029
1   11   7   2   -0.0000016318
1   11   7   3   -0.0001353159
1   11   8   2   -0.0000001635
1   11   8   3   -0.0000135563
1   11   9   2   -0.0000186755
1   11   9   3   -0.0015486303
1   11   11   1   -0.1024941393
1   11   11   4   -0.0263614484
1   11   12   2   0.0000056029
1   11   12   3   0.0004646096
1   12   7   1   0.0004938655
1   12   7   4   0.0002722243
1   12   8   1   -0.0002832365
1   12   8   4   0.0000726013
1   12   9   1   0.0056200148
1   12   9   4   0.0024277704
1   12   10   2   0.0004812413
1   12   10   3   -0.0000058035
1   12   11   2   0.0000058035
1   12   11   3   0.0004812413
1   12   12   1   -0.1047602669
1   12   12   4   -0.0268899961
2   7   7   2   -0.1031319984
2   7   8   2   -0.0000000104
2   7   9   2   0.0000162859
2   7   10   1   -0.0001353159
2   7   10   4   -0.0001703584
2   7   11   1   -0.0000016318
2   7   11   4   -0.0000020544
2   7   12   2   0.0004627832
2   8   7   2   -0.0000000104
2   8   8   2   -0.2392003329
2   8   9   2   -0.0000013225
2   8   10   1   -0.0000135563
2   8   10   4   -0.0000057260
2   8   11   1   -0.0000001635
2   8   11   4   -0.0000000691
2   8   12   2   -0.0000830492
2   9   7   2   0.0000162859
2   9   8   2   -0.0000013225
2   9   9   2   -0.1028079504
2   9   10   1   -0.0015486303
2   9   10   4   -0.0017170079
2   9   11   1   -0.0000186755
2   9   11   4   -0.0000207060
2   9   12   2   0.0056836951
2   10   7   1   -0.0001333091
2   10   7   4   -0.0001674950
2   10   8   1   -0.0000156219
2   10   8   4   -0.0000069168
2   10   9   1   -0.0015535497
2   10   9   4   -0.0017197182
2   10   10   2   -0.1027562470
2   10   10   3   0.0000039066
2   10   11   2   -0.0000039066
2   10   11   3   -0.0001646216
2   10   12   1   0.0004812413
2   10   12   4   0.0005770395
2   11   7   1   -0.0000016076
2   11   7   4   -0.0000020199
2   11   8   1   -0.0000001884
2   11   8   4   -0.0000000834
2   11   9   1   -0.0000187348
2   11   9   4   -0.0000207387
2   11   10   2   -0.0000039066
2   11   10   3   -0.0001592749
2   11   11   2   -0.1024323505
2   11   11   3   -0.0000039066
2   11   12   1   0.0000058035
2   11   12   4   0.0000069587
2   12   7   2   0.0004627832
2   12   8   2   -0.0000830492
2   12   9   2   0.0056836951
2   12   10   1   0.0004646096
2   12   10   4   0.0005544227
2   12   11   1   0.0000056029
2   12   11   4   0.0000066860
2   12   12   2   -0.1060699154
3   7   7   3   -0.1031319984
3   7   8   3   -0.0000000104
3   7   9   3   0.0000162859
3   7   10   1   0.0000016318
3   7   10   4   0.0000020544
3   7   11   1   -0.0001353159
3   7   11   4   -0.0001703584
3   7   12   3   0.0004627832
3   8   7   3   -0.0000000104
3   8   8   3   -0.2392003329
3   8   9   3   -0.0000013225
3   8   10   1   0.0000001635
3   8   10   4   0.0000000691
3   8   11   1   -0.0000135563
3   8   11   4   -0.0000057260
3   8   12   3   -0.0000830492
3   9   7   3   0.0000162859
3   9   8   3   -0.0000013225
3   9   9   3   -0.1028079504
3   9   10   1   0.0000186755
3   9   10   4   0.0000207060
3   9   11   1   -0.0015486303
3   9   11   4   -0.0017170079
3   9   12   3   0.0056836951
3   10   7   1   0.0000016076
3   10   7   4   0.0000020199
3   10   8   1   0.0000001884
3   10   8   4   0.0000000834
3   10   9   1   0.0000187348
3   10   9   4   0.0000207387
3   10   10   2   0.0000039066
3   10   10   3   -0.1024323505
3   10   11   2   -0.0001592749
3   10   11   3   0.0000039066
3   10   12   1   -0.0000058035
3   10   12   4   -0.0000069587
3   11   7   1   -0.0001333091
3   11   7   4   -0.0001674950
3   11   8   1   -0.0000156219
3   11   8   4   -0.0000069168
3   11   9   1   -0.0015535497
3   11   9   4   -0.0017197182
3   11   10   2   -0.0001646216
3   11   10   3   0.0000039066
3   11   11   2   -0.0000039066
3   11   11   3   -0.1027562470
3   11   12   1   0.0004812413
3   11   12   4   0.0005770395
3   12   7   3   0.0004627832
3   12   8   3   -0.0000830492
3   12   9   3   0.0056836951
3   12   10   1   -0.0000056029
3   12   10   4   -0.0000066860
3   12   11   1   0.0004646096
3   12   11   4   0.0005544227
3   12   12   3   -0.1060699154
4   7   7   1   -0.0319545421
4   7   7   4   -0.1359612375
4   7   8   1   -0.0000000484
4   7   8   4   -0.0000001681
4   7   9   1   0.0001757260
4   7   9   4   0.0002288627
4   7   10   2   -0.0001674950
4   7   10   3   0.0000020199
4   7   11   2   -0.0000020199
4   7   11   3   -0.0001674950
4   7   12   1   0.0002722243
4   7   12   4   0.0008943176
4   8   7   1   -0.0000001102
4   8   7   4   -0.0000001681
4   8   8   1   -0.0436557050
4   8   8   4   -0.2668970443
4   8   9   1   0.0000017711
4   8   9   4   0.0000024629
4   8   10   2   -0.0000069168
4   8   10   3   0.0000000834
4   8   11   2   -0.0000000834
4   8   11   3   -0.0000069168
4   8   12   1   0.0000726013
4   8   12   4   0.0000119684
4   9   7   1   0.0001771155
4   9   7   4   0.0002288627
4   9   8   1   0.0000009218
4   9   8   4   0.0000024629
4   9   9   1   -0.0276240309
4   9   9   4   -0.1307113698
4   9   10   2   -0.0017197182
4   9   10   3   0.0000207387
4   9   11   2   -0.0000207387
4   9   11   3   -0.0017197182
4   9   12   1   0.0024277704
4   9   12   4   0.0089311763
4   10   7   2   -0.0001703584
4   10   7   3   0.0000020544
4   10   8   2   -0.0000057260
4   10   8   3   0.0000000691
4   10   9   2   -0.0017170079
4   10   9   3   0.0000207060
4   10   10   1   -0.0263614484
4   10   10   4   -0.1290623717
4   10   12   2   0.0005544227
4   10   12   3   -0.0000066860
4   11   7   2   -0.0000020544
4   11   7   3   -0.0001703584
4   11   8   2   -0.0000000691
4   11   8   3   -0.0000057260
4   11   9   2   -0.0000207060
4   11   9   3   -0.0017170079
4   11   11   1   -0.0263614484
4   11   11   4   -0.1290623717
4   11   12   2   0.0000066860
4   11   12   3   0.0005544227
4   12   7   1   0.0002851092
4   12   7   4   0.0008943176
4   12   8   1   0.0000697176
4   12   8   4   0.0000119684
4   12   9   1   0.0024245642
4   12   9   4   0.0089311763
4   12   10   2   0.0005770395
4   12   10   3   -0.0000069587
4   12   11   2   0.0000069587
4   12   11   3   0.0005770395
4   12   12   1   -0.0268899961
4   12   12   4   -0.1341503601

End AIJB Block
Begin IJKA Block
1   7   1   5   0.0015631855
1   7   1   8   0.0160106154
1   7   2   5   0.0000001113
1   7   2   8   -0.0000001531
1   7   3   5   -0.0002656370
1   7   3   8   -0.0027335575
1   7   4   6   -0.0012425157
1   7   4   7   0.0000149839
1   7   5   6   -0.0000149839
1   7   5   7   -0.0012425157
1   7   6   5   0.0024618788
1   7   6   8   0.0036819134
1   8   1   5   -0.0004430074
1   8   1   8   0.0011406404
1   8   2   5   -0.0000001532
1   8   2   8   -0.0000000238
1   8   3   5   -0.0000009708
1   8   3   8   -0.0000010651
1   8   4   6   0.0000074532
1   8   4   7   -0.0000000899
1   8   5   6   0.0000000899
1   8   5   7   0.0000074532
1   8   6   5   0.0000055033
1   8   6   8   -0.0000133287
1   9   1   5   -0.0024707168
1   9   1   8   -0.0192265691
1   9   2   5   0.0000000853
1   9   2   8   -0.0000000794
1   9   3   5   0.0000309080
1   9   3   8   0.0004198460
1   9   4   6   -0.0011924028
1   9   4   7   0.0000143796
1   9   5   6   -0.0000143796
1   9   5   7   -0.0011924028
1   9   6   5   0.0022862156
1   9   6   8   0.0036002779
1   10   1   6   -0.0205015814
1   10   1   7   0.0002472358
1   10   2   6   -0.0000000074
1   10   2   7   0.0000000001
1   10   3   6   -0.0001415678
1   10   3   7   0.0000017072
1   10   4   5   -0.0000852783
1   10   4   8   -0.0008421566
1   10   6   6   -0.0000419350
1   10   6   7   0.0000005057
1   11   1   6   -0.0002472358
1   11   1   7   -0.0205015814
1   11   2   6   -0.0000000001
1   11   2   7   -0.0000000074
1   11   3   6   -0.0000017072
1   11   3   7   -0.0001415678
1   11   5   5   -0.0000852783
1   11   5   8   -0.0008421566
1   11   6   6   -0.0000005057
1   11   6   7   -0.0000419350
1   12   1   5   -0.0029557812
1   12   1   8   0.0404122419
1   12   2   5   0.0000001367
1   12   2   8   0.0000001333
1   12   3   5   0.0026506402
1   12   3   8   0.0013632689
1   12   4   6   -0.0000783881
1   12   4   7   0.0000009453
1   12   5   6   -0.0000009453
1   12   5   7   -0.0000783881
1   12   6   5   0.0000723728
1   12   6   8   -0.0005626403
2   7   1   5   -0.0000011117
2   7   1   8   -0.0000006655
2   7   2   5   -0.0000382004
2   7   2   8   -0.0000653372
2   7   3   5   -0.0000009511
2   7   3   8   -0.0000007912
2   7   4   6   -0.0000000842
2   7   4   7   0.0000000010
2   7   5   6   -0.0000000010
2   7   5   7   -0.0000000842
2   7   6   5   0.0000003817
2   7   6   8   0.0000000563
2   8   1   5   0.0000000130
2   8   1   8   0.0000000328
2   8   2   5   -0.1093622832
2   8   2   8   -0.0665020230
2   8   3   5   0.0000011530
2   8   3   8   -0.0000025716
2   8   4   6   0.0000147280
2   8   4   7   -0.0000001776
2   8   5   6   0.0000001776
2   8   5   7   0.0000147280
2   8   6   5   -0.0007625089
2   8   6   8   -0.0005283182
2   9   1   5   -0.0000010230
2   9   1   8   -0.0000005903
2   9   2   5   -0.0001846111
2   9   2   8   -0.0003519796
2   9   3   5   -0.0000047309
2   9   3   8   -0.0000039053
2   9   4   6   -0.0000003812
2   9   4   7   0.0000000046
2   9   5   6   -0.0000000046
2   9   5   7   -0.0000003812
2   9   6   5   0.0000005737
2   9   6   8   0.0000019298
2   10   1   6   -0.0000000041
2   10   1   7   0.0000000000
2   10   2   6   0.0009064517
2   10   2   7   -0.0000109312
2   10   3   6   -0.0000007690
2   10   3   7   0.0000000093
2   10   4   5   0.0000002608
2   10   4   8   -0.0000000554
2   10   6   6   0.0000024993
2   10   6   7   -0.0000000301
2   11   1   6   -0.0000000000
2   11   1   7   -0.0000000041
2   11   2   6   0.0000109312
2   11   2   7   0.0009064517
2   11   3   6   -0.0000000093
2   11   3   7   -0.0000007690
2   11   5   5   0.0000002608
2   11   5   8   -0.0000000554
2   11   6   6   0.0000000301
2   11   6   7   0.0000024993
2   12   1   5   -0.0000000245
2   12   1   8   0.0000001940
2   12   2   5   -0.0082866448
2   12   2   8   -0.0148516583
2   12   3   5   0.0000062193
2   12   3   8   -0.0000006038
2   12   4   6   -0.0000108371
2   12   4   7   0.0000001307
2   12   5   6   -0.0000001307
2   12   5   7   -0.0000108371
2   12   6   5   -0.0000341325
2   12   6   8   -0.0000206527
3   7   1   5   -0.0003035777
3   7   1   8   -0.0029756639
3   7   2   5   0.0000000537
3   7   2   8   -0.0000001913
3   7   3   5   0.0000146039
3   7   3   8   0.0005461108
3   7   4   6   -0.0013398298
3   7   4   7   0.0000161575
3   7   5   6   -0.0000161575
3   7   5   7   -0.0013398298
3   7   6   5   0.0028636858
3   7   6   8   0.0041233754
3   8   1   5   -0.0000012150
3   8   1   8   -0.0000010607
3   8   2   5   -0.0000064316
3   8   2   8   -0.0000084963
3   8   3   5   -0.0004539340
3   8   3   8   0.0011331719
3   8   4   6   0.0000824601
3   8   4   7   -0.0000009944
3   8   5   6   0.0000009944
3   8   5   7   0.0000824601
3   8   6   5   0.0000625084
3   8   6   8   -0.0001537319
3   9   1   5   -0.0000147568
3   9   1   8   0.0001865886
3   9   2   5   -0.0000013935
3   9   2   8   -0.0000013989
3   9   3   5   -0.0017978630
3   9   3   8   -0.0122460580
3   9   4   6   -0.0052235053
3   9   4   7   0.0000629921
3   9   5   6   -0.0000629921
3   9   5   7   -0.0052235053
3   9   6   5   0.0117434589
3   9   6   8   0.0164692930
3   10   1   6   -0.0003397097
3   10   1   7   0.0000040967
3   10   2   6   -0.0000008917
3   10   2   7   0.0000000108
3   10   3   6   -0.0170441244
3   10   3   7   0.0002055411
3   10   4   5   -0.0003102744
3   10   4   8   -0.0025961552
3   10   6   6   -0.0004632099
3   10   6   7   0.0000055860
3   11   1   6   -0.0000040967
3   11   1   7   -0.0003397097
3   11   2   6   -0.0000000108
3   11   2   7   -0.0000008917
3   11   3   6   -0.0002055411
3   11   3   7   -0.0170441244
3   11   5   5   -0.0003102744
3   11   5   8   -0.0025961552
3   11   6   6   -0.0000055860
3   11   6   7   -0.0004632099
3   12   1   5   0.0037702108
3   12   1   8   0.0022243703
3   12   2   5   0.0000084919
3   12   2   8   0.0000003754
3   12   3   5   0.0198961700
3   12   3   8   0.0412352161
3   12   4   6   -0.0005298855
3   12   4   7   0.0000063901
3   12   5   6   -0.0000063901
3   12   5   7   -0.0005298855
3   12   6   5   0.0001104053
3   12   6   8   -0.0009079415
4   7   1   6   -0.0014945567
4   7   1   7   0.0000180234
4   7   2   6   -0.0000000325
4   7   2   7   0.0000000004
4   7   3   6   -0.0013895763
4   7   3   7   0.0000167574
4   7   4   5   0.0000382973
4   7   4   8   0.0003128756
4   7   6   6   -0.0000131397
4   7   6   7   0.0000001585
4   8   1   6   0.0000065546
4   8   1   7   -0.0000000790
4   8   2   6   0.0000034889
4   8   2   7   -0.0000000421
4   8   3   6   0.0000790290
4   8   3   7   -0.0000009530
4   8   4   5   -0.0004464580
4   8   4   8   0.0011174276
4   8   6   6   -0.0000297388
4   8   6   7   0.0000003586
4   9   1   6   -0.0012650853
4   9   1   7   0.0000152561
4   9   2   6   0.0000000683
4   9   2   7   -0.0000000008
4   9   3   6   -0.0051264644
4   9   3   7   0.0000618219
4   9   4   5   -0.0014080367
4   9   4   8   -0.0109650260
4   9   6   6   -0.0000886721
4   9   6   7   0.0000010693
4   10   1   5   -0.0000572693
4   10   1   8   -0.0007832241
4   10   2   5   0.0000010877
4   10   2   8   0.0000006770
4   10   3   5   -0.0003088832
4   10   3   8   -0.0025369040
4   10   4   6   -0.0184926548
4   10   4   7   0.0002230095
4   10   5   6   -0.0000193005
4   10   5   7   -0.0016004587
4   10   6   5   0.0055492958
4   10   6   8   0.0058443903
4   11   2   5   0.0000000000
4   11   4   6   -0.0001844170
4   11   4   7   -0.0152924466
4   11   5   6   -0.0015997495
4   11   5   7   0.0000192919
4   11   6   5   0.0000000000
4   12   1   6   -0.0000732349
4   12   1   7   0.0000008832
4   12   2   6   -0.0000169954
4   12   2   7   0.0000002050
4   12   3   6   -0.0003921805
4   12   3   7   0.0000047294
4   12   4   5   0.0180668832
4   12   4   8   0.0364274297
4   12   6   6   -0.0016508698
4   12   6   7   0.0000199084
5   7   1   6   -0.0000180234
5   7   1   7   -0.0014945567
5   7   2   6   -0.0000000004
5   7   2   7   -0.0000000325
5   7   3   6   -0.0000167574
5   7   3   7   -0.0013895763
5   7   5   5   0.0000382973
5   7   5   8   0.0003128756
5   7   6   6   -0.0000001585
5   7   6   7   -0.0000131397
5   8   1   6   0.0000000790
5   8   1   7   0.0000065546
5   8   2   6   0.0000000421
5   8   2   7   0.0000034889
5   8   3   6   0.0000009530
5   8   3   7   0.0000790290
5   8   5   5   -0.0004464580
5   8   5   8   0.0011174276
5   8   6   6   -0.0000003586
5   8   6   7   -0.0000297388
5   9   1   6   -0.0000152561
5   9   1   7   -0.0012650853
5   9   2   6   0.0000000008
5   9   2   7   0.0000000683
5   9   3   6   -0.0000618219
5   9   3   7   -0.0051264644
5   9   5   5   -0.0014080367
5   9   5   8   -0.0109650260
5   9   6   6   -0.0000010693
5   9   6   7   -0.0000886721
5   10   2   5   -0.0000000000
5   10   4   6   -0.0000192919
5   10   4   7   -0.0015997495
5   10   5   6   -0.0152924466
5   10   5   7   0.0001844170
5   10   6   5   -0.0000000000
5   11   1   5   -0.0000572693
5   11   1   8   -0.0007832241
5   11   2   5   0.0000010877
5   11   2   8   0.0000006770
5   11   3   5   -0.0003088832
5   11   3   8   -0.0025369040
5   11   4   6   -0.0016004587
5   11   4   7   0.0000193005
5   11   5   6   -0.0002230095
5   11   5   7   -0.0184926548
5   11   6   5   0.0055492958
5   11   6   8   0.0058443903
5   12   1   6   -0.0000008832
5   12   1   7   -0.0000732349
5   12   2   6   -0.0000002050
5   12   2   7   -0.0000169954
5   12   3   6   -0.0000047294
5   12   3   7   -0.0003921805
5   12   5   5   0.0180668832
5   12   5   8   0.0364274297
5   12   6   6   -0.0000199084
5   12   6   7   -0.0016508698
6   7   1   5   0.0038095732
6   7   1   8   0.0048232464
6   7   2   5   0.0000000529
6   7   2   8   0.0000000982
6   7   3   5   0.0032542386
6   7   3   8   0.0044525531
6   7   4   6   -0.0000175399
6   7   4   7   0.0000002115
6   7   5   6   -0.0000002115
6   7   5   7   -0.0000175399
6   7   6   5   0.0000811574
6   7   6   8   0.0003638711
6   8   1   5   0.0000044045
6   8   1   8   -0.0000114985
6   8   2   5   -0.0008250062
6   8   2   8   -0.0005658418
6   8   3   5   0.0000643330
6   8   3   8   -0.0001471070
6   8   4   6   -0.0000336611
6   8   4   7   0.0000004059
6   8   5   6   -0.0000004059
6   8   5   7   -0.0000336611
6   8   6   5   -0.0005396084
6   8   6   8   0.0011955434
6   9   1   5   0.0029489356
6   9   1   8   0.0040810912
6   9   2   5   0.0000044684
6   9   2   8   0.0000049406
6   9   3   5   0.0112490178
6   9   3   8   0.0162609480
6   9   4   6   -0.0001158480
6   9   4   7   0.0000013971
6   9   5   6   -0.0000013971
6   9   5   7   -0.0001158480
6   9   6   5   -0.0012833382
6   9   6   8   -0.0102938583
6   10   1   6   -0.0000422383
6   10   1   7   0.0000005094
6   10   2   6   0.0000043480
6   10   2   7   -0.0000000524
6   10   3   6   -0.0003522546
6   10   3   7   0.0000042480
6   10   4   5   0.0048359596
6   10   4   8   0.0055638314
6   10   6   6   -0.0149344871
6   10   6   7   0.0001801003
6   11   1   6   -0.0000005094
6   11   1   7   -0.0000422383
6   11   2   6   0.0000000524
6   11   2   7   0.0000043480
6   11   3   6   -0.0000042480
6   11   3   7   -0.0003522546
6   11   5   5   0.0048359596
6   11   5   8   0.0055638314
6   11   6   6   -0.0001801003
6   11   6   7   -0.0149344871
6   12   1   5   0.0001335103
6   12   1   8   -0.0004862191
6   12   2   5   -0.0000590484
6   12   2   8   -0.0000395272
6   12   3   5   -0.0006466034
6   12   3   8   -0.0015028079
6   12   4   6   -0.0015991367
6   12   4   7   0.0000192846
6   12   5   6   -0.0000192846
6   12   5   7   -0.0015991367
6   12   6   5   0.0322890221
6   12   6   8   0.0492746178

End IJKA Block
Begin IABC Block
1   5   1   5   -0.0000262240
1   5   1   8   -0.0000171969
1   5   2   6   -0.0000041750
1   5   3   7   -0.0000041750
1   5   4   5   -0.0000418631
1   5   4   8   -0.0000244411
1   6   1   6   -0.0000252792
1   6   2   5   -0.0000042279
1   6   2   8   -0.0000055474
1   6   4   6   -0.0000431714
1   7   1   7   -0.0000252792
1   7   3   5   -0.0000042279
1   7   3   8   -0.0000055474
1   7   4   7   -0.0000431714
1   8   1   5   -0.0000151810
1   8   1   8   -0.0000523553
1   8   2   6   -0.0000054509
1   8   3   7   -0.0000054509
1   8   4   5   -0.0000230929
1   8   4   8   -0.0000811796
2   5   1   5   -0.0010424772
2   5   1   8   -0.0020134532
2   5   2   6   0.0036153214
2   5   3   7   0.0036153214
2   5   4   5   -0.0035965846
2   5   4   8   0.0019633478
2   6   1   6   -0.0004137569
2   6   2   5   0.0036412670
2   6   2   8   0.0016348974
2   6   4   6   -0.0007866170
2   7   1   7   -0.0004137569
2   7   3   5   0.0036412670
2   7   3   8   0.0016348974
2   7   4   7   -0.0007866170
2   8   1   5   -0.0020294312
2   8   1   8   -0.0019956346
2   8   2   6   0.0016232661
2   8   3   7   0.0016232661
2   8   4   5   0.0019875894
2   8   4   8   0.0010769978
3   5   1   5   -0.0000766346
3   5   1   8   -0.0000937039
3   5   2   6   0.0000107969
3   5   3   7   0.0000107969
3   5   4   5   -0.0003860964
3   5   4   8   -0.0001844567
3   6   1   6   -0.0000964092
3   6   2   5   0.0000092420
3   6   2   8   0.0000144092
3   6   4   6   -0.0002279208
3   7   1   7   -0.0000964092
3   7   3   5   0.0000092420
3   7   3   8   0.0000144092
3   7   4   7   -0.0002279208
3   8   1   5   -0.0001082485
3   8   1   8   -0.0001745969
3   8   2   6   0.0000162196
3   8   3   7   0.0000162196
3   8   4   5   -0.0002013710
3   8   4   8   -0.0005687458
4   5   1   6   0.0002629954
4   5   1   7   -0.0000031716
4   5   2   5   0.0005505938
4   5   2   8   -0.0001133555
4   5   3   5   -0.0000066398
4   5   3   8   0.0000013670
4   5   4   6   0.0006603037
4   5   4   7   -0.0000079628
4   6   1   5   0.0002560835
4   6   1   8   0.0002477686
4   6   2   6   0.0009427661
4   6   2   7   -0.0000019466
4   6   3   6   -0.0000074713
4   6   3   7   0.0001618036
4   6   4   5   0.0006607590
4   6   4   8   0.0004915224
4   7   1   5   -0.0000030882
4   7   1   8   -0.0000029879
4   7   2   6   -0.0000019512
4   7   2   7   0.0006195460
4   7   3   6   0.0001614165
4   7   3   7   -0.0000113692
4   7   4   5   -0.0000079683
4   7   4   8   -0.0000059274
4   8   1   6   0.0002508184
4   8   1   7   -0.0000030247
4   8   2   5   -0.0001039381
4   8   2   8   0.0002183829
4   8   3   5   0.0000012534
4   8   3   8   -0.0000026336
4   8   4   6   0.0004924078
4   8   4   7   -0.0000059381
5   5   1   6   0.0000031716
5   5   1   7   0.0002629954
5   5   2   5   0.0000066398
5   5   2   8   -0.0000013670
5   5   3   5   0.0005505938
5   5   3   8   -0.0001133555
5   5   4   6   0.0000079628
5   5   4   7   0.0006603037
5   6   1   5   0.0000030882
5   6   1   8   0.0000029879
5   6   2   6   0.0000113692
5   6   2   7   0.0001614165
5   6   3   6   0.0006195460
5   6   3   7   0.0000019512
5   6   4   5   0.0000079683
5   6   4   8   0.0000059274
5   7   1   5   0.0002560835
5   7   1   8   0.0002477686
5   7   2   6   0.0001618036
5   7   2   7   0.0000074713
5   7   3   6   0.0000019466
5   7   3   7   0.0009427661
5   7   4   5   0.0006607590
5   7   4   8   0.0004915224
5   8   1   6   0.0000030247
5   8   1   7   0.0002508184
5   8   2   5   -0.0000012534
5   8   2   8   0.0000026336
5   8   3   5   -0.0001039381
5   8   3   8   0.0002183829
5   8   4   6   0.0000059381
5   8   4   7   0.0004924078
6   5   1   5   -0.0045394401
6   5   1   8   0.0001529250
6   5   2   6   -0.0017273928
6   5   3   7   -0.0017273928
6   5   4   5   -0.0058716177
6   5   4   8   -0.0035467237
6   6   1   6   -0.0037257702
6   6   2   5   -0.0017348584
6   6   2   8   -0.0011312679
6   6   4   6   -0.0062411943
6   7   1   7   -0.0037257702
6   7   3   5   -0.0017348584
6   7   3   8   -0.0011312679
6   7   4   7   -0.0062411943
6   8   1   5   0.0001442299
6   8   1   8   -0.0041134901
6   8   2   6   -0.0011314431
6   8   3   7   -0.0011314431
6   8   4   5   -0.0036428443
6   8   4   8   -0.0081974474

End IABC Block
