One Electron Eigenvalues:
 1 -33.066319743418
 2 -8.861350290717
 3 -8.669723033460
 4 -8.604142774520
 5 -7.637687253702
 6 -4.499103792139
 7 -4.424982514905
 8 -3.962351428839

Example of symmetry-related two-electron integrals for indices:
Indices: i=1, j=2, k=3, l=8
two_electron_spatial_integrals[1,2,3,8] = -0.0206450638
two_electron_spatial_integrals[3,8,1,2] = -0.0206450638
two_electron_spatial_integrals[1,2,8,3] = -0.0206450638
two_electron_spatial_integrals[8,3,1,2] = -0.0206450638
two_electron_spatial_integrals[2,1,3,8] = -0.0206450638
two_electron_spatial_integrals[3,8,2,1] = -0.0206450638
two_electron_spatial_integrals[2,1,8,3] = -0.0206450638
two_electron_spatial_integrals[8,3,2,1] = -0.0206450638

Two Electron Eigenvalues:
 1 -0.000000000000
 2 -0.000000000000
 3 -0.000000000000
 4 -0.000000000000
 5 -0.000000000000
 6 -0.000000000000
 7 -0.000000000000
 8 -0.000000000000
 9 -0.000000000000
10 -0.000000000000
11 -0.000000000000
12 -0.000000000000
13 -0.000000000000
14 0.000000000000
15 0.000000000000
16 0.000000000000
17 0.000000000000
18 0.000000000000
19 0.000000000000
20 0.000000000000
21 0.000000000000
22 0.000000000000
23 0.000000000000
24 0.000000000000
25 0.000000000000
26 0.000000000000
27 0.000000000000
28 0.000000000000
29 0.000009122595
30 0.000011088234
31 0.000022668348
32 0.000046443341
33 0.000143069880
34 0.000155065099
35 0.000344189298
36 0.002635463327
37 0.005223564179
38 0.008573898926
39 0.009049238132
40 0.009670391076
41 0.010787986250
42 0.016077649653
43 0.019958794371
44 0.024169096253
45 0.025317529706
46 0.040120160901
47 0.047621829044
48 0.057612484031
49 0.087763603222
50 0.091926098667
51 0.098847077430
52 0.113831008532
53 0.118182969966
54 0.121910528645
55 0.126188287932
56 0.133556914410
57 0.139361386352
58 0.269628148227
59 0.412043838553
60 0.435759593945
61 0.547843844847
62 0.562286389408
63 2.057186363089
64 7.858714625229
