One Electron Eigenvalues:
 1 -33.051085939800
 2 -8.829406990511
 3 -8.652029006199
 4 -8.578106526794
 5 -7.627528535376
 6 -4.468871362541
 7 -4.415778483790
 8 -3.952175243589

Example of symmetry-related two-electron integrals for indices:
Indices: i=1, j=2, k=3, l=8
two_electron_spatial_integrals[1,2,3,8] = -0.0195575792
two_electron_spatial_integrals[3,8,1,2] = -0.0195575792
two_electron_spatial_integrals[1,2,8,3] = -0.0195575792
two_electron_spatial_integrals[8,3,1,2] = -0.0195575792
two_electron_spatial_integrals[2,1,3,8] = -0.0195575792
two_electron_spatial_integrals[3,8,2,1] = -0.0195575792
two_electron_spatial_integrals[2,1,8,3] = -0.0195575792
two_electron_spatial_integrals[8,3,2,1] = -0.0195575792

Two Electron Eigenvalues:
 1 -0.000000000000
 2 -0.000000000000
 3 -0.000000000000
 4 -0.000000000000
 5 -0.000000000000
 6 -0.000000000000
 7 -0.000000000000
 8 -0.000000000000
 9 -0.000000000000
10 -0.000000000000
11 -0.000000000000
12 -0.000000000000
13 -0.000000000000
14 -0.000000000000
15 -0.000000000000
16 -0.000000000000
17 -0.000000000000
18 0.000000000000
19 0.000000000000
20 0.000000000000
21 0.000000000000
22 0.000000000000
23 0.000000000000
24 0.000000000000
25 0.000000000000
26 0.000000000000
27 0.000000000000
28 0.000000000000
29 0.000009089853
30 0.000010310396
31 0.000022534090
32 0.000045172282
33 0.000146936045
34 0.000158697374
35 0.000352554903
36 0.002592260575
37 0.005073148771
38 0.008403553740
39 0.009004376971
40 0.009289678368
41 0.010753550843
42 0.016040563212
43 0.019796575616
44 0.023484817921
45 0.025123663049
46 0.039840029345
47 0.046891079536
48 0.057414573092
49 0.087657601104
50 0.091742757969
51 0.097874265909
52 0.113428139593
53 0.117808771734
54 0.121431205661
55 0.125716609826
56 0.132756695133
57 0.138619823247
58 0.270985755262
59 0.410827210244
60 0.435792745401
61 0.550227602605
62 0.560883264764
63 2.056282777744
64 7.839201610022
