One Electron Eigenvalues:
 1 -33.017525581572
 2 -8.760930192357
 3 -8.612238879807
 4 -8.511484672511
 5 -7.607640047818
 6 -4.406854945360
 7 -4.374994386672
 8 -3.928211424602

Example of symmetry-related two-electron integrals for indices:
Indices: i=1, j=2, k=3, l=8
two_electron_spatial_integrals[1,2,3,8] = -0.0168906167
two_electron_spatial_integrals[3,8,1,2] = -0.0168906167
two_electron_spatial_integrals[1,2,8,3] = -0.0168906167
two_electron_spatial_integrals[8,3,1,2] = -0.0168906167
two_electron_spatial_integrals[2,1,3,8] = -0.0168906167
two_electron_spatial_integrals[3,8,2,1] = -0.0168906167
two_electron_spatial_integrals[2,1,8,3] = -0.0168906167
two_electron_spatial_integrals[8,3,2,1] = -0.0168906167

Two Electron Eigenvalues:
 1 -0.000000000000
 2 -0.000000000000
 3 -0.000000000000
 4 -0.000000000000
 5 -0.000000000000
 6 -0.000000000000
 7 -0.000000000000
 8 -0.000000000000
 9 -0.000000000000
10 -0.000000000000
11 -0.000000000000
12 -0.000000000000
13 -0.000000000000
14 -0.000000000000
15 -0.000000000000
16 -0.000000000000
17 -0.000000000000
18 -0.000000000000
19 0.000000000000
20 0.000000000000
21 0.000000000000
22 0.000000000000
23 0.000000000000
24 0.000000000000
25 0.000000000000
26 0.000000000000
27 0.000000000000
28 0.000000000000
29 0.000008622387
30 0.000009107762
31 0.000022266169
32 0.000042444061
33 0.000153553750
34 0.000167975760
35 0.000369564454
36 0.002492935897
37 0.004712482888
38 0.007766119458
39 0.008851672437
40 0.008915121507
41 0.010668452066
42 0.015935117358
43 0.019358588024
44 0.021985763874
45 0.024719769430
46 0.039152647195
47 0.045349025074
48 0.056774441599
49 0.086922603164
50 0.090189128667
51 0.097122355114
52 0.112613722063
53 0.116908261711
54 0.120371918806
55 0.124542666260
56 0.131024188537
57 0.137035332979
58 0.273634325927
59 0.407616003953
60 0.435165798907
61 0.553813132169
62 0.558428775762
63 2.053335310038
64 7.792824946093
