One Electron Eigenvalues:
 1 -33.012307907755
 2 -8.750680896718
 3 -8.605965068549
 4 -8.499771275330
 5 -7.604772313891
 6 -4.402157236154
 7 -4.361735343181
 8 -3.924304994421

Example of symmetry-related two-electron integrals for indices:
Indices: i=1, j=2, k=3, l=8
two_electron_spatial_integrals[1,2,3,8] = -0.0164450716
two_electron_spatial_integrals[3,8,1,2] = -0.0164450716
two_electron_spatial_integrals[1,2,8,3] = -0.0164450716
two_electron_spatial_integrals[8,3,1,2] = -0.0164450716
two_electron_spatial_integrals[2,1,3,8] = -0.0164450716
two_electron_spatial_integrals[3,8,2,1] = -0.0164450716
two_electron_spatial_integrals[2,1,8,3] = -0.0164450716
two_electron_spatial_integrals[8,3,2,1] = -0.0164450716

Two Electron Eigenvalues:
 1 -0.000000000000
 2 -0.000000000000
 3 -0.000000000000
 4 -0.000000000000
 5 -0.000000000000
 6 -0.000000000000
 7 -0.000000000000
 8 -0.000000000000
 9 -0.000000000000
10 -0.000000000000
11 -0.000000000000
12 -0.000000000000
13 -0.000000000000
14 -0.000000000000
15 -0.000000000000
16 0.000000000000
17 0.000000000000
18 0.000000000000
19 0.000000000000
20 0.000000000000
21 0.000000000000
22 0.000000000000
23 0.000000000000
24 0.000000000000
25 0.000000000000
26 0.000000000000
27 0.000000000000
28 0.000000000000
29 0.000008403497
30 0.000009080135
31 0.000022227364
32 0.000042032334
33 0.000154467047
34 0.000169501197
35 0.000371943044
36 0.002476583210
37 0.004652031429
38 0.007652990224
39 0.008813019405
40 0.008902681100
41 0.010654736302
42 0.015913064563
43 0.019278988805
44 0.021754581749
45 0.024659001385
46 0.039033641892
47 0.045118037095
48 0.056651962098
49 0.086696782499
50 0.089888056482
51 0.097141779616
52 0.112488027709
53 0.116756610638
54 0.120207481969
55 0.124341335327
56 0.130759594183
57 0.136792328887
58 0.274029106986
59 0.407053643959
60 0.434994384246
61 0.553873913749
62 0.558445327907
63 2.052767877791
64 7.785211616075
