One Electron Eigenvalues:
 1 -32.997240841621
 2 -8.721858253483
 3 -8.587768153250
 4 -8.463655492052
 5 -7.596749312455
 6 -4.391515639719
 7 -4.317483741759
 8 -3.912794276761

Example of symmetry-related two-electron integrals for indices:
Indices: i=1, j=2, k=3, l=8
two_electron_spatial_integrals[1,2,3,8] = -0.0151171075
two_electron_spatial_integrals[3,8,1,2] = -0.0151171075
two_electron_spatial_integrals[1,2,8,3] = -0.0151171075
two_electron_spatial_integrals[8,3,1,2] = -0.0151171075
two_electron_spatial_integrals[2,1,3,8] = -0.0151171075
two_electron_spatial_integrals[3,8,2,1] = -0.0151171075
two_electron_spatial_integrals[2,1,8,3] = -0.0151171075
two_electron_spatial_integrals[8,3,2,1] = -0.0151171075

Two Electron Eigenvalues:
 1 -0.000000000000
 2 -0.000000000000
 3 -0.000000000000
 4 -0.000000000000
 5 -0.000000000000
 6 -0.000000000000
 7 -0.000000000000
 8 -0.000000000000
 9 -0.000000000000
10 -0.000000000000
11 -0.000000000000
12 -0.000000000000
13 -0.000000000000
14 -0.000000000000
15 0.000000000000
16 0.000000000000
17 0.000000000000
18 0.000000000000
19 0.000000000000
20 0.000000000000
21 0.000000000000
22 0.000000000000
23 0.000000000000
24 0.000000000000
25 0.000000000000
26 0.000000000000
27 0.000000000000
28 0.000000000000
29 0.000007757763
30 0.000009035734
31 0.000022122156
32 0.000040860638
33 0.000157009877
34 0.000173985132
35 0.000378204800
36 0.002427040569
37 0.004470593518
38 0.007331310050
39 0.008718354525
40 0.008869175712
41 0.010615486367
42 0.015835627737
43 0.019030151774
44 0.021094932601
45 0.024486109573
46 0.038664302209
47 0.044466747207
48 0.056268211705
49 0.085775204764
50 0.089127787420
51 0.097305982300
52 0.112116277030
53 0.116298432830
54 0.119738726999
55 0.123730105741
56 0.130009580355
57 0.136094786336
58 0.275164784853
59 0.405336438070
60 0.434403160071
61 0.553104046485
62 0.559298098401
63 2.050957470265
64 7.762672532534
