One Electron Eigenvalues:
 1 -32.980698438811
 2 -8.691544713916
 3 -8.567602698863
 4 -8.419675622899
 5 -7.588327790906
 6 -4.381332746529
 7 -4.261996337037
 8 -3.899739236539

Example of symmetry-related two-electron integrals for indices:
Indices: i=1, j=2, k=3, l=8
two_electron_spatial_integrals[1,2,3,8] = -0.0135908675
two_electron_spatial_integrals[3,8,1,2] = -0.0135908675
two_electron_spatial_integrals[1,2,8,3] = -0.0135908675
two_electron_spatial_integrals[8,3,1,2] = -0.0135908675
two_electron_spatial_integrals[2,1,3,8] = -0.0135908675
two_electron_spatial_integrals[3,8,2,1] = -0.0135908675
two_electron_spatial_integrals[2,1,8,3] = -0.0135908675
two_electron_spatial_integrals[8,3,2,1] = -0.0135908675

Two Electron Eigenvalues:
 1 -0.000000000000
 2 -0.000000000000
 3 -0.000000000000
 4 -0.000000000000
 5 -0.000000000000
 6 -0.000000000000
 7 -0.000000000000
 8 -0.000000000000
 9 -0.000000000000
10 -0.000000000000
11 -0.000000000000
12 -0.000000000000
13 -0.000000000000
14 -0.000000000000
15 -0.000000000000
16 0.000000000000
17 0.000000000000
18 0.000000000000
19 0.000000000000
20 0.000000000000
21 0.000000000000
22 0.000000000000
23 0.000000000000
24 0.000000000000
25 0.000000000000
26 0.000000000000
27 0.000000000000
28 0.000000000000
29 0.000007069703
30 0.000008999401
31 0.000022013840
32 0.000039590251
33 0.000159773085
34 0.000179076352
35 0.000383995568
36 0.002367465847
37 0.004258778757
38 0.006995890413
39 0.008628299704
40 0.008836868227
41 0.010573434042
42 0.015718237195
43 0.018723835824
44 0.020387504748
45 0.024298117488
46 0.038206073442
47 0.043778561557
48 0.055795807929
49 0.084309455399
50 0.088538634148
51 0.097589736576
52 0.111675690795
53 0.115749972136
54 0.119240073662
55 0.122996799659
56 0.129211946859
57 0.135329994216
58 0.276447561972
59 0.403271994152
60 0.433589843145
61 0.551505772275
62 0.560814949627
63 2.048685958120
64 7.736858366786
