One Electron Eigenvalues:
 1 -32.976164267124
 2 -8.683448380808
 3 -8.561978239030
 4 -8.406645507630
 5 -7.586026727019
 6 -4.378657567934
 7 -4.245596705569
 8 -3.896040252086

Example of symmetry-related two-electron integrals for indices:
Indices: i=1, j=2, k=3, l=8
two_electron_spatial_integrals[1,2,3,8] = -0.0131574854
two_electron_spatial_integrals[3,8,1,2] = -0.0131574854
two_electron_spatial_integrals[1,2,8,3] = -0.0131574854
two_electron_spatial_integrals[8,3,1,2] = -0.0131574854
two_electron_spatial_integrals[2,1,3,8] = -0.0131574854
two_electron_spatial_integrals[3,8,2,1] = -0.0131574854
two_electron_spatial_integrals[2,1,8,3] = -0.0131574854
two_electron_spatial_integrals[8,3,2,1] = -0.0131574854

Two Electron Eigenvalues:
 1 -0.000000000000
 2 -0.000000000000
 3 -0.000000000000
 4 -0.000000000000
 5 -0.000000000000
 6 -0.000000000000
 7 -0.000000000000
 8 -0.000000000000
 9 -0.000000000000
10 -0.000000000000
11 -0.000000000000
12 -0.000000000000
13 -0.000000000000
14 -0.000000000000
15 -0.000000000000
16 -0.000000000000
17 -0.000000000000
18 0.000000000000
19 0.000000000000
20 0.000000000000
21 0.000000000000
22 0.000000000000
23 0.000000000000
24 0.000000000000
25 0.000000000000
26 0.000000000000
27 0.000000000000
28 0.000000000000
29 0.000006885801
30 0.000008985561
31 0.000021981560
32 0.000039234295
33 0.000160621664
34 0.000180553287
35 0.000385506247
36 0.002349248613
37 0.004197271993
38 0.006906708025
39 0.008602641855
40 0.008828609815
41 0.010562520689
42 0.015677917718
43 0.018633738855
44 0.020195062314
45 0.024243741974
46 0.038067839276
47 0.043592606988
48 0.055658944650
49 0.083839598600
50 0.088405436141
51 0.097671050888
52 0.111540851934
53 0.115584462720
54 0.119102632155
55 0.122779071976
56 0.128991699584
57 0.135114757634
58 0.276825081959
59 0.402661628549
60 0.433343692727
61 0.551027068730
62 0.561283326685
63 2.048028240452
64 7.729463807485
