One Electron Eigenvalues:
 1 -32.965177431625
 2 -8.664480700765
 3 -8.548556968624
 4 -8.373954547837
 5 -7.580561351369
 6 -4.372310896920
 7 -4.204237248485
 8 -3.887154550774

Example of symmetry-related two-electron integrals for indices:
Indices: i=1, j=2, k=3, l=8
two_electron_spatial_integrals[1,2,3,8] = -0.012107814
two_electron_spatial_integrals[3,8,1,2] = -0.012107814
two_electron_spatial_integrals[1,2,8,3] = -0.012107814
two_electron_spatial_integrals[8,3,1,2] = -0.012107814
two_electron_spatial_integrals[2,1,3,8] = -0.012107814
two_electron_spatial_integrals[3,8,2,1] = -0.012107814
two_electron_spatial_integrals[2,1,8,3] = -0.012107814
two_electron_spatial_integrals[8,3,2,1] = -0.012107814

Two Electron Eigenvalues:
 1 -0.000000000000
 2 -0.000000000000
 3 -0.000000000000
 4 -0.000000000000
 5 -0.000000000000
 6 -0.000000000000
 7 -0.000000000000
 8 -0.000000000000
 9 -0.000000000000
10 -0.000000000000
11 -0.000000000000
12 -0.000000000000
13 -0.000000000000
14 -0.000000000000
15 -0.000000000000
16 -0.000000000000
17 0.000000000000
18 0.000000000000
19 0.000000000000
20 0.000000000000
21 0.000000000000
22 0.000000000000
23 0.000000000000
24 0.000000000000
25 0.000000000000
26 0.000000000000
27 0.000000000000
28 0.000000000000
29 0.000006452396
30 0.000008963176
31 0.000021920227
32 0.000038394694
33 0.000162381126
34 0.000183972755
35 0.000387862029
36 0.002302905885
37 0.004048866745
38 0.006702282069
39 0.008546441939
40 0.008811551231
41 0.010536628314
42 0.015561581871
43 0.018406429259
44 0.019752716635
45 0.024120627620
46 0.037713412895
47 0.043157526535
48 0.055317669148
49 0.082632380155
50 0.088139159916
51 0.097879196303
52 0.111204376352
53 0.115178831403
54 0.118805100541
55 0.122247793023
56 0.128494491078
57 0.134610801062
58 0.277738957828
59 0.401167759324
60 0.432711361779
61 0.549836759493
62 0.562338562870
63 2.046309453407
64 7.711658512316
