One Electron Eigenvalues:
 1 -32.956731722548
 2 -8.650287387873
 3 -8.538162009283
 4 -8.347157937094
 5 -7.576347122883
 6 -4.367524906266
 7 -4.170513642636
 8 -3.880195290417

Example of symmetry-related two-electron integrals for indices:
Indices: i=1, j=2, k=3, l=8
two_electron_spatial_integrals[1,2,3,8] = -0.0112841868
two_electron_spatial_integrals[3,8,1,2] = -0.0112841868
two_electron_spatial_integrals[1,2,8,3] = -0.0112841868
two_electron_spatial_integrals[8,3,1,2] = -0.0112841868
two_electron_spatial_integrals[2,1,3,8] = -0.0112841868
two_electron_spatial_integrals[3,8,2,1] = -0.0112841868
two_electron_spatial_integrals[2,1,8,3] = -0.0112841868
two_electron_spatial_integrals[8,3,2,1] = -0.0112841868

Two Electron Eigenvalues:
 1 -0.000000000000
 2 -0.000000000000
 3 -0.000000000000
 4 -0.000000000000
 5 -0.000000000000
 6 -0.000000000000
 7 -0.000000000000
 8 -0.000000000000
 9 -0.000000000000
10 -0.000000000000
11 -0.000000000000
12 -0.000000000000
13 -0.000000000000
14 -0.000000000000
15 -0.000000000000
16 0.000000000000
17 0.000000000000
18 0.000000000000
19 0.000000000000
20 0.000000000000
21 0.000000000000
22 0.000000000000
23 0.000000000000
24 0.000000000000
25 0.000000000000
26 0.000000000000
27 0.000000000000
28 0.000000000000
29 0.000006126728
30 0.000008942202
31 0.000021872559
32 0.000037731864
33 0.000163811636
34 0.000186694346
35 0.000389156915
36 0.002262943160
37 0.003930919640
38 0.006550516078
39 0.008501341084
40 0.008799762215
41 0.010517991795
42 0.015450401943
43 0.018223374594
44 0.019424629076
45 0.024022639101
46 0.037413897960
47 0.042830314202
48 0.055047610346
49 0.081637178391
50 0.087951720600
51 0.098029110648
52 0.110914992407
53 0.114838771570
54 0.118590988043
55 0.121816225835
56 0.128119785826
57 0.134219227391
58 0.278489164923
59 0.399950596993
60 0.432193373611
61 0.548932143663
62 0.563154005209
63 2.044915318163
64 7.697543361685
