One Electron Eigenvalues:
 1 -32.946579590982
 2 -8.633743645843
 3 -8.525694562174
 4 -8.313178580471
 5 -7.571198298793
 6 -4.361905012123
 7 -4.127821360991
 8 -3.871775690924

Example of symmetry-related two-electron integrals for indices:
Indices: i=1, j=2, k=3, l=8
two_electron_spatial_integrals[1,2,3,8] = -0.0102847641
two_electron_spatial_integrals[3,8,1,2] = -0.0102847641
two_electron_spatial_integrals[1,2,8,3] = -0.0102847641
two_electron_spatial_integrals[8,3,1,2] = -0.0102847641
two_electron_spatial_integrals[2,1,3,8] = -0.0102847641
two_electron_spatial_integrals[3,8,2,1] = -0.0102847641
two_electron_spatial_integrals[2,1,8,3] = -0.0102847641
two_electron_spatial_integrals[8,3,2,1] = -0.0102847641

Two Electron Eigenvalues:
 1 -0.000000000000
 2 -0.000000000000
 3 -0.000000000000
 4 -0.000000000000
 5 -0.000000000000
 6 -0.000000000000
 7 -0.000000000000
 8 -0.000000000000
 9 -0.000000000000
10 -0.000000000000
11 -0.000000000000
12 -0.000000000000
13 -0.000000000000
14 -0.000000000000
15 0.000000000000
16 0.000000000000
17 0.000000000000
18 0.000000000000
19 0.000000000000
20 0.000000000000
21 0.000000000000
22 0.000000000000
23 0.000000000000
24 0.000000000000
25 0.000000000000
26 0.000000000000
27 0.000000000000
28 0.000000000000
29 0.000005744445
30 0.000008915813
31 0.000021820303
32 0.000036919117
33 0.000165495014
34 0.000189979286
35 0.000389638662
36 0.002208591654
37 0.003787078234
38 0.006375137395
39 0.008446045534
40 0.008787313941
41 0.010497400985
42 0.015285895059
43 0.017996913017
44 0.019052874274
45 0.023903084487
46 0.037019396437
47 0.042448181270
48 0.054720910014
49 0.080384913718
50 0.087739538525
51 0.098186602844
52 0.110528037266
53 0.114396517544
54 0.118366530885
55 0.121280117461
56 0.127688605849
57 0.133751323355
58 0.279440411615
59 0.398430941879
60 0.431553159479
61 0.547885077168
62 0.564088453115
63 2.043145853848
64 7.680269040709
