One Electron Eigenvalues:
 1 -32.944600645317
 2 -8.630565364272
 3 -8.523257835728
 4 -8.306291814419
 5 -7.570194643744
 6 -4.360819134568
 7 -4.119211512483
 8 -3.870122549568

Example of symmetry-related two-electron integrals for indices:
Indices: i=1, j=2, k=3, l=8
two_electron_spatial_integrals[1,2,3,8] = -0.0100884981
two_electron_spatial_integrals[3,8,1,2] = -0.0100884981
two_electron_spatial_integrals[1,2,8,3] = -0.0100884981
two_electron_spatial_integrals[8,3,1,2] = -0.0100884981
two_electron_spatial_integrals[2,1,3,8] = -0.0100884981
two_electron_spatial_integrals[3,8,2,1] = -0.0100884981
two_electron_spatial_integrals[2,1,8,3] = -0.0100884981
two_electron_spatial_integrals[8,3,2,1] = -0.0100884981

Two Electron Eigenvalues:
 1 -0.000000000000
 2 -0.000000000000
 3 -0.000000000000
 4 -0.000000000000
 5 -0.000000000000
 6 -0.000000000000
 7 -0.000000000000
 8 -0.000000000000
 9 -0.000000000000
10 -0.000000000000
11 -0.000000000000
12 -0.000000000000
13 -0.000000000000
14 -0.000000000000
15 -0.000000000000
16 -0.000000000000
17 -0.000000000000
18 -0.000000000000
19 0.000000000000
20 0.000000000000
21 0.000000000000
22 0.000000000000
23 0.000000000000
24 0.000000000000
25 0.000000000000
26 0.000000000000
27 0.000000000000
28 0.000000000000
29 0.000005670721
30 0.000008910545
31 0.000021810277
32 0.000036756380
33 0.000165830917
34 0.000190631670
35 0.000389622698
36 0.002197219147
37 0.003758739825
38 0.006341457948
39 0.008434971592
40 0.008785097465
41 0.010493509773
42 0.015249528311
43 0.017951934680
44 0.018983145602
45 0.023879278822
46 0.036937771735
47 0.042374831082
48 0.054656651462
49 0.080133144635
50 0.087698785996
51 0.098214696529
52 0.110446764900
53 0.114305180019
54 0.118327234278
55 0.121173055497
56 0.127606370374
57 0.133659890441
58 0.279634402664
59 0.398123077419
60 0.431422770390
61 0.547685687823
62 0.564271775687
63 2.042789521905
64 7.676840512090
