One Electron Eigenvalues:
 1 -32.942638405640
 2 -8.627431314828
 3 -8.520842245314
 4 -8.299383026766
 5 -7.569196277689
 6 -4.359747285848
 7 -4.110582302433
 8 -3.868481619883

Example of symmetry-related two-electron integrals for indices:
Indices: i=1, j=2, k=3, l=8
two_electron_spatial_integrals[1,2,3,8] = -0.0098936453
two_electron_spatial_integrals[3,8,1,2] = -0.0098936453
two_electron_spatial_integrals[1,2,8,3] = -0.0098936453
two_electron_spatial_integrals[8,3,1,2] = -0.0098936453
two_electron_spatial_integrals[2,1,3,8] = -0.0098936453
two_electron_spatial_integrals[3,8,2,1] = -0.0098936453
two_electron_spatial_integrals[2,1,8,3] = -0.0098936453
two_electron_spatial_integrals[8,3,2,1] = -0.0098936453

Two Electron Eigenvalues:
 1 -0.000000000000
 2 -0.000000000000
 3 -0.000000000000
 4 -0.000000000000
 5 -0.000000000000
 6 -0.000000000000
 7 -0.000000000000
 8 -0.000000000000
 9 -0.000000000000
10 -0.000000000000
11 -0.000000000000
12 0.000000000000
13 0.000000000000
14 0.000000000000
15 0.000000000000
16 0.000000000000
17 0.000000000000
18 0.000000000000
19 0.000000000000
20 0.000000000000
21 0.000000000000
22 0.000000000000
23 0.000000000000
24 0.000000000000
25 0.000000000000
26 0.000000000000
27 0.000000000000
28 0.000000000000
29 0.000005597669
30 0.000008905015
31 0.000021800588
32 0.000036593567
33 0.000166163384
34 0.000191280033
35 0.000389560292
36 0.002185645507
37 0.003730597006
38 0.006308243673
39 0.008423905869
40 0.008782960043
41 0.010489712126
42 0.015211973632
43 0.017907139326
44 0.018915090931
45 0.023855524443
46 0.036855216152
47 0.042302540371
48 0.054593007099
49 0.079881415640
50 0.087658505409
51 0.098241333808
52 0.110364171748
53 0.114212862349
54 0.118290029064
55 0.121066334253
56 0.127525592635
57 0.133569319217
58 0.279829353425
59 0.397814728828
60 0.431292460695
61 0.547490178248
62 0.564452560715
63 2.042432400816
64 7.673425575225
