One Electron Eigenvalues:
 1 -32.938763249806
 2 -8.621292497774
 3 -8.516074421135
 4 -8.285503191791
 5 -7.567211562316
 6 -4.357646158827
 7 -4.093269909087
 8 -3.865236909764

Example of symmetry-related two-electron integrals for indices:
Indices: i=1, j=2, k=3, l=8
two_electron_spatial_integrals[1,2,3,8] = -0.0095082851
two_electron_spatial_integrals[3,8,1,2] = -0.0095082851
two_electron_spatial_integrals[1,2,8,3] = -0.0095082851
two_electron_spatial_integrals[8,3,1,2] = -0.0095082851
two_electron_spatial_integrals[2,1,3,8] = -0.0095082851
two_electron_spatial_integrals[3,8,2,1] = -0.0095082851
two_electron_spatial_integrals[2,1,8,3] = -0.0095082851
two_electron_spatial_integrals[8,3,2,1] = -0.0095082851

Two Electron Eigenvalues:
 1 -0.000000000000
 2 -0.000000000000
 3 -0.000000000000
 4 -0.000000000000
 5 -0.000000000000
 6 -0.000000000000
 7 -0.000000000000
 8 -0.000000000000
 9 -0.000000000000
10 -0.000000000000
11 -0.000000000000
12 -0.000000000000
13 -0.000000000000
14 -0.000000000000
15 -0.000000000000
16 -0.000000000000
17 0.000000000000
18 0.000000000000
19 0.000000000000
20 0.000000000000
21 0.000000000000
22 0.000000000000
23 0.000000000000
24 0.000000000000
25 0.000000000000
26 0.000000000000
27 0.000000000000
28 0.000000000000
29 0.000005454310
30 0.000008894130
31 0.000021782050
32 0.000036268194
33 0.000166818176
34 0.000192563742
35 0.000389291520
36 0.002161844262
37 0.003674926656
38 0.006243127791
39 0.008401777718
40 0.008778904296
41 0.010482394460
42 0.015133297483
43 0.017818134320
44 0.018784013745
45 0.023808122897
46 0.036687302873
47 0.042161038772
48 0.054467769135
49 0.079378235847
50 0.087579129267
51 0.098289901998
52 0.110194846986
53 0.114025083057
54 0.118222122266
55 0.120854110880
56 0.127368358398
57 0.133390774907
58 0.280222340879
59 0.397196948346
60 0.431032746037
61 0.547111589634
62 0.564806780790
63 2.041716421250
64 7.666637097828
