One Electron Eigenvalues:
 1 -32.934952378640
 2 -8.615273753969
 3 -8.511333754571
 4 -8.271393180493
 5 -7.565229288868
 6 -4.355589161424
 7 -4.075846406215
 8 -3.862006931619

Example of symmetry-related two-electron integrals for indices:
Indices: i=1, j=2, k=3, l=8
two_electron_spatial_integrals[1,2,3,8] = -0.0091262543
two_electron_spatial_integrals[3,8,1,2] = -0.0091262543
two_electron_spatial_integrals[1,2,8,3] = -0.0091262543
two_electron_spatial_integrals[8,3,1,2] = -0.0091262543
two_electron_spatial_integrals[2,1,3,8] = -0.0091262543
two_electron_spatial_integrals[3,8,2,1] = -0.0091262543
two_electron_spatial_integrals[2,1,8,3] = -0.0091262543
two_electron_spatial_integrals[8,3,2,1] = -0.0091262543

Two Electron Eigenvalues:
 1 -0.000000000000
 2 -0.000000000000
 3 -0.000000000000
 4 -0.000000000000
 5 -0.000000000000
 6 -0.000000000000
 7 -0.000000000000
 8 -0.000000000000
 9 -0.000000000000
10 -0.000000000000
11 -0.000000000000
12 -0.000000000000
13 -0.000000000000
14 -0.000000000000
15 -0.000000000000
16 0.000000000000
17 0.000000000000
18 0.000000000000
19 0.000000000000
20 0.000000000000
21 0.000000000000
22 0.000000000000
23 0.000000000000
24 0.000000000000
25 0.000000000000
26 0.000000000000
27 0.000000000000
28 0.000000000000
29 0.000005312718
30 0.000008881512
31 0.000021761439
32 0.000035934609
33 0.000167529598
34 0.000193858505
35 0.000388999680
36 0.002137010898
37 0.003619134180
38 0.006178593970
39 0.008378576751
40 0.008775087129
41 0.010475477345
42 0.015049832992
43 0.017728817987
44 0.018658005073
45 0.023758981222
46 0.036515510301
47 0.042021347181
48 0.054344699325
49 0.078869183417
50 0.087498102865
51 0.098332204704
52 0.110016638545
53 0.113829283480
54 0.118159335380
55 0.120639755250
56 0.127211948760
57 0.133211665419
58 0.280630097454
59 0.396562622661
60 0.430768174055
61 0.546753677502
62 0.565183027050
63 2.041008379115
64 7.659796914327
