One Electron Eigenvalues:
 1 -32.931204514331
 2 -8.609507779833
 3 -8.506776800736
 4 -8.257469403098
 5 -7.563259089871
 6 -4.353626559999
 7 -4.058468359069
 8 -3.858890198964

Example of symmetry-related two-electron integrals for indices:
Indices: i=1, j=2, k=3, l=8
two_electron_spatial_integrals[1,2,3,8] = -0.0087561542
two_electron_spatial_integrals[3,8,1,2] = -0.0087561542
two_electron_spatial_integrals[1,2,8,3] = -0.0087561542
two_electron_spatial_integrals[8,3,1,2] = -0.0087561542
two_electron_spatial_integrals[2,1,3,8] = -0.0087561542
two_electron_spatial_integrals[3,8,2,1] = -0.0087561542
two_electron_spatial_integrals[2,1,8,3] = -0.0087561542
two_electron_spatial_integrals[8,3,2,1] = -0.0087561542

Two Electron Eigenvalues:
 1 -0.000000000000
 2 -0.000000000000
 3 -0.000000000000
 4 -0.000000000000
 5 -0.000000000000
 6 -0.000000000000
 7 -0.000000000000
 8 -0.000000000000
 9 -0.000000000000
10 -0.000000000000
11 -0.000000000000
12 -0.000000000000
13 0.000000000000
14 0.000000000000
15 0.000000000000
16 0.000000000000
17 0.000000000000
18 0.000000000000
19 0.000000000000
20 0.000000000000
21 0.000000000000
22 0.000000000000
23 0.000000000000
24 0.000000000000
25 0.000000000000
26 0.000000000000
27 0.000000000000
28 0.000000000000
29 0.000005175843
30 0.000008871978
31 0.000021747638
32 0.000035613925
33 0.000168094712
34 0.000195068223
35 0.000388168206
36 0.002111432001
37 0.003566116203
38 0.006117424263
39 0.008357307878
40 0.008771780715
41 0.010468702597
42 0.014961832791
43 0.017641976967
44 0.018541717493
45 0.023713544541
46 0.036341123520
47 0.041888608954
48 0.054226174558
49 0.078370814800
50 0.087423828784
51 0.098367450389
52 0.109837792503
53 0.113635136944
54 0.118113838534
55 0.120435205504
56 0.127070145179
57 0.133043296225
58 0.281027597257
59 0.395955554514
60 0.430516904468
61 0.546406184166
62 0.565511014229
63 2.040287825581
64 7.653210348419
