One Electron Eigenvalues:
 1 -32.927517746017
 2 -8.603829323536
 3 -8.502252992300
 4 -8.243351278536
 5 -7.561323541852
 6 -4.351681706348
 7 -4.040959450611
 8 -3.855797675000

Example of symmetry-related two-electron integrals for indices:
Indices: i=1, j=2, k=3, l=8
two_electron_spatial_integrals[1,2,3,8] = -0.0083887158
two_electron_spatial_integrals[3,8,1,2] = -0.0083887158
two_electron_spatial_integrals[1,2,8,3] = -0.0083887158
two_electron_spatial_integrals[8,3,1,2] = -0.0083887158
two_electron_spatial_integrals[2,1,3,8] = -0.0083887158
two_electron_spatial_integrals[3,8,2,1] = -0.0083887158
two_electron_spatial_integrals[2,1,8,3] = -0.0083887158
two_electron_spatial_integrals[8,3,2,1] = -0.0083887158

Two Electron Eigenvalues:
 1 -0.000000000000
 2 -0.000000000000
 3 -0.000000000000
 4 -0.000000000000
 5 -0.000000000000
 6 -0.000000000000
 7 -0.000000000000
 8 -0.000000000000
 9 -0.000000000000
10 -0.000000000000
11 -0.000000000000
12 -0.000000000000
13 -0.000000000000
14 -0.000000000000
15 0.000000000000
16 0.000000000000
17 0.000000000000
18 0.000000000000
19 0.000000000000
20 0.000000000000
21 0.000000000000
22 0.000000000000
23 0.000000000000
24 0.000000000000
25 0.000000000000
26 0.000000000000
27 0.000000000000
28 0.000000000000
29 0.000005041381
30 0.000008860510
31 0.000021731420
32 0.000035286080
33 0.000168711784
34 0.000196300344
35 0.000387336502
36 0.002085028810
37 0.003513217788
38 0.006056387815
39 0.008334930498
40 0.008768341032
41 0.010462355156
42 0.014869694013
43 0.017554895442
44 0.018430879393
45 0.023665908978
46 0.036161814253
47 0.041758748446
48 0.054110368577
49 0.077870483929
50 0.087347131910
51 0.098396457056
52 0.109651152202
53 0.113433335336
54 0.118072817192
55 0.120230194755
56 0.126928624166
57 0.132874768784
58 0.281433147794
59 0.395330483662
60 0.430260433199
61 0.546077580358
62 0.565837927697
63 2.039565378474
64 7.646575023762
