One Electron Eigenvalues:
 1 -32.923891052194
 2 -8.598312827994
 3 -8.497821219671
 4 -8.229198228663
 5 -7.559368607276
 6 -4.349804428899
 7 -4.023421338373
 8 -3.852763901929

Example of symmetry-related two-electron integrals for indices:
Indices: i=1, j=2, k=3, l=8
two_electron_spatial_integrals[1,2,3,8] = -0.0080285235
two_electron_spatial_integrals[3,8,1,2] = -0.0080285235
two_electron_spatial_integrals[1,2,8,3] = -0.0080285235
two_electron_spatial_integrals[8,3,1,2] = -0.0080285235
two_electron_spatial_integrals[2,1,3,8] = -0.0080285235
two_electron_spatial_integrals[3,8,2,1] = -0.0080285235
two_electron_spatial_integrals[2,1,8,3] = -0.0080285235
two_electron_spatial_integrals[8,3,2,1] = -0.0080285235

Two Electron Eigenvalues:
 1 -0.000000000000
 2 -0.000000000000
 3 -0.000000000000
 4 -0.000000000000
 5 -0.000000000000
 6 -0.000000000000
 7 -0.000000000000
 8 -0.000000000000
 9 -0.000000000000
10 -0.000000000000
11 -0.000000000000
12 -0.000000000000
13 -0.000000000000
14 -0.000000000000
15 0.000000000000
16 0.000000000000
17 0.000000000000
18 0.000000000000
19 0.000000000000
20 0.000000000000
21 0.000000000000
22 0.000000000000
23 0.000000000000
24 0.000000000000
25 0.000000000000
26 0.000000000000
27 0.000000000000
28 0.000000000000
29 0.000004909393
30 0.000008849018
31 0.000021717067
32 0.000034958292
33 0.000169297987
34 0.000197496988
35 0.000386251891
36 0.002057435643
37 0.003461455626
38 0.005996757561
39 0.008312660165
40 0.008765086567
41 0.010456348910
42 0.014773391829
43 0.017468408338
44 0.018327215689
45 0.023618403670
46 0.035979094298
47 0.041632515736
48 0.053998958509
49 0.077371512510
50 0.087271588738
51 0.098417007817
52 0.109458264633
53 0.113226136523
54 0.118042797376
55 0.120029079636
56 0.126793375431
57 0.132710449494
58 0.281842957761
59 0.394709183600
60 0.430010422814
61 0.545769525236
62 0.566155839253
63 2.038844781112
64 7.640017207591
