One Electron Eigenvalues:
 1 -32.903311103362
 2 -8.567922955159
 3 -8.472958211648
 4 -8.143390253701
 5 -7.547493504146
 6 -4.339692506759
 7 -3.917514998873
 8 -3.835762235152

Example of symmetry-related two-electron integrals for indices:
Indices: i=1, j=2, k=3, l=8
two_electron_spatial_integrals[1,2,3,8] = -0.0060131654
two_electron_spatial_integrals[3,8,1,2] = -0.0060131654
two_electron_spatial_integrals[1,2,8,3] = -0.0060131654
two_electron_spatial_integrals[8,3,1,2] = -0.0060131654
two_electron_spatial_integrals[2,1,3,8] = -0.0060131654
two_electron_spatial_integrals[3,8,2,1] = -0.0060131654
two_electron_spatial_integrals[2,1,8,3] = -0.0060131654
two_electron_spatial_integrals[8,3,2,1] = -0.0060131654

Two Electron Eigenvalues:
 1 -0.000000000000
 2 -0.000000000000
 3 -0.000000000000
 4 -0.000000000000
 5 -0.000000000000
 6 -0.000000000000
 7 -0.000000000000
 8 -0.000000000000
 9 -0.000000000000
10 -0.000000000000
11 -0.000000000000
12 -0.000000000000
13 -0.000000000000
14 0.000000000000
15 0.000000000000
16 0.000000000000
17 0.000000000000
18 0.000000000000
19 0.000000000000
20 0.000000000000
21 0.000000000000
22 0.000000000000
23 0.000000000000
24 0.000000000000
25 0.000000000000
26 0.000000000000
27 0.000000000000
28 0.000000000000
29 0.000004164543
30 0.000008780125
31 0.000021652500
32 0.000032972823
33 0.000172305297
34 0.000204094894
35 0.000375222578
36 0.001870701647
37 0.003174685118
38 0.005655287525
39 0.008177601715
40 0.008745162292
41 0.010424939785
42 0.014132309746
43 0.016943882330
44 0.017850043391
45 0.023325918820
46 0.034813083248
47 0.040945805458
48 0.053425968701
49 0.074410461570
50 0.086826396548
51 0.098375690022
52 0.108172204132
53 0.111858049870
54 0.118082397439
55 0.118921084701
56 0.126087447931
57 0.131802718915
58 0.284384555764
59 0.390981272731
60 0.428595169559
61 0.544317039241
62 0.567901143634
63 2.034535408332
64 7.601949730073
