One Electron Eigenvalues:
 1 -32.896870051895
 2 -8.558713257744
 3 -8.465334282322
 4 -8.114685498375
 5 -7.543387534644
 6 -4.336754840649
 7 -3.882119707094
 8 -3.830585283878

Example of symmetry-related two-electron integrals for indices:
Indices: i=1, j=2, k=3, l=8
two_electron_spatial_integrals[1,2,3,8] = -0.0054006869
two_electron_spatial_integrals[3,8,1,2] = -0.0054006869
two_electron_spatial_integrals[1,2,8,3] = -0.0054006869
two_electron_spatial_integrals[8,3,1,2] = -0.0054006869
two_electron_spatial_integrals[2,1,3,8] = -0.0054006869
two_electron_spatial_integrals[3,8,2,1] = -0.0054006869
two_electron_spatial_integrals[2,1,8,3] = -0.0054006869
two_electron_spatial_integrals[8,3,2,1] = -0.0054006869

Two Electron Eigenvalues:
 1 -0.000000000000
 2 -0.000000000000
 3 -0.000000000000
 4 -0.000000000000
 5 -0.000000000000
 6 -0.000000000000
 7 -0.000000000000
 8 -0.000000000000
 9 -0.000000000000
10 -0.000000000000
11 -0.000000000000
12 -0.000000000000
13 -0.000000000000
14 0.000000000000
15 0.000000000000
16 0.000000000000
17 0.000000000000
18 0.000000000000
19 0.000000000000
20 0.000000000000
21 0.000000000000
22 0.000000000000
23 0.000000000000
24 0.000000000000
25 0.000000000000
26 0.000000000000
27 0.000000000000
28 0.000000000000
29 0.000003931862
30 0.000008758530
31 0.000021641146
32 0.000032310029
33 0.000173031397
34 0.000206002041
35 0.000369751688
36 0.001800790956
37 0.003088638966
38 0.005545655535
39 0.008132510677
40 0.008736792656
41 0.010415487409
42 0.013905118453
43 0.016763789508
44 0.017742461191
45 0.023224652141
46 0.034403236056
47 0.040742256309
48 0.053276042623
49 0.073438798601
50 0.086681695024
51 0.098296662101
52 0.107697600263
53 0.111351270047
54 0.118184243749
55 0.118599578257
56 0.125893183426
57 0.131532995830
58 0.285254968167
59 0.389749984088
60 0.428162808401
61 0.543985668936
62 0.568420210460
63 2.033110111798
64 7.589810305978
