One Electron Eigenvalues:
 1 -32.890623219263
 2 -8.549886852176
 3 -8.458007727807
 4 -8.085871464421
 5 -7.539191739919
 6 -4.334032551320
 7 -3.846650868601
 8 -3.825648783893

Example of symmetry-related two-electron integrals for indices:
Indices: i=1, j=2, k=3, l=8
two_electron_spatial_integrals[1,2,3,8] = -0.0048182415
two_electron_spatial_integrals[3,8,1,2] = -0.0048182415
two_electron_spatial_integrals[1,2,8,3] = -0.0048182415
two_electron_spatial_integrals[8,3,1,2] = -0.0048182415
two_electron_spatial_integrals[2,1,3,8] = -0.0048182415
two_electron_spatial_integrals[3,8,2,1] = -0.0048182415
two_electron_spatial_integrals[2,1,8,3] = -0.0048182415
two_electron_spatial_integrals[8,3,2,1] = -0.0048182415

Two Electron Eigenvalues:
 1 -0.000000000000
 2 -0.000000000000
 3 -0.000000000000
 4 -0.000000000000
 5 -0.000000000000
 6 -0.000000000000
 7 -0.000000000000
 8 -0.000000000000
 9 -0.000000000000
10 -0.000000000000
11 -0.000000000000
12 -0.000000000000
13 -0.000000000000
14 0.000000000000
15 0.000000000000
16 0.000000000000
17 0.000000000000
18 0.000000000000
19 0.000000000000
20 0.000000000000
21 0.000000000000
22 0.000000000000
23 0.000000000000
24 0.000000000000
25 0.000000000000
26 0.000000000000
27 0.000000000000
28 0.000000000000
29 0.000003706615
30 0.000008735203
31 0.000021632238
32 0.000031646832
33 0.000173640272
34 0.000207792976
35 0.000363500108
36 0.001728010209
37 0.003006082214
38 0.005435349321
39 0.008086074957
40 0.008726251090
41 0.010406350433
42 0.013676306922
43 0.016580889861
44 0.017655879402
45 0.023118326768
46 0.033984872659
47 0.040549135108
48 0.053149373945
49 0.072475044732
50 0.086534007526
51 0.098187835108
52 0.107199617764
53 0.110818538167
54 0.118304451619
55 0.118322959140
56 0.125710358169
57 0.131275280479
58 0.286143411263
59 0.388511780127
60 0.427751724663
61 0.543731857202
62 0.568923575142
63 2.031696890711
64 7.577883358954
