One Electron Eigenvalues:
 1 -32.887569789854
 2 -8.545619611596
 3 -8.454470680709
 4 -8.071528719484
 5 -7.537034264868
 6 -4.332751146983
 7 -3.828948872715
 8 -3.823281695691

Example of symmetry-related two-electron integrals for indices:
Indices: i=1, j=2, k=3, l=8
two_electron_spatial_integrals[1,2,3,8] = -0.0045390667
two_electron_spatial_integrals[3,8,1,2] = -0.0045390667
two_electron_spatial_integrals[1,2,8,3] = -0.0045390667
two_electron_spatial_integrals[8,3,1,2] = -0.0045390667
two_electron_spatial_integrals[2,1,3,8] = -0.0045390667
two_electron_spatial_integrals[3,8,2,1] = -0.0045390667
two_electron_spatial_integrals[2,1,8,3] = -0.0045390667
two_electron_spatial_integrals[8,3,2,1] = -0.0045390667

Two Electron Eigenvalues:
 1 -0.000000000000
 2 -0.000000000000
 3 -0.000000000000
 4 -0.000000000000
 5 -0.000000000000
 6 -0.000000000000
 7 -0.000000000000
 8 -0.000000000000
 9 -0.000000000000
10 -0.000000000000
11 -0.000000000000
12 -0.000000000000
13 -0.000000000000
14 -0.000000000000
15 -0.000000000000
16 0.000000000000
17 0.000000000000
18 0.000000000000
19 0.000000000000
20 0.000000000000
21 0.000000000000
22 0.000000000000
23 0.000000000000
24 0.000000000000
25 0.000000000000
26 0.000000000000
27 0.000000000000
28 0.000000000000
29 0.000003596426
30 0.000008724219
31 0.000021630359
32 0.000031319338
33 0.000173863272
34 0.000208612255
35 0.000360032869
36 0.001690564196
37 0.002966431564
38 0.005380619282
39 0.008063009562
40 0.008719984942
41 0.010401760453
42 0.013562307315
43 0.016489262376
44 0.017619571330
45 0.023064223502
46 0.033774216627
47 0.040456919949
48 0.053094733407
49 0.071997069275
50 0.086461321485
51 0.098121272596
52 0.106943839552
53 0.110542926573
54 0.118167980973
55 0.118409305400
56 0.125627000577
57 0.131153459747
58 0.286588879177
59 0.387898593348
60 0.427555377660
61 0.543633485196
62 0.569162508517
63 2.030993736028
64 7.572044474353
