One Electron Eigenvalues:
 1 -32.875799503286
 2 -8.529417494387
 3 -8.441114185687
 4 -8.014605484293
 5 -7.527960073518
 6 -4.328145850239
 7 -3.814482178813
 8 -3.758347171477

Example of symmetry-related two-electron integrals for indices:
Indices: i=1, j=2, k=3, l=8
two_electron_spatial_integrals[1,2,3,8] = -0.0035025703
two_electron_spatial_integrals[3,8,1,2] = -0.0035025703
two_electron_spatial_integrals[1,2,8,3] = -0.0035025703
two_electron_spatial_integrals[8,3,1,2] = -0.0035025703
two_electron_spatial_integrals[2,1,3,8] = -0.0035025703
two_electron_spatial_integrals[3,8,2,1] = -0.0035025703
two_electron_spatial_integrals[2,1,8,3] = -0.0035025703
two_electron_spatial_integrals[8,3,2,1] = -0.0035025703

Two Electron Eigenvalues:
 1 -0.000000000000
 2 -0.000000000000
 3 -0.000000000000
 4 -0.000000000000
 5 -0.000000000000
 6 -0.000000000000
 7 -0.000000000000
 8 -0.000000000000
 9 -0.000000000000
10 -0.000000000000
11 -0.000000000000
12 0.000000000000
13 0.000000000000
14 0.000000000000
15 0.000000000000
16 0.000000000000
17 0.000000000000
18 0.000000000000
19 0.000000000000
20 0.000000000000
21 0.000000000000
22 0.000000000000
23 0.000000000000
24 0.000000000000
25 0.000000000000
26 0.000000000000
27 0.000000000000
28 0.000000000000
29 0.000003174473
30 0.000008682619
31 0.000021635451
32 0.000030048537
33 0.000174206300
34 0.000211419174
35 0.000344145403
36 0.001536192508
37 0.002815842986
38 0.005161668413
39 0.007970097230
40 0.008685077099
41 0.010383093931
42 0.013114363863
43 0.016125669044
44 0.017511554238
45 0.022837585063
46 0.032929214996
47 0.040113996405
48 0.052936123908
49 0.070113309956
50 0.086172712990
51 0.097781744144
52 0.105879040289
53 0.109383780759
54 0.117695825559
55 0.118853943536
56 0.125335708803
57 0.130707244229
58 0.288383718328
59 0.385469407778
60 0.426830918558
61 0.543427220732
62 0.570051403404
63 2.028210710666
64 7.549450144232
