One Electron Eigenvalues:
 1 -32.870166635729
 2 -8.521729481724
 3 -8.434882240563
 4 -7.986585889397
 5 -7.523126025387
 6 -4.326139849850
 7 -3.810499355837
 8 -3.723230241414

Example of symmetry-related two-electron integrals for indices:
Indices: i=1, j=2, k=3, l=8
two_electron_spatial_integrals[1,2,3,8] = -0.003031401
two_electron_spatial_integrals[3,8,1,2] = -0.003031401
two_electron_spatial_integrals[1,2,8,3] = -0.003031401
two_electron_spatial_integrals[8,3,1,2] = -0.003031401
two_electron_spatial_integrals[2,1,3,8] = -0.003031401
two_electron_spatial_integrals[3,8,2,1] = -0.003031401
two_electron_spatial_integrals[2,1,8,3] = -0.003031401
two_electron_spatial_integrals[8,3,2,1] = -0.003031401

Two Electron Eigenvalues:
 1 -0.000000000000
 2 -0.000000000000
 3 -0.000000000000
 4 -0.000000000000
 5 -0.000000000000
 6 -0.000000000000
 7 -0.000000000000
 8 -0.000000000000
 9 -0.000000000000
10 -0.000000000000
11 -0.000000000000
12 -0.000000000000
13 0.000000000000
14 0.000000000000
15 0.000000000000
16 0.000000000000
17 0.000000000000
18 0.000000000000
19 0.000000000000
20 0.000000000000
21 0.000000000000
22 0.000000000000
23 0.000000000000
24 0.000000000000
25 0.000000000000
26 0.000000000000
27 0.000000000000
28 0.000000000000
29 0.000002975123
30 0.000008664604
31 0.000021644564
32 0.000029449404
33 0.000174041173
34 0.000212528765
35 0.000335231183
36 0.001457526413
37 0.002744252252
38 0.005052102829
39 0.007922799368
40 0.008659353514
41 0.010373697145
42 0.012897609119
43 0.015947579603
44 0.017475574687
45 0.022717300495
46 0.032511202887
47 0.039957012497
48 0.052893327635
49 0.069191011009
50 0.086030663328
51 0.097570482315
52 0.105326907769
53 0.108773832688
54 0.117501762718
55 0.119134660092
56 0.125216946039
57 0.130510081501
58 0.289281392500
59 0.384265393908
60 0.426498446777
61 0.543448342979
62 0.570443005171
63 2.026833738987
64 7.538608834159
