One Electron Eigenvalues:
 1 -32.867411356016
 2 -8.518086784704
 3 -8.431908309638
 4 -7.972643765098
 5 -7.520559204583
 6 -4.325233125279
 7 -3.808602403562
 8 -3.705722835920

Example of symmetry-related two-electron integrals for indices:
Indices: i=1, j=2, k=3, l=8
two_electron_spatial_integrals[1,2,3,8] = -0.0028098133
two_electron_spatial_integrals[3,8,1,2] = -0.0028098133
two_electron_spatial_integrals[1,2,8,3] = -0.0028098133
two_electron_spatial_integrals[8,3,1,2] = -0.0028098133
two_electron_spatial_integrals[2,1,3,8] = -0.0028098133
two_electron_spatial_integrals[3,8,2,1] = -0.0028098133
two_electron_spatial_integrals[2,1,8,3] = -0.0028098133
two_electron_spatial_integrals[8,3,2,1] = -0.0028098133

Two Electron Eigenvalues:
 1 -0.000000000000
 2 -0.000000000000
 3 -0.000000000000
 4 -0.000000000000
 5 -0.000000000000
 6 -0.000000000000
 7 -0.000000000000
 8 -0.000000000000
 9 -0.000000000000
10 -0.000000000000
11 -0.000000000000
12 -0.000000000000
13 -0.000000000000
14 -0.000000000000
15 0.000000000000
16 0.000000000000
17 0.000000000000
18 0.000000000000
19 0.000000000000
20 0.000000000000
21 0.000000000000
22 0.000000000000
23 0.000000000000
24 0.000000000000
25 0.000000000000
26 0.000000000000
27 0.000000000000
28 0.000000000000
29 0.000002877631
30 0.000008654369
31 0.000021652691
32 0.000029162740
33 0.000173808351
34 0.000213021523
35 0.000330332177
36 0.001418082903
37 0.002708684470
38 0.004996842073
39 0.007899254812
40 0.008644201396
41 0.010368941283
42 0.012790829498
43 0.015861965144
44 0.017460916178
45 0.022655564731
46 0.032305061563
47 0.039881583664
48 0.052881290778
49 0.068733796974
50 0.085957726143
51 0.097456660779
52 0.105044610980
53 0.108462926446
54 0.117418396926
55 0.119283269968
56 0.125158292166
57 0.130414692048
58 0.289737623622
59 0.383673917301
60 0.426354374545
61 0.543470308812
62 0.570650488614
63 2.026160439820
64 7.533325713477
