One Electron Eigenvalues:
 1 -32.856768394027
 2 -8.504025011537
 3 -8.420707381584
 4 -7.918592365583
 5 -7.509662456483
 6 -4.321984855408
 7 -3.801715958616
 8 -3.636397996462

Example of symmetry-related two-electron integrals for indices:
Indices: i=1, j=2, k=3, l=8
two_electron_spatial_integrals[1,2,3,8] = -0.0020029808
two_electron_spatial_integrals[3,8,1,2] = -0.0020029808
two_electron_spatial_integrals[1,2,8,3] = -0.0020029808
two_electron_spatial_integrals[8,3,1,2] = -0.0020029808
two_electron_spatial_integrals[2,1,3,8] = -0.0020029808
two_electron_spatial_integrals[3,8,2,1] = -0.0020029808
two_electron_spatial_integrals[2,1,8,3] = -0.0020029808
two_electron_spatial_integrals[8,3,2,1] = -0.0020029808

Two Electron Eigenvalues:
 1 -0.000000000000
 2 -0.000000000000
 3 -0.000000000000
 4 -0.000000000000
 5 -0.000000000000
 6 -0.000000000000
 7 -0.000000000000
 8 -0.000000000000
 9 -0.000000000000
10 -0.000000000000
11 -0.000000000000
12 -0.000000000000
13 -0.000000000000
14 0.000000000000
15 0.000000000000
16 0.000000000000
17 0.000000000000
18 0.000000000000
19 0.000000000000
20 0.000000000000
21 0.000000000000
22 0.000000000000
23 0.000000000000
24 0.000000000000
25 0.000000000000
26 0.000000000000
27 0.000000000000
28 0.000000000000
29 0.000002510310
30 0.000008624132
31 0.000021697223
32 0.000028147340
33 0.000172070343
34 0.000214372551
35 0.000309696226
36 0.001262927932
37 0.002570765160
38 0.004780108857
39 0.007805403037
40 0.008560470635
41 0.010349797799
42 0.012378820787
43 0.015535902173
44 0.017422070340
45 0.022401104743
46 0.031512034806
47 0.039605673823
48 0.052888217915
49 0.066960026492
50 0.085679200815
51 0.096947940036
52 0.103910682967
53 0.107194168439
54 0.117147607565
55 0.119965867847
56 0.124979638052
57 0.130084843301
58 0.291518461847
59 0.381350501467
60 0.425805722329
61 0.543733199336
62 0.571335536915
63 2.023466103260
64 7.513134333900
