One Electron Eigenvalues:
 1 -32.854199078080
 2 -8.500662196920
 3 -8.418087891330
 4 -7.905438198057
 5 -7.506714171943
 6 -4.321294072056
 7 -3.800171248570
 8 -3.619206865643

Example of symmetry-related two-electron integrals for indices:
Indices: i=1, j=2, k=3, l=8
two_electron_spatial_integrals[1,2,3,8] = -0.0018208291
two_electron_spatial_integrals[3,8,1,2] = -0.0018208291
two_electron_spatial_integrals[1,2,8,3] = -0.0018208291
two_electron_spatial_integrals[8,3,1,2] = -0.0018208291
two_electron_spatial_integrals[2,1,3,8] = -0.0018208291
two_electron_spatial_integrals[3,8,2,1] = -0.0018208291
two_electron_spatial_integrals[2,1,8,3] = -0.0018208291
two_electron_spatial_integrals[8,3,2,1] = -0.0018208291

Two Electron Eigenvalues:
 1 -0.000000000000
 2 -0.000000000000
 3 -0.000000000000
 4 -0.000000000000
 5 -0.000000000000
 6 -0.000000000000
 7 -0.000000000000
 8 -0.000000000000
 9 -0.000000000000
10 -0.000000000000
11 -0.000000000000
12 -0.000000000000
13 -0.000000000000
14 -0.000000000000
15 -0.000000000000
16 -0.000000000000
17 0.000000000000
18 0.000000000000
19 0.000000000000
20 0.000000000000
21 0.000000000000
22 0.000000000000
23 0.000000000000
24 0.000000000000
25 0.000000000000
26 0.000000000000
27 0.000000000000
28 0.000000000000
29 0.000002423439
30 0.000008617797
31 0.000021711856
32 0.000027928256
33 0.000171435528
34 0.000214605348
35 0.000304250575
36 0.001224851587
37 0.002536340434
38 0.004726342628
39 0.007781531038
40 0.008532933849
41 0.010345541548
42 0.012278727695
43 0.015459410761
44 0.017416412411
45 0.022335321622
46 0.031322762507
47 0.039541489716
48 0.052904323802
49 0.066526763668
50 0.085610089239
51 0.096808750999
52 0.103623863268
53 0.106870564771
54 0.117096285275
55 0.120154536249
56 0.124944093118
57 0.130012111525
58 0.291961802151
59 0.380777556790
60 0.425684093976
61 0.543842485279
62 0.571493528971
63 2.022803257926
64 7.508297665498
