One Electron Eigenvalues:
 1 -32.841865462766
 2 -8.484758455355
 3 -8.406059941580
 4 -7.842624458712
 5 -7.490277475737
 6 -4.318537311429
 7 -3.793498886520
 8 -3.534381215902

Example of symmetry-related two-electron integrals for indices:
Indices: i=1, j=2, k=3, l=8
two_electron_spatial_integrals[1,2,3,8] = -0.0010273602
two_electron_spatial_integrals[3,8,1,2] = -0.0010273602
two_electron_spatial_integrals[1,2,8,3] = -0.0010273602
two_electron_spatial_integrals[8,3,1,2] = -0.0010273602
two_electron_spatial_integrals[2,1,3,8] = -0.0010273602
two_electron_spatial_integrals[3,8,2,1] = -0.0010273602
two_electron_spatial_integrals[2,1,8,3] = -0.0010273602
two_electron_spatial_integrals[8,3,2,1] = -0.0010273602

Two Electron Eigenvalues:
 1 -0.000000000000
 2 -0.000000000000
 3 -0.000000000000
 4 -0.000000000000
 5 -0.000000000000
 6 -0.000000000000
 7 -0.000000000000
 8 -0.000000000000
 9 -0.000000000000
10 -0.000000000000
11 -0.000000000000
12 -0.000000000000
13 -0.000000000000
14 0.000000000000
15 0.000000000000
16 0.000000000000
17 0.000000000000
18 0.000000000000
19 0.000000000000
20 0.000000000000
21 0.000000000000
22 0.000000000000
23 0.000000000000
24 0.000000000000
25 0.000000000000
26 0.000000000000
27 0.000000000000
28 0.000000000000
29 0.000002019720
30 0.000008593733
31 0.000021807876
32 0.000027126154
33 0.000166852191
34 0.000215156425
35 0.000275769345
36 0.001042348653
37 0.002361702751
38 0.004464084225
39 0.007660007586
40 0.008344471333
41 0.010330987727
42 0.011790542113
43 0.015117938058
44 0.017406977228
45 0.022001680375
46 0.030448740963
47 0.039247595247
48 0.053066696882
49 0.064437680560
50 0.085269030750
51 0.096059526241
52 0.102189078772
53 0.105238736133
54 0.116933059731
55 0.121185256245
56 0.124818012995
57 0.129704524388
58 0.294151846005
59 0.377983506941
60 0.425176129767
61 0.544613921422
62 0.572199735521
63 2.019558155171
64 7.485517078970
