One Electron Eigenvalues:
 1 -32.830325196314
 2 -8.470227281807
 3 -8.395648686210
 4 -7.786256238710
 5 -7.470585313388
 6 -4.316707448769
 7 -3.788427565290
 8 -3.451978024713

Example of symmetry-related two-electron integrals for indices:
Indices: i=1, j=2, k=3, l=8
two_electron_spatial_integrals[1,2,3,8] = -0.0004239266
two_electron_spatial_integrals[3,8,1,2] = -0.0004239266
two_electron_spatial_integrals[1,2,8,3] = -0.0004239266
two_electron_spatial_integrals[8,3,1,2] = -0.0004239266
two_electron_spatial_integrals[2,1,3,8] = -0.0004239266
two_electron_spatial_integrals[3,8,2,1] = -0.0004239266
two_electron_spatial_integrals[2,1,8,3] = -0.0004239266
two_electron_spatial_integrals[8,3,2,1] = -0.0004239266

Two Electron Eigenvalues:
 1 -0.000000000000
 2 -0.000000000000
 3 -0.000000000000
 4 -0.000000000000
 5 -0.000000000000
 6 -0.000000000000
 7 -0.000000000000
 8 -0.000000000000
 9 -0.000000000000
10 -0.000000000000
11 -0.000000000000
12 -0.000000000000
13 -0.000000000000
14 -0.000000000000
15 -0.000000000000
16 0.000000000000
17 0.000000000000
18 0.000000000000
19 0.000000000000
20 0.000000000000
21 0.000000000000
22 0.000000000000
23 0.000000000000
24 0.000000000000
25 0.000000000000
26 0.000000000000
27 0.000000000000
28 0.000000000000
29 0.000001669449
30 0.000008585253
31 0.000021937718
32 0.000026946981
33 0.000159715193
34 0.000214758384
35 0.000246403353
36 0.000878145261
37 0.002181468238
38 0.004221947797
39 0.007535245816
40 0.008055267876
41 0.010333017874
42 0.011312743196
43 0.014856808776
44 0.017421014581
45 0.021680632849
46 0.029718539633
47 0.038997612938
48 0.053344699567
49 0.062506974559
50 0.084940714411
51 0.095259318709
52 0.100792645305
53 0.103629931945
54 0.116903136918
55 0.122321563250
56 0.124776044811
57 0.129487161640
58 0.296258529245
59 0.375332401697
60 0.424807423231
61 0.545650287927
62 0.572754219922
63 2.016412508383
64 7.465197420615
