One Electron Eigenvalues:
 1 -32.817420345838
 2 -8.454344783005
 3 -8.384991165131
 4 -7.728873165930
 5 -7.441931655709
 6 -4.315502039762
 7 -3.784211079369
 8 -3.356809062756

Example of symmetry-related two-electron integrals for indices:
Indices: i=1, j=2, k=3, l=8
two_electron_spatial_integrals[1,2,3,8] = 7.16419e-05
two_electron_spatial_integrals[3,8,1,2] = 7.16419e-05
two_electron_spatial_integrals[1,2,8,3] = 7.16419e-05
two_electron_spatial_integrals[8,3,1,2] = 7.16419e-05
two_electron_spatial_integrals[2,1,3,8] = 7.16419e-05
two_electron_spatial_integrals[3,8,2,1] = 7.16419e-05
two_electron_spatial_integrals[2,1,8,3] = 7.16419e-05
two_electron_spatial_integrals[8,3,2,1] = 7.16419e-05

Two Electron Eigenvalues:
 1 -0.000000000000
 2 -0.000000000000
 3 -0.000000000000
 4 -0.000000000000
 5 -0.000000000000
 6 -0.000000000000
 7 -0.000000000000
 8 -0.000000000000
 9 -0.000000000000
10 -0.000000000000
11 -0.000000000000
12 -0.000000000000
13 -0.000000000000
14 -0.000000000000
15 -0.000000000000
16 -0.000000000000
17 -0.000000000000
18 0.000000000000
19 0.000000000000
20 0.000000000000
21 0.000000000000
22 0.000000000000
23 0.000000000000
24 0.000000000000
25 0.000000000000
26 0.000000000000
27 0.000000000000
28 0.000000000000
29 0.000001316395
30 0.000008591277
31 0.000022130460
32 0.000027742052
33 0.000148067167
34 0.000212046567
35 0.000213442584
36 0.000708768249
37 0.001956908835
38 0.003967055269
39 0.007376502485
40 0.007565354700
41 0.010365985342
42 0.010739349811
43 0.014652926274
44 0.017458696753
45 0.021351115459
46 0.029038375720
47 0.038744855149
48 0.053799061525
49 0.060418553343
50 0.084561643435
51 0.094286929301
52 0.099210166080
53 0.101785073510
54 0.117006396493
55 0.123761479652
56 0.124821307982
57 0.129328466658
58 0.298667763471
59 0.372346037424
60 0.424525110059
61 0.547119693571
62 0.573295874873
63 2.012785623764
64 7.443995016808
