One Electron Eigenvalues:
 1 -32.797919027749
 2 -8.430973166805
 3 -8.370801486900
 4 -7.658997841682
 5 -7.382898757789
 6 -4.315274657297
 7 -3.780890844100
 8 -3.208039692578

Example of symmetry-related two-electron integrals for indices:
Indices: i=1, j=2, k=3, l=8
two_electron_spatial_integrals[1,2,3,8] = 0.0004237497
two_electron_spatial_integrals[3,8,1,2] = 0.0004237497
two_electron_spatial_integrals[1,2,8,3] = 0.0004237497
two_electron_spatial_integrals[8,3,1,2] = 0.0004237497
two_electron_spatial_integrals[2,1,3,8] = 0.0004237497
two_electron_spatial_integrals[3,8,2,1] = 0.0004237497
two_electron_spatial_integrals[2,1,8,3] = 0.0004237497
two_electron_spatial_integrals[8,3,2,1] = 0.0004237497

Two Electron Eigenvalues:
 1 -0.000000000000
 2 -0.000000000000
 3 -0.000000000000
 4 -0.000000000000
 5 -0.000000000000
 6 -0.000000000000
 7 -0.000000000000
 8 -0.000000000000
 9 -0.000000000000
10 -0.000000000000
11 -0.000000000000
12 -0.000000000000
13 -0.000000000000
14 -0.000000000000
15 -0.000000000000
16 -0.000000000000
17 -0.000000000000
18 -0.000000000000
19 -0.000000000000
20 0.000000000000
21 0.000000000000
22 0.000000000000
23 0.000000000000
24 0.000000000000
25 0.000000000000
26 0.000000000000
27 0.000000000000
28 0.000000000000
29 0.000000873137
30 0.000008620040
31 0.000022517587
32 0.000031760531
33 0.000123654858
34 0.000161182413
35 0.000210099466
36 0.000491237687
37 0.001579396819
38 0.003632399822
39 0.006479472003
40 0.007064454879
41 0.009798684031
42 0.010491575322
43 0.014528529144
44 0.017553171073
45 0.021019961893
46 0.028302409868
47 0.038406228645
48 0.054756466055
49 0.057498705250
50 0.083959150322
51 0.092760622458
52 0.096872507494
53 0.099020427413
54 0.117417020373
55 0.125086645861
56 0.126190495102
57 0.129271658573
58 0.302435824212
59 0.367814071268
60 0.424367644502
61 0.549765839205
62 0.574245964675
63 2.007149683857
64 7.415766683063
