One Electron Eigenvalues:
 1 -32.792504380116
 2 -8.424586069291
 3 -8.367222496416
 4 -7.643518166753
 5 -7.363491313482
 6 -4.315480578112
 7 -3.780579588984
 8 -3.165920195045

Example of symmetry-related two-electron integrals for indices:
Indices: i=1, j=2, k=3, l=8
two_electron_spatial_integrals[1,2,3,8] = 0.0004320139
two_electron_spatial_integrals[3,8,1,2] = 0.0004320139
two_electron_spatial_integrals[1,2,8,3] = 0.0004320139
two_electron_spatial_integrals[8,3,1,2] = 0.0004320139
two_electron_spatial_integrals[2,1,3,8] = 0.0004320139
two_electron_spatial_integrals[3,8,2,1] = 0.0004320139
two_electron_spatial_integrals[2,1,8,3] = 0.0004320139
two_electron_spatial_integrals[8,3,2,1] = 0.0004320139

Two Electron Eigenvalues:
 1 -0.000000000000
 2 -0.000000000000
 3 -0.000000000000
 4 -0.000000000000
 5 -0.000000000000
 6 -0.000000000000
 7 -0.000000000000
 8 -0.000000000000
 9 -0.000000000000
10 -0.000000000000
11 -0.000000000000
12 -0.000000000000
13 -0.000000000000
14 0.000000000000
15 0.000000000000
16 0.000000000000
17 0.000000000000
18 0.000000000000
19 0.000000000000
20 0.000000000000
21 0.000000000000
22 0.000000000000
23 0.000000000000
24 0.000000000000
25 0.000000000000
26 0.000000000000
27 0.000000000000
28 0.000000000000
29 0.000000771198
30 0.000008630302
31 0.000022641991
32 0.000033580285
33 0.000115780142
34 0.000148007656
35 0.000208931431
36 0.000440105150
37 0.001470831599
38 0.003551243954
39 0.006119709955
40 0.006951749846
41 0.009532824343
42 0.010541476906
43 0.014527477563
44 0.017586350381
45 0.020977325585
46 0.028155158319
47 0.038319371441
48 0.055071301538
49 0.056757002467
50 0.083784548010
51 0.092344529131
52 0.096253098898
53 0.098280587665
54 0.117577237146
55 0.125203539206
56 0.126887506289
57 0.129307465718
58 0.303516734088
59 0.366558592210
60 0.424376380715
61 0.550531513606
62 0.574611070556
63 2.005561694403
64 7.408850847706
