One Electron Eigenvalues:
 1 -32.788996447961
 2 -8.420498092393
 3 -8.364909674554
 4 -7.634283573929
 5 -7.350447496517
 6 -4.315618576981
 7 -3.780416653046
 8 -3.138486033519

Example of symmetry-related two-electron integrals for indices:
Indices: i=1, j=2, k=3, l=8
two_electron_spatial_integrals[1,2,3,8] = 0.0004150362
two_electron_spatial_integrals[3,8,1,2] = 0.0004150362
two_electron_spatial_integrals[1,2,8,3] = 0.0004150362
two_electron_spatial_integrals[8,3,1,2] = 0.0004150362
two_electron_spatial_integrals[2,1,3,8] = 0.0004150362
two_electron_spatial_integrals[3,8,2,1] = 0.0004150362
two_electron_spatial_integrals[2,1,8,3] = 0.0004150362
two_electron_spatial_integrals[8,3,2,1] = 0.0004150362

Two Electron Eigenvalues:
 1 -0.000000000000
 2 -0.000000000000
 3 -0.000000000000
 4 -0.000000000000
 5 -0.000000000000
 6 -0.000000000000
 7 -0.000000000000
 8 -0.000000000000
 9 -0.000000000000
10 -0.000000000000
11 -0.000000000000
12 -0.000000000000
13 -0.000000000000
14 -0.000000000000
15 -0.000000000000
16 0.000000000000
17 0.000000000000
18 0.000000000000
19 0.000000000000
20 0.000000000000
21 0.000000000000
22 0.000000000000
23 0.000000000000
24 0.000000000000
25 0.000000000000
26 0.000000000000
27 0.000000000000
28 0.000000000000
29 0.000000709450
30 0.000008636207
31 0.000022723401
32 0.000034913478
33 0.000110468047
34 0.000139763136
35 0.000208161199
36 0.000409215472
37 0.001400907171
38 0.003501712942
39 0.005877079062
40 0.006870407702
41 0.009363052893
42 0.010575679912
43 0.014533314597
44 0.017608232793
45 0.020960056114
46 0.028071233820
47 0.038265722741
48 0.055282855729
49 0.056295036131
50 0.083670256242
51 0.092081807162
52 0.095863977886
53 0.097812362807
54 0.117684497666
55 0.125285003761
56 0.127322162475
57 0.129351796459
58 0.304220264290
59 0.365749483767
60 0.424389752083
61 0.550999563820
62 0.574874918723
63 2.004526866183
64 7.404559703379
