One Electron Eigenvalues:
 1 -32.778933796778
 2 -8.408818100876
 3 -8.358532117658
 4 -7.610910857264
 5 -7.311542761749
 6 -4.316141829774
 7 -3.780417162442
 8 -3.059193109657

Example of symmetry-related two-electron integrals for indices:
Indices: i=1, j=2, k=3, l=8
two_electron_spatial_integrals[1,2,3,8] = 0.0002745275
two_electron_spatial_integrals[3,8,1,2] = 0.0002745275
two_electron_spatial_integrals[1,2,8,3] = 0.0002745275
two_electron_spatial_integrals[8,3,1,2] = 0.0002745275
two_electron_spatial_integrals[2,1,3,8] = 0.0002745275
two_electron_spatial_integrals[3,8,2,1] = 0.0002745275
two_electron_spatial_integrals[2,1,8,3] = 0.0002745275
two_electron_spatial_integrals[8,3,2,1] = 0.0002745275

Two Electron Eigenvalues:
 1 -0.000000000000
 2 -0.000000000000
 3 -0.000000000000
 4 -0.000000000000
 5 -0.000000000000
 6 -0.000000000000
 7 -0.000000000000
 8 -0.000000000000
 9 -0.000000000000
10 -0.000000000000
11 -0.000000000000
12 -0.000000000000
13 -0.000000000000
14 -0.000000000000
15 -0.000000000000
16 0.000000000000
17 0.000000000000
18 0.000000000000
19 0.000000000000
20 0.000000000000
21 0.000000000000
22 0.000000000000
23 0.000000000000
24 0.000000000000
25 0.000000000000
26 0.000000000000
27 0.000000000000
28 0.000000000000
29 0.000000554275
30 0.000008653955
31 0.000022965613
32 0.000039386133
33 0.000094882936
34 0.000117731750
35 0.000205821468
36 0.000329834982
37 0.001203543714
38 0.003369240558
39 0.005159811503
40 0.006588001118
41 0.008900643632
42 0.010684441434
43 0.014570639637
44 0.017676489296
45 0.020960392782
46 0.027874134372
47 0.038116236305
48 0.055055067174
49 0.055920878420
50 0.083334164916
51 0.091357441361
52 0.094794456210
53 0.096520100152
54 0.118022951877
55 0.125559320448
56 0.128395102183
57 0.129698805405
58 0.306293093410
59 0.363437512896
60 0.424468978395
61 0.552296656807
62 0.575843195881
63 2.001546287108
64 7.393202610593
