One Electron Eigenvalues:
 1 -32.777320556319
 2 -8.406957142629
 3 -8.357525865840
 4 -7.607528419557
 5 -7.305194209790
 6 -4.316229047099
 7 -3.780454973660
 8 -3.046407308606

Example of symmetry-related two-electron integrals for indices:
Indices: i=1, j=2, k=3, l=8
two_electron_spatial_integrals[1,2,3,8] = 0.000239204
two_electron_spatial_integrals[3,8,1,2] = 0.000239204
two_electron_spatial_integrals[1,2,8,3] = 0.000239204
two_electron_spatial_integrals[8,3,1,2] = 0.000239204
two_electron_spatial_integrals[2,1,3,8] = 0.000239204
two_electron_spatial_integrals[3,8,2,1] = 0.000239204
two_electron_spatial_integrals[2,1,8,3] = 0.000239204
two_electron_spatial_integrals[8,3,2,1] = 0.000239204

Two Electron Eigenvalues:
 1 -0.000000000000
 2 -0.000000000000
 3 -0.000000000000
 4 -0.000000000000
 5 -0.000000000000
 6 -0.000000000000
 7 -0.000000000000
 8 -0.000000000000
 9 -0.000000000000
10 -0.000000000000
11 -0.000000000000
12 -0.000000000000
13 -0.000000000000
14 -0.000000000000
15 -0.000000000000
16 0.000000000000
17 0.000000000000
18 0.000000000000
19 0.000000000000
20 0.000000000000
21 0.000000000000
22 0.000000000000
23 0.000000000000
24 0.000000000000
25 0.000000000000
26 0.000000000000
27 0.000000000000
28 0.000000000000
29 0.000000532290
30 0.000008656862
31 0.000023004759
32 0.000040175384
33 0.000092363718
34 0.000114438439
35 0.000205438642
36 0.000318352766
37 0.001172693916
38 0.003349286598
39 0.005043471848
40 0.006534943908
41 0.008831440400
42 0.010702908940
43 0.014578939225
44 0.017687892456
45 0.020966414768
46 0.027847846926
47 0.038093040248
48 0.054868459079
49 0.056026379402
50 0.083279415532
51 0.091246502736
52 0.094630621827
53 0.096321032308
54 0.118079571729
55 0.125607793871
56 0.128515306468
57 0.129809353912
58 0.306632349444
59 0.363069152598
60 0.424486101889
61 0.552491466118
62 0.576028757299
63 2.001066792698
64 7.391504992000
