One Electron Eigenvalues:
 1 -32.775724932399
 2 -8.405121670406
 3 -8.356552565116
 4 -7.604258751028
 5 -7.298872265808
 6 -4.316339398856
 7 -3.780528548957
 8 -3.033727481131

Example of symmetry-related two-electron integrals for indices:
Indices: i=1, j=2, k=3, l=8
two_electron_spatial_integrals[1,2,3,8] = 0.0002007352
two_electron_spatial_integrals[3,8,1,2] = 0.0002007352
two_electron_spatial_integrals[1,2,8,3] = 0.0002007352
two_electron_spatial_integrals[8,3,1,2] = 0.0002007352
two_electron_spatial_integrals[2,1,3,8] = 0.0002007352
two_electron_spatial_integrals[3,8,2,1] = 0.0002007352
two_electron_spatial_integrals[2,1,8,3] = 0.0002007352
two_electron_spatial_integrals[8,3,2,1] = 0.0002007352

Two Electron Eigenvalues:
 1 -0.000000000000
 2 -0.000000000000
 3 -0.000000000000
 4 -0.000000000000
 5 -0.000000000000
 6 -0.000000000000
 7 -0.000000000000
 8 -0.000000000000
 9 -0.000000000000
10 -0.000000000000
11 -0.000000000000
12 -0.000000000000
13 -0.000000000000
14 -0.000000000000
15 0.000000000000
16 0.000000000000
17 0.000000000000
18 0.000000000000
19 0.000000000000
20 0.000000000000
21 0.000000000000
22 0.000000000000
23 0.000000000000
24 0.000000000000
25 0.000000000000
26 0.000000000000
27 0.000000000000
28 0.000000000000
29 0.000000511045
30 0.000008659772
31 0.000023044419
32 0.000040978994
33 0.000089881192
34 0.000111241025
35 0.000205050436
36 0.000307263219
37 0.001142346685
38 0.003329606680
39 0.004928187908
40 0.006479965412
41 0.008764577894
42 0.010721861637
43 0.014587730193
44 0.017699557163
45 0.020974349596
46 0.027823068076
47 0.038069848051
48 0.054686322104
49 0.056133079156
50 0.083224832348
51 0.091137499736
52 0.094469681369
53 0.096125383463
54 0.118137852139
55 0.125657949534
56 0.128617761482
57 0.129938162672
58 0.306972912529
59 0.362703479073
60 0.424506888434
61 0.552689294704
62 0.576226495559
63 2.000594725593
64 7.389867309308
