One Electron Eigenvalues:
 1 -32.771039347882
 2 -8.399739129534
 3 -8.353625833151
 4 -7.595137909877
 5 -7.280438760829
 6 -4.316549690012
 7 -3.780660572649
 8 -2.996449900166

Example of symmetry-related two-electron integrals for indices:
Indices: i=1, j=2, k=3, l=8
two_electron_spatial_integrals[1,2,3,8] = 6.86517e-05
two_electron_spatial_integrals[3,8,1,2] = 6.86517e-05
two_electron_spatial_integrals[1,2,8,3] = 6.86517e-05
two_electron_spatial_integrals[8,3,1,2] = 6.86517e-05
two_electron_spatial_integrals[2,1,3,8] = 6.86517e-05
two_electron_spatial_integrals[3,8,2,1] = 6.86517e-05
two_electron_spatial_integrals[2,1,8,3] = 6.86517e-05
two_electron_spatial_integrals[8,3,2,1] = 6.86517e-05

Two Electron Eigenvalues:
 1 -0.000000000000
 2 -0.000000000000
 3 -0.000000000000
 4 -0.000000000000
 5 -0.000000000000
 6 -0.000000000000
 7 -0.000000000000
 8 -0.000000000000
 9 -0.000000000000
10 -0.000000000000
11 -0.000000000000
12 -0.000000000000
13 -0.000000000000
14 0.000000000000
15 0.000000000000
16 0.000000000000
17 0.000000000000
18 0.000000000000
19 0.000000000000
20 0.000000000000
21 0.000000000000
22 0.000000000000
23 0.000000000000
24 0.000000000000
25 0.000000000000
26 0.000000000000
27 0.000000000000
28 0.000000000000
29 0.000000452890
30 0.000008667943
31 0.000023155245
32 0.000043357847
33 0.000082612789
34 0.000102310944
35 0.000203945018
36 0.000276766846
37 0.001055460896
38 0.003274528390
39 0.004592155884
40 0.006305205584
41 0.008579171703
42 0.010776682250
43 0.014615593006
44 0.017733113636
45 0.021003251273
46 0.027757401100
47 0.038004601134
48 0.054174849280
49 0.056442516817
50 0.083064582327
51 0.090830365450
52 0.094014621494
53 0.095569634226
54 0.118303134132
55 0.125806780359
56 0.128818436986
57 0.130407656575
58 0.307973429686
59 0.361643185291
60 0.424561948106
61 0.553209585503
62 0.576837428974
63 1.999196191521
64 7.385205977998
