One Electron Eigenvalues:
 1 -32.763554126008
 2 -8.391184164665
 3 -8.348959576850
 4 -7.581707162469
 5 -7.251262935737
 6 -4.316839057597
 7 -3.780942791250
 8 -2.936574757224

Example of symmetry-related two-electron integrals for indices:
Indices: i=1, j=2, k=3, l=8
two_electron_spatial_integrals[1,2,3,8] = -0.0002008973
two_electron_spatial_integrals[3,8,1,2] = -0.0002008973
two_electron_spatial_integrals[1,2,8,3] = -0.0002008973
two_electron_spatial_integrals[8,3,1,2] = -0.0002008973
two_electron_spatial_integrals[2,1,3,8] = -0.0002008973
two_electron_spatial_integrals[3,8,2,1] = -0.0002008973
two_electron_spatial_integrals[2,1,8,3] = -0.0002008973
two_electron_spatial_integrals[8,3,2,1] = -0.0002008973

Two Electron Eigenvalues:
 1 -0.000000000000
 2 -0.000000000000
 3 -0.000000000000
 4 -0.000000000000
 5 -0.000000000000
 6 -0.000000000000
 7 -0.000000000000
 8 -0.000000000000
 9 -0.000000000000
10 -0.000000000000
11 -0.000000000000
12 -0.000000000000
13 -0.000000000000
14 -0.000000000000
15 -0.000000000000
16 0.000000000000
17 0.000000000000
18 0.000000000000
19 0.000000000000
20 0.000000000000
21 0.000000000000
22 0.000000000000
23 0.000000000000
24 0.000000000000
25 0.000000000000
26 0.000000000000
27 0.000000000000
28 0.000000000000
29 0.000000371421
30 0.000008681606
31 0.000023326680
32 0.000047105513
33 0.000071306155
34 0.000089484314
35 0.000202193472
36 0.000233378101
37 0.000922883497
38 0.003190760694
39 0.004065854347
40 0.005981947375
41 0.008318648108
42 0.010866903247
43 0.014665407085
44 0.017787957868
45 0.021070128257
46 0.027670546131
47 0.037903096022
48 0.053417528714
49 0.056943521766
50 0.082806788149
51 0.090370021072
52 0.093328595915
53 0.094726844680
54 0.118569844260
55 0.126061660441
56 0.128978616235
57 0.131318442832
58 0.309615702452
59 0.359965629679
60 0.424665270964
61 0.553979870963
62 0.577982156208
63 1.996959762422
64 7.378305840554
