One Electron Eigenvalues:
 1 -32.759246504653
 2 -8.386293240768
 3 -8.346228203618
 4 -7.574473534484
 5 -7.234857515405
 6 -4.316919733750
 7 -3.781052463982
 8 -2.901965366940

Example of symmetry-related two-electron integrals for indices:
Indices: i=1, j=2, k=3, l=8
two_electron_spatial_integrals[1,2,3,8] = -0.0003868073
two_electron_spatial_integrals[3,8,1,2] = -0.0003868073
two_electron_spatial_integrals[1,2,8,3] = -0.0003868073
two_electron_spatial_integrals[8,3,1,2] = -0.0003868073
two_electron_spatial_integrals[2,1,3,8] = -0.0003868073
two_electron_spatial_integrals[3,8,2,1] = -0.0003868073
two_electron_spatial_integrals[2,1,8,3] = -0.0003868073
two_electron_spatial_integrals[8,3,2,1] = -0.0003868073

Two Electron Eigenvalues:
 1 -0.000000000000
 2 -0.000000000000
 3 -0.000000000000
 4 -0.000000000000
 5 -0.000000000000
 6 -0.000000000000
 7 -0.000000000000
 8 -0.000000000000
 9 -0.000000000000
10 -0.000000000000
11 -0.000000000000
12 -0.000000000000
13 -0.000000000000
14 -0.000000000000
15 0.000000000000
16 0.000000000000
17 0.000000000000
18 0.000000000000
19 0.000000000000
20 0.000000000000
21 0.000000000000
22 0.000000000000
23 0.000000000000
24 0.000000000000
25 0.000000000000
26 0.000000000000
27 0.000000000000
28 0.000000000000
29 0.000000330275
30 0.000008688939
31 0.000023417300
32 0.000048960231
33 0.000065050469
34 0.000083095250
35 0.000201237587
36 0.000211283336
37 0.000850643676
38 0.003144566263
39 0.003772875113
40 0.005772781815
41 0.008189298403
42 0.010918836729
43 0.014695745536
44 0.017819313784
45 0.021116626215
46 0.027628768134
47 0.037846706311
48 0.053016462577
49 0.057230182852
50 0.082658579628
51 0.090124175386
52 0.092959246504
53 0.094270289568
54 0.118719150583
55 0.126212777245
56 0.129030461843
57 0.131872359557
58 0.310582442798
59 0.359018533989
60 0.424729473203
61 0.554379411021
62 0.578722996003
63 1.995669751181
64 7.374606158094
