One Electron Eigenvalues:
 1 -32.757839675964
 2 -8.384692539238
 3 -8.345345964736
 4 -7.572188842649
 5 -7.229553723123
 6 -4.316948504383
 7 -3.781110449864
 8 -2.890628004243

Example of symmetry-related two-electron integrals for indices:
Indices: i=1, j=2, k=3, l=8
two_electron_spatial_integrals[1,2,3,8] = -0.0004525042
two_electron_spatial_integrals[3,8,1,2] = -0.0004525042
two_electron_spatial_integrals[1,2,8,3] = -0.0004525042
two_electron_spatial_integrals[8,3,1,2] = -0.0004525042
two_electron_spatial_integrals[2,1,3,8] = -0.0004525042
two_electron_spatial_integrals[3,8,2,1] = -0.0004525042
two_electron_spatial_integrals[2,1,8,3] = -0.0004525042
two_electron_spatial_integrals[8,3,2,1] = -0.0004525042

Two Electron Eigenvalues:
 1 -0.000000000000
 2 -0.000000000000
 3 -0.000000000000
 4 -0.000000000000
 5 -0.000000000000
 6 -0.000000000000
 7 -0.000000000000
 8 -0.000000000000
 9 -0.000000000000
10 -0.000000000000
11 -0.000000000000
12 -0.000000000000
13 -0.000000000000
14 0.000000000000
15 0.000000000000
16 0.000000000000
17 0.000000000000
18 0.000000000000
19 0.000000000000
20 0.000000000000
21 0.000000000000
22 0.000000000000
23 0.000000000000
24 0.000000000000
25 0.000000000000
26 0.000000000000
27 0.000000000000
28 0.000000000000
29 0.000000317844
30 0.000008692063
31 0.000023446875
32 0.000049469778
33 0.000063060465
34 0.000081204915
35 0.000200912014
36 0.000204471591
37 0.000827711151
38 0.003129832544
39 0.003678772458
40 0.005701015070
41 0.008150166436
42 0.010936110087
43 0.014705759139
44 0.017829789836
45 0.021133398025
46 0.027616600159
47 0.037828466496
48 0.052890203355
49 0.057324453573
50 0.082610651720
51 0.090046622670
52 0.092842099409
53 0.094124794597
54 0.118769032304
55 0.126265246725
56 0.129045269695
57 0.132058192027
58 0.310904000017
59 0.358707179028
60 0.424750479718
61 0.554509949681
62 0.578983167578
63 1.995247798834
64 7.373451585923
