One Electron Eigenvalues:
 1 -32.718282320217
 2 -8.340713950441
 3 -8.317049408570
 4 -7.514848250676
 5 -7.104510208885
 6 -4.312490312555
 7 -3.776891124013
 8 -2.567038792543

Example of symmetry-related two-electron integrals for indices:
Indices: i=1, j=2, k=3, l=8
two_electron_spatial_integrals[1,2,3,8] = -0.0029201732
two_electron_spatial_integrals[3,8,1,2] = -0.0029201732
two_electron_spatial_integrals[1,2,8,3] = -0.0029201732
two_electron_spatial_integrals[8,3,1,2] = -0.0029201732
two_electron_spatial_integrals[2,1,3,8] = -0.0029201732
two_electron_spatial_integrals[3,8,2,1] = -0.0029201732
two_electron_spatial_integrals[2,1,8,3] = -0.0029201732
two_electron_spatial_integrals[8,3,2,1] = -0.0029201732

Two Electron Eigenvalues:
 1 -0.000000000000
 2 -0.000000000000
 3 -0.000000000000
 4 -0.000000000000
 5 -0.000000000000
 6 -0.000000000000
 7 -0.000000000000
 8 -0.000000000000
 9 -0.000000000000
10 -0.000000000000
11 -0.000000000000
12 -0.000000000000
13 -0.000000000000
14 -0.000000000000
15 0.000000000000
16 0.000000000000
17 0.000000000000
18 0.000000000000
19 0.000000000000
20 0.000000000000
21 0.000000000000
22 0.000000000000
23 0.000000000000
24 0.000000000000
25 0.000000000000
26 0.000000000000
27 0.000000000000
28 0.000000000000
29 0.000000093940
30 0.000008758055
31 0.000019586688
32 0.000025412601
33 0.000026497973
34 0.000059110541
35 0.000100461106
36 0.000194490805
37 0.000333764754
38 0.001550133720
39 0.002650248377
40 0.003487483541
41 0.007494068519
42 0.011349450865
43 0.014949626423
44 0.018076471914
45 0.021609710407
46 0.027395779895
47 0.037401070342
48 0.050371006044
49 0.059607254087
50 0.081434029663
51 0.088476264364
52 0.090408459499
53 0.091031095577
54 0.119825785479
55 0.127616563994
56 0.129187057977
57 0.136802436722
58 0.320508402107
59 0.351052629180
60 0.425239595282
61 0.557626115831
62 0.587896297581
63 1.983241223815
64 7.347295518732
