One Electron Eigenvalues:
 1 -32.715241977520
 2 -8.337402083171
 3 -8.314536753247
 4 -7.510778156593
 5 -7.097050531104
 6 -4.311621100646
 7 -3.775943178753
 8 -2.541758215766

Example of symmetry-related two-electron integrals for indices:
Indices: i=1, j=2, k=3, l=8
two_electron_spatial_integrals[1,2,3,8] = -0.0031291811
two_electron_spatial_integrals[3,8,1,2] = -0.0031291811
two_electron_spatial_integrals[1,2,8,3] = -0.0031291811
two_electron_spatial_integrals[8,3,1,2] = -0.0031291811
two_electron_spatial_integrals[2,1,3,8] = -0.0031291811
two_electron_spatial_integrals[3,8,2,1] = -0.0031291811
two_electron_spatial_integrals[2,1,8,3] = -0.0031291811
two_electron_spatial_integrals[8,3,2,1] = -0.0031291811

Two Electron Eigenvalues:
 1 -0.000000000000
 2 -0.000000000000
 3 -0.000000000000
 4 -0.000000000000
 5 -0.000000000000
 6 -0.000000000000
 7 -0.000000000000
 8 -0.000000000000
 9 -0.000000000000
10 -0.000000000000
11 -0.000000000000
12 -0.000000000000
13 -0.000000000000
14 -0.000000000000
15 0.000000000000
16 0.000000000000
17 0.000000000000
18 0.000000000000
19 0.000000000000
20 0.000000000000
21 0.000000000000
22 0.000000000000
23 0.000000000000
24 0.000000000000
25 0.000000000000
26 0.000000000000
27 0.000000000000
28 0.000000000000
29 0.000000084377
30 0.000008760147
31 0.000017827210
32 0.000024217418
33 0.000025159849
34 0.000055275747
35 0.000099622226
36 0.000194201940
37 0.000307901840
38 0.001430069853
39 0.002578565895
40 0.003358145361
41 0.007466687838
42 0.011372539853
43 0.014962170396
44 0.018090013020
45 0.021636750861
46 0.027384109688
47 0.037376892236
48 0.050250842815
49 0.059739185767
50 0.081366341225
51 0.088399461719
52 0.090288250567
53 0.090872330094
54 0.119874943219
55 0.127697995121
56 0.129186616401
57 0.137106906696
58 0.321263877592
59 0.350585182951
60 0.425255741945
61 0.557869923793
62 0.588653351658
63 1.982301590173
64 7.345665650411
