One Electron Eigenvalues:
 1 -32.713258527379
 2 -8.335283995353
 3 -8.312903156430
 4 -7.508102316182
 5 -7.092312461869
 6 -4.311046339601
 7 -3.775298226057
 8 -2.525224569029

Example of symmetry-related two-electron integrals for indices:
Indices: i=1, j=2, k=3, l=8
two_electron_spatial_integrals[1,2,3,8] = -0.0032643513
two_electron_spatial_integrals[3,8,1,2] = -0.0032643513
two_electron_spatial_integrals[1,2,8,3] = -0.0032643513
two_electron_spatial_integrals[8,3,1,2] = -0.0032643513
two_electron_spatial_integrals[2,1,3,8] = -0.0032643513
two_electron_spatial_integrals[3,8,2,1] = -0.0032643513
two_electron_spatial_integrals[2,1,8,3] = -0.0032643513
two_electron_spatial_integrals[8,3,2,1] = -0.0032643513

Two Electron Eigenvalues:
 1 -0.000000000000
 2 -0.000000000000
 3 -0.000000000000
 4 -0.000000000000
 5 -0.000000000000
 6 -0.000000000000
 7 -0.000000000000
 8 -0.000000000000
 9 -0.000000000000
10 -0.000000000000
11 -0.000000000000
12 -0.000000000000
13 -0.000000000000
14 -0.000000000000
15 0.000000000000
16 0.000000000000
17 0.000000000000
18 0.000000000000
19 0.000000000000
20 0.000000000000
21 0.000000000000
22 0.000000000000
23 0.000000000000
24 0.000000000000
25 0.000000000000
26 0.000000000000
27 0.000000000000
28 0.000000000000
29 0.000000078414
30 0.000008760571
31 0.000016681756
32 0.000022777199
33 0.000025066986
34 0.000052681116
35 0.000099278498
36 0.000194024505
37 0.000291822317
38 0.001354965686
39 0.002523456545
40 0.003283884074
41 0.007450038083
42 0.011387382786
43 0.014970887653
44 0.018098563979
45 0.021654074659
46 0.027376884008
47 0.037361477304
48 0.050176534479
49 0.059823565708
50 0.081323661631
51 0.088351854294
52 0.090213270928
53 0.090773708401
54 0.119906694703
55 0.127749167103
56 0.129185713923
57 0.137300363630
58 0.321760800484
59 0.350290056198
60 0.425271281900
61 0.558032540722
62 0.589144579612
63 1.981691567272
64 7.344646858775
