One Electron Eigenvalues:
 1 -32.712279395165
 2 -8.334220503212
 3 -8.312064297944
 4 -7.506804180884
 5 -7.090051927615
 6 -4.310722883287
 7 -3.774934368056
 8 -2.517058628536

Example of symmetry-related two-electron integrals for indices:
Indices: i=1, j=2, k=3, l=8
two_electron_spatial_integrals[1,2,3,8] = -0.003331115
two_electron_spatial_integrals[3,8,1,2] = -0.003331115
two_electron_spatial_integrals[1,2,8,3] = -0.003331115
two_electron_spatial_integrals[8,3,1,2] = -0.003331115
two_electron_spatial_integrals[2,1,3,8] = -0.003331115
two_electron_spatial_integrals[3,8,2,1] = -0.003331115
two_electron_spatial_integrals[2,1,8,3] = -0.003331115
two_electron_spatial_integrals[8,3,2,1] = -0.003331115

Two Electron Eigenvalues:
 1 -0.000000000000
 2 -0.000000000000
 3 -0.000000000000
 4 -0.000000000000
 5 -0.000000000000
 6 -0.000000000000
 7 -0.000000000000
 8 -0.000000000000
 9 -0.000000000000
10 -0.000000000000
11 -0.000000000000
12 0.000000000000
13 0.000000000000
14 0.000000000000
15 0.000000000000
16 0.000000000000
17 0.000000000000
18 0.000000000000
19 0.000000000000
20 0.000000000000
21 0.000000000000
22 0.000000000000
23 0.000000000000
24 0.000000000000
25 0.000000000000
26 0.000000000000
27 0.000000000000
28 0.000000000000
29 0.000000075768
30 0.000008760507
31 0.000016137069
32 0.000022110730
33 0.000025034994
34 0.000051404781
35 0.000099138472
36 0.000193965866
37 0.000284273737
38 0.001318742401
39 0.002494042578
40 0.003250121719
41 0.007442138115
42 0.011393981491
43 0.014974078642
44 0.018102415120
45 0.021661506597
46 0.027373175743
47 0.037354523803
48 0.050142044515
49 0.059861897642
50 0.081303700175
51 0.088329450056
52 0.090178682620
53 0.090727412948
54 0.119919685646
55 0.127772428335
56 0.129185012159
57 0.137392958883
58 0.322001745543
59 0.350152358701
60 0.425274157267
61 0.558116020281
62 0.589393868091
63 1.981387887873
64 7.344132746530
