One Electron Eigenvalues:
 1 -32.708444190444
 2 -8.330120437055
 3 -8.308840025850
 4 -7.501718417699
 5 -7.081337370579
 6 -4.309491751646
 7 -3.773560828840
 8 -2.484989922187

Example of symmetry-related two-electron integrals for indices:
Indices: i=1, j=2, k=3, l=8
two_electron_spatial_integrals[1,2,3,8] = -0.0035876689
two_electron_spatial_integrals[3,8,1,2] = -0.0035876689
two_electron_spatial_integrals[1,2,8,3] = -0.0035876689
two_electron_spatial_integrals[8,3,1,2] = -0.0035876689
two_electron_spatial_integrals[2,1,3,8] = -0.0035876689
two_electron_spatial_integrals[3,8,2,1] = -0.0035876689
two_electron_spatial_integrals[2,1,8,3] = -0.0035876689
two_electron_spatial_integrals[8,3,2,1] = -0.0035876689

Two Electron Eigenvalues:
 1 -0.000000000000
 2 -0.000000000000
 3 -0.000000000000
 4 -0.000000000000
 5 -0.000000000000
 6 -0.000000000000
 7 -0.000000000000
 8 -0.000000000000
 9 -0.000000000000
10 -0.000000000000
11 -0.000000000000
12 -0.000000000000
13 -0.000000000000
14 0.000000000000
15 0.000000000000
16 0.000000000000
17 0.000000000000
18 0.000000000000
19 0.000000000000
20 0.000000000000
21 0.000000000000
22 0.000000000000
23 0.000000000000
24 0.000000000000
25 0.000000000000
26 0.000000000000
27 0.000000000000
28 0.000000000000
29 0.000000065428
30 0.000008759829
31 0.000014065175
32 0.000019535759
33 0.000024953391
34 0.000046395022
35 0.000098680006
36 0.000193634943
37 0.000255940290
38 0.001182872550
39 0.002362790787
40 0.003139131294
41 0.007412922639
42 0.011420567942
43 0.014989124404
44 0.018117840140
45 0.021692323249
46 0.027360532511
47 0.037327080440
48 0.050011706968
49 0.060013747730
50 0.081227852960
51 0.088245872938
52 0.090046896456
53 0.090552352422
54 0.119975881572
55 0.127867439991
56 0.129183495780
57 0.137755881990
58 0.322960517854
59 0.349604219660
60 0.425294781523
61 0.558442146397
62 0.590356900121
63 1.980202595851
64 7.342236517485
