One Electron Eigenvalues:
 1 -32.707505362041
 2 -8.329109226320
 3 -8.308017208073
 4 -7.500489167351
 5 -7.079301120008
 6 -4.309145803722
 7 -3.773167566927
 8 -2.477129648959

Example of symmetry-related two-electron integrals for indices:
Indices: i=1, j=2, k=3, l=8
two_electron_spatial_integrals[1,2,3,8] = -0.0036499043
two_electron_spatial_integrals[3,8,1,2] = -0.0036499043
two_electron_spatial_integrals[1,2,8,3] = -0.0036499043
two_electron_spatial_integrals[8,3,1,2] = -0.0036499043
two_electron_spatial_integrals[2,1,3,8] = -0.0036499043
two_electron_spatial_integrals[3,8,2,1] = -0.0036499043
two_electron_spatial_integrals[2,1,8,3] = -0.0036499043
two_electron_spatial_integrals[8,3,2,1] = -0.0036499043

Two Electron Eigenvalues:
 1 -0.000000000000
 2 -0.000000000000
 3 -0.000000000000
 4 -0.000000000000
 5 -0.000000000000
 6 -0.000000000000
 7 -0.000000000000
 8 -0.000000000000
 9 -0.000000000000
10 -0.000000000000
11 -0.000000000000
12 0.000000000000
13 0.000000000000
14 0.000000000000
15 0.000000000000
16 0.000000000000
17 0.000000000000
18 0.000000000000
19 0.000000000000
20 0.000000000000
21 0.000000000000
22 0.000000000000
23 0.000000000000
24 0.000000000000
25 0.000000000000
26 0.000000000000
27 0.000000000000
28 0.000000000000
29 0.000000063280
30 0.000008758891
31 0.000013592549
32 0.000018956101
33 0.000024942048
34 0.000045203423
35 0.000098548653
36 0.000193587054
37 0.000249512418
38 0.001150972773
39 0.002327448173
40 0.003116270079
41 0.007406270447
42 0.011426250510
43 0.014991835033
44 0.018121142135
45 0.021698576307
46 0.027357266241
47 0.037321105275
48 0.049982544377
49 0.060047106664
50 0.081210522620
51 0.088226795969
52 0.090017516839
53 0.090512699234
54 0.119986619696
55 0.127887647427
56 0.129182575331
57 0.137840063802
58 0.323189452279
59 0.349482384306
60 0.425296364896
61 0.558524196955
62 0.590596920418
63 1.979910551762
64 7.341764549135
