One Electron Eigenvalues:
 1 -32.706574072081
 2 -8.328109961554
 3 -8.307225524375
 4 -7.499276972698
 5 -7.077266749559
 6 -4.308827994873
 7 -3.772818763725
 8 -2.469321199935

Example of symmetry-related two-electron integrals for indices:
Indices: i=1, j=2, k=3, l=8
two_electron_spatial_integrals[1,2,3,8] = -0.0037108131
two_electron_spatial_integrals[3,8,1,2] = -0.0037108131
two_electron_spatial_integrals[1,2,8,3] = -0.0037108131
two_electron_spatial_integrals[8,3,1,2] = -0.0037108131
two_electron_spatial_integrals[2,1,3,8] = -0.0037108131
two_electron_spatial_integrals[3,8,2,1] = -0.0037108131
two_electron_spatial_integrals[2,1,8,3] = -0.0037108131
two_electron_spatial_integrals[8,3,2,1] = -0.0037108131

Two Electron Eigenvalues:
 1 -0.000000000000
 2 -0.000000000000
 3 -0.000000000000
 4 -0.000000000000
 5 -0.000000000000
 6 -0.000000000000
 7 -0.000000000000
 8 -0.000000000000
 9 -0.000000000000
10 0.000000000000
11 0.000000000000
12 0.000000000000
13 0.000000000000
14 0.000000000000
15 0.000000000000
16 0.000000000000
17 0.000000000000
18 0.000000000000
19 0.000000000000
20 0.000000000000
21 0.000000000000
22 0.000000000000
23 0.000000000000
24 0.000000000000
25 0.000000000000
26 0.000000000000
27 0.000000000000
28 0.000000000000
29 0.000000061228
30 0.000008758419
31 0.000013125890
32 0.000018371768
33 0.000024932044
34 0.000044019788
35 0.000098413200
36 0.000193500172
37 0.000243201802
38 0.001119873976
39 0.002291108690
40 0.003095668846
41 0.007399700166
42 0.011432380985
43 0.014995201320
44 0.018124752170
45 0.021705747988
46 0.027354578385
47 0.037314860452
48 0.049953347474
49 0.060082111222
50 0.081193468759
51 0.088208177816
52 0.089987951931
53 0.090473058061
54 0.119999816640
55 0.127910738453
56 0.129182567164
57 0.137927031838
58 0.323422970015
59 0.349350615763
60 0.425299242384
61 0.558606421687
62 0.590834104143
63 1.979621555881
64 7.341322641081
