One Electron Eigenvalues:
 1 -32.700265971796
 2 -8.321434496733
 3 -8.301701116473
 4 -7.491063325845
 5 -7.064233078621
 6 -4.306412422836
 7 -3.770061270627
 8 -2.416295247669

Example of symmetry-related two-electron integrals for indices:
Indices: i=1, j=2, k=3, l=8
two_electron_spatial_integrals[1,2,3,8] = -0.004111303
two_electron_spatial_integrals[3,8,1,2] = -0.004111303
two_electron_spatial_integrals[1,2,8,3] = -0.004111303
two_electron_spatial_integrals[8,3,1,2] = -0.004111303
two_electron_spatial_integrals[2,1,3,8] = -0.004111303
two_electron_spatial_integrals[3,8,2,1] = -0.004111303
two_electron_spatial_integrals[2,1,8,3] = -0.004111303
two_electron_spatial_integrals[8,3,2,1] = -0.004111303

Two Electron Eigenvalues:
 1 -0.000000000000
 2 -0.000000000000
 3 -0.000000000000
 4 -0.000000000000
 5 -0.000000000000
 6 -0.000000000000
 7 -0.000000000000
 8 -0.000000000000
 9 -0.000000000000
10 -0.000000000000
11 -0.000000000000
12 -0.000000000000
13 -0.000000000000
14 -0.000000000000
15 0.000000000000
16 0.000000000000
17 0.000000000000
18 0.000000000000
19 0.000000000000
20 0.000000000000
21 0.000000000000
22 0.000000000000
23 0.000000000000
24 0.000000000000
25 0.000000000000
26 0.000000000000
27 0.000000000000
28 0.000000000000
29 0.000000047674
30 0.000008741480
31 0.000010268420
32 0.000014774896
33 0.000024899532
34 0.000036443121
35 0.000096735524
36 0.000193097843
37 0.000204995600
38 0.000923247042
39 0.002025571120
40 0.002988386958
41 0.007360061956
42 0.011468951790
43 0.015014966988
44 0.018145803103
45 0.021746255147
46 0.027335757522
47 0.037277280699
48 0.049776966724
49 0.060295023787
50 0.081086861773
51 0.088093536209
52 0.089808482685
53 0.090231415752
54 0.120071711554
55 0.128042211034
56 0.129177080440
57 0.138474146428
58 0.324966926718
59 0.348564009937
60 0.425317598978
61 0.559166620649
62 0.592433981179
63 1.977663767424
64 7.338366137417
