One Electron Eigenvalues:
 1 -32.695135753485
 2 -8.316120611189
 3 -8.297110180157
 4 -7.484413508338
 5 -7.054403723257
 6 -4.304233927838
 7 -3.767508930037
 8 -2.372978974799

Example of symmetry-related two-electron integrals for indices:
Indices: i=1, j=2, k=3, l=8
two_electron_spatial_integrals[1,2,3,8] = -0.0044178671
two_electron_spatial_integrals[3,8,1,2] = -0.0044178671
two_electron_spatial_integrals[1,2,8,3] = -0.0044178671
two_electron_spatial_integrals[8,3,1,2] = -0.0044178671
two_electron_spatial_integrals[2,1,3,8] = -0.0044178671
two_electron_spatial_integrals[3,8,2,1] = -0.0044178671
two_electron_spatial_integrals[2,1,8,3] = -0.0044178671
two_electron_spatial_integrals[8,3,2,1] = -0.0044178671

Two Electron Eigenvalues:
 1 -0.000000000000
 2 -0.000000000000
 3 -0.000000000000
 4 -0.000000000000
 5 -0.000000000000
 6 -0.000000000000
 7 -0.000000000000
 8 -0.000000000000
 9 -0.000000000000
10 -0.000000000000
11 -0.000000000000
12 -0.000000000000
13 -0.000000000000
14 -0.000000000000
15 -0.000000000000
16 -0.000000000000
17 0.000000000000
18 0.000000000000
19 0.000000000000
20 0.000000000000
21 0.000000000000
22 0.000000000000
23 0.000000000000
24 0.000000000000
25 0.000000000000
26 0.000000000000
27 0.000000000000
28 0.000000000000
29 0.000000038410
30 0.000008302819
31 0.000008696974
32 0.000012260034
33 0.000024895198
34 0.000030891826
35 0.000093635716
36 0.000179926618
37 0.000192855949
38 0.000780818535
39 0.001799284413
40 0.002930507105
41 0.007333073682
42 0.011494690053
43 0.015029444914
44 0.018160213324
45 0.021773435982
46 0.027321671562
47 0.037251252120
48 0.049655970174
49 0.060446611125
50 0.081010724584
51 0.088013770556
52 0.089683929677
53 0.090063231493
54 0.120119099001
55 0.128131277938
56 0.129170200084
57 0.138883622796
58 0.326193908130
59 0.348012262410
60 0.425334871544
61 0.559632994933
62 0.593731302868
63 1.976074552035
64 7.336087074516
