One Electron Eigenvalues:
 1 -32.693478128269
 2 -8.314348571745
 3 -8.295591781090
 4 -7.482364109598
 5 -7.051358160564
 6 -4.303474893105
 7 -3.766655685910
 8 -2.358953060719

Example of symmetry-related two-electron integrals for indices:
Indices: i=1, j=2, k=3, l=8
two_electron_spatial_integrals[1,2,3,8] = -0.0045124288
two_electron_spatial_integrals[3,8,1,2] = -0.0045124288
two_electron_spatial_integrals[1,2,8,3] = -0.0045124288
two_electron_spatial_integrals[8,3,1,2] = -0.0045124288
two_electron_spatial_integrals[2,1,3,8] = -0.0045124288
two_electron_spatial_integrals[3,8,2,1] = -0.0045124288
two_electron_spatial_integrals[2,1,8,3] = -0.0045124288
two_electron_spatial_integrals[8,3,2,1] = -0.0045124288

Two Electron Eigenvalues:
 1 -0.000000000000
 2 -0.000000000000
 3 -0.000000000000
 4 -0.000000000000
 5 -0.000000000000
 6 -0.000000000000
 7 -0.000000000000
 8 -0.000000000000
 9 -0.000000000000
10 -0.000000000000
11 -0.000000000000
12 -0.000000000000
13 -0.000000000000
14 0.000000000000
15 0.000000000000
16 0.000000000000
17 0.000000000000
18 0.000000000000
19 0.000000000000
20 0.000000000000
21 0.000000000000
22 0.000000000000
23 0.000000000000
24 0.000000000000
25 0.000000000000
26 0.000000000000
27 0.000000000000
28 0.000000000000
29 0.000000035783
30 0.000007735670
31 0.000008669126
32 0.000011540130
33 0.000024896198
34 0.000029238001
35 0.000092100968
36 0.000173163408
37 0.000192759569
38 0.000737801366
39 0.001726221293
40 0.002916560703
41 0.007324886015
42 0.011502108174
43 0.015032708196
44 0.018164720481
45 0.021781614726
46 0.027317977483
47 0.037243966161
48 0.049620661614
49 0.060491015712
50 0.080988898541
51 0.087991021560
52 0.089647921285
53 0.090013175339
54 0.120133379748
55 0.128161408195
56 0.129169715048
57 0.139016932084
58 0.326586705931
59 0.347829297552
60 0.425329032418
61 0.559790246571
62 0.594163518954
63 1.975555289483
64 7.335364958911
