One Electron Eigenvalues:
 1 -32.691040687120
 2 -8.311841662633
 3 -8.293368045220
 4 -7.479261785170
 5 -7.046996961042
 6 -4.302346488613
 7 -3.765329674776
 8 -2.338291750927

Example of symmetry-related two-electron integrals for indices:
Indices: i=1, j=2, k=3, l=8
two_electron_spatial_integrals[1,2,3,8] = -0.0046476759
two_electron_spatial_integrals[3,8,1,2] = -0.0046476759
two_electron_spatial_integrals[1,2,8,3] = -0.0046476759
two_electron_spatial_integrals[8,3,1,2] = -0.0046476759
two_electron_spatial_integrals[2,1,3,8] = -0.0046476759
two_electron_spatial_integrals[3,8,2,1] = -0.0046476759
two_electron_spatial_integrals[2,1,8,3] = -0.0046476759
two_electron_spatial_integrals[8,3,2,1] = -0.0046476759

Two Electron Eigenvalues:
 1 -0.000000000000
 2 -0.000000000000
 3 -0.000000000000
 4 -0.000000000000
 5 -0.000000000000
 6 -0.000000000000
 7 -0.000000000000
 8 -0.000000000000
 9 -0.000000000000
10 -0.000000000000
11 -0.000000000000
12 -0.000000000000
13 -0.000000000000
14 -0.000000000000
15 -0.000000000000
16 -0.000000000000
17 0.000000000000
18 0.000000000000
19 0.000000000000
20 0.000000000000
21 0.000000000000
22 0.000000000000
23 0.000000000000
24 0.000000000000
25 0.000000000000
26 0.000000000000
27 0.000000000000
28 0.000000000000
29 0.000000032249
30 0.000006951381
31 0.000008589819
32 0.000010567870
33 0.000024897590
34 0.000026898633
35 0.000089317656
36 0.000164314465
37 0.000192660065
38 0.000677614157
39 0.001620438103
40 0.002897230231
41 0.007314011767
42 0.011512653980
43 0.015038520192
44 0.018170646962
45 0.021792546960
46 0.027312207325
47 0.037233678838
48 0.049572161421
49 0.060553871118
50 0.080957538525
51 0.087959015898
52 0.089597517419
53 0.089944511539
54 0.120152242388
55 0.128198539770
56 0.129166671646
57 0.139200159174
58 0.327156002069
59 0.347595241339
60 0.425333646527
61 0.560018086555
62 0.594783723475
63 1.974799820153
64 7.334335916439
