One Electron Eigenvalues:
 1 -32.688658575770
 2 -8.309372644126
 3 -8.291162751852
 4 -7.476288805457
 5 -7.042866618414
 6 -4.301185843553
 7 -3.763979444948
 8 -2.318068762980

Example of symmetry-related two-electron integrals for indices:
Indices: i=1, j=2, k=3, l=8
two_electron_spatial_integrals[1,2,3,8] = -0.0047749567
two_electron_spatial_integrals[3,8,1,2] = -0.0047749567
two_electron_spatial_integrals[1,2,8,3] = -0.0047749567
two_electron_spatial_integrals[8,3,1,2] = -0.0047749567
two_electron_spatial_integrals[2,1,3,8] = -0.0047749567
two_electron_spatial_integrals[3,8,2,1] = -0.0047749567
two_electron_spatial_integrals[2,1,8,3] = -0.0047749567
two_electron_spatial_integrals[8,3,2,1] = -0.0047749567

Two Electron Eigenvalues:
 1 -0.000000000000
 2 -0.000000000000
 3 -0.000000000000
 4 -0.000000000000
 5 -0.000000000000
 6 -0.000000000000
 7 -0.000000000000
 8 -0.000000000000
 9 -0.000000000000
10 -0.000000000000
11 -0.000000000000
12 -0.000000000000
13 -0.000000000000
14 -0.000000000000
15 -0.000000000000
16 0.000000000000
17 0.000000000000
18 0.000000000000
19 0.000000000000
20 0.000000000000
21 0.000000000000
22 0.000000000000
23 0.000000000000
24 0.000000000000
25 0.000000000000
26 0.000000000000
27 0.000000000000
28 0.000000000000
29 0.000000029105
30 0.000006248681
31 0.000008411976
32 0.000009794743
33 0.000024748470
34 0.000024900213
35 0.000085917460
36 0.000157091854
37 0.000192563711
38 0.000621929409
39 0.001518902737
40 0.002881155135
41 0.007304078225
42 0.011521983592
43 0.015043244709
44 0.018176034189
45 0.021802265961
46 0.027307032424
47 0.037224749621
48 0.049528517336
49 0.060610232033
50 0.080929140514
51 0.087930399527
52 0.089552226108
53 0.089882030497
54 0.120168629007
55 0.128233119762
56 0.129164312933
57 0.139375636134
58 0.327702413117
59 0.347376898188
60 0.425332039910
61 0.560243263811
62 0.595395674286
63 1.974058647869
64 7.333341504852
