One Electron Eigenvalues:
 1 -32.684807401905
 2 -8.305432412489
 3 -8.287576825127
 4 -7.471492018706
 5 -7.036432387597
 6 -4.299244098144
 7 -3.761694999973
 8 -2.285301953657

Example of symmetry-related two-electron integrals for indices:
Indices: i=1, j=2, k=3, l=8
two_electron_spatial_integrals[1,2,3,8] = -0.004970152
two_electron_spatial_integrals[3,8,1,2] = -0.004970152
two_electron_spatial_integrals[1,2,8,3] = -0.004970152
two_electron_spatial_integrals[8,3,1,2] = -0.004970152
two_electron_spatial_integrals[2,1,3,8] = -0.004970152
two_electron_spatial_integrals[3,8,2,1] = -0.004970152
two_electron_spatial_integrals[2,1,8,3] = -0.004970152
two_electron_spatial_integrals[8,3,2,1] = -0.004970152

Two Electron Eigenvalues:
 1 -0.000000000000
 2 -0.000000000000
 3 -0.000000000000
 4 -0.000000000000
 5 -0.000000000000
 6 -0.000000000000
 7 -0.000000000000
 8 -0.000000000000
 9 -0.000000000000
10 -0.000000000000
11 -0.000000000000
12 -0.000000000000
13 -0.000000000000
14 0.000000000000
15 0.000000000000
16 0.000000000000
17 0.000000000000
18 0.000000000000
19 0.000000000000
20 0.000000000000
21 0.000000000000
22 0.000000000000
23 0.000000000000
24 0.000000000000
25 0.000000000000
26 0.000000000000
27 0.000000000000
28 0.000000000000
29 0.000000024456
30 0.000005227451
31 0.000007644073
32 0.000009155887
33 0.000021524171
34 0.000024903724
35 0.000079083702
36 0.000148120042
37 0.000192432844
38 0.000538409300
39 0.001360350970
40 0.002858785576
41 0.007289711925
42 0.011535854738
43 0.015050604422
44 0.018183918704
45 0.021816483631
46 0.027299223895
47 0.037211940982
48 0.049465032220
49 0.060694407171
50 0.080886730762
51 0.087888635360
52 0.089485543000
53 0.089790200561
54 0.120192281961
55 0.128282979505
56 0.129160008780
57 0.139646916226
58 0.328569349456
59 0.347057864603
60 0.425332718621
61 0.560610407310
62 0.596382038127
63 1.972865040250
64 7.331786968796
