One Electron Eigenvalues:
 1 -32.684054368395
 2 -8.304665161398
 3 -8.286871097623
 4 -7.470560878186
 5 -7.035208520701
 6 -4.298852982720
 7 -3.761233892777
 8 -2.278885253001

Example of symmetry-related two-electron integrals for indices:
Indices: i=1, j=2, k=3, l=8
two_electron_spatial_integrals[1,2,3,8] = -0.0050067351
two_electron_spatial_integrals[3,8,1,2] = -0.0050067351
two_electron_spatial_integrals[1,2,8,3] = -0.0050067351
two_electron_spatial_integrals[8,3,1,2] = -0.0050067351
two_electron_spatial_integrals[2,1,3,8] = -0.0050067351
two_electron_spatial_integrals[3,8,2,1] = -0.0050067351
two_electron_spatial_integrals[2,1,8,3] = -0.0050067351
two_electron_spatial_integrals[8,3,2,1] = -0.0050067351

Two Electron Eigenvalues:
 1 -0.000000000000
 2 -0.000000000000
 3 -0.000000000000
 4 -0.000000000000
 5 -0.000000000000
 6 -0.000000000000
 7 -0.000000000000
 8 -0.000000000000
 9 -0.000000000000
10 -0.000000000000
11 -0.000000000000
12 -0.000000000000
13 -0.000000000000
14 0.000000000000
15 0.000000000000
16 0.000000000000
17 0.000000000000
18 0.000000000000
19 0.000000000000
20 0.000000000000
21 0.000000000000
22 0.000000000000
23 0.000000000000
24 0.000000000000
25 0.000000000000
26 0.000000000000
27 0.000000000000
28 0.000000000000
29 0.000000023743
30 0.000005043978
31 0.000007438465
32 0.000009105674
33 0.000020930193
34 0.000024904300
35 0.000077583066
36 0.000146723555
37 0.000192409203
38 0.000522997326
39 0.001330250206
40 0.002854907554
41 0.007287121614
42 0.011538366261
43 0.015051936211
44 0.018185349378
45 0.021819051796
46 0.027297798189
47 0.037209696857
48 0.049453602830
49 0.060709748839
50 0.080878970442
51 0.087881139788
52 0.089473456114
53 0.089773510169
54 0.120196481255
55 0.128292017682
56 0.129159194582
57 0.139698473960
58 0.328736049554
59 0.346999780073
60 0.425332623402
61 0.560682604640
62 0.596575064362
63 1.972631926354
64 7.331489291985
