One Electron Eigenvalues:
 1 -32.683307103047
 2 -8.303919680705
 3 -8.286175105272
 4 -7.469620091948
 5 -7.034003438164
 6 -4.298471193231
 7 -3.760772859225
 8 -2.272513232908

Example of symmetry-related two-electron integrals for indices:
Indices: i=1, j=2, k=3, l=8
two_electron_spatial_integrals[1,2,3,8] = -0.0050426499
two_electron_spatial_integrals[3,8,1,2] = -0.0050426499
two_electron_spatial_integrals[1,2,8,3] = -0.0050426499
two_electron_spatial_integrals[8,3,1,2] = -0.0050426499
two_electron_spatial_integrals[2,1,3,8] = -0.0050426499
two_electron_spatial_integrals[3,8,2,1] = -0.0050426499
two_electron_spatial_integrals[2,1,8,3] = -0.0050426499
two_electron_spatial_integrals[8,3,2,1] = -0.0050426499

Two Electron Eigenvalues:
 1 -0.000000000000
 2 -0.000000000000
 3 -0.000000000000
 4 -0.000000000000
 5 -0.000000000000
 6 -0.000000000000
 7 -0.000000000000
 8 -0.000000000000
 9 -0.000000000000
10 -0.000000000000
11 -0.000000000000
12 -0.000000000000
13 -0.000000000000
14 -0.000000000000
15 -0.000000000000
16 -0.000000000000
17 0.000000000000
18 0.000000000000
19 0.000000000000
20 0.000000000000
21 0.000000000000
22 0.000000000000
23 0.000000000000
24 0.000000000000
25 0.000000000000
26 0.000000000000
27 0.000000000000
28 0.000000000000
29 0.000000022860
30 0.000004865598
31 0.000007226768
32 0.000009067062
33 0.000020349131
34 0.000024904597
35 0.000076049582
36 0.000145429823
37 0.000192391369
38 0.000507994066
39 0.001300764664
40 0.002850965596
41 0.007284655888
42 0.011540927278
43 0.015053460252
44 0.018186734992
45 0.021821570773
46 0.027296295057
47 0.037207422507
48 0.049442568130
49 0.060725337792
50 0.080871296515
51 0.087873739359
52 0.089461627497
53 0.089757375215
54 0.120200622669
55 0.128300338109
56 0.129158089761
57 0.139748223650
58 0.328901235085
59 0.346945903150
60 0.425335247277
61 0.560754904034
62 0.596764985522
63 1.972402685228
64 7.331200862646
