One Electron Eigenvalues:
 1 -32.681828597230
 2 -8.302407655780
 3 -8.284778340216
 4 -7.467816024759
 5 -7.031653505419
 6 -4.297677803658
 7 -3.759843473684
 8 -2.259900416754

Example of symmetry-related two-electron integrals for indices:
Indices: i=1, j=2, k=3, l=8
two_electron_spatial_integrals[1,2,3,8] = -0.0051118479
two_electron_spatial_integrals[3,8,1,2] = -0.0051118479
two_electron_spatial_integrals[1,2,8,3] = -0.0051118479
two_electron_spatial_integrals[8,3,1,2] = -0.0051118479
two_electron_spatial_integrals[2,1,3,8] = -0.0051118479
two_electron_spatial_integrals[3,8,2,1] = -0.0051118479
two_electron_spatial_integrals[2,1,8,3] = -0.0051118479
two_electron_spatial_integrals[8,3,2,1] = -0.0051118479

Two Electron Eigenvalues:
 1 -0.000000000000
 2 -0.000000000000
 3 -0.000000000000
 4 -0.000000000000
 5 -0.000000000000
 6 -0.000000000000
 7 -0.000000000000
 8 -0.000000000000
 9 -0.000000000000
10 -0.000000000000
11 -0.000000000000
12 -0.000000000000
13 0.000000000000
14 0.000000000000
15 0.000000000000
16 0.000000000000
17 0.000000000000
18 0.000000000000
19 0.000000000000
20 0.000000000000
21 0.000000000000
22 0.000000000000
23 0.000000000000
24 0.000000000000
25 0.000000000000
26 0.000000000000
27 0.000000000000
28 0.000000000000
29 0.000000021306
30 0.000004530638
31 0.000006807331
32 0.000009015723
33 0.000019242390
34 0.000024905704
35 0.000072916617
36 0.000143179599
37 0.000192346492
38 0.000479160471
39 0.001243162401
40 0.002844179647
41 0.007279882458
42 0.011545447021
43 0.015055731894
44 0.018189366427
45 0.021826264344
46 0.027293728052
47 0.037203529318
48 0.049421619107
49 0.060753168758
50 0.080856961032
51 0.087860161853
52 0.089439429224
53 0.089726507527
54 0.120208106891
55 0.128317209340
56 0.129156742219
57 0.139847737153
58 0.329223237746
59 0.346837253301
60 0.425332749362
61 0.560896977335
62 0.597145655858
63 1.971944175673
64 7.330622201887
