One Electron Eigenvalues:
 1 -32.680371813586
 2 -8.300932075803
 3 -8.283401804321
 4 -7.466034057766
 5 -7.029375851297
 6 -4.296890147453
 7 -3.758912860379
 8 -2.247460917596

Example of symmetry-related two-electron integrals for indices:
Indices: i=1, j=2, k=3, l=8
two_electron_spatial_integrals[1,2,3,8] = -0.0051780711
two_electron_spatial_integrals[3,8,1,2] = -0.0051780711
two_electron_spatial_integrals[1,2,8,3] = -0.0051780711
two_electron_spatial_integrals[8,3,1,2] = -0.0051780711
two_electron_spatial_integrals[2,1,3,8] = -0.0051780711
two_electron_spatial_integrals[3,8,2,1] = -0.0051780711
two_electron_spatial_integrals[2,1,8,3] = -0.0051780711
two_electron_spatial_integrals[8,3,2,1] = -0.0051780711

Two Electron Eigenvalues:
 1 -0.000000000000
 2 -0.000000000000
 3 -0.000000000000
 4 -0.000000000000
 5 -0.000000000000
 6 -0.000000000000
 7 -0.000000000000
 8 -0.000000000000
 9 -0.000000000000
10 -0.000000000000
11 -0.000000000000
12 -0.000000000000
13 -0.000000000000
14 -0.000000000000
15 -0.000000000000
16 -0.000000000000
17 0.000000000000
18 0.000000000000
19 0.000000000000
20 0.000000000000
21 0.000000000000
22 0.000000000000
23 0.000000000000
24 0.000000000000
25 0.000000000000
26 0.000000000000
27 0.000000000000
28 0.000000000000
29 0.000000020007
30 0.000004217574
31 0.000006396760
32 0.000008982368
33 0.000018191439
34 0.000024906416
35 0.000069725246
36 0.000141274111
37 0.000192306084
38 0.000451849975
39 0.001187770047
40 0.002837826279
41 0.007275450263
42 0.011549769845
43 0.015058032086
44 0.018191843698
45 0.021830707528
46 0.027291264564
47 0.037199901929
48 0.049402079843
49 0.060779811073
50 0.080843361602
51 0.087847468012
52 0.089418533982
53 0.089697548991
54 0.120215156391
55 0.128332811101
56 0.129155285810
57 0.139943518028
58 0.329537299873
59 0.346736767620
60 0.425331992257
61 0.561037431602
62 0.597519281078
63 1.971494192847
64 7.330063758570
