One Electron Eigenvalues:
 1 -32.679651812923
 2 -8.300234276834
 3 -8.282718901514
 4 -7.465130264816
 5 -7.028285870760
 6 -4.296459755568
 7 -3.758387763384
 8 -2.241308082702

Example of symmetry-related two-electron integrals for indices:
Indices: i=1, j=2, k=3, l=8
two_electron_spatial_integrals[1,2,3,8] = -0.0052110997
two_electron_spatial_integrals[3,8,1,2] = -0.0052110997
two_electron_spatial_integrals[1,2,8,3] = -0.0052110997
two_electron_spatial_integrals[8,3,1,2] = -0.0052110997
two_electron_spatial_integrals[2,1,3,8] = -0.0052110997
two_electron_spatial_integrals[3,8,2,1] = -0.0052110997
two_electron_spatial_integrals[2,1,8,3] = -0.0052110997
two_electron_spatial_integrals[8,3,2,1] = -0.0052110997

Two Electron Eigenvalues:
 1 -0.000000000000
 2 -0.000000000000
 3 -0.000000000000
 4 -0.000000000000
 5 -0.000000000000
 6 -0.000000000000
 7 -0.000000000000
 8 -0.000000000000
 9 -0.000000000000
10 -0.000000000000
11 -0.000000000000
12 -0.000000000000
13 0.000000000000
14 0.000000000000
15 0.000000000000
16 0.000000000000
17 0.000000000000
18 0.000000000000
19 0.000000000000
20 0.000000000000
21 0.000000000000
22 0.000000000000
23 0.000000000000
24 0.000000000000
25 0.000000000000
26 0.000000000000
27 0.000000000000
28 0.000000000000
29 0.000000019378
30 0.000004072034
31 0.000006201944
32 0.000008968865
33 0.000017690546
34 0.000024907386
35 0.000068138403
36 0.000140418408
37 0.000192352439
38 0.000438832580
39 0.001160828876
40 0.002834406483
41 0.007273863563
42 0.011551159079
43 0.015059071974
44 0.018192485265
45 0.021831863280
46 0.027290191483
47 0.037198942685
48 0.049393358825
49 0.060788343248
50 0.080836523593
51 0.087841905874
52 0.089409048935
53 0.089684762422
54 0.120216324072
55 0.128335070578
56 0.129153494568
57 0.139984322723
58 0.329681495104
59 0.346711195993
60 0.425334146799
61 0.561098817974
62 0.597696106181
63 1.971270412327
64 7.329777130112
