One Electron Eigenvalues:
 1 -32.674751793364
 2 -8.295296086507
 3 -8.278050767981
 4 -7.459222140417
 5 -7.020954048061
 6 -4.293710680608
 7 -3.755139296219
 8 -2.199377632443

Example of symmetry-related two-electron integrals for indices:
Indices: i=1, j=2, k=3, l=8
two_electron_spatial_integrals[1,2,3,8] = -0.0054149356
two_electron_spatial_integrals[3,8,1,2] = -0.0054149356
two_electron_spatial_integrals[1,2,8,3] = -0.0054149356
two_electron_spatial_integrals[8,3,1,2] = -0.0054149356
two_electron_spatial_integrals[2,1,3,8] = -0.0054149356
two_electron_spatial_integrals[3,8,2,1] = -0.0054149356
two_electron_spatial_integrals[2,1,8,3] = -0.0054149356
two_electron_spatial_integrals[8,3,2,1] = -0.0054149356

Two Electron Eigenvalues:
 1 -0.000000000000
 2 -0.000000000000
 3 -0.000000000000
 4 -0.000000000000
 5 -0.000000000000
 6 -0.000000000000
 7 -0.000000000000
 8 -0.000000000000
 9 -0.000000000000
10 -0.000000000000
11 -0.000000000000
12 -0.000000000000
13 -0.000000000000
14 0.000000000000
15 0.000000000000
16 0.000000000000
17 0.000000000000
18 0.000000000000
19 0.000000000000
20 0.000000000000
21 0.000000000000
22 0.000000000000
23 0.000000000000
24 0.000000000000
25 0.000000000000
26 0.000000000000
27 0.000000000000
28 0.000000000000
29 0.000000015143
30 0.000003165790
31 0.000004946713
32 0.000008916727
33 0.000014527154
34 0.000024903635
35 0.000057121452
36 0.000136094903
37 0.000192194272
38 0.000356516539
39 0.000987179662
40 0.002816935987
41 0.007260847339
42 0.011564004031
43 0.015065801309
44 0.018199993223
45 0.021845298418
46 0.027282942893
47 0.037189043362
48 0.049336987864
49 0.060868528165
50 0.080796396358
51 0.087805863656
52 0.089347852409
53 0.089599432646
54 0.120237184003
55 0.128382801108
56 0.129149569570
57 0.140293940033
58 0.330704891897
59 0.346411624131
60 0.425329190299
61 0.561573648606
62 0.598951448888
63 1.969762787419
64 7.327975476796
