One Electron Eigenvalues:
 1 -32.674071669800
 2 -8.294616049296
 3 -8.277399212734
 4 -7.458405038834
 5 -7.019964931997
 6 -4.293313578241
 7 -3.754667853066
 8 -2.193544935233

Example of symmetry-related two-electron integrals for indices:
Indices: i=1, j=2, k=3, l=8
two_electron_spatial_integrals[1,2,3,8] = -0.0054416073
two_electron_spatial_integrals[3,8,1,2] = -0.0054416073
two_electron_spatial_integrals[1,2,8,3] = -0.0054416073
two_electron_spatial_integrals[8,3,1,2] = -0.0054416073
two_electron_spatial_integrals[2,1,3,8] = -0.0054416073
two_electron_spatial_integrals[3,8,2,1] = -0.0054416073
two_electron_spatial_integrals[2,1,8,3] = -0.0054416073
two_electron_spatial_integrals[8,3,2,1] = -0.0054416073

Two Electron Eigenvalues:
 1 -0.000000000000
 2 -0.000000000000
 3 -0.000000000000
 4 -0.000000000000
 5 -0.000000000000
 6 -0.000000000000
 7 -0.000000000000
 8 -0.000000000000
 9 -0.000000000000
10 0.000000000000
11 0.000000000000
12 0.000000000000
13 0.000000000000
14 0.000000000000
15 0.000000000000
16 0.000000000000
17 0.000000000000
18 0.000000000000
19 0.000000000000
20 0.000000000000
21 0.000000000000
22 0.000000000000
23 0.000000000000
24 0.000000000000
25 0.000000000000
26 0.000000000000
27 0.000000000000
28 0.000000000000
29 0.000000014642
30 0.000003053051
31 0.000004785755
32 0.000008911770
33 0.000014118504
34 0.000024902655
35 0.000055614322
36 0.000135639293
37 0.000192184819
38 0.000345961138
39 0.000964245918
40 0.002814739853
41 0.007259286086
42 0.011565547030
43 0.015066661255
44 0.018200886152
45 0.021846928647
46 0.027282038695
47 0.037187979662
48 0.049329962427
49 0.060878193728
50 0.080791163355
51 0.087801388800
52 0.089340118458
53 0.089588674882
54 0.120239460262
55 0.128388095615
56 0.129148905208
57 0.140334826923
58 0.330841968665
59 0.346377268804
60 0.425328784077
61 0.561639699693
62 0.599125817993
63 1.969554288038
64 7.327728586026
