One Electron Eigenvalues:
 1 -32.671398628673
 2 -8.291956271602
 3 -8.274830769023
 4 -7.455216756729
 5 -7.016163500360
 6 -4.291745666252
 7 -3.752798663177
 8 -2.170611120385

Example of symmetry-related two-electron integrals for indices:
Indices: i=1, j=2, k=3, l=8
two_electron_spatial_integrals[1,2,3,8] = -0.0055418
two_electron_spatial_integrals[3,8,1,2] = -0.0055418
two_electron_spatial_integrals[1,2,8,3] = -0.0055418
two_electron_spatial_integrals[8,3,1,2] = -0.0055418
two_electron_spatial_integrals[2,1,3,8] = -0.0055418
two_electron_spatial_integrals[3,8,2,1] = -0.0055418
two_electron_spatial_integrals[2,1,8,3] = -0.0055418
two_electron_spatial_integrals[8,3,2,1] = -0.0055418

Two Electron Eigenvalues:
 1 -0.000000000000
 2 -0.000000000000
 3 -0.000000000000
 4 -0.000000000000
 5 -0.000000000000
 6 -0.000000000000
 7 -0.000000000000
 8 -0.000000000000
 9 -0.000000000000
10 -0.000000000000
11 -0.000000000000
12 0.000000000000
13 0.000000000000
14 0.000000000000
15 0.000000000000
16 0.000000000000
17 0.000000000000
18 0.000000000000
19 0.000000000000
20 0.000000000000
21 0.000000000000
22 0.000000000000
23 0.000000000000
24 0.000000000000
25 0.000000000000
26 0.000000000000
27 0.000000000000
28 0.000000000000
29 0.000000013050
30 0.000002647321
31 0.000004201880
32 0.000008894948
33 0.000012623440
34 0.000024899895
35 0.000049857067
36 0.000134083033
37 0.000192131797
38 0.000306791053
39 0.000877433122
40 0.002806780923
41 0.007253523207
42 0.011571369236
43 0.015069818960
44 0.018204271169
45 0.021853063035
46 0.027278463477
47 0.037184349329
48 0.049304729655
49 0.060915081206
50 0.080772283036
51 0.087785746924
52 0.089312065664
53 0.089549476768
54 0.120248199886
55 0.128408879421
56 0.129146810532
57 0.140492979134
58 0.331374887915
59 0.346249347666
60 0.425327205106
61 0.561899881659
62 0.599810610623
63 1.968737418311
64 7.326787647756
