One Electron Eigenvalues:
 1 -32.663809141422
 2 -8.284452191787
 3 -8.267484083100
 4 -7.446288742312
 5 -7.005878093346
 6 -4.287095872283
 7 -3.747250133200
 8 -2.105294320249

Example of symmetry-related two-electron integrals for indices:
Indices: i=1, j=2, k=3, l=8
two_electron_spatial_integrals[1,2,3,8] = -0.0057893539
two_electron_spatial_integrals[3,8,1,2] = -0.0057893539
two_electron_spatial_integrals[1,2,8,3] = -0.0057893539
two_electron_spatial_integrals[8,3,1,2] = -0.0057893539
two_electron_spatial_integrals[2,1,3,8] = -0.0057893539
two_electron_spatial_integrals[3,8,2,1] = -0.0057893539
two_electron_spatial_integrals[2,1,8,3] = -0.0057893539
two_electron_spatial_integrals[8,3,2,1] = -0.0057893539

Two Electron Eigenvalues:
 1 -0.000000000000
 2 -0.000000000000
 3 -0.000000000000
 4 -0.000000000000
 5 -0.000000000000
 6 -0.000000000000
 7 -0.000000000000
 8 -0.000000000000
 9 -0.000000000000
10 -0.000000000000
11 -0.000000000000
12 -0.000000000000
13 -0.000000000000
14 -0.000000000000
15 -0.000000000000
16 -0.000000000000
17 0.000000000000
18 0.000000000000
19 0.000000000000
20 0.000000000000
21 0.000000000000
22 0.000000000000
23 0.000000000000
24 0.000000000000
25 0.000000000000
26 0.000000000000
27 0.000000000000
28 0.000000000000
29 0.000000008717
30 0.000001713923
31 0.000002813864
32 0.000008656074
33 0.000009151046
34 0.000024868818
35 0.000035195092
36 0.000130596484
37 0.000192025932
38 0.000212426379
39 0.000658391678
40 0.002788851719
41 0.007240515645
42 0.011584988461
43 0.015077652521
44 0.018212337453
45 0.021868208815
46 0.027270164556
47 0.037178131450
48 0.049246901600
49 0.061002326962
50 0.080726754993
51 0.087751340866
52 0.089245930951
53 0.089456894804
54 0.120267398838
55 0.128456022725
56 0.129141607023
57 0.140916066105
58 0.332801663803
59 0.345978332795
60 0.425322957187
61 0.562646268347
62 0.601752705584
63 1.966440925735
64 7.324232742253
