Begin IJ Block
1   1   -5.6899318318
1   2   0.0003770037
1   5   -0.0151064731
2   2   -6.9029695569
2   5   -0.0161278337
3   3   -5.9134033883
3   4   -0.0000000000
4   4   -5.9134033883
5   5   -5.7436258793

End IJ Block
Begin IA Block
1   1   0.0998192648
1   4   0.0729093105
2   1   0.0282794087
2   4   0.1189276961
3   2   -0.0067154627
3   3   0.1619918000
4   2   0.1619918000
4   3   0.0067154626
5   1   -0.1649068851
5   4   -0.1084608678

End IA Block
Begin AB Block
1   1   -1.5829703960
1   4   -0.3593359522
2   2   -1.3744566173
3   3   -1.3744566173
4   4   -1.4633550713

End AB Block
Begin IJKL Block
1   6   1   6   1.6353922736
1   6   1   7   -0.0017041228
1   6   1   10   0.0214310380
1   6   2   6   -0.0017041228
1   6   2   7   -0.0000050293
1   6   2   10   -0.0000349160
1   6   3   8   -0.0000053171
1   6   4   9   -0.0000053171
1   6   5   6   0.0214310380
1   6   5   7   -0.0000349160
1   6   5   10   0.0002350875
1   7   1   6   -0.0017041228
1   7   1   7   0.1784929270
1   7   1   10   -0.0202821696
1   7   2   6   0.0000064825
1   7   2   7   0.0002448255
1   7   2   10   -0.0000541645
1   7   3   8   0.0000588874
1   7   4   9   0.0000588874
1   7   5   6   -0.0000385908
1   7   5   7   -0.0009465359
1   7   5   10   0.0002021578
1   8   1   8   0.1773634376
1   8   2   8   0.0002305257
1   8   3   6   0.0000029884
1   8   3   7   0.0000629196
1   8   3   10   -0.0000240074
1   8   5   8   -0.0008995167
1   9   1   9   0.1773634376
1   9   2   9   0.0002305257
1   9   4   6   0.0000029884
1   9   4   7   0.0000629196
1   9   4   10   -0.0000240074
1   9   5   9   -0.0008995167
1   10   1   6   0.0214310380
1   10   1   7   -0.0202821696
1   10   1   10   0.1948947508
1   10   2   6   -0.0000385908
1   10   2   7   -0.0000441746
1   10   2   10   0.0002300292
1   10   3   8   -0.0000171695
1   10   4   9   -0.0000171695
1   10   5   6   0.0005996811
1   10   5   7   0.0002022242
1   10   5   10   -0.0009962624
2   6   1   6   -0.0017041228
2   6   1   7   0.0000064825
2   6   1   10   -0.0000385908
2   6   2   6   0.1784929270
2   6   2   7   0.0002448255
2   6   2   10   -0.0009465359
2   6   3   8   0.0000588874
2   6   4   9   0.0000588874
2   6   5   6   -0.0202821696
2   6   5   7   -0.0000541645
2   6   5   10   0.0002021578
2   7   1   6   -0.0000050293
2   7   1   7   0.0002448255
2   7   1   10   -0.0000441746
2   7   2   6   0.0002448255
2   7   2   7   0.8715485018
2   7   2   10   0.0107866121
2   7   3   8   0.1522616283
2   7   4   9   0.1522616283
2   7   5   6   -0.0000441746
2   7   5   7   0.0107866121
2   7   5   10   0.1426720046
2   8   1   8   0.0002305257
2   8   2   8   0.8142648187
2   8   3   6   0.0000629196
2   8   3   7   0.1569418090
2   8   3   10   0.0021157623
2   8   5   8   0.0094398397
2   9   1   9   0.0002305257
2   9   2   9   0.8142648187
2   9   4   6   0.0000629196
2   9   4   7   0.1569418090
2   9   4   10   0.0021157623
2   9   5   9   0.0094398397
2   10   1   6   -0.0000349160
2   10   1   7   -0.0000541645
2   10   1   10   0.0002300292
2   10   2   6   -0.0009465359
2   10   2   7   0.0107866121
2   10   2   10   0.7784773267
2   10   3   8   0.0019770555
2   10   4   9   0.0019770555
2   10   5   6   0.0002022242
2   10   5   7   0.1481052617
2   10   5   10   0.0102395844
3   6   1   8   0.0000029884
3   6   2   8   0.0000629196
3   6   3   6   0.1773634376
3   6   3   7   0.0002305257
3   6   3   10   -0.0008995167
3   6   5   8   -0.0000240074
3   7   1   8   0.0000629196
3   7   2   8   0.1569418090
3   7   3   6   0.0002305257
3   7   3   7   0.8142648187
3   7   3   10   0.0094398397
3   7   5   8   0.0021157623
3   8   1   6   -0.0000053171
3   8   1   7   0.0000588874
3   8   1   10   -0.0000171695
3   8   2   6   0.0000588874
3   8   2   7   0.1522616283
3   8   2   10   0.0019770555
3   8   3   8   0.8085077861
3   8   3   9   0.0000000000
3   8   4   8   0.0000000000
3   8   4   9   0.0313427734
3   8   5   6   -0.0000171695
3   8   5   7   0.0019770555
3   8   5   10   0.0294410549
3   9   3   8   0.0000000000
3   9   3   9   0.7397872273
3   9   4   8   0.0373777854
3   9   4   9   0.0000000000
3   10   1   8   -0.0000240074
3   10   2   8   0.0021157623
3   10   3   6   -0.0008995167
3   10   3   7   0.0094398397
3   10   3   10   0.7086511578
3   10   4   10   0.0000000000
3   10   5   8   0.0353155181
4   6   1   9   0.0000029884
4   6   2   9   0.0000629196
4   6   4   6   0.1773634376
4   6   4   7   0.0002305257
4   6   4   10   -0.0008995167
4   6   5   9   -0.0000240074
4   7   1   9   0.0000629196
4   7   2   9   0.1569418090
4   7   4   6   0.0002305257
4   7   4   7   0.8142648187
4   7   4   10   0.0094398397
4   7   5   9   0.0021157623
4   8   3   8   0.0000000000
4   8   3   9   0.0373777854
4   8   4   8   0.7397872273
4   8   4   9   0.0000000000
4   9   1   6   -0.0000053171
4   9   1   7   0.0000588874
4   9   1   10   -0.0000171695
4   9   2   6   0.0000588874
4   9   2   7   0.1522616283
4   9   2   10   0.0019770555
4   9   3   8   0.0313427734
4   9   3   9   0.0000000000
4   9   4   8   0.0000000000
4   9   4   9   0.8085077861
4   9   5   6   -0.0000171695
4   9   5   7   0.0019770555
4   9   5   10   0.0294410549
4   10   1   9   -0.0000240074
4   10   2   9   0.0021157623
4   10   3   10   0.0000000000
4   10   4   6   -0.0008995167
4   10   4   7   0.0094398397
4   10   4   10   0.7086511578
4   10   5   9   0.0353155181
5   6   1   6   0.0214310380
5   6   1   7   -0.0000385908
5   6   1   10   0.0005996811
5   6   2   6   -0.0202821696
5   6   2   7   -0.0000441746
5   6   2   10   0.0002022242
5   6   3   8   -0.0000171695
5   6   4   9   -0.0000171695
5   6   5   6   0.1948947508
5   6   5   7   0.0002300292
5   6   5   10   -0.0009962624
5   7   1   6   -0.0000349160
5   7   1   7   -0.0009465359
5   7   1   10   0.0002022242
5   7   2   6   -0.0000541645
5   7   2   7   0.0107866121
5   7   2   10   0.1481052617
5   7   3   8   0.0019770555
5   7   4   9   0.0019770555
5   7   5   6   0.0002300292
5   7   5   7   0.7784773267
5   7   5   10   0.0102395844
5   8   1   8   -0.0008995167
5   8   2   8   0.0094398397
5   8   3   6   -0.0000240074
5   8   3   7   0.0021157623
5   8   3   10   0.0353155181
5   8   5   8   0.7086511578
5   8   5   9   0.0000000000
5   9   1   9   -0.0008995167
5   9   2   9   0.0094398397
5   9   4   6   -0.0000240074
5   9   4   7   0.0021157623
5   9   4   10   0.0353155181
5   9   5   8   0.0000000000
5   9   5   9   0.7086511578
5   10   1   6   0.0002350875
5   10   1   7   0.0002021578
5   10   1   10   -0.0009962624
5   10   2   6   0.0002021578
5   10   2   7   0.1426720046
5   10   2   10   0.0102395844
5   10   3   8   0.0294410549
5   10   4   9   0.0294410549
5   10   5   6   -0.0009962624
5   10   5   7   0.0102395844
5   10   5   10   0.7413349560

End IJKL Block
Begin IJAB Block
1   6   1   5   0.0100218504
1   6   1   8   0.0081088958
1   6   2   6   0.0013401811
1   6   3   7   0.0013401811
1   6   4   5   0.0081088958
1   6   4   8   0.0074764774
1   7   1   5   -0.0000110468
1   7   1   8   -0.0000189030
1   7   2   6   0.0000137816
1   7   3   7   0.0000137816
1   7   4   5   -0.0000195738
1   7   4   8   -0.0000149787
1   8   1   6   -0.0000003648
1   8   1   7   0.0000087996
1   8   2   5   -0.0000042362
1   8   2   8   -0.0000073090
1   8   3   5   0.0001021870
1   8   3   8   0.0001763089
1   8   4   6   0.0000009978
1   8   4   7   -0.0000240690
1   9   1   6   0.0000087996
1   9   1   7   0.0000003648
1   9   2   5   0.0001021870
1   9   2   8   0.0001763089
1   9   3   5   0.0000042362
1   9   3   8   0.0000073090
1   9   4   6   -0.0000240690
1   9   4   7   -0.0000009978
1   10   1   5   0.0003343017
1   10   1   8   0.0006135434
1   10   2   6   -0.0002973479
1   10   3   7   -0.0002973479
1   10   4   5   0.0002669791
1   10   4   8   0.0002277885
2   6   1   5   -0.0000110468
2   6   1   8   -0.0000195738
2   6   2   6   0.0000137816
2   6   3   7   0.0000137816
2   6   4   5   -0.0000189030
2   6   4   8   -0.0000149787
2   7   1   5   0.0010804109
2   7   1   8   0.0012794625
2   7   2   6   0.0007291341
2   7   3   7   0.0007291341
2   7   4   5   0.0012794625
2   7   4   8   0.0023326917
2   8   1   6   -0.0000129588
2   8   1   7   0.0003125940
2   8   2   5   -0.0000066551
2   8   2   8   -0.0000290360
2   8   3   5   0.0001605364
2   8   3   8   0.0007004135
2   8   4   6   -0.0000634958
2   8   4   7   0.0015316602
2   9   1   6   0.0003125940
2   9   1   7   0.0000129588
2   9   2   5   0.0001605364
2   9   2   8   0.0007004135
2   9   3   5   0.0000066551
2   9   3   8   0.0000290360
2   9   4   6   0.0015316602
2   9   4   7   0.0000634958
2   10   1   5   -0.0005612634
2   10   1   8   -0.0012051486
2   10   2   6   -0.0000229713
2   10   3   7   -0.0000229713
2   10   4   5   -0.0019923685
2   10   4   8   -0.0027104147
3   6   1   6   -0.0000042362
3   6   1   7   0.0001021870
3   6   2   5   -0.0000003648
3   6   2   8   0.0000009978
3   6   3   5   0.0000087996
3   6   3   8   -0.0000240690
3   6   4   6   -0.0000073090
3   6   4   7   0.0001763089
3   7   1   6   -0.0000066551
3   7   1   7   0.0001605364
3   7   2   5   -0.0000129588
3   7   2   8   -0.0000634958
3   7   3   5   0.0003125940
3   7   3   8   0.0015316602
3   7   4   6   -0.0000290360
3   7   4   7   0.0007004135
3   8   1   5   0.0006433769
3   8   1   8   0.0007141167
3   8   2   6   0.0003418744
3   8   2   7   -0.0000851206
3   8   3   6   -0.0000851206
3   8   3   7   0.0023916432
3   8   4   5   0.0007141167
3   8   4   8   0.0015205564
3   9   2   6   -0.0000851206
3   9   2   7   0.0003618451
3   9   3   6   0.0016879237
3   9   3   7   0.0000851206
3   10   1   6   0.0000247722
3   10   1   7   -0.0005975601
3   10   2   5   0.0000871360
3   10   2   8   0.0000916980
3   10   3   5   -0.0021019127
3   10   3   8   -0.0022119581
3   10   4   6   0.0000283505
3   10   4   7   -0.0006838778
4   6   1   6   0.0001021870
4   6   1   7   0.0000042362
4   6   2   5   0.0000087996
4   6   2   8   -0.0000240690
4   6   3   5   0.0000003648
4   6   3   8   -0.0000009978
4   6   4   6   0.0001763089
4   6   4   7   0.0000073090
4   7   1   6   0.0001605364
4   7   1   7   0.0000066551
4   7   2   5   0.0003125940
4   7   2   8   0.0015316602
4   7   3   5   0.0000129588
4   7   3   8   0.0000634958
4   7   4   6   0.0007004135
4   7   4   7   0.0000290360
4   8   2   6   -0.0000851206
4   8   2   7   0.0016879237
4   8   3   6   0.0003618451
4   8   3   7   0.0000851206
4   9   1   5   0.0006433769
4   9   1   8   0.0007141167
4   9   2   6   0.0023916432
4   9   2   7   0.0000851206
4   9   3   6   0.0000851206
4   9   3   7   0.0003418744
4   9   4   5   0.0007141167
4   9   4   8   0.0015205564
4   10   1   6   -0.0005975601
4   10   1   7   -0.0000247722
4   10   2   5   -0.0021019127
4   10   2   8   -0.0022119581
4   10   3   5   -0.0000871360
4   10   3   8   -0.0000916980
4   10   4   6   -0.0006838778
4   10   4   7   -0.0000283505
5   6   1   5   0.0003343017
5   6   1   8   0.0002669791
5   6   2   6   -0.0002973479
5   6   3   7   -0.0002973479
5   6   4   5   0.0006135434
5   6   4   8   0.0002277885
5   7   1   5   -0.0005612634
5   7   1   8   -0.0019923685
5   7   2   6   -0.0000229713
5   7   3   7   -0.0000229713
5   7   4   5   -0.0012051486
5   7   4   8   -0.0027104147
5   8   1   6   0.0000871360
5   8   1   7   -0.0021019127
5   8   2   5   0.0000247722
5   8   2   8   0.0000283505
5   8   3   5   -0.0005975601
5   8   3   8   -0.0006838778
5   8   4   6   0.0000916980
5   8   4   7   -0.0022119581
5   9   1   6   -0.0021019127
5   9   1   7   -0.0000871360
5   9   2   5   -0.0005975601
5   9   2   8   -0.0006838778
5   9   3   5   -0.0000247722
5   9   3   8   -0.0000283505
5   9   4   6   -0.0022119581
5   9   4   7   -0.0000916980
5   10   1   5   0.0040865846
5   10   1   8   0.0043200541
5   10   2   6   0.0006711169
5   10   3   7   0.0006711169
5   10   4   5   0.0043200541
5   10   4   8   0.0058069478

End IJAB Block
Begin ABCD Block
1   5   1   5   0.2291793515
1   5   1   8   0.0120192035
1   5   2   6   0.0306967080
1   5   3   7   0.0306967080
1   5   4   5   0.0120192035
1   5   4   8   0.0208544211
1   6   1   6   0.1685212575
1   6   2   5   0.0306970408
1   6   2   8   0.0064900093
1   6   4   6   0.0143287024
1   7   1   7   0.1685212575
1   7   3   5   0.0306970408
1   7   3   8   0.0064900093
1   7   4   7   0.0143287024
1   8   1   5   0.0120192035
1   8   1   8   0.1580330163
1   8   2   6   0.0064899868
1   8   3   7   0.0064899868
1   8   4   5   0.0208587571
1   8   4   8   0.0080471843
2   5   1   6   0.0306970408
2   5   2   5   0.1685212575
2   5   2   8   0.0143287024
2   5   4   6   0.0064900093
2   6   1   5   0.0306967080
2   6   1   8   0.0064899868
2   6   2   6   0.1548520281
2   6   3   7   0.0084661908
2   6   4   5   0.0064899868
2   6   4   8   0.0095969724
2   7   2   7   0.1379196865
2   7   3   6   0.0084661508
2   8   1   6   0.0064900093
2   8   2   5   0.0143287024
2   8   2   8   0.1335156021
2   8   4   6   0.0095973525
3   5   1   7   0.0306970408
3   5   3   5   0.1685212575
3   5   3   8   0.0143287024
3   5   4   7   0.0064900093
3   6   2   7   0.0084661508
3   6   3   6   0.1379196865
3   7   1   5   0.0306967080
3   7   1   8   0.0064899868
3   7   2   6   0.0084661908
3   7   3   7   0.1548520281
3   7   4   5   0.0064899868
3   7   4   8   0.0095969724
3   8   1   7   0.0064900093
3   8   3   5   0.0143287024
3   8   3   8   0.1335156021
3   8   4   7   0.0095973525
4   5   1   5   0.0120192035
4   5   1   8   0.0208587571
4   5   2   6   0.0064899868
4   5   3   7   0.0064899868
4   5   4   5   0.1580330163
4   5   4   8   0.0080471843
4   6   1   6   0.0143287024
4   6   2   5   0.0064900093
4   6   2   8   0.0095973525
4   6   4   6   0.1335156021
4   7   1   7   0.0143287024
4   7   3   5   0.0064900093
4   7   3   8   0.0095973525
4   7   4   7   0.1335156021
4   8   1   5   0.0208544211
4   8   1   8   0.0080471843
4   8   2   6   0.0095969724
4   8   3   7   0.0095969724
4   8   4   5   0.0080471843
4   8   4   8   0.1379177652

End ABCD Block
Begin AIJB Block
1   6   1   5   0.0078306152
1   6   1   8   0.0061863963
1   6   2   5   -0.0000029314
1   6   2   8   -0.0000120827
1   6   3   6   -0.0000036344
1   6   3   7   0.0000876691
1   6   4   6   0.0000876691
1   6   4   7   0.0000036344
1   6   5   5   0.0002172150
1   6   5   8   0.0001341384
1   7   1   5   -0.0000029314
1   7   1   8   -0.0000103086
1   7   2   5   0.0008712271
1   7   2   8   0.0010252533
1   7   3   6   -0.0000029088
1   7   3   7   0.0000701666
1   7   4   6   0.0000701666
1   7   4   7   0.0000029088
1   7   5   5   -0.0002382492
1   7   5   8   -0.0011782527
1   8   1   6   -0.0000002261
1   8   1   7   0.0000054538
1   8   2   6   -0.0000076208
1   8   2   7   0.0001838309
1   8   3   5   0.0002895475
1   8   3   8   0.0004197510
1   8   5   6   0.0000797166
1   8   5   7   -0.0019229402
1   9   1   6   0.0000054538
1   9   1   7   0.0000002261
1   9   2   6   0.0001838309
1   9   2   7   0.0000076208
1   9   4   5   0.0002895475
1   9   4   8   0.0004197510
1   9   5   6   -0.0019229402
1   9   5   7   -0.0000797166
1   10   1   5   0.0002172150
1   10   1   8   0.0004397387
1   10   2   5   -0.0002382492
1   10   2   8   -0.0004439553
1   10   3   6   0.0000127800
1   10   3   7   -0.0003082810
1   10   4   6   -0.0003082810
1   10   4   7   -0.0000127800
1   10   5   5   0.0028830215
1   10   5   8   0.0031560928
2   6   1   6   0.0011667801
2   6   2   6   0.0000067077
2   6   3   5   -0.0000002261
2   6   3   8   0.0000003637
2   6   4   5   0.0000054538
2   6   4   8   -0.0000087729
2   6   5   6   -0.0002402342
2   7   1   6   0.0000067077
2   7   2   6   0.0005872333
2   7   3   5   -0.0000076208
2   7   3   8   -0.0000426392
2   7   4   5   0.0001838309
2   7   4   8   0.0010285526
2   7   5   6   0.0000269865
2   8   1   5   -0.0000036344
2   8   1   8   -0.0000062239
2   8   2   5   -0.0000029088
2   8   2   8   -0.0000130692
2   8   3   6   0.0001930976
2   8   3   7   -0.0000732057
2   8   4   6   -0.0000732057
2   8   4   7   0.0015732811
2   8   5   5   0.0000127800
2   8   5   8   0.0000189581
2   9   1   5   0.0000876691
2   9   1   8   0.0001501347
2   9   2   5   0.0000701666
2   9   2   8   0.0003152575
2   9   3   6   -0.0000732057
2   9   3   7   0.0001895680
2   9   4   6   0.0019559467
2   9   4   7   0.0000732057
2   9   5   5   -0.0003082810
2   9   5   8   -0.0004573109
2   10   1   6   -0.0002402342
2   10   2   6   0.0000269865
2   10   3   5   0.0000797166
2   10   3   8   0.0000815983
2   10   4   5   -0.0019229402
2   10   4   8   -0.0019683318
2   10   5   6   0.0004716290
3   6   1   7   0.0011667801
3   6   2   7   0.0000067077
3   6   3   5   0.0000054538
3   6   3   8   -0.0000087729
3   6   4   5   0.0000002261
3   6   4   8   -0.0000003637
3   6   5   7   -0.0002402342
3   7   1   7   0.0000067077
3   7   2   7   0.0005872333
3   7   3   5   0.0001838309
3   7   3   8   0.0010285526
3   7   4   5   0.0000076208
3   7   4   8   0.0000426392
3   7   5   7   0.0000269865
3   8   1   5   0.0000876691
3   8   1   8   0.0001501347
3   8   2   5   0.0000701666
3   8   2   8   0.0003152575
3   8   3   6   -0.0000732057
3   8   3   7   0.0019559467
3   8   4   6   0.0001895680
3   8   4   7   0.0000732057
3   8   5   5   -0.0003082810
3   8   5   8   -0.0004573109
3   9   1   5   0.0000036344
3   9   1   8   0.0000062239
3   9   2   5   0.0000029088
3   9   2   8   0.0000130692
3   9   3   6   0.0015732811
3   9   3   7   0.0000732057
3   9   4   6   0.0000732057
3   9   4   7   0.0001930976
3   9   5   5   -0.0000127800
3   9   5   8   -0.0000189581
3   10   1   7   -0.0002402342
3   10   2   7   0.0000269865
3   10   3   5   -0.0019229402
3   10   3   8   -0.0019683318
3   10   4   5   -0.0000797166
3   10   4   8   -0.0000815983
3   10   5   7   0.0004716290
4   6   1   5   0.0061863963
4   6   1   8   0.0056651245
4   6   2   5   -0.0000103086
4   6   2   8   -0.0000106346
4   6   3   6   -0.0000062239
4   6   3   7   0.0001501347
4   6   4   6   0.0001501347
4   6   4   7   0.0000062239
4   6   5   5   0.0004397387
4   6   5   8   0.0001192867
4   7   1   5   -0.0000120827
4   7   1   8   -0.0000106346
4   7   2   5   0.0010252533
4   7   2   8   0.0017408641
4   7   3   6   -0.0000130692
4   7   3   7   0.0003152575
4   7   4   6   0.0003152575
4   7   4   7   0.0000130692
4   7   5   5   -0.0004439553
4   7   5   8   -0.0014343372
4   8   1   6   0.0000003637
4   8   1   7   -0.0000087729
4   8   2   6   -0.0000426392
4   8   2   7   0.0010285526
4   8   3   5   0.0004197510
4   8   3   8   0.0009542725
4   8   5   6   0.0000815983
4   8   5   7   -0.0019683318
4   9   1   6   -0.0000087729
4   9   1   7   -0.0000003637
4   9   2   6   0.0010285526
4   9   2   7   0.0000426392
4   9   4   5   0.0004197510
4   9   4   8   0.0009542725
4   9   5   6   -0.0019683318
4   9   5   7   -0.0000815983
4   10   1   5   0.0001341384
4   10   1   8   0.0001192867
4   10   2   5   -0.0011782527
4   10   2   8   -0.0014343372
4   10   3   6   0.0000189581
4   10   3   7   -0.0004573109
4   10   4   6   -0.0004573109
4   10   4   7   -0.0000189581
4   10   5   5   0.0031560928
4   10   5   8   0.0043976690

1   6   6   1   -0.2733663949
1   6   6   4   -0.0665751694
1   6   7   1   0.0001167509
1   6   7   4   0.0000194031
1   6   8   2   0.0000051594
1   6   8   3   -0.0001244570
1   6   9   2   -0.0001244570
1   6   9   3   -0.0000051594
1   6   10   1   -0.0011334311
1   6   10   4   -0.0001626264
1   7   6   1   0.0001167509
1   7   6   4   0.0000192737
1   7   7   1   -0.1246156536
1   7   7   4   -0.0298368197
1   7   8   2   0.0001241656
1   7   8   3   -0.0029951481
1   7   9   2   -0.0029951481
1   7   9   3   -0.0001241656
1   7   10   1   0.0086245264
1   7   10   4   0.0036012958
1   8   6   2   0.0000051847
1   8   6   3   -0.0001250666
1   8   7   2   0.0001241818
1   8   7   3   -0.0029955388
1   8   8   1   -0.1241556995
1   8   8   4   -0.0292227381
1   8   10   2   -0.0000510979
1   8   10   3   0.0012325938
1   9   6   2   -0.0001250666
1   9   6   3   -0.0000051847
1   9   7   2   -0.0029955388
1   9   7   3   -0.0001241818
1   9   9   1   -0.1241556995
1   9   9   4   -0.0292227381
1   9   10   2   0.0012325938
1   9   10   3   0.0000510979
1   10   6   1   -0.0011334311
1   10   6   4   -0.0001605869
1   10   7   1   0.0086245264
1   10   7   4   0.0036138616
1   10   8   2   -0.0000522326
1   10   8   3   0.0012599654
1   10   9   2   0.0012599654
1   10   9   3   0.0000522326
1   10   10   1   -0.1294197429
1   10   10   4   -0.0312522710
2   6   6   2   -0.1965094233
2   6   7   2   0.0000376444
2   6   8   1   0.0000051847
2   6   8   4   0.0000034388
2   6   9   1   -0.0001250666
2   6   9   4   -0.0000829511
2   6   10   2   -0.0002610241
2   7   6   2   0.0000376444
2   7   7   2   -0.1245311134
2   7   8   1   0.0001241818
2   7   8   4   0.0001551049
2   7   9   1   -0.0029955388
2   7   9   4   -0.0037414735
2   7   10   2   0.0066204843
2   8   6   1   0.0000051594
2   8   6   4   0.0000034143
2   8   7   1   0.0001241656
2   8   7   4   0.0001552167
2   8   8   2   -0.1240031392
2   8   8   3   0.0000441258
2   8   9   2   0.0000441258
2   8   9   3   -0.0005221804
2   8   10   1   -0.0000522326
2   8   10   4   -0.0000442462
2   9   6   1   -0.0001244570
2   9   6   4   -0.0000823594
2   9   7   1   -0.0029951481
2   9   7   4   -0.0037441696
2   9   8   2   0.0000441258
2   9   8   3   -0.0005404025
2   9   9   2   -0.1250657222
2   9   9   3   -0.0000441258
2   9   10   1   0.0012599654
2   9   10   4   0.0010673165
2   10   6   2   -0.0002610241
2   10   7   2   0.0066204843
2   10   8   1   -0.0000510979
2   10   8   4   -0.0000431717
2   10   9   1   0.0012325938
2   10   9   4   0.0010413969
2   10   10   2   -0.1273967094
3   6   6   3   -0.1965094233
3   6   7   3   0.0000376444
3   6   8   1   -0.0001250666
3   6   8   4   -0.0000829511
3   6   9   1   -0.0000051847
3   6   9   4   -0.0000034388
3   6   10   3   -0.0002610241
3   7   6   3   0.0000376444
3   7   7   3   -0.1245311134
3   7   8   1   -0.0029955388
3   7   8   4   -0.0037414735
3   7   9   1   -0.0001241818
3   7   9   4   -0.0001551049
3   7   10   3   0.0066204843
3   8   6   1   -0.0001244570
3   8   6   4   -0.0000823594
3   8   7   1   -0.0029951481
3   8   7   4   -0.0037441696
3   8   8   2   0.0000441258
3   8   8   3   -0.1250657222
3   8   9   2   -0.0005404025
3   8   9   3   -0.0000441258
3   8   10   1   0.0012599654
3   8   10   4   0.0010673165
3   9   6   1   -0.0000051594
3   9   6   4   -0.0000034143
3   9   7   1   -0.0001241656
3   9   7   4   -0.0001552167
3   9   8   2   -0.0005221804
3   9   8   3   -0.0000441258
3   9   9   2   -0.0000441258
3   9   9   3   -0.1240031392
3   9   10   1   0.0000522326
3   9   10   4   0.0000442462
3   10   6   3   -0.0002610241
3   10   7   3   0.0066204843
3   10   8   1   0.0012325938
3   10   8   4   0.0010413969
3   10   9   1   0.0000510979
3   10   9   4   0.0000431717
3   10   10   3   -0.1273967094
4   6   6   1   -0.0665751694
4   6   6   4   -0.1994430848
4   6   7   1   0.0000192737
4   6   7   4   0.0000235417
4   6   8   2   0.0000034143
4   6   8   3   -0.0000823594
4   6   9   2   -0.0000823594
4   6   9   3   -0.0000034143
4   6   10   1   -0.0001605869
4   6   10   4   -0.0001529410
4   7   6   1   0.0000194031
4   7   6   4   0.0000235417
4   7   7   1   -0.0298368197
4   7   7   4   -0.1409544091
4   7   8   2   0.0001552167
4   7   8   3   -0.0037441696
4   7   9   2   -0.0037441696
4   7   9   3   -0.0001552167
4   7   10   1   0.0036138616
4   7   10   4   0.0067119985
4   8   6   2   0.0000034388
4   8   6   3   -0.0000829511
4   8   7   2   0.0001551049
4   8   7   3   -0.0037414735
4   8   8   1   -0.0292227381
4   8   8   4   -0.1401484119
4   8   10   2   -0.0000431717
4   8   10   3   0.0010413969
4   9   6   2   -0.0000829511
4   9   6   3   -0.0000034388
4   9   7   2   -0.0037414735
4   9   7   3   -0.0001551049
4   9   9   1   -0.0292227381
4   9   9   4   -0.1401484119
4   9   10   2   0.0010413969
4   9   10   3   0.0000431717
4   10   6   1   -0.0001626264
4   10   6   4   -0.0001529410
4   10   7   1   0.0036012958
4   10   7   4   0.0067119985
4   10   8   2   -0.0000442462
4   10   8   3   0.0010673165
4   10   9   2   0.0010673165
4   10   9   3   0.0000442462
4   10   10   1   -0.0312522710
4   10   10   4   -0.1435977465

End AIJB Block
Begin IJKA Block
1   6   1   5   -0.0901478118
1   6   1   8   -0.0780860069
1   6   2   5   0.0001280119
1   6   2   8   0.0001293935
1   6   3   6   -0.0000026246
1   6   3   7   0.0000633123
1   6   4   6   0.0000633123
1   6   4   7   0.0000026246
1   6   5   5   -0.0016129826
1   6   5   8   -0.0016800135
1   7   1   5   -0.0003537226
1   7   1   8   -0.0000273309
1   7   2   5   0.0000024755
1   7   2   8   -0.0000120162
1   7   3   6   0.0000000640
1   7   3   7   -0.0000015439
1   7   4   6   -0.0000015439
1   7   4   7   -0.0000000640
1   7   5   5   0.0000105634
1   7   5   8   0.0000118527
1   8   1   6   -0.0000713677
1   8   1   7   0.0017215457
1   8   2   6   0.0000003898
1   8   2   7   -0.0000094024
1   8   3   5   0.0000078587
1   8   3   8   0.0000090934
1   8   5   6   -0.0000008266
1   8   5   7   0.0000199386
1   9   1   6   0.0017215457
1   9   1   7   0.0000713677
1   9   2   6   -0.0000094024
1   9   2   7   -0.0000003898
1   9   4   5   0.0000078587
1   9   4   8   0.0000090934
1   9   5   6   0.0000199386
1   9   5   7   0.0000008266
1   10   1   5   -0.0088814343
1   10   1   8   -0.0211711922
1   10   2   5   0.0000150701
1   10   2   8   0.0000133057
1   10   3   6   0.0000007360
1   10   3   7   -0.0000177546
1   10   4   6   -0.0000177546
1   10   4   7   -0.0000007360
1   10   5   5   -0.0000378696
1   10   5   8   -0.0000008970
2   6   1   5   0.0001211672
2   6   1   8   0.0001241706
2   6   2   5   -0.0014547326
2   6   2   8   0.0004048510
2   6   3   6   -0.0000084206
2   6   3   7   0.0002031231
2   6   4   6   0.0002031231
2   6   4   7   0.0000084206
2   6   5   5   0.0003052013
2   6   5   8   -0.0000860049
2   7   1   5   0.0000008642
2   7   1   8   -0.0000040013
2   7   2   5   -0.0047865898
2   7   2   8   -0.0210034855
2   7   3   6   0.0003961109
2   7   3   7   -0.0095550698
2   7   4   6   -0.0095550698
2   7   4   7   -0.0003961109
2   7   5   5   0.0112413761
2   7   5   8   0.0111123649
2   8   1   6   -0.0000000153
2   8   1   7   0.0000003697
2   8   2   6   0.0011711553
2   8   2   7   -0.0282508545
2   8   3   5   -0.0009521432
2   8   3   8   -0.0043658873
2   8   5   6   0.0000412648
2   8   5   7   -0.0009953984
2   9   1   6   0.0000003697
2   9   1   7   0.0000000153
2   9   2   6   -0.0282508545
2   9   2   7   -0.0011711553
2   9   4   5   -0.0009521432
2   9   4   8   -0.0043658873
2   9   5   6   -0.0009953984
2   9   5   7   -0.0000412648
2   10   1   5   -0.0000039996
2   10   1   8   -0.0000071155
2   10   2   5   0.0311496904
2   10   2   8   0.0268739437
2   10   3   6   0.0000363813
2   10   3   7   -0.0008775967
2   10   4   6   -0.0008775967
2   10   4   7   -0.0000363813
2   10   5   5   0.0005121000
2   10   5   8   -0.0018442887
3   6   1   6   -0.0000023810
3   6   1   7   0.0000574354
3   6   2   6   -0.0000080434
3   6   2   7   0.0001940251
3   6   3   5   -0.0014182985
3   6   3   8   0.0003922638
3   6   5   6   0.0000047895
3   6   5   7   -0.0001155342
3   7   1   6   -0.0000000643
3   7   1   7   0.0000015517
3   7   2   6   0.0003936248
3   7   2   7   -0.0094950996
3   7   3   5   -0.0041700235
3   7   3   8   -0.0187933390
3   7   5   6   0.0000078592
3   7   5   7   -0.0001895823
3   8   1   5   0.0000112273
3   8   1   8   0.0000072607
3   8   2   5   -0.0009444670
3   8   2   8   -0.0042852232
3   8   3   6   0.0012682767
3   8   3   7   -0.0305936361
3   8   4   6   -0.0028197637
3   8   4   7   -0.0001168949
3   8   5   5   0.0036408781
3   8   5   8   0.0035244301
3   9   3   6   -0.0248726383
3   9   3   7   -0.0010311094
3   9   4   6   0.0001202723
3   9   4   7   -0.0029012340
3   10   1   6   0.0000007556
3   10   1   7   -0.0000182272
3   10   2   6   0.0000288276
3   10   2   7   -0.0006953860
3   10   3   5   0.0274140424
3   10   3   8   0.0229844762
3   10   5   6   0.0001220569
3   10   5   7   -0.0029442825
4   6   1   6   0.0000574354
4   6   1   7   0.0000023810
4   6   2   6   0.0001940251
4   6   2   7   0.0000080434
4   6   4   5   -0.0014182985
4   6   4   8   0.0003922638
4   6   5   6   -0.0001155342
4   6   5   7   -0.0000047895
4   7   1   6   0.0000015517
4   7   1   7   0.0000000643
4   7   2   6   -0.0094950996
4   7   2   7   -0.0003936248
4   7   4   5   -0.0041700235
4   7   4   8   -0.0187933390
4   7   5   6   -0.0001895823
4   7   5   7   -0.0000078592
4   8   3   6   -0.0029012340
4   8   3   7   -0.0001202723
4   8   4   6   0.0010311094
4   8   4   7   -0.0248726383
4   9   1   5   0.0000112273
4   9   1   8   0.0000072607
4   9   2   5   -0.0009444670
4   9   2   8   -0.0042852232
4   9   3   6   0.0001168949
4   9   3   7   -0.0028197637
4   9   4   6   -0.0305936361
4   9   4   7   -0.0012682767
4   9   5   5   0.0036408781
4   9   5   8   0.0035244301
4   10   1   6   -0.0000182272
4   10   1   7   -0.0000007556
4   10   2   6   -0.0006953860
4   10   2   7   -0.0000288276
4   10   4   5   0.0274140424
4   10   4   8   0.0229844762
4   10   5   6   -0.0029442825
4   10   5   7   -0.0001220569
5   6   1   5   -0.0017231747
5   6   1   8   -0.0017874666
5   6   2   5   0.0002897776
5   6   2   8   -0.0000783903
5   6   3   6   0.0000046746
5   6   3   7   -0.0001127620
5   6   4   6   -0.0001127620
5   6   4   7   -0.0000046746
5   6   5   5   -0.0017947305
5   6   5   8   0.0003672376
5   7   1   5   0.0000007855
5   7   1   8   -0.0000043183
5   7   2   5   0.0113518752
5   7   2   8   0.0113875635
5   7   3   6   0.0000092853
5   7   3   7   -0.0002239823
5   7   4   6   -0.0002239823
5   7   4   7   -0.0000092853
5   7   5   5   -0.0036960627
5   7   5   8   -0.0174804144
5   8   1   6   0.0000006806
5   8   1   7   -0.0000164167
5   8   2   6   0.0000281808
5   8   2   7   -0.0006797826
5   8   3   5   0.0036083115
5   8   3   8   0.0035308114
5   8   5   6   0.0010070358
5   8   5   7   -0.0242919299
5   9   1   6   -0.0000164167
5   9   1   7   -0.0000006806
5   9   2   6   -0.0006797826
5   9   2   7   -0.0000281808
5   9   4   5   0.0036083115
5   9   4   8   0.0035308114
5   9   5   6   -0.0242919299
5   9   5   7   -0.0010070358
5   10   1   5   0.0000623294
5   10   1   8   0.0000664141
5   10   2   5   -0.0000635426
5   10   2   8   -0.0022763331
5   10   3   6   0.0001135120
5   10   3   7   -0.0027381614
5   10   4   6   -0.0027381614
5   10   4   7   -0.0001135120
5   10   5   5   0.0348770877
5   10   5   8   0.0295761815

End IJKA Block
Begin IABC Block
1   5   1   5   0.0004195052
1   5   1   8   -0.0010672425
1   5   2   6   0.0019643510
1   5   3   7   0.0019643510
1   5   4   5   -0.0015182788
1   5   4   8   -0.0006780733
1   6   1   6   0.0000306907
1   6   2   5   0.0019758875
1   6   2   8   0.0011568233
1   6   4   6   -0.0002535030
1   7   1   7   0.0000306907
1   7   3   5   0.0019758875
1   7   3   8   0.0011568233
1   7   4   7   -0.0002535030
1   8   1   5   -0.0010734770
1   8   1   8   -0.0010063545
1   8   2   6   0.0011484651
1   8   3   7   0.0011484651
1   8   4   5   -0.0006756542
1   8   4   8   -0.0006265266
2   5   1   5   -0.0002720666
2   5   1   8   -0.0001826306
2   5   2   6   0.0000133317
2   5   3   7   0.0000133317
2   5   4   5   -0.0003692657
2   5   4   8   -0.0001953163
2   6   1   6   -0.0002276175
2   6   2   5   0.0000121650
2   6   2   8   -0.0000136228
2   6   4   6   -0.0002431540
2   7   1   7   -0.0002276175
2   7   3   5   0.0000121650
2   7   3   8   -0.0000136228
2   7   4   7   -0.0002431540
2   8   1   5   -0.0001841899
2   8   1   8   -0.0002657203
2   8   2   6   -0.0000108532
2   8   3   7   -0.0000108532
2   8   4   5   -0.0001938975
2   8   4   8   -0.0004215947
3   5   1   6   -0.0000270408
3   5   1   7   0.0006522851
3   5   2   5   -0.0000360937
3   5   2   8   -0.0000076737
3   5   3   5   0.0008706602
3   5   3   8   0.0001851061
3   5   4   6   -0.0000672472
3   5   4   7   0.0016221511
3   6   1   5   -0.0000270057
3   6   1   8   -0.0000265708
3   6   2   6   -0.0000466910
3   6   2   7   0.0003006340
3   6   3   6   0.0005257142
3   6   3   7   -0.0000124343
3   6   4   5   -0.0000673842
3   6   4   8   -0.0000500127
3   7   1   5   0.0006514379
3   7   1   8   0.0006409460
3   7   2   6   0.0002999427
3   7   2   7   -0.0000217938
3   7   3   6   -0.0000124630
3   7   3   7   0.0011262908
3   7   4   5   0.0016254550
3   7   4   8   0.0012064166
3   8   1   6   -0.0000267218
3   8   1   7   0.0006445895
3   8   2   5   -0.0000078483
3   8   2   8   0.0000021829
3   8   3   5   0.0001893193
3   8   3   8   -0.0000526568
3   8   4   6   -0.0000507550
3   8   4   7   0.0012243222
4   5   1   6   0.0006522851
4   5   1   7   0.0000270408
4   5   2   5   0.0008706602
4   5   2   8   0.0001851061
4   5   3   5   0.0000360937
4   5   3   8   0.0000076737
4   5   4   6   0.0016221511
4   5   4   7   0.0000672472
4   6   1   5   0.0006514379
4   6   1   8   0.0006409460
4   6   2   6   0.0011262908
4   6   2   7   0.0000124630
4   6   3   6   0.0000217938
4   6   3   7   0.0002999427
4   6   4   5   0.0016254550
4   6   4   8   0.0012064166
4   7   1   5   0.0000270057
4   7   1   8   0.0000265708
4   7   2   6   0.0000124343
4   7   2   7   0.0005257142
4   7   3   6   0.0003006340
4   7   3   7   0.0000466910
4   7   4   5   0.0000673842
4   7   4   8   0.0000500127
4   8   1   6   0.0006445895
4   8   1   7   0.0000267218
4   8   2   5   0.0001893193
4   8   2   8   -0.0000526568
4   8   3   5   0.0000078483
4   8   3   8   -0.0000021829
4   8   4   6   0.0012243222
4   8   4   7   0.0000507550
5   5   1   5   -0.0031743858
5   5   1   8   -0.0005632393
5   5   2   6   -0.0018220070
5   5   3   7   -0.0018220070
5   5   4   5   -0.0071083737
5   5   4   8   -0.0028712335
5   6   1   6   -0.0021312737
5   6   2   5   -0.0018300207
5   6   2   8   -0.0011494765
5   6   4   6   -0.0053293477
5   7   1   7   -0.0021312737
5   7   3   5   -0.0018300207
5   7   3   8   -0.0011494765
5   7   4   7   -0.0053293477
5   8   1   5   -0.0005663567
5   8   1   8   -0.0013348446
5   8   2   6   -0.0011469908
5   8   3   7   -0.0011469908
5   8   4   5   -0.0029352925
5   8   4   8   -0.0043243987

End IABC Block
