Begin IJ Block
1   1   -40.8068319199
1   2   0.0000148990
1   3   0.7531043954
1   6   0.0179323927
2   2   -5.6384215917
2   3   0.0001099345
2   6   -0.0131513640
3   3   -9.2080914050
3   6   -0.0612394878
4   4   -8.1145426033
4   5   -0.0000000000
5   5   -8.1145426033
6   6   -7.6743896087

End IJ Block
Begin IA Block
1   1   -0.0030017831
2   1   0.1089926693
3   1   0.0199076186
4   2   0.0758357165
4   3   0.1394131329
5   2   -0.1394131329
5   3   0.0758357165
6   1   -0.1230764489

End IA Block
Begin AB Block
1   1   -1.7507552919
2   2   -1.5698438949
3   3   -1.5698438949

End AB Block
Begin IJKL Block
1   7   1   7   5.3485180514
1   7   1   8   -0.0000098300
1   7   1   9   -0.5325508004
1   7   1   12   -0.0126633966
1   7   2   7   -0.0000098300
1   7   2   8   0.0000002396
1   7   2   9   0.0000014080
1   7   2   12   0.0000010311
1   7   3   7   -0.5325508004
1   7   3   8   0.0000014080
1   7   3   9   0.0816665356
1   7   3   12   0.0020917612
1   7   4   10   0.0319298670
1   7   5   11   0.0319298670
1   7   6   7   -0.0126633966
1   7   6   8   0.0000010311
1   7   6   9   0.0020917612
1   7   6   12   0.0282330199
1   8   1   7   -0.0000098300
1   8   1   8   0.1326565841
1   8   1   9   0.0000245848
1   8   1   12   -0.0002880332
1   8   2   7   0.0000003643
1   8   2   8   0.0000001723
1   8   2   9   0.0000004444
1   8   2   12   -0.0000000297
1   8   3   7   0.0000015816
1   8   3   8   0.0000039087
1   8   3   9   -0.0000003732
1   8   3   12   0.0000009459
1   8   4   10   0.0000006207
1   8   5   11   0.0000006207
1   8   6   7   0.0000012290
1   8   6   8   -0.0008721597
1   8   6   9   -0.0000001657
1   8   6   12   0.0000047964
1   9   1   7   -0.5325508004
1   9   1   8   0.0000245848
1   9   1   9   1.2639289504
1   9   1   12   0.0179471745
1   9   2   7   0.0000015816
1   9   2   8   0.0000001652
1   9   2   9   -0.0000004196
1   9   2   12   0.0000007195
1   9   3   7   0.0862389511
1   9   3   8   -0.0000005483
1   9   3   9   -0.0237938047
1   9   3   12   -0.0005101354
1   9   4   10   0.0362707494
1   9   5   11   0.0362707494
1   9   6   7   0.0020336887
1   9   6   8   -0.0000000505
1   9   6   9   -0.0006033494
1   9   6   12   0.0324090383
1   10   1   10   1.1723041896
1   10   1   11   -0.0000000000
1   10   2   10   -0.0000001675
1   10   3   10   -0.0156120771
1   10   3   11   -0.0000000000
1   10   4   7   0.0371141213
1   10   4   8   0.0000006432
1   10   4   9   0.0369006260
1   10   4   12   0.0007095963
1   10   6   10   -0.0004344621
1   11   1   10   -0.0000000000
1   11   1   11   1.1723041896
1   11   2   11   -0.0000001675
1   11   3   10   -0.0000000000
1   11   3   11   -0.0156120771
1   11   5   7   0.0371141213
1   11   5   8   0.0000006432
1   11   5   9   0.0369006260
1   11   5   12   0.0007095963
1   11   6   11   -0.0004344621
1   12   1   7   -0.0126633966
1   12   1   8   -0.0002880332
1   12   1   9   0.0179471745
1   12   1   12   1.0895487822
1   12   2   7   0.0000012290
1   12   2   8   -0.0000000851
1   12   2   9   0.0000004875
1   12   2   12   -0.0000000384
1   12   3   7   0.0020336887
1   12   3   8   0.0000007109
1   12   3   9   -0.0005465292
1   12   3   12   -0.0143889266
1   12   4   10   0.0006504187
1   12   5   11   0.0006504187
1   12   6   7   0.0334512057
1   12   6   8   0.0000044669
1   12   6   9   0.0334413675
1   12   6   12   0.0005275987
2   7   1   7   -0.0000098300
2   7   1   8   0.0000003643
2   7   1   9   0.0000015816
2   7   1   12   0.0000012290
2   7   2   7   0.1326565841
2   7   2   8   0.0000001723
2   7   2   9   0.0000039087
2   7   2   12   -0.0008721597
2   7   3   7   0.0000245848
2   7   3   8   0.0000004444
2   7   3   9   -0.0000003732
2   7   3   12   -0.0000001657
2   7   4   10   0.0000006207
2   7   5   11   0.0000006207
2   7   6   7   -0.0002880332
2   7   6   8   -0.0000000297
2   7   6   9   0.0000009459
2   7   6   12   0.0000047964
2   8   1   7   0.0000002396
2   8   1   8   0.0000001723
2   8   1   9   0.0000001652
2   8   1   12   -0.0000000851
2   8   2   7   0.0000001723
2   8   2   8   1.6354845842
2   8   2   9   -0.0002386052
2   8   2   12   0.0155896725
2   8   3   7   0.0000001652
2   8   3   8   -0.0002386052
2   8   3   9   -0.0000020991
2   8   3   12   -0.0000026029
2   8   4   10   -0.0000033564
2   8   5   11   -0.0000033564
2   8   6   7   -0.0000000851
2   8   6   8   0.0155896725
2   8   6   9   -0.0000026029
2   8   6   12   0.0000198244
2   9   1   7   0.0000014080
2   9   1   8   0.0000004444
2   9   1   9   -0.0000004196
2   9   1   12   0.0000004875
2   9   2   7   0.0000039087
2   9   2   8   -0.0002386052
2   9   2   9   0.1328830259
2   9   2   12   -0.0110222730
2   9   3   7   -0.0000005483
2   9   3   8   0.0000031660
2   9   3   9   0.0000172571
2   9   3   12   -0.0000007326
2   9   4   10   0.0000029150
2   9   5   11   0.0000029150
2   9   6   7   0.0000007109
2   9   6   8   -0.0000018984
2   9   6   9   -0.0002771760
2   9   6   12   0.0000478686
2   10   1   10   -0.0000001675
2   10   2   10   0.1322977315
2   10   3   10   0.0000168437
2   10   4   7   0.0000006432
2   10   4   8   -0.0000010943
2   10   4   9   0.0000035206
2   10   4   12   -0.0000001182
2   10   6   10   -0.0002708342
2   11   1   11   -0.0000001675
2   11   2   11   0.1322977315
2   11   3   11   0.0000168437
2   11   5   7   0.0000006432
2   11   5   8   -0.0000010943
2   11   5   9   0.0000035206
2   11   5   12   -0.0000001182
2   11   6   11   -0.0002708342
2   12   1   7   0.0000010311
2   12   1   8   -0.0000000297
2   12   1   9   0.0000007195
2   12   1   12   -0.0000000384
2   12   2   7   -0.0008721597
2   12   2   8   0.0155896725
2   12   2   9   -0.0110222730
2   12   2   12   0.1460855004
2   12   3   7   -0.0000000505
2   12   3   8   -0.0000018984
2   12   3   9   0.0000013166
2   12   3   12   0.0000169254
2   12   4   10   0.0000012924
2   12   5   11   0.0000012924
2   12   6   7   0.0000044669
2   12   6   8   0.0003271786
2   12   6   9   0.0000476032
2   12   6   12   -0.0002842182
3   7   1   7   -0.5325508004
3   7   1   8   0.0000015816
3   7   1   9   0.0862389511
3   7   1   12   0.0020336887
3   7   2   7   0.0000245848
3   7   2   8   0.0000001652
3   7   2   9   -0.0000005483
3   7   2   12   -0.0000000505
3   7   3   7   1.2639289504
3   7   3   8   -0.0000004196
3   7   3   9   -0.0237938047
3   7   3   12   -0.0006033494
3   7   4   10   0.0362707494
3   7   5   11   0.0362707494
3   7   6   7   0.0179471745
3   7   6   8   0.0000007195
3   7   6   9   -0.0005101354
3   7   6   12   0.0324090383
3   8   1   7   0.0000014080
3   8   1   8   0.0000039087
3   8   1   9   -0.0000005483
3   8   1   12   0.0000007109
3   8   2   7   0.0000004444
3   8   2   8   -0.0002386052
3   8   2   9   0.0000031660
3   8   2   12   -0.0000018984
3   8   3   7   -0.0000004196
3   8   3   8   0.1328830259
3   8   3   9   0.0000172571
3   8   3   12   -0.0002771760
3   8   4   10   0.0000029150
3   8   5   11   0.0000029150
3   8   6   7   0.0000004875
3   8   6   8   -0.0110222730
3   8   6   9   -0.0000007326
3   8   6   12   0.0000478686
3   9   1   7   0.0816665356
3   9   1   8   -0.0000003732
3   9   1   9   -0.0237938047
3   9   1   12   -0.0005465292
3   9   2   7   -0.0000003732
3   9   2   8   -0.0000020991
3   9   2   9   0.0000172571
3   9   2   12   0.0000013166
3   9   3   7   -0.0237938047
3   9   3   8   0.0000172571
3   9   3   9   0.8721230830
3   9   3   12   0.0092452173
3   9   4   10   0.1539983862
3   9   5   11   0.1539983862
3   9   6   7   -0.0005465292
3   9   6   8   0.0000013166
3   9   6   9   0.0092452173
3   9   6   12   0.1403695047
3   10   1   10   -0.0156120771
3   10   1   11   -0.0000000000
3   10   2   10   0.0000168437
3   10   3   10   0.8197495957
3   10   4   7   0.0369006260
3   10   4   8   0.0000035206
3   10   4   9   0.1586575505
3   10   4   12   0.0019281588
3   10   6   10   0.0083752602
3   11   1   10   -0.0000000000
3   11   1   11   -0.0156120771
3   11   2   11   0.0000168437
3   11   3   11   0.8197495957
3   11   5   7   0.0369006260
3   11   5   8   0.0000035206
3   11   5   9   0.1586575505
3   11   5   12   0.0019281588
3   11   6   11   0.0083752602
3   12   1   7   0.0020917612
3   12   1   8   0.0000009459
3   12   1   9   -0.0005101354
3   12   1   12   -0.0143889266
3   12   2   7   -0.0000001657
3   12   2   8   -0.0000026029
3   12   2   9   -0.0000007326
3   12   2   12   0.0000169254
3   12   3   7   -0.0006033494
3   12   3   8   -0.0002771760
3   12   3   9   0.0092452173
3   12   3   12   0.7680170787
3   12   4   10   0.0018273597
3   12   5   11   0.0018273597
3   12   6   7   0.0334413675
3   12   6   8   0.0000476032
3   12   6   9   0.1458922525
3   12   6   12   0.0081183917
4   7   1   10   0.0371141213
4   7   2   10   0.0000006432
4   7   3   10   0.0369006260
4   7   4   7   1.1723041896
4   7   4   8   -0.0000001675
4   7   4   9   -0.0156120771
4   7   4   12   -0.0004344621
4   7   5   7   -0.0000000000
4   7   5   9   -0.0000000000
4   7   6   10   0.0007095963
4   8   1   10   0.0000006432
4   8   2   10   -0.0000010943
4   8   3   10   0.0000035206
4   8   4   7   -0.0000001675
4   8   4   8   0.1322977315
4   8   4   9   0.0000168437
4   8   4   12   -0.0002708342
4   8   6   10   -0.0000001182
4   9   1   10   0.0369006260
4   9   2   10   0.0000035206
4   9   3   10   0.1586575505
4   9   4   7   -0.0156120771
4   9   4   8   0.0000168437
4   9   4   9   0.8197495957
4   9   4   12   0.0083752602
4   9   5   7   -0.0000000000
4   9   6   10   0.0019281588
4   10   1   7   0.0319298670
4   10   1   8   0.0000006207
4   10   1   9   0.0362707494
4   10   1   12   0.0006504187
4   10   2   7   0.0000006207
4   10   2   8   -0.0000033564
4   10   2   9   0.0000029150
4   10   2   12   0.0000012924
4   10   3   7   0.0362707494
4   10   3   8   0.0000029150
4   10   3   9   0.1539983862
4   10   3   12   0.0018273597
4   10   4   10   0.8190654112
4   10   4   11   0.0000000000
4   10   5   10   0.0000000000
4   10   5   11   0.0320586554
4   10   6   7   0.0006504187
4   10   6   8   0.0000012924
4   10   6   9   0.0018273597
4   10   6   12   0.0291914552
4   11   4   10   0.0000000000
4   11   4   11   0.7488221363
4   11   5   10   0.0381846195
4   11   5   11   0.0000000000
4   12   1   10   0.0007095963
4   12   2   10   -0.0000001182
4   12   3   10   0.0019281588
4   12   4   7   -0.0004344621
4   12   4   8   -0.0002708342
4   12   4   9   0.0083752602
4   12   4   12   0.7029686471
4   12   5   12   0.0000000000
4   12   6   10   0.0349923812
5   7   1   11   0.0371141213
5   7   2   11   0.0000006432
5   7   3   11   0.0369006260
5   7   4   7   -0.0000000000
5   7   4   9   -0.0000000000
5   7   5   7   1.1723041896
5   7   5   8   -0.0000001675
5   7   5   9   -0.0156120771
5   7   5   12   -0.0004344621
5   7   6   11   0.0007095963
5   8   1   11   0.0000006432
5   8   2   11   -0.0000010943
5   8   3   11   0.0000035206
5   8   5   7   -0.0000001675
5   8   5   8   0.1322977315
5   8   5   9   0.0000168437
5   8   5   12   -0.0002708342
5   8   6   11   -0.0000001182
5   9   1   11   0.0369006260
5   9   2   11   0.0000035206
5   9   3   11   0.1586575505
5   9   4   7   -0.0000000000
5   9   5   7   -0.0156120771
5   9   5   8   0.0000168437
5   9   5   9   0.8197495957
5   9   5   12   0.0083752602
5   9   6   11   0.0019281588
5   10   4   10   0.0000000000
5   10   4   11   0.0381846195
5   10   5   10   0.7488221363
5   10   5   11   0.0000000000
5   11   1   7   0.0319298670
5   11   1   8   0.0000006207
5   11   1   9   0.0362707494
5   11   1   12   0.0006504187
5   11   2   7   0.0000006207
5   11   2   8   -0.0000033564
5   11   2   9   0.0000029150
5   11   2   12   0.0000012924
5   11   3   7   0.0362707494
5   11   3   8   0.0000029150
5   11   3   9   0.1539983862
5   11   3   12   0.0018273597
5   11   4   10   0.0320586554
5   11   4   11   0.0000000000
5   11   5   10   0.0000000000
5   11   5   11   0.8190654112
5   11   6   7   0.0006504187
5   11   6   8   0.0000012924
5   11   6   9   0.0018273597
5   11   6   12   0.0291914552
5   12   1   11   0.0007095963
5   12   2   11   -0.0000001182
5   12   3   11   0.0019281588
5   12   4   12   0.0000000000
5   12   5   7   -0.0004344621
5   12   5   8   -0.0002708342
5   12   5   9   0.0083752602
5   12   5   12   0.7029686471
5   12   6   11   0.0349923812
6   7   1   7   -0.0126633966
6   7   1   8   0.0000012290
6   7   1   9   0.0020336887
6   7   1   12   0.0334512057
6   7   2   7   -0.0002880332
6   7   2   8   -0.0000000851
6   7   2   9   0.0000007109
6   7   2   12   0.0000044669
6   7   3   7   0.0179471745
6   7   3   8   0.0000004875
6   7   3   9   -0.0005465292
6   7   3   12   0.0334413675
6   7   4   10   0.0006504187
6   7   5   11   0.0006504187
6   7   6   7   1.0895487822
6   7   6   8   -0.0000000384
6   7   6   9   -0.0143889266
6   7   6   12   0.0005275987
6   8   1   7   0.0000010311
6   8   1   8   -0.0008721597
6   8   1   9   -0.0000000505
6   8   1   12   0.0000044669
6   8   2   7   -0.0000000297
6   8   2   8   0.0155896725
6   8   2   9   -0.0000018984
6   8   2   12   0.0003271786
6   8   3   7   0.0000007195
6   8   3   8   -0.0110222730
6   8   3   9   0.0000013166
6   8   3   12   0.0000476032
6   8   4   10   0.0000012924
6   8   5   11   0.0000012924
6   8   6   7   -0.0000000384
6   8   6   8   0.1460855004
6   8   6   9   0.0000169254
6   8   6   12   -0.0002842182
6   9   1   7   0.0020917612
6   9   1   8   -0.0000001657
6   9   1   9   -0.0006033494
6   9   1   12   0.0334413675
6   9   2   7   0.0000009459
6   9   2   8   -0.0000026029
6   9   2   9   -0.0002771760
6   9   2   12   0.0000476032
6   9   3   7   -0.0005101354
6   9   3   8   -0.0000007326
6   9   3   9   0.0092452173
6   9   3   12   0.1458922525
6   9   4   10   0.0018273597
6   9   5   11   0.0018273597
6   9   6   7   -0.0143889266
6   9   6   8   0.0000169254
6   9   6   9   0.7680170787
6   9   6   12   0.0081183917
6   10   1   10   -0.0004344621
6   10   2   10   -0.0002708342
6   10   3   10   0.0083752602
6   10   4   7   0.0007095963
6   10   4   8   -0.0000001182
6   10   4   9   0.0019281588
6   10   4   12   0.0349923812
6   10   6   10   0.7029686471
6   10   6   11   0.0000000000
6   11   1   11   -0.0004344621
6   11   2   11   -0.0002708342
6   11   3   11   0.0083752602
6   11   5   7   0.0007095963
6   11   5   8   -0.0000001182
6   11   5   9   0.0019281588
6   11   5   12   0.0349923812
6   11   6   10   0.0000000000
6   11   6   11   0.7029686471
6   12   1   7   0.0282330199
6   12   1   8   0.0000047964
6   12   1   9   0.0324090383
6   12   1   12   0.0005275987
6   12   2   7   0.0000047964
6   12   2   8   0.0000198244
6   12   2   9   0.0000478686
6   12   2   12   -0.0002842182
6   12   3   7   0.0324090383
6   12   3   8   0.0000478686
6   12   3   9   0.1403695047
6   12   3   12   0.0081183917
6   12   4   10   0.0291914552
6   12   5   11   0.0291914552
6   12   6   7   0.0005275987
6   12   6   8   -0.0002842182
6   12   6   9   0.0081183917
6   12   6   12   0.7227164450

End IJKL Block
Begin IJAB Block
1   7   1   4   0.0002029380
1   7   2   5   0.0000712484
1   7   3   6   0.0000712484
1   8   1   4   0.0000003645
1   8   2   5   -0.0000001841
1   8   3   6   -0.0000001841
1   9   1   4   0.0002099624
1   9   2   5   0.0000714254
1   9   3   6   0.0000714254
1   10   1   5   0.0000005281
1   10   1   6   0.0000009707
1   10   2   4   0.0000041646
1   10   3   4   0.0000076561
1   11   1   5   -0.0000009707
1   11   1   6   0.0000005281
1   11   2   4   -0.0000076561
1   11   3   4   0.0000041646
1   12   1   4   -0.0000320077
1   12   2   5   0.0000024945
1   12   3   6   0.0000024945
2   7   1   4   0.0000003645
2   7   2   5   -0.0000001841
2   7   3   6   -0.0000001841
2   8   1   4   0.0134747090
2   8   2   5   0.0021734193
2   8   3   6   0.0021734193
2   9   1   4   -0.0000071878
2   9   2   5   0.0000099035
2   9   3   6   0.0000099035
2   10   1   5   -0.0000014907
2   10   1   6   -0.0000027405
2   10   2   4   0.0000232324
2   10   3   4   0.0000427095
2   11   1   5   0.0000027405
2   11   1   6   -0.0000014907
2   11   2   4   -0.0000427095
2   11   3   4   0.0000232324
2   12   1   4   0.0005403945
2   12   2   5   -0.0004387552
2   12   3   6   -0.0004387552
3   7   1   4   0.0002099624
3   7   2   5   0.0000714254
3   7   3   6   0.0000714254
3   8   1   4   -0.0000071878
3   8   2   5   0.0000099035
3   8   3   6   0.0000099035
3   9   1   4   0.0011467153
3   9   2   5   0.0003234324
3   9   3   6   0.0003234324
3   10   1   5   0.0000586397
3   10   1   6   0.0001078007
3   10   2   4   0.0000280120
3   10   3   4   0.0000514960
3   11   1   5   -0.0001078007
3   11   1   6   0.0000586397
3   11   2   4   -0.0000514960
3   11   3   4   0.0000280120
3   12   1   4   -0.0005243120
3   12   2   5   -0.0000149675
3   12   3   6   -0.0000149675
4   7   1   5   0.0000041646
4   7   1   6   0.0000076561
4   7   2   4   0.0000005281
4   7   3   4   0.0000009707
4   8   1   5   0.0000232324
4   8   1   6   0.0000427095
4   8   2   4   -0.0000014907
4   8   3   4   -0.0000027405
4   9   1   5   0.0000280120
4   9   1   6   0.0000514960
4   9   2   4   0.0000586397
4   9   3   4   0.0001078007
4   10   1   4   0.0007764837
4   10   2   5   0.0003492804
4   10   2   6   0.0003804537
4   10   3   5   0.0003804537
4   10   3   6   0.0008417372
4   11   2   5   -0.0003804537
4   11   2   6   0.0000469627
4   11   3   5   -0.0005394194
4   11   3   6   0.0003804537
4   12   1   5   -0.0002487697
4   12   1   6   -0.0004573276
4   12   2   4   -0.0007509689
4   12   3   4   -0.0013805491
5   7   1   5   -0.0000076561
5   7   1   6   0.0000041646
5   7   2   4   -0.0000009707
5   7   3   4   0.0000005281
5   8   1   5   -0.0000427095
5   8   1   6   0.0000232324
5   8   2   4   0.0000027405
5   8   3   4   -0.0000014907
5   9   1   5   -0.0000514960
5   9   1   6   0.0000280120
5   9   2   4   -0.0001078007
5   9   3   4   0.0000586397
5   10   2   5   -0.0003804537
5   10   2   6   -0.0005394194
5   10   3   5   0.0000469627
5   10   3   6   0.0003804537
5   11   1   4   0.0007764837
5   11   2   5   0.0008417372
5   11   2   6   -0.0003804537
5   11   3   5   -0.0003804537
5   11   3   6   0.0003492804
5   12   1   5   0.0004573276
5   12   1   6   -0.0002487697
5   12   2   4   0.0013805491
5   12   3   4   -0.0007509689
6   7   1   4   -0.0000320077
6   7   2   5   0.0000024945
6   7   3   6   0.0000024945
6   8   1   4   0.0005403945
6   8   2   5   -0.0004387552
6   8   3   6   -0.0004387552
6   9   1   4   -0.0005243120
6   9   2   5   -0.0000149675
6   9   3   6   -0.0000149675
6   10   1   5   -0.0007509689
6   10   1   6   -0.0013805491
6   10   2   4   -0.0002487697
6   10   3   4   -0.0004573276
6   11   1   5   0.0013805491
6   11   1   6   -0.0007509689
6   11   2   4   0.0004573276
6   11   3   4   -0.0002487697
6   12   1   4   0.0064691363
6   12   2   5   0.0004534413
6   12   3   6   0.0004534413

End IJAB Block
Begin ABCD Block
1   4   1   4   0.2345150459
1   4   2   5   0.0371061781
1   4   3   6   0.0371061781
1   5   1   5   0.1882436522
1   5   2   4   0.0371107382
1   6   1   6   0.1882436522
1   6   3   4   0.0371107382
2   4   1   5   0.0371107382
2   4   2   4   0.1882436522
2   5   1   4   0.0371061781
2   5   2   5   0.1777711222
2   5   3   6   0.0094957667
2   6   2   6   0.1587796623
2   6   3   5   0.0094956932
3   4   1   6   0.0371107382
3   4   3   4   0.1882436522
3   5   2   6   0.0094956932
3   5   3   5   0.1587796623
3   6   1   4   0.0371061781
3   6   2   5   0.0094957667
3   6   3   6   0.1777711222

End ABCD Block
Begin AIJB Block
1   7   1   4   0.0002272229
1   7   2   4   0.0000005850
1   7   3   4   0.0002251037
1   7   4   5   0.0000025178
1   7   4   6   0.0000046285
1   7   5   5   -0.0000046285
1   7   5   6   0.0000025178
1   7   6   4   -0.0000066862
1   8   1   4   0.0000005850
1   8   2   4   0.0102851758
1   8   3   4   -0.0000019403
1   8   4   5   0.0000181015
1   8   4   6   0.0000332771
1   8   5   5   -0.0000332771
1   8   5   6   0.0000181015
1   8   6   4   0.0003224842
1   9   1   4   0.0002251037
1   9   2   4   -0.0000019403
1   9   3   4   0.0010008329
1   9   4   5   0.0000079065
1   9   4   6   0.0000145350
1   9   5   5   -0.0000145350
1   9   5   6   0.0000079065
1   9   6   4   0.0000294100
1   10   1   5   -0.0000012629
1   10   1   6   -0.0000023217
1   10   2   5   -0.0000003758
1   10   2   6   -0.0000006909
1   10   3   5   0.0000073133
1   10   3   6   0.0000134444
1   10   4   4   0.0001454706
1   10   6   5   -0.0007821173
1   10   6   6   -0.0014378109
1   11   1   5   0.0000023217
1   11   1   6   -0.0000012629
1   11   2   5   0.0000006909
1   11   2   6   -0.0000003758
1   11   3   5   -0.0000134444
1   11   3   6   0.0000073133
1   11   5   4   0.0001454706
1   11   6   5   0.0014378109
1   11   6   6   -0.0007821173
1   12   1   4   -0.0000066862
1   12   2   4   0.0003224842
1   12   3   4   0.0000294100
1   12   4   5   -0.0000943422
1   12   4   6   -0.0001734346
1   12   5   5   0.0001734346
1   12   5   6   -0.0000943422
1   12   6   4   0.0041081260
2   7   1   5   0.0000729689
2   7   2   5   -0.0000003881
2   7   3   5   0.0000673128
2   7   4   4   -0.0000012629
2   7   5   4   0.0000023217
2   7   6   5   0.0000051938
2   8   1   5   -0.0000003881
2   8   2   5   0.0019570363
2   8   3   5   0.0000054837
2   8   4   4   -0.0000003758
2   8   5   4   0.0000006909
2   8   6   5   -0.0003555135
2   9   1   5   0.0000673128
2   9   2   5   0.0000054837
2   9   3   5   0.0002775760
2   9   4   4   0.0000073133
2   9   5   4   -0.0000134444
2   9   6   5   0.0000117852
2   10   1   4   0.0000025178
2   10   2   4   0.0000181015
2   10   3   4   0.0000079065
2   10   4   5   0.0002890061
2   10   4   6   0.0003816290
2   10   5   5   -0.0003816290
2   10   5   6   -0.0006150585
2   10   6   4   -0.0000943422
2   11   1   4   -0.0000046285
2   11   2   4   -0.0000332771
2   11   3   4   -0.0000145350
2   11   4   5   -0.0003816290
2   11   4   6   0.0001210805
2   11   5   5   0.0007829841
2   11   5   6   -0.0003816290
2   11   6   4   0.0001734346
2   12   1   5   0.0000051938
2   12   2   5   -0.0003555135
2   12   3   5   0.0000117852
2   12   4   4   -0.0007821173
2   12   5   4   0.0014378109
2   12   6   5   0.0006697104
3   7   1   6   0.0000729689
3   7   2   6   -0.0000003881
3   7   3   6   0.0000673128
3   7   4   4   -0.0000023217
3   7   5   4   -0.0000012629
3   7   6   6   0.0000051938
3   8   1   6   -0.0000003881
3   8   2   6   0.0019570363
3   8   3   6   0.0000054837
3   8   4   4   -0.0000006909
3   8   5   4   -0.0000003758
3   8   6   6   -0.0003555135
3   9   1   6   0.0000673128
3   9   2   6   0.0000054837
3   9   3   6   0.0002775760
3   9   4   4   0.0000134444
3   9   5   4   0.0000073133
3   9   6   6   0.0000117852
3   10   1   4   0.0000046285
3   10   2   4   0.0000332771
3   10   3   4   0.0000145350
3   10   4   5   0.0003816290
3   10   4   6   0.0007829841
3   10   5   5   0.0001210805
3   10   5   6   0.0003816290
3   10   6   4   -0.0001734346
3   11   1   4   0.0000025178
3   11   2   4   0.0000181015
3   11   3   4   0.0000079065
3   11   4   5   -0.0006150585
3   11   4   6   0.0003816290
3   11   5   5   -0.0003816290
3   11   5   6   0.0002890061
3   11   6   4   -0.0000943422
3   12   1   6   0.0000051938
3   12   2   6   -0.0003555135
3   12   3   6   0.0000117852
3   12   4   4   -0.0014378109
3   12   5   4   -0.0007821173
3   12   6   6   0.0006697104

1   7   7   1   -0.1127684404
1   7   8   1   0.0000002110
1   7   9   1   0.0001396494
1   7   10   2   -0.0000790968
1   7   10   3   -0.0001454081
1   7   11   2   0.0001454081
1   7   11   3   -0.0000790968
1   7   12   1   0.0005490583
1   8   7   1   0.0000002110
1   8   8   1   -0.2943556181
1   8   9   1   0.0000118197
1   8   10   2   -0.0000127617
1   8   10   3   -0.0000234605
1   8   11   2   0.0000234605
1   8   11   3   -0.0000127617
1   8   12   1   -0.0007272903
1   9   7   1   0.0001396494
1   9   8   1   0.0000118197
1   9   9   1   -0.1096962340
1   9   10   2   -0.0009191805
1   9   10   3   -0.0016897821
1   9   11   2   0.0016897821
1   9   11   3   -0.0009191805
1   9   12   1   0.0064338898
1   10   7   2   -0.0000801663
1   10   7   3   -0.0001473742
1   10   8   2   -0.0000129180
1   10   8   3   -0.0000237480
1   10   9   2   -0.0009182843
1   10   9   3   -0.0016881346
1   10   10   1   -0.1088032302
1   10   12   2   0.0003561872
1   10   12   3   0.0006547994
1   11   7   2   0.0001473742
1   11   7   3   -0.0000801663
1   11   8   2   0.0000237480
1   11   8   3   -0.0000129180
1   11   9   2   0.0016881346
1   11   9   3   -0.0009182843
1   11   11   1   -0.1088032302
1   11   12   2   -0.0006547994
1   11   12   3   0.0003561872
1   12   7   1   0.0005490583
1   12   8   1   -0.0007272903
1   12   9   1   0.0064338898
1   12   10   2   0.0003716895
1   12   10   3   0.0006832981
1   12   11   2   -0.0006832981
1   12   11   3   0.0003716895
1   12   12   1   -0.1141341363
2   7   7   2   -0.1106336388
2   7   8   2   0.0000000849
2   7   9   2   0.0000294742
2   7   10   1   -0.0000801663
2   7   11   1   0.0001473742
2   7   12   2   0.0004961377
2   8   7   2   0.0000000849
2   8   8   2   -0.2295355075
2   8   9   2   0.0000040746
2   8   10   1   -0.0000129180
2   8   11   1   0.0000237480
2   8   12   2   -0.0001854540
2   9   7   2   0.0000294742
2   9   8   2   0.0000040746
2   9   9   2   -0.1100021097
2   9   10   1   -0.0009182843
2   9   11   1   0.0016881346
2   9   12   2   0.0061920186
2   10   7   1   -0.0000790968
2   10   8   1   -0.0000127617
2   10   9   1   -0.0009191805
2   10   10   2   -0.1096774893
2   10   10   3   -0.0002049423
2   10   11   2   0.0002049423
2   10   11   3   0.0001281731
2   10   12   1   0.0003716895
2   11   7   1   0.0001454081
2   11   8   1   0.0000234605
2   11   9   1   0.0016897821
2   11   10   2   0.0002049423
2   11   10   3   0.0001371028
2   11   11   2   -0.1099427652
2   11   11   3   0.0002049423
2   11   12   1   -0.0006832981
2   12   7   2   0.0004961377
2   12   8   2   -0.0001854540
2   12   9   2   0.0061920186
2   12   10   1   0.0003561872
2   12   11   1   -0.0006547994
2   12   12   2   -0.1150303163
3   7   7   3   -0.1106336388
3   7   8   3   0.0000000849
3   7   9   3   0.0000294742
3   7   10   1   -0.0001473742
3   7   11   1   -0.0000801663
3   7   12   3   0.0004961377
3   8   7   3   0.0000000849
3   8   8   3   -0.2295355075
3   8   9   3   0.0000040746
3   8   10   1   -0.0000237480
3   8   11   1   -0.0000129180
3   8   12   3   -0.0001854540
3   9   7   3   0.0000294742
3   9   8   3   0.0000040746
3   9   9   3   -0.1100021097
3   9   10   1   -0.0016881346
3   9   11   1   -0.0009182843
3   9   12   3   0.0061920186
3   10   7   1   -0.0001454081
3   10   8   1   -0.0000234605
3   10   9   1   -0.0016897821
3   10   10   2   -0.0002049423
3   10   10   3   -0.1099427652
3   10   11   2   0.0001371028
3   10   11   3   -0.0002049423
3   10   12   1   0.0006832981
3   11   7   1   -0.0000790968
3   11   8   1   -0.0000127617
3   11   9   1   -0.0009191805
3   11   10   2   0.0001281731
3   11   10   3   -0.0002049423
3   11   11   2   0.0002049423
3   11   11   3   -0.1096774893
3   11   12   1   0.0003716895
3   12   7   3   0.0004961377
3   12   8   3   -0.0001854540
3   12   9   3   0.0061920186
3   12   10   1   0.0006547994
3   12   11   1   0.0003561872
3   12   12   3   -0.1150303163

End AIJB Block
Begin IJKA Block
1   7   1   4   0.0024132436
1   7   2   4   -0.0000003559
1   7   3   4   -0.0004141444
1   7   4   5   -0.0007429505
1   7   4   6   -0.0013658084
1   7   5   5   0.0013658084
1   7   5   6   -0.0007429505
1   7   6   4   0.0025397348
1   8   1   4   -0.0006842850
1   8   2   4   -0.0000001874
1   8   3   4   0.0000025445
1   8   4   5   0.0000047910
1   8   4   6   0.0000088076
1   8   5   5   -0.0000088076
1   8   5   6   0.0000047910
1   8   6   4   0.0000083070
1   9   1   4   -0.0033708108
1   9   2   4   -0.0000003111
1   9   3   4   0.0000406265
1   9   4   5   -0.0007095178
1   9   4   6   -0.0013043472
1   9   5   5   0.0013043472
1   9   5   6   -0.0007095178
1   9   6   4   0.0024453164
1   10   1   5   -0.0111519725
1   10   1   6   -0.0205013087
1   10   2   5   0.0000000458
1   10   2   6   0.0000000843
1   10   3   5   -0.0001034627
1   10   3   6   -0.0001902014
1   10   4   4   -0.0001370959
1   10   6   5   -0.0000307180
1   10   6   6   -0.0000564706
1   11   1   5   0.0205013087
1   11   1   6   -0.0111519725
1   11   2   5   -0.0000000843
1   11   2   6   0.0000000458
1   11   3   5   0.0001902014
1   11   3   6   -0.0001034627
1   11   5   4   -0.0001370959
1   11   6   5   0.0000564706
1   11   6   6   -0.0000307180
1   12   1   4   0.0137459231
1   12   2   4   -0.0000004435
1   12   3   4   0.0016667541
1   12   4   5   -0.0000526280
1   12   4   6   -0.0000967491
1   12   5   5   0.0000967491
1   12   5   6   -0.0000526280
1   12   6   4   0.0000809043
2   7   1   4   0.0000019988
2   7   2   4   -0.0000551512
2   7   3   4   0.0000018490
2   7   4   5   -0.0000000302
2   7   4   6   -0.0000000554
2   7   5   5   0.0000000554
2   7   5   6   -0.0000000302
2   7   6   4   0.0000002161
2   8   1   4   -0.0000003110
2   8   2   4   -0.1048671054
2   8   3   4   0.0000232799
2   8   4   5   0.0000069494
2   8   4   6   0.0000127754
2   8   5   5   -0.0000127754
2   8   5   6   0.0000069494
2   8   6   4   -0.0013303019
2   9   1   4   0.0000019991
2   9   2   4   -0.0001333595
2   9   3   4   0.0000077244
2   9   4   5   -0.0000001530
2   9   4   6   -0.0000002812
2   9   5   5   0.0000002812
2   9   5   6   -0.0000001530
2   9   6   4   -0.0000013227
2   10   1   5   -0.0000000208
2   10   1   6   -0.0000000382
2   10   2   5   0.0004153324
2   10   2   6   0.0007635292
2   10   3   5   -0.0000002523
2   10   3   6   -0.0000004637
2   10   4   4   0.0000040189
2   10   6   5   -0.0000011978
2   10   6   6   -0.0000022020
2   11   1   5   0.0000000382
2   11   1   6   -0.0000000208
2   11   2   5   -0.0007635292
2   11   2   6   0.0004153324
2   11   3   5   0.0000004637
2   11   3   6   -0.0000002523
2   11   5   4   0.0000040189
2   11   6   5   0.0000022020
2   11   6   6   -0.0000011978
2   12   1   4   0.0000000567
2   12   2   4   -0.0124150578
2   12   3   4   0.0000004900
2   12   4   5   -0.0000051009
2   12   4   6   -0.0000093773
2   12   5   5   0.0000093773
2   12   5   6   -0.0000051009
2   12   6   4   0.0000413368
3   7   1   4   -0.0004707773
3   7   2   4   -0.0000003223
3   7   3   4   0.0000337989
3   7   4   5   -0.0008007423
3   7   4   6   -0.0014720503
3   7   5   5   0.0014720503
3   7   5   6   -0.0008007423
3   7   6   4   0.0028554211
3   8   1   4   0.0000026713
3   8   2   4   0.0000247162
3   8   3   4   -0.0006638075
3   8   4   5   0.0000527854
3   8   4   6   0.0000970385
3   8   5   5   -0.0000970385
3   8   5   6   0.0000527854
3   8   6   4   0.0000978466
3   9   1   4   -0.0000223232
3   9   2   4   0.0000032243
3   9   3   4   -0.0024384739
3   9   4   5   -0.0030912200
3   9   4   6   -0.0056827665
3   9   5   5   0.0056827665
3   9   5   6   -0.0030912200
3   9   6   4   0.0118099511
3   10   1   5   -0.0002205395
3   10   1   6   -0.0004054303
3   10   2   5   0.0000004604
3   10   2   6   0.0000008463
3   10   3   5   -0.0093212293
3   10   3   6   -0.0171357486
3   10   4   4   -0.0004953563
3   10   6   5   -0.0002800527
3   10   6   6   -0.0005148369
3   11   1   5   0.0004054303
3   11   1   6   -0.0002205395
3   11   2   5   -0.0000008463
3   11   2   6   0.0000004604
3   11   3   5   0.0171357486
3   11   3   6   -0.0093212293
3   11   5   4   -0.0004953563
3   11   6   5   0.0005148369
3   11   6   6   -0.0002800527
3   12   1   4   0.0024179531
3   12   2   4   -0.0000063548
3   12   3   4   0.0231909274
3   12   4   5   -0.0003999377
3   12   4   6   -0.0007352283
3   12   5   5   0.0007352283
3   12   5   6   -0.0003999377
3   12   6   4   0.0003364081
4   7   1   5   -0.0008986649
4   7   1   6   -0.0016520671
4   7   2   5   -0.0000000168
4   7   2   6   -0.0000000308
4   7   3   5   -0.0008343676
4   7   3   6   -0.0015338656
4   7   4   4   0.0000492921
4   7   6   5   -0.0000120115
4   7   6   6   -0.0000220814
4   8   1   5   0.0000042550
4   8   1   6   0.0000078222
4   8   2   5   0.0000017699
4   8   2   6   0.0000032538
4   8   3   5   0.0000502779
4   8   3   6   0.0000924287
4   8   4   4   -0.0006567617
4   8   6   5   -0.0000218808
4   8   6   6   -0.0000402247
4   9   1   5   -0.0007573011
4   9   1   6   -0.0013921898
4   9   2   5   -0.0000000034
4   9   2   6   -0.0000000062
4   9   3   5   -0.0030568975
4   9   3   6   -0.0056196694
4   9   4   4   -0.0019557367
4   9   6   5   -0.0000476333
4   9   6   6   -0.0000875671
4   10   1   4   -0.0001051172
4   10   2   4   0.0000103081
4   10   3   4   -0.0004988147
4   10   4   5   -0.0101786954
4   10   4   6   -0.0187120776
4   10   5   5   0.0017373104
4   10   5   6   -0.0009450342
4   10   6   4   0.0047691289
4   11   4   5   0.0152208965
4   11   4   6   -0.0082796188
4   11   5   5   -0.0009540424
4   11   5   6   -0.0017538706
4   12   1   5   -0.0000513908
4   12   1   6   -0.0000944747
4   12   2   5   -0.0000041605
4   12   2   6   -0.0000076484
4   12   3   5   -0.0003198716
4   12   3   6   -0.0005880383
4   12   4   4   0.0201276810
4   12   6   5   -0.0010334903
4   12   6   6   -0.0018999243
5   7   1   5   0.0016520671
5   7   1   6   -0.0008986649
5   7   2   5   0.0000000308
5   7   2   6   -0.0000000168
5   7   3   5   0.0015338656
5   7   3   6   -0.0008343676
5   7   5   4   0.0000492921
5   7   6   5   0.0000220814
5   7   6   6   -0.0000120115
5   8   1   5   -0.0000078222
5   8   1   6   0.0000042550
5   8   2   5   -0.0000032538
5   8   2   6   0.0000017699
5   8   3   5   -0.0000924287
5   8   3   6   0.0000502779
5   8   5   4   -0.0006567617
5   8   6   5   0.0000402247
5   8   6   6   -0.0000218808
5   9   1   5   0.0013921898
5   9   1   6   -0.0007573011
5   9   2   5   0.0000000062
5   9   2   6   -0.0000000034
5   9   3   5   0.0056196694
5   9   3   6   -0.0030568975
5   9   5   4   -0.0019557367
5   9   6   5   0.0000875671
5   9   6   6   -0.0000476333
5   10   4   5   0.0017538706
5   10   4   6   -0.0009540424
5   10   5   5   -0.0082796188
5   10   5   6   -0.0152208965
5   11   1   4   -0.0001051172
5   11   2   4   0.0000103081
5   11   3   4   -0.0004988147
5   11   4   5   -0.0009450342
5   11   4   6   -0.0017373104
5   11   5   5   0.0187120776
5   11   5   6   -0.0101786954
5   11   6   4   0.0047691289
5   12   1   5   0.0000944747
5   12   1   6   -0.0000513908
5   12   2   5   0.0000076484
5   12   2   6   -0.0000041605
5   12   3   5   0.0005880383
5   12   3   6   -0.0003198716
5   12   5   4   0.0201276810
5   12   6   5   0.0018999243
5   12   6   6   -0.0010334903
6   7   1   4   0.0035767600
6   7   2   4   -0.0000002022
6   7   3   4   0.0032162345
6   7   4   5   -0.0000107645
6   7   4   6   -0.0000197890
6   7   5   5   0.0000197890
6   7   5   6   -0.0000107645
6   7   6   4   0.0000997678
6   8   1   4   0.0000072671
6   8   2   4   -0.0016181195
6   8   3   4   0.0000911377
6   8   4   5   -0.0000260999
6   8   4   6   -0.0000479810
6   8   5   5   0.0000479810
6   8   5   6   -0.0000260999
6   8   6   4   -0.0008166956
6   9   1   4   0.0029800361
6   9   2   4   -0.0000055337
6   9   3   4   0.0118906619
6   9   4   5   -0.0000659066
6   9   4   6   -0.0001211599
6   9   5   5   0.0001211599
6   9   5   6   -0.0000659066
6   9   6   4   -0.0018724014
6   10   1   5   -0.0000332939
6   10   1   6   -0.0000612061
6   10   2   5   -0.0000056633
6   10   2   6   -0.0000104111
6   10   3   5   -0.0001714490
6   10   3   6   -0.0003151845
6   10   4   4   0.0043349186
6   10   6   5   -0.0082946041
6   10   6   6   -0.0152484448
6   11   1   5   0.0000612061
6   11   1   6   -0.0000332939
6   11   2   5   0.0000104111
6   11   2   6   -0.0000056633
6   11   3   5   0.0003151845
6   11   3   6   -0.0001714490
6   11   5   4   0.0043349186
6   11   6   5   0.0152484448
6   11   6   6   -0.0082946041
6   12   1   4   0.0001589565
6   12   2   4   0.0001332719
6   12   3   4   -0.0005669605
6   12   4   5   -0.0009400512
6   12   4   6   -0.0017281499
6   12   5   5   0.0017281499
6   12   5   6   -0.0009400512
6   12   6   4   0.0347703068

End IJKA Block
Begin IABC Block
1   4   1   4   -0.0000340018
1   4   2   5   -0.0000063646
1   4   3   6   -0.0000063646
1   5   1   5   -0.0000310846
1   5   2   4   -0.0000064348
1   6   1   6   -0.0000310846
1   6   3   4   -0.0000064348
2   4   1   4   -0.0005955740
2   4   2   5   0.0032112358
2   4   3   6   0.0032112358
2   5   1   5   -0.0002596606
2   5   2   4   0.0032339644
2   6   1   6   -0.0002596606
2   6   3   4   0.0032339644
3   4   1   4   -0.0001590718
3   4   2   5   0.0000302829
3   4   3   6   0.0000302829
3   5   1   5   -0.0001418330
3   5   2   4   0.0000313935
3   6   1   6   -0.0001418330
3   6   3   4   0.0000313935
4   4   1   5   0.0001564665
4   4   1   6   0.0002876413
4   4   2   4   0.0002314809
4   4   3   4   0.0004255446
4   5   1   4   0.0001533205
4   5   2   5   0.0004470861
4   5   2   6   0.0001782340
4   5   3   5   0.0004666063
4   5   3   6   0.0000963162
4   6   1   4   0.0002818579
4   6   2   5   0.0001770635
4   6   2   6   0.0002538170
4   6   3   5   0.0000969529
4   6   3   6   0.0008219039
5   4   1   5   -0.0002876413
5   4   1   6   0.0001564665
5   4   2   4   -0.0004255446
5   4   3   4   0.0002314809
5   5   1   4   -0.0002818579
5   5   2   5   -0.0008219039
5   5   2   6   0.0000969529
5   5   3   5   0.0002538170
5   5   3   6   -0.0001770635
5   6   1   4   0.0001533205
5   6   2   5   0.0000963162
5   6   2   6   -0.0004666063
5   6   3   5   -0.0001782340
5   6   3   6   0.0004470861
6   4   1   4   -0.0037760435
6   4   2   5   -0.0024920853
6   4   3   6   -0.0024920853
6   5   1   5   -0.0039837440
6   5   2   4   -0.0025398401
6   6   1   6   -0.0039837440
6   6   3   4   -0.0025398401

End IABC Block
