Begin IJ Block
1   1   -40.7552891853
1   2   0.0000047720
1   3   0.7525279008
1   6   0.0100167743
2   2   -5.4590244513
2   3   -0.0000219459
2   6   -0.0069145424
3   3   -9.1493505146
3   6   -0.0219693864
4   4   -8.0394747176
5   5   -8.0394747176
6   6   -7.8785288189

End IJ Block
Begin IA Block
1   1   -0.0016568898
2   1   0.1134072866
3   1   0.0144082632
4   2   0.1054638392
4   3   0.1410019154
5   2   0.1410019154
5   3   -0.1054638392
6   1   -0.3750397191

End IA Block
Begin AB Block
1   1   -1.6655019753
2   2   -1.5009884506
3   3   -1.5009884506

End AB Block
Begin IJKL Block
1   7   1   7   5.3560559127
1   7   1   8   -0.0000042440
1   7   1   9   -0.5329715678
1   7   1   12   -0.0068498852
1   7   2   7   -0.0000042440
1   7   2   8   0.0000000000
1   7   2   9   0.0000007913
1   7   2   12   -0.0000003836
1   7   3   7   -0.5329715678
1   7   3   8   0.0000007913
1   7   3   9   0.0859467035
1   7   3   12   0.0010708144
1   7   4   10   0.0359960043
1   7   5   11   0.0359960043
1   7   6   7   -0.0068498852
1   7   6   8   -0.0000003836
1   7   6   9   0.0010708144
1   7   6   12   0.0345599462
1   8   1   7   -0.0000042440
1   8   1   8   0.1127798830
1   8   1   9   0.0000065152
1   8   1   12   -0.0000576694
1   8   2   7   0.0000000000
1   8   2   8   0.0000011938
1   8   2   9   -0.0000000002
1   8   2   12   0.0000000130
1   8   3   7   0.0000007913
1   8   3   8   0.0000010437
1   8   3   9   -0.0000002232
1   8   3   12   0.0000001622
1   8   4   10   0.0000001606
1   8   5   11   0.0000001606
1   8   6   7   -0.0000003836
1   8   6   8   -0.0006518159
1   8   6   9   -0.0000006669
1   8   6   12   0.0000007309
1   9   1   7   -0.5329715678
1   9   1   8   0.0000065152
1   9   1   9   1.2633104412
1   9   1   12   0.0088179613
1   9   2   7   0.0000007913
1   9   2   8   -0.0000000002
1   9   2   9   -0.0000002056
1   9   2   12   -0.0000005170
1   9   3   7   0.0859467035
1   9   3   8   -0.0000002232
1   9   3   9   -0.0231456053
1   9   3   12   -0.0003414765
1   9   4   10   0.0373232180
1   9   5   11   0.0373232180
1   9   6   7   0.0010708144
1   9   6   8   -0.0000006669
1   9   6   9   -0.0004376490
1   9   6   12   0.0359601706
1   10   1   10   1.1683169642
1   10   2   10   -0.0000000846
1   10   3   10   -0.0144919630
1   10   4   7   0.0359960043
1   10   4   8   0.0000001606
1   10   4   9   0.0373232180
1   10   4   12   0.0003801504
1   10   6   10   -0.0002413277
1   11   1   11   1.1683169642
1   11   2   11   -0.0000000846
1   11   3   11   -0.0144919630
1   11   5   7   0.0359960043
1   11   5   8   0.0000001606
1   11   5   9   0.0373232180
1   11   5   12   0.0003801504
1   11   6   11   -0.0002413277
1   12   1   7   -0.0068498852
1   12   1   8   -0.0000576694
1   12   1   9   0.0088179613
1   12   1   12   1.1372080400
1   12   2   7   -0.0000003836
1   12   2   8   0.0000000130
1   12   2   9   -0.0000005170
1   12   2   12   -0.0000000718
1   12   3   7   0.0010708144
1   12   3   8   0.0000001622
1   12   3   9   -0.0003414765
1   12   3   12   -0.0139191785
1   12   4   10   0.0003801504
1   12   5   11   0.0003801504
1   12   6   7   0.0345599462
1   12   6   8   0.0000007309
1   12   6   9   0.0359601706
1   12   6   12   0.0003961891
2   7   1   7   -0.0000042440
2   7   1   8   0.0000000000
2   7   1   9   0.0000007913
2   7   1   12   -0.0000003836
2   7   2   7   0.1127798830
2   7   2   8   0.0000011938
2   7   2   9   0.0000010437
2   7   2   12   -0.0006518159
2   7   3   7   0.0000065152
2   7   3   8   -0.0000000002
2   7   3   9   -0.0000002232
2   7   3   12   -0.0000006669
2   7   4   10   0.0000001606
2   7   5   11   0.0000001606
2   7   6   7   -0.0000576694
2   7   6   8   0.0000000130
2   7   6   9   0.0000001622
2   7   6   12   0.0000007309
2   8   1   7   0.0000000000
2   8   1   8   0.0000011938
2   8   1   9   -0.0000000002
2   8   1   12   0.0000000130
2   8   2   7   0.0000011938
2   8   2   8   1.6516464341
2   8   2   9   -0.0000112481
2   8   2   12   0.0073882064
2   8   3   7   -0.0000000002
2   8   3   8   -0.0000112481
2   8   3   9   0.0000000050
2   8   3   12   -0.0000001488
2   8   4   10   0.0000001633
2   8   5   11   0.0000001633
2   8   6   7   0.0000000130
2   8   6   8   0.0073882064
2   8   6   9   -0.0000001488
2   8   6   12   0.0000520642
2   9   1   7   0.0000007913
2   9   1   8   -0.0000000002
2   9   1   9   -0.0000002056
2   9   1   12   -0.0000005170
2   9   2   7   0.0000010437
2   9   2   8   -0.0000112481
2   9   2   9   0.1128505240
2   9   2   12   -0.0078894984
2   9   3   7   -0.0000002232
2   9   3   8   0.0000000050
2   9   3   9   0.0000046017
2   9   3   12   -0.0000028008
2   9   4   10   0.0000009367
2   9   5   11   0.0000009367
2   9   6   7   0.0000001622
2   9   6   8   -0.0000001488
2   9   6   9   -0.0000526579
2   9   6   12   0.0000074806
2   10   1   10   -0.0000000846
2   10   2   10   0.1123253686
2   10   3   10   0.0000042114
2   10   4   7   0.0000001606
2   10   4   8   0.0000001633
2   10   4   9   0.0000009367
2   10   4   12   -0.0000007333
2   10   6   10   -0.0000507108
2   11   1   11   -0.0000000846
2   11   2   11   0.1123253686
2   11   3   11   0.0000042114
2   11   5   7   0.0000001606
2   11   5   8   0.0000001633
2   11   5   9   0.0000009367
2   11   5   12   -0.0000007333
2   11   6   11   -0.0000507108
2   12   1   7   -0.0000003836
2   12   1   8   0.0000000130
2   12   1   9   -0.0000005170
2   12   1   12   -0.0000000718
2   12   2   7   -0.0006518159
2   12   2   8   0.0073882064
2   12   2   9   -0.0078894984
2   12   2   12   0.1163297688
2   12   3   7   -0.0000006669
2   12   3   8   -0.0000001488
2   12   3   9   -0.0000028008
2   12   3   12   0.0000044307
2   12   4   10   -0.0000007333
2   12   5   11   -0.0000007333
2   12   6   7   0.0000007309
2   12   6   8   0.0000520642
2   12   6   9   0.0000074806
2   12   6   12   -0.0000548173
3   7   1   7   -0.5329715678
3   7   1   8   0.0000007913
3   7   1   9   0.0859467035
3   7   1   12   0.0010708144
3   7   2   7   0.0000065152
3   7   2   8   -0.0000000002
3   7   2   9   -0.0000002232
3   7   2   12   -0.0000006669
3   7   3   7   1.2633104412
3   7   3   8   -0.0000002056
3   7   3   9   -0.0231456053
3   7   3   12   -0.0004376490
3   7   4   10   0.0373232180
3   7   5   11   0.0373232180
3   7   6   7   0.0088179613
3   7   6   8   -0.0000005170
3   7   6   9   -0.0003414765
3   7   6   12   0.0359601706
3   8   1   7   0.0000007913
3   8   1   8   0.0000010437
3   8   1   9   -0.0000002232
3   8   1   12   0.0000001622
3   8   2   7   -0.0000000002
3   8   2   8   -0.0000112481
3   8   2   9   0.0000000050
3   8   2   12   -0.0000001488
3   8   3   7   -0.0000002056
3   8   3   8   0.1128505240
3   8   3   9   0.0000046017
3   8   3   12   -0.0000526579
3   8   4   10   0.0000009367
3   8   5   11   0.0000009367
3   8   6   7   -0.0000005170
3   8   6   8   -0.0078894984
3   8   6   9   -0.0000028008
3   8   6   12   0.0000074806
3   9   1   7   0.0859467035
3   9   1   8   -0.0000002232
3   9   1   9   -0.0231456053
3   9   1   12   -0.0003414765
3   9   2   7   -0.0000002232
3   9   2   8   0.0000000050
3   9   2   9   0.0000046017
3   9   2   12   -0.0000028008
3   9   3   7   -0.0231456053
3   9   3   8   0.0000046017
3   9   3   9   0.8829544332
3   9   3   12   0.0036278089
3   9   4   10   0.1658258984
3   9   5   11   0.1658258984
3   9   6   7   -0.0003414765
3   9   6   8   -0.0000028008
3   9   6   9   0.0036278089
3   9   6   12   0.1611203083
3   10   1   10   -0.0144919630
3   10   2   10   0.0000042114
3   10   3   10   0.8292906856
3   10   4   7   0.0373232180
3   10   4   8   0.0000009367
3   10   4   9   0.1658258984
3   10   4   12   0.0009830188
3   10   6   10   0.0037543494
3   11   1   11   -0.0144919630
3   11   2   11   0.0000042114
3   11   3   11   0.8292906856
3   11   5   7   0.0373232180
3   11   5   8   0.0000009367
3   11   5   9   0.1658258984
3   11   5   12   0.0009830188
3   11   6   11   0.0037543494
3   12   1   7   0.0010708144
3   12   1   8   0.0000001622
3   12   1   9   -0.0003414765
3   12   1   12   -0.0139191785
3   12   2   7   -0.0000006669
3   12   2   8   -0.0000001488
3   12   2   9   -0.0000028008
3   12   2   12   0.0000044307
3   12   3   7   -0.0004376490
3   12   3   8   -0.0000526579
3   12   3   9   0.0036278089
3   12   3   12   0.8110368172
3   12   4   10   0.0009830188
3   12   5   11   0.0009830188
3   12   6   7   0.0359601706
3   12   6   8   0.0000074806
3   12   6   9   0.1611203083
3   12   6   12   0.0045039570
4   7   1   10   0.0359960043
4   7   2   10   0.0000001606
4   7   3   10   0.0373232180
4   7   4   7   1.1683169642
4   7   4   8   -0.0000000846
4   7   4   9   -0.0144919630
4   7   4   12   -0.0002413277
4   7   6   10   0.0003801504
4   8   1   10   0.0000001606
4   8   2   10   0.0000001633
4   8   3   10   0.0000009367
4   8   4   7   -0.0000000846
4   8   4   8   0.1123253686
4   8   4   9   0.0000042114
4   8   4   12   -0.0000507108
4   8   6   10   -0.0000007333
4   9   1   10   0.0373232180
4   9   2   10   0.0000009367
4   9   3   10   0.1658258984
4   9   4   7   -0.0144919630
4   9   4   8   0.0000042114
4   9   4   9   0.8292906856
4   9   4   12   0.0037543494
4   9   6   10   0.0009830188
4   10   1   7   0.0359960043
4   10   1   8   0.0000001606
4   10   1   9   0.0373232180
4   10   1   12   0.0003801504
4   10   2   7   0.0000001606
4   10   2   8   0.0000001633
4   10   2   9   0.0000009367
4   10   2   12   -0.0000007333
4   10   3   7   0.0373232180
4   10   3   8   0.0000009367
4   10   3   9   0.1658258984
4   10   3   12   0.0009830188
4   10   4   10   0.8392653764
4   10   5   11   0.0408228088
4   10   6   7   0.0003801504
4   10   6   8   -0.0000007333
4   10   6   9   0.0009830188
4   10   6   12   0.0397081894
4   11   4   11   0.7576197589
4   11   5   10   0.0408228088
4   12   1   10   0.0003801504
4   12   2   10   -0.0000007333
4   12   3   10   0.0009830188
4   12   4   7   -0.0002413277
4   12   4   8   -0.0000507108
4   12   4   9   0.0037543494
4   12   4   12   0.7414894847
4   12   6   10   0.0397081894
5   7   1   11   0.0359960043
5   7   2   11   0.0000001606
5   7   3   11   0.0373232180
5   7   5   7   1.1683169642
5   7   5   8   -0.0000000846
5   7   5   9   -0.0144919630
5   7   5   12   -0.0002413277
5   7   6   11   0.0003801504
5   8   1   11   0.0000001606
5   8   2   11   0.0000001633
5   8   3   11   0.0000009367
5   8   5   7   -0.0000000846
5   8   5   8   0.1123253686
5   8   5   9   0.0000042114
5   8   5   12   -0.0000507108
5   8   6   11   -0.0000007333
5   9   1   11   0.0373232180
5   9   2   11   0.0000009367
5   9   3   11   0.1658258984
5   9   5   7   -0.0144919630
5   9   5   8   0.0000042114
5   9   5   9   0.8292906856
5   9   5   12   0.0037543494
5   9   6   11   0.0009830188
5   10   4   11   0.0408228088
5   10   5   10   0.7576197589
5   11   1   7   0.0359960043
5   11   1   8   0.0000001606
5   11   1   9   0.0373232180
5   11   1   12   0.0003801504
5   11   2   7   0.0000001606
5   11   2   8   0.0000001633
5   11   2   9   0.0000009367
5   11   2   12   -0.0000007333
5   11   3   7   0.0373232180
5   11   3   8   0.0000009367
5   11   3   9   0.1658258984
5   11   3   12   0.0009830188
5   11   4   10   0.0408228088
5   11   5   11   0.8392653764
5   11   6   7   0.0003801504
5   11   6   8   -0.0000007333
5   11   6   9   0.0009830188
5   11   6   12   0.0397081894
5   12   1   11   0.0003801504
5   12   2   11   -0.0000007333
5   12   3   11   0.0009830188
5   12   5   7   -0.0002413277
5   12   5   8   -0.0000507108
5   12   5   9   0.0037543494
5   12   5   12   0.7414894847
5   12   6   11   0.0397081894
6   7   1   7   -0.0068498852
6   7   1   8   -0.0000003836
6   7   1   9   0.0010708144
6   7   1   12   0.0345599462
6   7   2   7   -0.0000576694
6   7   2   8   0.0000000130
6   7   2   9   0.0000001622
6   7   2   12   0.0000007309
6   7   3   7   0.0088179613
6   7   3   8   -0.0000005170
6   7   3   9   -0.0003414765
6   7   3   12   0.0359601706
6   7   4   10   0.0003801504
6   7   5   11   0.0003801504
6   7   6   7   1.1372080400
6   7   6   8   -0.0000000718
6   7   6   9   -0.0139191785
6   7   6   12   0.0003961891
6   8   1   7   -0.0000003836
6   8   1   8   -0.0006518159
6   8   1   9   -0.0000006669
6   8   1   12   0.0000007309
6   8   2   7   0.0000000130
6   8   2   8   0.0073882064
6   8   2   9   -0.0000001488
6   8   2   12   0.0000520642
6   8   3   7   -0.0000005170
6   8   3   8   -0.0078894984
6   8   3   9   -0.0000028008
6   8   3   12   0.0000074806
6   8   4   10   -0.0000007333
6   8   5   11   -0.0000007333
6   8   6   7   -0.0000000718
6   8   6   8   0.1163297688
6   8   6   9   0.0000044307
6   8   6   12   -0.0000548173
6   9   1   7   0.0010708144
6   9   1   8   -0.0000006669
6   9   1   9   -0.0004376490
6   9   1   12   0.0359601706
6   9   2   7   0.0000001622
6   9   2   8   -0.0000001488
6   9   2   9   -0.0000526579
6   9   2   12   0.0000074806
6   9   3   7   -0.0003414765
6   9   3   8   -0.0000028008
6   9   3   9   0.0036278089
6   9   3   12   0.1611203083
6   9   4   10   0.0009830188
6   9   5   11   0.0009830188
6   9   6   7   -0.0139191785
6   9   6   8   0.0000044307
6   9   6   9   0.8110368172
6   9   6   12   0.0045039570
6   10   1   10   -0.0002413277
6   10   2   10   -0.0000507108
6   10   3   10   0.0037543494
6   10   4   7   0.0003801504
6   10   4   8   -0.0000007333
6   10   4   9   0.0009830188
6   10   4   12   0.0397081894
6   10   6   10   0.7414894847
6   11   1   11   -0.0002413277
6   11   2   11   -0.0000507108
6   11   3   11   0.0037543494
6   11   5   7   0.0003801504
6   11   5   8   -0.0000007333
6   11   5   9   0.0009830188
6   11   5   12   0.0397081894
6   11   6   11   0.7414894847
6   12   1   7   0.0345599462
6   12   1   8   0.0000007309
6   12   1   9   0.0359601706
6   12   1   12   0.0003961891
6   12   2   7   0.0000007309
6   12   2   8   0.0000520642
6   12   2   9   0.0000074806
6   12   2   12   -0.0000548173
6   12   3   7   0.0359601706
6   12   3   8   0.0000074806
6   12   3   9   0.1611203083
6   12   3   12   0.0045039570
6   12   4   10   0.0397081894
6   12   5   11   0.0397081894
6   12   6   7   0.0003961891
6   12   6   8   -0.0000548173
6   12   6   9   0.0045039570
6   12   6   12   0.8034270309

End IJKL Block
Begin IJAB Block
1   7   1   4   0.0001477721
1   7   2   5   0.0000330102
1   7   3   6   0.0000330102
1   8   1   4   0.0000003319
1   8   2   5   -0.0000002053
1   8   3   6   -0.0000002053
1   9   1   4   0.0001512890
1   9   2   5   0.0000322635
1   9   3   6   0.0000322635
1   10   1   5   -0.0000020696
1   10   1   6   -0.0000027670
1   10   2   4   0.0000014030
1   10   3   4   0.0000018758
1   11   1   5   -0.0000027670
1   11   1   6   0.0000020696
1   11   2   4   0.0000018758
1   11   3   4   -0.0000014030
1   12   1   4   0.0000024573
1   12   2   5   0.0000020731
1   12   3   6   0.0000020731
2   7   1   4   0.0000003319
2   7   2   5   -0.0000002053
2   7   3   6   -0.0000002053
2   8   1   4   0.0115404225
2   8   2   5   0.0023031532
2   8   3   6   0.0023031532
2   9   1   4   0.0000016813
2   9   2   5   0.0000022843
2   9   3   6   0.0000022843
2   10   1   5   -0.0000014464
2   10   1   6   -0.0000019338
2   10   2   4   0.0000206616
2   10   3   4   0.0000276239
2   11   1   5   -0.0000019338
2   11   1   6   0.0000014464
2   11   2   4   0.0000276239
2   11   3   4   -0.0000206616
2   12   1   4   0.0001427095
2   12   2   5   -0.0002519347
2   12   3   6   -0.0002519347
3   7   1   4   0.0001512890
3   7   2   5   0.0000322635
3   7   3   6   0.0000322635
3   8   1   4   0.0000016813
3   8   2   5   0.0000022843
3   8   3   6   0.0000022843
3   9   1   4   0.0006631491
3   9   2   5   0.0001319189
3   9   3   6   0.0001319189
3   10   1   5   0.0000088821
3   10   1   6   0.0000118751
3   10   2   4   0.0000033198
3   10   3   4   0.0000044385
3   11   1   5   0.0000118751
3   11   1   6   -0.0000088821
3   11   2   4   0.0000044385
3   11   3   4   -0.0000033198
3   12   1   4   -0.0000582894
3   12   2   5   0.0000056810
3   12   3   6   0.0000056810
4   7   1   5   0.0000014030
4   7   1   6   0.0000018758
4   7   2   4   -0.0000020696
4   7   3   4   -0.0000027670
4   8   1   5   0.0000206616
4   8   1   6   0.0000276239
4   8   2   4   -0.0000014464
4   8   3   4   -0.0000019338
4   9   1   5   0.0000033198
4   9   1   6   0.0000044385
4   9   2   4   0.0000088821
4   9   3   4   0.0000118751
4   10   1   4   0.0001697290
4   10   2   5   0.0002248946
4   10   2   6   0.0002510927
4   10   3   5   0.0002510927
4   10   3   6   0.0003727904
4   11   2   5   0.0002510927
4   11   2   6   -0.0001507202
4   11   3   5   0.0002986161
4   11   3   6   -0.0002510927
4   12   1   5   -0.0000621972
4   12   1   6   -0.0000831558
4   12   2   4   -0.0006726759
4   12   3   4   -0.0008993470
5   7   1   5   0.0000018758
5   7   1   6   -0.0000014030
5   7   2   4   -0.0000027670
5   7   3   4   0.0000020696
5   8   1   5   0.0000276239
5   8   1   6   -0.0000206616
5   8   2   4   -0.0000019338
5   8   3   4   0.0000014464
5   9   1   5   0.0000044385
5   9   1   6   -0.0000033198
5   9   2   4   0.0000118751
5   9   3   4   -0.0000088821
5   10   2   5   0.0002510927
5   10   2   6   0.0002986161
5   10   3   5   -0.0001507202
5   10   3   6   -0.0002510927
5   11   1   4   0.0001697290
5   11   2   5   0.0003727904
5   11   2   6   -0.0002510927
5   11   3   5   -0.0002510927
5   11   3   6   0.0002248946
5   12   1   5   -0.0000831558
5   12   1   6   0.0000621972
5   12   2   4   -0.0008993470
5   12   3   4   0.0006726759
6   7   1   4   0.0000024573
6   7   2   5   0.0000020731
6   7   3   6   0.0000020731
6   8   1   4   0.0001427095
6   8   2   5   -0.0002519347
6   8   3   6   -0.0002519347
6   9   1   4   -0.0000582894
6   9   2   5   0.0000056810
6   9   3   6   0.0000056810
6   10   1   5   -0.0006726759
6   10   1   6   -0.0008993470
6   10   2   4   -0.0000621972
6   10   3   4   -0.0000831558
6   11   1   5   -0.0008993470
6   11   1   6   0.0006726759
6   11   2   4   -0.0000831558
6   11   3   4   0.0000621972
6   12   1   4   0.0030674099
6   12   2   5   0.0002618575
6   12   3   6   0.0002618575

End IJAB Block
Begin ABCD Block
1   4   1   4   0.2356868483
1   4   2   5   0.0397740671
1   4   3   6   0.0397740671
1   5   1   5   0.1961579723
1   5   2   4   0.0397740671
1   6   1   6   0.1961579723
1   6   3   4   0.0397740671
2   4   1   5   0.0397740671
2   4   2   4   0.1961579723
2   5   1   4   0.0397740671
2   5   2   5   0.1877401072
2   5   3   6   0.0099924793
2   6   2   6   0.1677551486
2   6   3   5   0.0099924793
3   4   1   6   0.0397740671
3   4   3   4   0.1961579723
3   5   2   6   0.0099924793
3   5   3   5   0.1677551486
3   6   1   4   0.0397740671
3   6   2   5   0.0099924793
3   6   3   6   0.1877401072

End ABCD Block
Begin AIJB Block
1   7   1   4   0.0001477721
1   7   2   4   0.0000003319
1   7   3   4   0.0001512890
1   7   4   5   0.0000014030
1   7   4   6   0.0000018758
1   7   5   5   0.0000018758
1   7   5   6   -0.0000014030
1   7   6   4   0.0000024573
1   8   1   4   0.0000003319
1   8   2   4   0.0115404225
1   8   3   4   0.0000016813
1   8   4   5   0.0000206616
1   8   4   6   0.0000276239
1   8   5   5   0.0000276239
1   8   5   6   -0.0000206616
1   8   6   4   0.0001427095
1   9   1   4   0.0001512890
1   9   2   4   0.0000016813
1   9   3   4   0.0006631491
1   9   4   5   0.0000033198
1   9   4   6   0.0000044385
1   9   5   5   0.0000044385
1   9   5   6   -0.0000033198
1   9   6   4   -0.0000582894
1   10   1   5   -0.0000020696
1   10   1   6   -0.0000027670
1   10   2   5   -0.0000014464
1   10   2   6   -0.0000019338
1   10   3   5   0.0000088821
1   10   3   6   0.0000118751
1   10   4   4   0.0001697290
1   10   6   5   -0.0006726759
1   10   6   6   -0.0008993470
1   11   1   5   -0.0000027670
1   11   1   6   0.0000020696
1   11   2   5   -0.0000019338
1   11   2   6   0.0000014464
1   11   3   5   0.0000118751
1   11   3   6   -0.0000088821
1   11   5   4   0.0001697290
1   11   6   5   -0.0008993470
1   11   6   6   0.0006726759
1   12   1   4   0.0000024573
1   12   2   4   0.0001427095
1   12   3   4   -0.0000582894
1   12   4   5   -0.0000621972
1   12   4   6   -0.0000831558
1   12   5   5   -0.0000831558
1   12   5   6   0.0000621972
1   12   6   4   0.0030674099
2   7   1   5   0.0000330102
2   7   2   5   -0.0000002053
2   7   3   5   0.0000322635
2   7   4   4   -0.0000020696
2   7   5   4   -0.0000027670
2   7   6   5   0.0000020731
2   8   1   5   -0.0000002053
2   8   2   5   0.0023031532
2   8   3   5   0.0000022843
2   8   4   4   -0.0000014464
2   8   5   4   -0.0000019338
2   8   6   5   -0.0002519347
2   9   1   5   0.0000322635
2   9   2   5   0.0000022843
2   9   3   5   0.0001319189
2   9   4   4   0.0000088821
2   9   5   4   0.0000118751
2   9   6   5   0.0000056810
2   10   1   4   0.0000014030
2   10   2   4   0.0000206616
2   10   3   4   0.0000033198
2   10   4   5   0.0002248946
2   10   4   6   0.0002510927
2   10   5   5   0.0002510927
2   10   5   6   0.0002986161
2   10   6   4   -0.0000621972
2   11   1   4   0.0000018758
2   11   2   4   0.0000276239
2   11   3   4   0.0000044385
2   11   4   5   0.0002510927
2   11   4   6   -0.0001507202
2   11   5   5   0.0003727904
2   11   5   6   -0.0002510927
2   11   6   4   -0.0000831558
2   12   1   5   0.0000020731
2   12   2   5   -0.0002519347
2   12   3   5   0.0000056810
2   12   4   4   -0.0006726759
2   12   5   4   -0.0008993470
2   12   6   5   0.0002618575
3   7   1   6   0.0000330102
3   7   2   6   -0.0000002053
3   7   3   6   0.0000322635
3   7   4   4   -0.0000027670
3   7   5   4   0.0000020696
3   7   6   6   0.0000020731
3   8   1   6   -0.0000002053
3   8   2   6   0.0023031532
3   8   3   6   0.0000022843
3   8   4   4   -0.0000019338
3   8   5   4   0.0000014464
3   8   6   6   -0.0002519347
3   9   1   6   0.0000322635
3   9   2   6   0.0000022843
3   9   3   6   0.0001319189
3   9   4   4   0.0000118751
3   9   5   4   -0.0000088821
3   9   6   6   0.0000056810
3   10   1   4   0.0000018758
3   10   2   4   0.0000276239
3   10   3   4   0.0000044385
3   10   4   5   0.0002510927
3   10   4   6   0.0003727904
3   10   5   5   -0.0001507202
3   10   5   6   -0.0002510927
3   10   6   4   -0.0000831558
3   11   1   4   -0.0000014030
3   11   2   4   -0.0000206616
3   11   3   4   -0.0000033198
3   11   4   5   0.0002986161
3   11   4   6   -0.0002510927
3   11   5   5   -0.0002510927
3   11   5   6   0.0002248946
3   11   6   4   0.0000621972
3   12   1   6   0.0000020731
3   12   2   6   -0.0002519347
3   12   3   6   0.0000056810
3   12   4   4   -0.0008993470
3   12   5   4   0.0006726759
3   12   6   6   0.0002618575

1   7   7   1   -0.0992192992
1   7   8   1   -0.0000000445
1   7   9   1   0.0000586904
1   7   10   2   -0.0000725279
1   7   10   3   -0.0000969676
1   7   11   2   -0.0000969676
1   7   11   3   0.0000725279
1   7   12   1   0.0004619771
1   8   7   1   -0.0000000445
1   8   8   1   -0.3037682166
1   8   9   1   0.0000025170
1   8   10   2   -0.0000181674
1   8   10   3   -0.0000242893
1   8   11   2   -0.0000242893
1   8   11   3   0.0000181674
1   8   12   1   -0.0002253533
1   9   7   1   0.0000586904
1   9   8   1   0.0000025170
1   9   9   1   -0.0978844302
1   9   10   2   -0.0008488884
1   9   10   3   -0.0011349378
1   9   11   2   -0.0011349378
1   9   11   3   0.0008488884
1   9   12   1   0.0054851143
1   10   7   2   -0.0000725279
1   10   7   3   -0.0000969676
1   10   8   2   -0.0000181674
1   10   8   3   -0.0000242893
1   10   9   2   -0.0008488884
1   10   9   3   -0.0011349378
1   10   10   1   -0.0973132987
1   10   12   2   0.0002413097
1   10   12   3   0.0003226236
1   11   7   2   -0.0000969676
1   11   7   3   0.0000725279
1   11   8   2   -0.0000242893
1   11   8   3   0.0000181674
1   11   9   2   -0.0011349378
1   11   9   3   0.0008488884
1   11   11   1   -0.0973132987
1   11   12   2   0.0003226236
1   11   12   3   -0.0002413097
1   12   7   1   0.0004619771
1   12   8   1   -0.0002253533
1   12   9   1   0.0054851143
1   12   10   2   0.0002413097
1   12   10   3   0.0003226236
1   12   11   2   0.0003226236
1   12   11   3   -0.0002413097
1   12   12   1   -0.0998934780
2   7   7   2   -0.0994158237
2   7   8   2   0.0000000155
2   7   9   2   0.0000125266
2   7   10   1   -0.0000725279
2   7   11   1   -0.0000969676
2   7   12   2   0.0004473300
2   8   7   2   0.0000000155
2   8   8   2   -0.2429275254
2   8   9   2   -0.0000000952
2   8   10   1   -0.0000181674
2   8   11   1   -0.0000242893
2   8   12   2   -0.0000684618
2   9   7   2   0.0000125266
2   9   8   2   -0.0000000952
2   9   9   2   -0.0991634129
2   9   10   1   -0.0008488884
2   9   11   1   -0.0011349378
2   9   12   2   0.0054072050
2   10   7   1   -0.0000725279
2   10   8   1   -0.0000181674
2   10   9   1   -0.0008488884
2   10   10   2   -0.0988631792
2   10   10   3   -0.0001208832
2   10   11   2   -0.0001208832
2   10   11   3   -0.0000356007
2   10   12   1   0.0002413097
2   11   7   1   -0.0000969676
2   11   8   1   -0.0000242893
2   11   9   1   -0.0011349378
2   11   10   2   -0.0001208832
2   11   10   3   -0.0000356007
2   11   11   2   -0.0989343805
2   11   11   3   0.0001208832
2   11   12   1   0.0003226236
2   12   7   2   0.0004473300
2   12   8   2   -0.0000684618
2   12   9   2   0.0054072050
2   12   10   1   0.0002413097
2   12   11   1   0.0003226236
2   12   12   2   -0.1009093421
3   7   7   3   -0.0994158237
3   7   8   3   0.0000000155
3   7   9   3   0.0000125266
3   7   10   1   -0.0000969676
3   7   11   1   0.0000725279
3   7   12   3   0.0004473300
3   8   7   3   0.0000000155
3   8   8   3   -0.2429275254
3   8   9   3   -0.0000000952
3   8   10   1   -0.0000242893
3   8   11   1   0.0000181674
3   8   12   3   -0.0000684618
3   9   7   3   0.0000125266
3   9   8   3   -0.0000000952
3   9   9   3   -0.0991634129
3   9   10   1   -0.0011349378
3   9   11   1   0.0008488884
3   9   12   3   0.0054072050
3   10   7   1   -0.0000969676
3   10   8   1   -0.0000242893
3   10   9   1   -0.0011349378
3   10   10   2   -0.0001208832
3   10   10   3   -0.0989343805
3   10   11   2   -0.0000356007
3   10   11   3   0.0001208832
3   10   12   1   0.0003226236
3   11   7   1   0.0000725279
3   11   8   1   0.0000181674
3   11   9   1   0.0008488884
3   11   10   2   -0.0000356007
3   11   10   3   0.0001208832
3   11   11   2   0.0001208832
3   11   11   3   -0.0988631792
3   11   12   1   -0.0002413097
3   12   7   3   0.0004473300
3   12   8   3   -0.0000684618
3   12   9   3   0.0054072050
3   12   10   1   0.0003226236
3   12   11   1   -0.0002413097
3   12   12   3   -0.1009093421

End AIJB Block
Begin IJKA Block
1   7   1   4   0.0012919455
1   7   2   4   -0.0000000276
1   7   3   4   -0.0002117293
1   7   4   5   -0.0006528757
1   7   4   6   -0.0008728748
1   7   5   5   -0.0008728748
1   7   5   6   0.0006528757
1   7   6   4   0.0022527981
1   8   1   4   -0.0003912845
1   8   2   4   -0.0000001756
1   8   3   4   0.0000000039
1   8   4   5   0.0000040347
1   8   4   6   0.0000053943
1   8   5   5   0.0000053943
1   8   5   6   -0.0000040347
1   8   6   4   0.0000045306
1   9   1   4   -0.0023581660
1   9   2   4   -0.0000000328
1   9   3   4   0.0000539268
1   9   4   5   -0.0006447173
1   9   4   6   -0.0008619673
1   9   5   5   -0.0008619673
1   9   5   6   0.0006447173
1   9   6   4   0.0023234973
1   10   1   5   -0.0177169621
1   10   1   6   -0.0236870344
1   10   2   5   0.0000000017
1   10   2   6   0.0000000022
1   10   3   5   0.0002623916
1   10   3   6   0.0003508095
1   10   4   4   -0.0000829628
1   10   6   5   -0.0000198520
1   10   6   6   -0.0000265415
1   11   1   5   -0.0236870344
1   11   1   6   0.0177169621
1   11   2   5   0.0000000022
1   11   2   6   -0.0000000017
1   11   3   5   0.0003508095
1   11   3   6   -0.0002623916
1   11   5   4   -0.0000829628
1   11   6   5   -0.0000265415
1   11   6   6   0.0000198520
1   12   1   4   0.0645508061
1   12   2   4   -0.0000000048
1   12   3   4   -0.0009075042
1   12   4   5   -0.0000396280
1   12   4   6   -0.0000529814
1   12   5   5   -0.0000529814
1   12   5   6   0.0000396280
1   12   6   4   -0.0000050633
2   7   1   4   -0.0000000276
2   7   2   4   -0.0000415091
2   7   3   4   -0.0000000428
2   7   4   5   -0.0000000029
2   7   4   6   -0.0000000039
2   7   5   5   -0.0000000039
2   7   5   6   0.0000000029
2   7   6   4   0.0000000457
2   8   1   4   -0.0000001756
2   8   2   4   -0.1094513007
2   8   3   4   0.0000016173
2   8   4   5   0.0000114286
2   8   4   6   0.0000152797
2   8   5   5   0.0000152797
2   8   5   6   -0.0000114286
2   8   6   4   -0.0007451941
2   9   1   4   -0.0000000328
2   9   2   4   -0.0003489576
2   9   3   4   -0.0000001830
2   9   4   5   0.0000000040
2   9   4   6   0.0000000054
2   9   5   5   0.0000000054
2   9   5   6   -0.0000000040
2   9   6   4   0.0000003433
2   10   1   5   0.0000000017
2   10   1   6   0.0000000022
2   10   2   5   0.0008205796
2   10   2   6   0.0010970898
2   10   3   5   -0.0000000569
2   10   3   6   -0.0000000761
2   10   4   4   0.0000002386
2   10   6   5   0.0000006359
2   10   6   6   0.0000008501
2   11   1   5   0.0000000022
2   11   1   6   -0.0000000017
2   11   2   5   0.0010970898
2   11   2   6   -0.0008205796
2   11   3   5   -0.0000000761
2   11   3   6   0.0000000569
2   11   5   4   0.0000002386
2   11   6   5   0.0000008501
2   11   6   6   -0.0000006359
2   12   1   4   -0.0000000048
2   12   2   4   -0.0110334249
2   12   3   4   0.0000002508
2   12   4   5   -0.0000011561
2   12   4   6   -0.0000015456
2   12   5   5   -0.0000015456
2   12   5   6   0.0000011561
2   12   6   4   -0.0000084987
3   7   1   4   -0.0002117293
3   7   2   4   -0.0000000428
3   7   3   4   0.0000427350
3   7   4   5   -0.0006699985
3   7   4   6   -0.0008957675
3   7   5   5   -0.0008957675
3   7   5   6   0.0006699985
3   7   6   4   0.0023451120
3   8   1   4   0.0000000039
3   8   2   4   0.0000016173
3   8   3   4   -0.0003914246
3   8   4   5   0.0000477581
3   8   4   6   0.0000638511
3   8   5   5   0.0000638511
3   8   5   6   -0.0000477581
3   8   6   4   0.0000547940
3   9   1   4   0.0000539268
3   9   2   4   -0.0000001830
3   9   3   4   -0.0014612653
3   9   4   5   -0.0027791638
3   9   4   6   -0.0037156567
3   9   5   5   -0.0037156567
3   9   5   6   0.0027791638
3   9   6   4   0.0102951717
3   10   1   5   0.0002623916
3   10   1   6   0.0003508095
3   10   2   5   -0.0000000569
3   10   2   6   -0.0000000761
3   10   3   5   -0.0116695003
3   10   3   6   -0.0156017637
3   10   4   4   -0.0003003400
3   10   6   5   -0.0003017216
3   10   6   6   -0.0004033925
3   11   1   5   0.0003508095
3   11   1   6   -0.0002623916
3   11   2   5   -0.0000000761
3   11   2   6   0.0000000569
3   11   3   5   -0.0156017637
3   11   3   6   0.0116695003
3   11   5   4   -0.0003003400
3   11   6   5   -0.0004033925
3   11   6   6   0.0003017216
3   12   1   4   -0.0009075042
3   12   2   4   0.0000002508
3   12   3   4   0.0433273793
3   12   4   5   -0.0003549386
3   12   4   6   -0.0004745420
3   12   5   5   -0.0004745420
3   12   5   6   0.0003549386
3   12   6   4   0.0007311406
4   7   1   5   -0.0006528757
4   7   1   6   -0.0008728748
4   7   2   5   -0.0000000029
4   7   2   6   -0.0000000039
4   7   3   5   -0.0006699985
4   7   3   6   -0.0008957675
4   7   4   4   0.0000269085
4   7   6   5   -0.0000081419
4   7   6   6   -0.0000108855
4   8   1   5   0.0000040347
4   8   1   6   0.0000053943
4   8   2   5   0.0000114286
4   8   2   6   0.0000152797
4   8   3   5   0.0000477581
4   8   3   6   0.0000638511
4   8   4   4   -0.0003855225
4   8   6   5   -0.0000135210
4   8   6   6   -0.0000180772
4   9   1   5   -0.0006447173
4   9   1   6   -0.0008619673
4   9   2   5   0.0000000040
4   9   2   6   0.0000000054
4   9   3   5   -0.0027791638
4   9   3   6   -0.0037156567
4   9   4   4   -0.0013274869
4   9   6   5   -0.0000671191
4   9   6   6   -0.0000897362
4   10   1   4   -0.0000829628
4   10   2   4   0.0000002386
4   10   3   4   -0.0003003400
4   10   4   5   -0.0118106445
4   10   4   6   -0.0157904691
4   10   5   5   -0.0009024286
4   10   5   6   0.0006749808
4   10   6   4   0.0025238176
4   11   4   5   -0.0139856118
4   11   4   6   0.0104606828
4   11   5   5   -0.0006749808
4   11   5   6   -0.0009024286
4   12   1   5   -0.0000396280
4   12   1   6   -0.0000529814
4   12   2   5   -0.0000011561
4   12   2   6   -0.0000015456
4   12   3   5   -0.0003549386
4   12   3   6   -0.0004745420
4   12   4   4   0.0389088808
4   12   6   5   -0.0006006787
4   12   6   6   -0.0008030890
5   7   1   5   -0.0008728748
5   7   1   6   0.0006528757
5   7   2   5   -0.0000000039
5   7   2   6   0.0000000029
5   7   3   5   -0.0008957675
5   7   3   6   0.0006699985
5   7   5   4   0.0000269085
5   7   6   5   -0.0000108855
5   7   6   6   0.0000081419
5   8   1   5   0.0000053943
5   8   1   6   -0.0000040347
5   8   2   5   0.0000152797
5   8   2   6   -0.0000114286
5   8   3   5   0.0000638511
5   8   3   6   -0.0000477581
5   8   5   4   -0.0003855225
5   8   6   5   -0.0000180772
5   8   6   6   0.0000135210
5   9   1   5   -0.0008619673
5   9   1   6   0.0006447173
5   9   2   5   0.0000000054
5   9   2   6   -0.0000000040
5   9   3   5   -0.0037156567
5   9   3   6   0.0027791638
5   9   5   4   -0.0013274869
5   9   6   5   -0.0000897362
5   9   6   6   0.0000671191
5   10   4   5   -0.0009024286
5   10   4   6   0.0006749808
5   10   5   5   -0.0104606828
5   10   5   6   -0.0139856118
5   11   1   4   -0.0000829628
5   11   2   4   0.0000002386
5   11   3   4   -0.0003003400
5   11   4   5   -0.0006749808
5   11   4   6   -0.0009024286
5   11   5   5   -0.0157904691
5   11   5   6   0.0118106445
5   11   6   4   0.0025238176
5   12   1   5   -0.0000529814
5   12   1   6   0.0000396280
5   12   2   5   -0.0000015456
5   12   2   6   0.0000011561
5   12   3   5   -0.0004745420
5   12   3   6   0.0003549386
5   12   5   4   0.0389088808
5   12   6   5   -0.0008030890
5   12   6   6   0.0006006787
6   7   1   4   0.0022527981
6   7   2   4   0.0000000457
6   7   3   4   0.0023451120
6   7   4   5   -0.0000081419
6   7   4   6   -0.0000108855
6   7   5   5   -0.0000108855
6   7   5   6   0.0000081419
6   7   6   4   0.0000688105
6   8   1   4   0.0000045306
6   8   2   4   -0.0007451941
6   8   3   4   0.0000547940
6   8   4   5   -0.0000135210
6   8   4   6   -0.0000180772
6   8   5   5   -0.0000180772
6   8   5   6   0.0000135210
6   8   6   4   -0.0004283550
6   9   1   4   0.0023234973
6   9   2   4   0.0000003433
6   9   3   4   0.0102951717
6   9   4   5   -0.0000671191
6   9   4   6   -0.0000897362
6   9   5   5   -0.0000897362
6   9   5   6   0.0000671191
6   9   6   4   -0.0011512271
6   10   1   5   -0.0000198520
6   10   1   6   -0.0000265415
6   10   2   5   0.0000006359
6   10   2   6   0.0000008501
6   10   3   5   -0.0003017216
6   10   3   6   -0.0004033925
6   10   4   4   0.0025238176
6   10   6   5   -0.0101481670
6   10   6   6   -0.0135677878
6   11   1   5   -0.0000265415
6   11   1   6   0.0000198520
6   11   2   5   0.0000008501
6   11   2   6   -0.0000006359
6   11   3   5   -0.0004033925
6   11   3   6   0.0003017216
6   11   5   4   0.0025238176
6   11   6   5   -0.0135677878
6   11   6   6   0.0101481670
6   12   1   4   -0.0000050633
6   12   2   4   -0.0000084987
6   12   3   4   0.0007311406
6   12   4   5   -0.0006006787
6   12   4   6   -0.0008030890
6   12   5   5   -0.0008030890
6   12   5   6   0.0006006787
6   12   6   4   0.0425650858

End IJKA Block
Begin IABC Block
1   4   1   4   -0.0000294915
1   4   2   5   -0.0000036938
1   4   3   6   -0.0000036938
1   5   1   5   -0.0000287958
1   5   2   4   -0.0000036938
1   6   1   6   -0.0000287958
1   6   3   4   -0.0000036938
2   4   1   4   -0.0012172704
2   4   2   5   0.0038238323
2   4   3   6   0.0038238323
2   5   1   5   -0.0005509415
2   5   2   4   0.0038238323
2   6   1   6   -0.0005509415
2   6   3   4   0.0038238323
3   4   1   4   -0.0002375190
3   4   2   5   0.0000234150
3   4   3   6   0.0000234150
3   5   1   5   -0.0002377362
3   5   2   4   0.0000234150
3   6   1   6   -0.0002377362
3   6   3   4   0.0000234150
4   4   1   5   0.0002348417
4   4   1   6   0.0003139762
4   4   2   4   0.0006406553
4   4   3   4   0.0008565365
4   5   1   4   0.0002348417
4   5   2   5   0.0007112682
4   5   2   6   0.0001294104
4   5   3   5   0.0006921229
4   5   3   6   0.0000967939
4   6   1   4   0.0003139762
4   6   2   5   0.0001294104
4   6   2   6   0.0005176805
4   6   3   5   0.0000967939
4   6   3   6   0.0009509438
5   4   1   5   0.0003139762
5   4   1   6   -0.0002348417
5   4   2   4   0.0008565365
5   4   3   4   -0.0006406553
5   5   1   4   0.0003139762
5   5   2   5   0.0009509438
5   5   2   6   -0.0000967939
5   5   3   5   -0.0005176805
5   5   3   6   0.0001294104
5   6   1   4   -0.0002348417
5   6   2   5   -0.0000967939
5   6   2   6   0.0006921229
5   6   3   5   0.0001294104
5   6   3   6   -0.0007112682
6   4   1   4   -0.0063278198
6   4   2   5   -0.0023327476
6   4   3   6   -0.0023327476
6   5   1   5   -0.0051840245
6   5   2   4   -0.0023327476
6   6   1   6   -0.0051840245
6   6   3   4   -0.0023327476

End IABC Block
