One Electron Eigenvalues:
 1 -33.069832595058
 2 -7.628579691123
 3 -4.598592590071
 4 -4.506235060816
 5 -8.822000676446
 6 -8.546548478586
 7 -4.073885372017
 8 -8.583282535383

Example of symmetry-related two-electron integrals for indices:
Indices: i=1, j=2, k=3, l=8
two_electron_spatial_integrals[1,2,3,8] = -0.0197011176
two_electron_spatial_integrals[3,8,1,2] = -0.0197011176
two_electron_spatial_integrals[1,2,8,3] = -0.0195664988
two_electron_spatial_integrals[8,3,1,2] = -0.0195664988
two_electron_spatial_integrals[2,1,3,8] = -0.0195664988
two_electron_spatial_integrals[3,8,2,1] = -0.0195664988
two_electron_spatial_integrals[2,1,8,3] = -0.0197011176
two_electron_spatial_integrals[8,3,2,1] = -0.0197011176

Two Electron Eigenvalues:
 1 7.821474631100
 2 2.044812931328
 3 0.543988830948
 4 0.528235656112
 5 0.395588300472
 6 0.420263224023
 7 0.262678063824
 8 0.139438375840
 9 0.133661143637
10 0.120543885632
11 0.117462867677
12 0.125062147928
13 0.095604647307
14 0.089651457700
15 0.085656871574
16 0.111973362280
17 0.063079473700
18 0.038665603893
19 0.039742798698
20 0.024767707436
21 0.028589669472
22 0.022240392009
23 0.016320374922
24 0.014931485248
25 0.011171991122
26 -0.009647408487
27 0.008628323731
28 0.007438040019
29 0.007648658393
30 0.006209685272
31 0.006065787865
32 -0.005931697133
33 0.004840931821
34 -0.004904835412
35 0.004957192386
36 -0.004258882691
37 0.003681662659
38 0.003145628220
39 -0.004108696736
40 0.002307091977
41 0.002743776125
42 0.002433868530
43 -0.003052844409
44 -0.002927259088
45 -0.003145722839
46 -0.002556364183
47 -0.002716727685
48 -0.002087436534
49 0.002085813131
50 -0.001637349285
51 -0.001133384079
52 -0.000863628519
53 -0.000856994854
54 -0.000595887589
55 0.000661374616
56 0.000665083636
57 -0.000468787376
58 -0.000462233842
59 -0.000052807281
60 -0.000050787629
61 0.000564930473
62 0.000301793913
63 0.000174906610
64 0.000176405491
