One Electron Eigenvalues:
 1 -33.063391875736
 2 -4.587309339900
 3 -4.503075195410
 4 -7.623845046401
 5 -4.069906430520
 6 -8.808660780084
 7 -8.536159509770
 8 -8.575812600880

Example of symmetry-related two-electron integrals for indices:
Indices: i=1, j=2, k=3, l=8
two_electron_spatial_integrals[1,2,3,8] = -0.0193030667
two_electron_spatial_integrals[3,8,1,2] = -0.0193030667
two_electron_spatial_integrals[1,2,8,3] = -0.0191718464
two_electron_spatial_integrals[8,3,1,2] = -0.0191718464
two_electron_spatial_integrals[2,1,3,8] = -0.0191718464
two_electron_spatial_integrals[3,8,2,1] = -0.0191718464
two_electron_spatial_integrals[2,1,8,3] = -0.0193030667
two_electron_spatial_integrals[8,3,2,1] = -0.0193030667

Two Electron Eigenvalues:
 1 7.813635399094
 2 2.044602383580
 3 0.543303169656
 4 0.529262808926
 5 0.395109303365
 6 0.420335794238
 7 0.263324467069
 8 0.139140070556
 9 0.133335679287
10 0.120299040831
11 0.117414042735
12 0.124876333533
13 0.095042194967
14 0.111829542838
15 0.089764968628
16 0.085633474453
17 0.063021432624
18 0.038328191594
19 0.039633140322
20 0.024495129504
21 0.028484060179
22 0.022080012935
23 0.016264502581
24 0.014938101128
25 0.011092075894
26 -0.009724508815
27 0.008629775586
28 0.007413572784
29 0.007622519491
30 0.006204089957
31 0.006059648364
32 -0.005906109463
33 0.004788252879
34 -0.004879670236
35 0.004961622510
36 -0.004267594020
37 0.003747158282
38 0.003198935647
39 -0.004095834204
40 0.002737049860
41 0.002268767095
42 0.002459022527
43 -0.003043833854
44 -0.002920142106
45 -0.003147701367
46 -0.002559961822
47 -0.002710344659
48 -0.002094736244
49 0.002109219785
50 -0.001625091335
51 -0.001138618503
52 0.000672395030
53 0.000670584226
54 -0.000863870967
55 0.000568926114
56 -0.000039342884
57 0.000323391292
58 0.000234781712
59 -0.000012951117
60 0.000180642896
61 -0.000597625068
62 -0.000824569505
63 -0.000467345519
64 -0.000466186562
