One Electron Eigenvalues:
 1 -33.024657242766
 2 -8.728809448345
 3 -8.530220466955
 4 -8.466368785296
 5 -7.598694395879
 6 -4.505618811256
 7 -4.480793023941
 8 -4.044348985463

Example of symmetry-related two-electron integrals for indices:
Indices: i=1, j=2, k=3, l=8
two_electron_spatial_integrals[1,2,3,8] = -0.0166388063
two_electron_spatial_integrals[3,8,1,2] = -0.0166388063
two_electron_spatial_integrals[1,2,8,3] = -0.0165257729
two_electron_spatial_integrals[8,3,1,2] = -0.0165257729
two_electron_spatial_integrals[2,1,3,8] = -0.0165257729
two_electron_spatial_integrals[3,8,2,1] = -0.0165257729
two_electron_spatial_integrals[2,1,8,3] = -0.0166388063
two_electron_spatial_integrals[8,3,2,1] = -0.0166388063

Two Electron Eigenvalues:
 1 -0.010180828892
 2 -0.005760395753
 3 -0.004729253466
 4 -0.004314390283
 5 -0.004016303067
 6 -0.003169747697
 7 -0.003010840364
 8 -0.002840488405
 9 -0.002664828777
10 -0.002587429512
11 -0.002148002379
12 -0.001544233165
13 -0.001177518522
14 -0.000871861553
15 -0.000635039240
16 -0.000605553259
17 -0.000469635344
18 -0.000452652113
19 0.000037717385
20 0.000130052075
21 0.000212720492
22 0.000501664204
23 0.000562013235
24 0.000601300762
25 0.000757447754
26 0.000760386425
27 0.002043768776
28 0.002212409992
29 0.002605524913
30 0.002651435354
31 0.003510046914
32 0.004093103735
33 0.004472475926
34 0.004948562425
35 0.006090049610
36 0.006165189632
37 0.007276130759
38 0.007428577792
39 0.008630593106
40 0.010556440858
41 0.014894546323
42 0.015949582765
43 0.021225339133
44 0.022861320975
45 0.027896727508
46 0.036380642793
47 0.038936939268
48 0.062414628075
49 0.085067774516
50 0.089236503755
51 0.093032262633
52 0.110955409308
53 0.116923337661
54 0.119227645356
55 0.123633911444
56 0.131387808415
57 0.137402624200
58 0.266566985467
59 0.391641977496
60 0.419909482768
61 0.534590837071
62 0.538626331903
63 2.042198500872
64 7.763048107463
