One Electron Eigenvalues:
 1 -33.013735149934
 2 -8.706708218036
 3 -8.517081024825
 4 -8.443813761886
 5 -7.592361004511
 6 -4.485751063037
 7 -4.465918028998
 8 -4.036613087173

Example of symmetry-related two-electron integrals for indices:
Indices: i=1, j=2, k=3, l=8
two_electron_spatial_integrals[1,2,3,8] = -0.0158029504
two_electron_spatial_integrals[3,8,1,2] = -0.0158029504
two_electron_spatial_integrals[1,2,8,3] = -0.015694835
two_electron_spatial_integrals[8,3,1,2] = -0.015694835
two_electron_spatial_integrals[2,1,3,8] = -0.015694835
two_electron_spatial_integrals[3,8,2,1] = -0.015694835
two_electron_spatial_integrals[2,1,8,3] = -0.0158029504
two_electron_spatial_integrals[8,3,2,1] = -0.0158029504

Two Electron Eigenvalues:
 1 -0.010322493925
 2 -0.005721488448
 3 -0.004688158528
 4 -0.004326726759
 5 -0.003993140506
 6 -0.003179669016
 7 -0.003008892219
 8 -0.002809110794
 9 -0.002649269028
10 -0.002597133449
11 -0.002165846783
12 -0.001519590519
13 -0.001191183771
14 -0.000877197665
15 -0.000612256783
16 -0.000598641461
17 -0.000450607281
18 -0.000447108359
19 0.000057177900
20 0.000149851640
21 0.000223733662
22 0.000545510043
23 0.000615612555
24 0.000646752561
25 0.000790176306
26 0.000810504576
27 0.001982144431
28 0.002231761530
29 0.002617358814
30 0.002644701012
31 0.003588286061
32 0.004165818962
33 0.004385175525
34 0.004929749536
35 0.006119295214
36 0.006152935224
37 0.007241430514
38 0.007362392793
39 0.008628993152
40 0.010395884196
41 0.014854444982
42 0.015853243505
43 0.021004604779
44 0.022399000471
45 0.027738881047
46 0.035857344103
47 0.038721105766
48 0.062167839171
49 0.084690605590
50 0.088647851645
51 0.093019762868
52 0.110697888124
53 0.116632419640
54 0.119098758355
55 0.123231073147
56 0.130835692652
57 0.136916369447
58 0.267351923396
59 0.390462380630
60 0.419544565951
61 0.535444672999
62 0.537608605809
63 2.041201129505
64 7.747595808106
