One Electron Eigenvalues:
 1 -33.005821322030
 2 -8.691030214906
 3 -8.507533428812
 4 -8.426580336815
 5 -7.587906818076
 6 -4.478408585589
 7 -4.446703342457
 8 -4.030904405115

Example of symmetry-related two-electron integrals for indices:
Indices: i=1, j=2, k=3, l=8
two_electron_spatial_integrals[1,2,3,8] = -0.0151814988
two_electron_spatial_integrals[3,8,1,2] = -0.0151814988
two_electron_spatial_integrals[1,2,8,3] = -0.0150767799
two_electron_spatial_integrals[8,3,1,2] = -0.0150767799
two_electron_spatial_integrals[2,1,3,8] = -0.0150767799
two_electron_spatial_integrals[3,8,2,1] = -0.0150767799
two_electron_spatial_integrals[2,1,8,3] = -0.0151814988
two_electron_spatial_integrals[8,3,2,1] = -0.0151814988

Two Electron Eigenvalues:
 1 -0.010422701641
 2 -0.005693800905
 3 -0.004659400960
 4 -0.004334786708
 5 -0.003976287847
 6 -0.003187773045
 7 -0.003009362932
 8 -0.002784416993
 9 -0.002637254222
10 -0.002604404948
11 -0.002178863558
12 -0.001501642862
13 -0.001201612826
14 -0.000882027471
15 -0.000618521853
16 -0.000583401653
17 -0.000442881945
18 -0.000425642354
19 0.000070618267
20 0.000161149142
21 0.000232399997
22 0.000570082812
23 0.000628768292
24 0.000706550350
25 0.000813055155
26 0.000859831204
27 0.001938578431
28 0.002244401801
29 0.002591816537
30 0.002672897766
31 0.003638634696
32 0.004211639593
33 0.004325630892
34 0.004913451079
35 0.006144632908
36 0.006147966382
37 0.007218451849
38 0.007312905118
39 0.008627725651
40 0.010278878833
41 0.014820674265
42 0.015779111972
43 0.020849272745
44 0.022067393892
45 0.027627250057
46 0.035487124838
47 0.038559151701
48 0.061973451145
49 0.084323546785
50 0.088204321757
51 0.093098515804
52 0.110511415184
53 0.116377088711
54 0.119054985548
55 0.122925512089
56 0.130437996590
57 0.136565856234
58 0.267906217851
59 0.389574325016
60 0.419232882364
61 0.535119725073
62 0.537759324995
63 2.040403622194
64 7.736197382952
