One Electron Eigenvalues:
 1 -32.995623680348
 2 -8.671114109862
 3 -8.495142172929
 4 -8.403101495540
 5 -7.582349695883
 6 -4.471753122313
 7 -4.417186270975
 8 -4.023390445851

Example of symmetry-related two-electron integrals for indices:
Indices: i=1, j=2, k=3, l=8
two_electron_spatial_integrals[1,2,3,8] = -0.0143532144
two_electron_spatial_integrals[3,8,1,2] = -0.0143532144
two_electron_spatial_integrals[1,2,8,3] = -0.0142529205
two_electron_spatial_integrals[8,3,1,2] = -0.0142529205
two_electron_spatial_integrals[2,1,3,8] = -0.0142529205
two_electron_spatial_integrals[3,8,2,1] = -0.0142529205
two_electron_spatial_integrals[2,1,8,3] = -0.0143532144
two_electron_spatial_integrals[8,3,2,1] = -0.0143532144

Two Electron Eigenvalues:
 1 -0.010559623230
 2 -0.005658863888
 3 -0.004624456311
 4 -0.004343962975
 5 -0.003954368228
 6 -0.003199680304
 7 -0.003012497908
 8 -0.002751117591
 9 -0.002620577231
10 -0.002614089173
11 -0.002196446485
12 -0.001478233473
13 -0.001216016554
14 -0.000889858787
15 -0.000629529590
16 -0.000575485233
17 -0.000437385443
18 -0.000382529814
19 0.000086355463
20 0.000172915719
21 0.000243859112
22 0.000594252331
23 0.000650085613
24 0.000781574020
25 0.000843645344
26 0.000932650504
27 0.001882862382
28 0.002257979384
29 0.002556473318
30 0.002707612060
31 0.003690079563
32 0.004256878330
33 0.004259201503
34 0.004885461537
35 0.006133874951
36 0.006190875893
37 0.007191123486
38 0.007245830958
39 0.008625947380
40 0.010127866599
41 0.014764419206
42 0.015673561722
43 0.020650130105
44 0.021642439844
45 0.027483337873
46 0.035021809340
47 0.038338523944
48 0.061699803791
49 0.083705366628
50 0.087679367290
51 0.093261815316
52 0.110265960428
53 0.115992667883
54 0.119044584106
55 0.122508832850
56 0.129925750969
57 0.136111456815
58 0.268600042441
59 0.388349495502
60 0.418756645400
61 0.533919635929
62 0.538633142746
63 2.039262680969
64 7.721091296370
