One Electron Eigenvalues:
 1 -32.969501082284
 2 -8.622088431873
 3 -8.463021754653
 4 -8.335797137968
 5 -7.568670775313
 6 -4.457149103234
 7 -4.329237124929
 8 -4.003461489546

Example of symmetry-related two-electron integrals for indices:
Indices: i=1, j=2, k=3, l=8
two_electron_spatial_integrals[1,2,3,8] = -0.0121182195
two_electron_spatial_integrals[3,8,1,2] = -0.0121182195
two_electron_spatial_integrals[1,2,8,3] = -0.0120294226
two_electron_spatial_integrals[8,3,1,2] = -0.0120294226
two_electron_spatial_integrals[2,1,3,8] = -0.0120294226
two_electron_spatial_integrals[3,8,2,1] = -0.0120294226
two_electron_spatial_integrals[2,1,8,3] = -0.0121182195
two_electron_spatial_integrals[8,3,2,1] = -0.0121182195

Two Electron Eigenvalues:
 1 -0.010940248146
 2 -0.005572501212
 3 -0.004557838130
 4 -0.004349928851
 5 -0.003897575168
 6 -0.003237518233
 7 -0.003036172973
 8 -0.002662929970
 9 -0.002636923970
10 -0.002571893300
11 -0.002243331009
12 -0.001418069418
13 -0.001257382251
14 -0.000920449742
15 -0.000673849060
16 -0.000582297007
17 -0.000424134900
18 -0.000256565727
19 0.000116591358
20 0.000193564512
21 0.000272086048
22 0.000632032546
23 0.000737634364
24 0.000924449938
25 0.000965668149
26 0.001142092982
27 0.001743216912
28 0.002282857467
29 0.002458262392
30 0.002790415531
31 0.003683026657
32 0.004188059790
33 0.004325669015
34 0.004780977860
35 0.006108722907
36 0.006329661063
37 0.007062648276
38 0.007135825986
39 0.008622225035
40 0.009746937832
41 0.014557665698
42 0.015332013542
43 0.020131478620
44 0.020595889516
45 0.027109967318
46 0.033896324175
47 0.037706295485
48 0.060897962232
49 0.081413355798
50 0.086722300083
51 0.093802682940
52 0.109608815041
53 0.114785441469
54 0.119157115737
55 0.121301752643
56 0.128631688434
57 0.134931784416
58 0.270359543342
59 0.384847710505
60 0.417229258728
61 0.530235330732
62 0.541155016964
63 2.035813603716
64 7.680466200016
