One Electron Eigenvalues:
 1 -32.965032367456
 2 -8.614053988594
 3 -8.457485852199
 4 -8.323162700071
 5 -7.566337345658
 6 -4.454797610743
 7 -4.312641368792
 8 -3.999977588187

Example of symmetry-related two-electron integrals for indices:
Indices: i=1, j=2, k=3, l=8
two_electron_spatial_integrals[1,2,3,8] = -0.0117235484
two_electron_spatial_integrals[3,8,1,2] = -0.0117235484
two_electron_spatial_integrals[1,2,8,3] = -0.0116367978
two_electron_spatial_integrals[8,3,1,2] = -0.0116367978
two_electron_spatial_integrals[2,1,3,8] = -0.0116367978
two_electron_spatial_integrals[3,8,2,1] = -0.0116367978
two_electron_spatial_integrals[2,1,8,3] = -0.0117235484
two_electron_spatial_integrals[8,3,2,1] = -0.0117235484

Two Electron Eigenvalues:
 1 -0.011009099831
 2 -0.005558034106
 3 -0.004552082002
 4 -0.004346319626
 5 -0.003887785913
 6 -0.003244960257
 7 -0.003042846285
 8 -0.002651252856
 9 -0.002636788769
10 -0.002562745504
11 -0.002251248377
12 -0.001407978482
13 -0.001265014108
14 -0.000927752531
15 -0.000684114928
16 -0.000585000101
17 -0.000422073378
18 -0.000236022660
19 0.000120068452
20 0.000196183175
21 0.000276328513
22 0.000636158141
23 0.000758755658
24 0.000937939300
25 0.000996543724
26 0.001178998724
27 0.001719696405
28 0.002286367122
29 0.002440974077
30 0.002803921556
31 0.003656582084
32 0.004196592716
33 0.004329707228
34 0.004758639675
35 0.006105235343
36 0.006356918175
37 0.007030220606
38 0.007128854620
39 0.008622086731
40 0.009683485064
41 0.014513090332
42 0.015260009348
43 0.020035053706
44 0.020432172388
45 0.027044426152
46 0.033714023358
47 0.037587436504
48 0.060749713292
49 0.080942861002
50 0.086601487744
51 0.093898173301
52 0.109491526460
53 0.114552171201
54 0.119184011427
55 0.121072533972
56 0.128414369632
57 0.134727231409
58 0.270671433845
59 0.384199436952
60 0.416938340291
61 0.529598194012
62 0.541578768976
63 2.035157717968
64 7.673263108051
