One Electron Eigenvalues:
 1 -32.943861801546
 2 -4.443743309444
 3 -4.227766704028
 4 -7.555363774871
 5 -8.577056261009
 6 -8.258310199601
 7 -3.983218415405
 8 -8.431034254394

Example of symmetry-related two-electron integrals for indices:
Indices: i=1, j=2, k=3, l=8
two_electron_spatial_integrals[1,2,3,8] = -0.0098055816
two_electron_spatial_integrals[3,8,1,2] = -0.0098055816
two_electron_spatial_integrals[1,2,8,3] = -0.0097289389
two_electron_spatial_integrals[8,3,1,2] = -0.0097289389
two_electron_spatial_integrals[2,1,3,8] = -0.0097289389
two_electron_spatial_integrals[3,8,2,1] = -0.0097289389
two_electron_spatial_integrals[2,1,8,3] = -0.0098055816
two_electron_spatial_integrals[8,3,2,1] = -0.0098055816

Two Electron Eigenvalues:
 1 7.637879695012
 2 2.031731494745
 3 0.543440057763
 4 0.526637220580
 5 0.380870138140
 6 0.415406335723
 7 0.272199618658
 8 0.133743548433
 9 0.094337755338
10 0.086115810970
11 0.078502733440
12 0.127410429773
13 0.113328253275
14 0.119312546360
15 0.119875993394
16 0.108906360721
17 0.060004242522
18 0.032898578244
19 0.036966728173
20 0.026716099334
21 0.019443105788
22 0.019823885917
23 0.014849372730
24 0.014242529280
25 -0.011360066205
26 0.009391471794
27 0.008621867084
28 0.007105855686
29 0.006485692701
30 0.006872960673
31 0.006090882955
32 -0.005491113706
33 -0.004553109251
34 -0.004305639377
35 0.004278194623
36 0.004321930409
37 0.003464454469
38 0.004629974166
39 -0.003841291266
40 0.002862705697
41 -0.003086572692
42 -0.003284901161
43 -0.002659461477
44 -0.002572664483
45 -0.002287799401
46 -0.002515679391
47 0.002355770145
48 0.001611149010
49 0.002298444278
50 -0.000972180232
51 -0.001303796591
52 -0.001360808138
53 0.001347126334
54 0.000997242317
55 0.001138984964
56 -0.000744011390
57 -0.000413471599
58 -0.000600418722
59 0.000126082940
60 0.000649930702
61 0.000886679176
62 0.000205234006
63 -0.000150068692
64 0.000290803934
