One Electron Eigenvalues:
 1 -32.935906149951
 2 -8.563691348445
 3 -8.421065940711
 4 -8.231770609208
 5 -7.551128074358
 6 -4.439706215775
 7 -4.193149495668
 8 -3.976881400883

Example of symmetry-related two-electron integrals for indices:
Indices: i=1, j=2, k=3, l=8
two_electron_spatial_integrals[1,2,3,8] = -0.0090727185
two_electron_spatial_integrals[3,8,1,2] = -0.0090727185
two_electron_spatial_integrals[1,2,8,3] = -0.0090001891
two_electron_spatial_integrals[8,3,1,2] = -0.0090001891
two_electron_spatial_integrals[2,1,3,8] = -0.0090001891
two_electron_spatial_integrals[3,8,2,1] = -0.0090001891
two_electron_spatial_integrals[2,1,8,3] = -0.0090727185
two_electron_spatial_integrals[8,3,2,1] = -0.0090727185

Two Electron Eigenvalues:
 1 -0.011498726886
 2 -0.005466498099
 3 -0.004563653459
 4 -0.004282719935
 5 -0.003823904144
 6 -0.003301559333
 7 -0.003108106660
 8 -0.002664798650
 9 -0.002547027484
10 -0.002496503138
11 -0.002299609874
12 -0.001343868414
13 -0.001319148362
14 -0.000994453116
15 -0.000771290796
16 -0.000606740123
17 -0.000410786700
18 -0.000123358035
19 0.000123419658
20 0.000207289430
21 0.000293798819
22 0.000652762314
23 0.000947045890
24 0.001015857666
25 0.001191389896
26 0.001406357315
27 0.001571820543
28 0.002302187879
29 0.002323606071
30 0.002882723780
31 0.003375069480
32 0.004309599389
33 0.004315397660
34 0.004573040020
35 0.006087215067
36 0.006532259602
37 0.006813126377
38 0.007101748363
39 0.008622669042
40 0.009285680144
41 0.014114458324
42 0.014663347384
43 0.019173166711
44 0.019663444109
45 0.026583023678
46 0.032614944021
47 0.036706321635
48 0.059714305805
49 0.077515872930
50 0.085953580447
51 0.094486976390
52 0.108672514373
53 0.112816720628
54 0.119354674182
55 0.119377650858
56 0.127049564277
57 0.133371421192
58 0.272806904032
59 0.379522252137
60 0.414796209958
61 0.525580332527
62 0.544078852932
63 2.030315506315
64 7.624134507859
