One Electron Eigenvalues:
 1 -32.937869129342
 2 -4.440692154474
 3 -4.201838807509
 4 -7.552177766521
 5 -8.566971869264
 6 -8.238455727494
 7 -3.978448780727
 8 -8.423535083269

Example of symmetry-related two-electron integrals for indices:
Indices: i=1, j=2, k=3, l=8
two_electron_spatial_integrals[1,2,3,8] = -0.0092541229
two_electron_spatial_integrals[3,8,1,2] = -0.0092541229
two_electron_spatial_integrals[1,2,8,3] = -0.0091805708
two_electron_spatial_integrals[8,3,1,2] = -0.0091805708
two_electron_spatial_integrals[2,1,3,8] = -0.0091805708
two_electron_spatial_integrals[3,8,2,1] = -0.0091805708
two_electron_spatial_integrals[2,1,8,3] = -0.0092541229
two_electron_spatial_integrals[8,3,2,1] = -0.0092541229

Two Electron Eigenvalues:
 1 7.627562422349
 2 2.030669602286
 3 0.543918755582
 4 0.525837969502
 5 0.379862039503
 6 0.414950020902
 7 0.272653598702
 8 0.133463855502
 9 0.077763485543
10 0.085993240638
11 0.094450811679
12 0.127138212823
13 0.112946151572
14 0.119345614222
15 0.119503560103
16 0.108731405811
17 0.059786506847
18 0.032683975510
19 0.036771889175
20 0.026616620447
21 0.019701389785
22 0.019240668131
23 0.014711175597
24 0.014147865244
25 -0.011463703197
26 0.009311599946
27 0.008622521590
28 0.007102533507
29 0.006521103727
30 0.006827915911
31 0.006088035942
32 -0.005472564612
33 -0.004560699512
34 -0.004288635163
35 0.004306124460
36 0.004313114152
37 0.004587539440
38 0.003397849405
39 -0.003828202131
40 -0.003102490803
41 -0.003297326482
42 0.002877848022
43 -0.002663472259
44 -0.002553204042
45 -0.002296735589
46 -0.002501310723
47 0.001581366336
48 0.002331587508
49 0.002301292817
50 0.001392304310
51 0.001178475632
52 0.001011579987
53 -0.000988661285
54 -0.001315281993
55 -0.001348039008
56 -0.000764234232
57 0.000652105641
58 0.000931661289
59 0.000124382644
60 -0.000411413833
61 -0.000605149008
62 0.000206853047
63 -0.000129657298
64 0.000293223204
