One Electron Eigenvalues:
 1 -32.933960138551
 2 -8.560454533965
 3 -8.418616851096
 4 -8.225065091105
 5 -7.550082141584
 6 -4.438733855839
 7 -4.184441800561
 8 -3.975327671999

Example of symmetry-related two-electron integrals for indices:
Indices: i=1, j=2, k=3, l=8
two_electron_spatial_integrals[1,2,3,8] = -0.008892675
two_electron_spatial_integrals[3,8,1,2] = -0.008892675
two_electron_spatial_integrals[1,2,8,3] = -0.0088211707
two_electron_spatial_integrals[8,3,1,2] = -0.0088211707
two_electron_spatial_integrals[2,1,3,8] = -0.0088211707
two_electron_spatial_integrals[3,8,2,1] = -0.0088211707
two_electron_spatial_integrals[2,1,8,3] = -0.008892675
two_electron_spatial_integrals[8,3,2,1] = -0.008892675

Two Electron Eigenvalues:
 1 -0.011533687272
 2 -0.005460498769
 3 -0.004566803543
 4 -0.004276718765
 5 -0.003819646506
 6 -0.003305814092
 7 -0.003113838577
 8 -0.002666128563
 9 -0.002540974162
10 -0.002491687873
11 -0.002302364063
12 -0.001339761159
13 -0.001323009628
14 -0.001000412121
15 -0.000778449880
16 -0.000608327337
17 -0.000410184996
18 -0.000117303166
19 0.000122269913
20 0.000207673888
21 0.000294280476
22 0.000653358338
23 0.000962651213
24 0.001019899500
25 0.001204157829
26 0.001420048152
27 0.001562452367
28 0.002303064525
29 0.002315702469
30 0.002887484354
31 0.003352136891
32 0.004305859780
33 0.004324566547
34 0.004558396078
35 0.006086466230
36 0.006543120398
37 0.006798457061
38 0.007101117379
39 0.008622823069
40 0.009260096269
41 0.014080248696
42 0.014614820533
43 0.019106078898
44 0.019626720388
45 0.026549243453
46 0.032547300841
47 0.036640354838
48 0.059642567939
49 0.077268338382
50 0.085914538511
51 0.094522158646
52 0.108613510081
53 0.112686464491
54 0.119251123036
55 0.119363164262
56 0.126962283160
57 0.133279718578
58 0.272960418347
59 0.379181770371
60 0.414642611088
61 0.525327383877
62 0.544236304218
63 2.029960361941
64 7.620719868472
