One Electron Eigenvalues:
 1 -32.932030906128
 2 -8.557260695176
 3 -8.416187725679
 4 -8.218339960038
 5 -7.549038746994
 6 -4.437775287185
 7 -4.175716808280
 8 -3.973787734318

Example of symmetry-related two-electron integrals for indices:
Indices: i=1, j=2, k=3, l=8
two_electron_spatial_integrals[1,2,3,8] = -0.0087140155
two_electron_spatial_integrals[3,8,1,2] = -0.0087140155
two_electron_spatial_integrals[1,2,8,3] = -0.0086435395
two_electron_spatial_integrals[8,3,1,2] = -0.0086435395
two_electron_spatial_integrals[2,1,3,8] = -0.0086435395
two_electron_spatial_integrals[3,8,2,1] = -0.0086435395
two_electron_spatial_integrals[2,1,8,3] = -0.0087140155
two_electron_spatial_integrals[8,3,2,1] = -0.0087140155

Two Electron Eigenvalues:
 1 -0.011568584619
 2 -0.005454563412
 3 -0.004570131093
 4 -0.004270650916
 5 -0.003815429903
 6 -0.003310088085
 7 -0.003119680991
 8 -0.002667467707
 9 -0.002535049457
10 -0.002486865882
11 -0.002304991321
12 -0.001335717606
13 -0.001326864172
14 -0.001006545660
15 -0.000785710331
16 -0.000609908726
17 -0.000409609549
18 -0.000111486902
19 0.000120933814
20 0.000208006802
21 0.000294671541
22 0.000653896882
23 0.000978461342
24 0.001023692721
25 0.001216786374
26 0.001433363595
27 0.001553259035
28 0.002303929979
29 0.002307879948
30 0.002892134893
31 0.003329084739
32 0.004301909487
33 0.004333611232
34 0.004543620678
35 0.006085791204
36 0.006553675869
37 0.006783907725
38 0.007100635084
39 0.008622985380
40 0.009234837567
41 0.014045243300
42 0.014565624863
43 0.019039519712
44 0.019591087992
45 0.026515263702
46 0.032481022352
47 0.036573993859
48 0.059571338123
49 0.077020906426
50 0.085876053192
51 0.094556306960
52 0.108554356232
53 0.112555367800
54 0.119123983378
55 0.119371062743
56 0.126876365803
57 0.133188757295
58 0.273114187392
59 0.378840688101
60 0.414489413775
61 0.525079324508
62 0.544391177669
63 2.029604351221
64 7.617318584043
