One Electron Eigenvalues:
 1 -32.930118256663
 2 -4.436830587324
 3 -4.166975433693
 4 -7.547997284531
 5 -8.211595966381
 6 -8.554109034008
 7 -3.972261854738
 8 -8.413778616461

Example of symmetry-related two-electron integrals for indices:
Indices: i=1, j=2, k=3, l=8
two_electron_spatial_integrals[1,2,3,8] = -0.0085367674
two_electron_spatial_integrals[3,8,1,2] = -0.0085367674
two_electron_spatial_integrals[1,2,8,3] = -0.0084673237
two_electron_spatial_integrals[8,3,1,2] = -0.0084673237
two_electron_spatial_integrals[2,1,3,8] = -0.0084673237
two_electron_spatial_integrals[3,8,2,1] = -0.0084673237
two_electron_spatial_integrals[2,1,8,3] = -0.0085367674
two_electron_spatial_integrals[8,3,2,1] = -0.0085367674

Two Electron Eigenvalues:
 1 7.613930875439
 2 2.029247562249
 3 0.544543566337
 4 0.524836211943
 5 0.378499057622
 6 0.414336720452
 7 0.273268232444
 8 0.133098553393
 9 0.126791813696
10 0.119378362916
11 0.112423428749
12 0.118996267541
13 0.094589405245
14 0.085838082619
15 0.076773616289
16 0.108495037897
17 0.059500657740
18 0.032416091402
19 0.036507247912
20 0.026481070237
21 0.019556444474
22 0.018973580873
23 0.014515794898
24 -0.011603400570
25 0.014009444274
26 0.009209890619
27 0.008623156097
28 0.007100296824
29 0.006563915233
30 0.006085191381
31 0.006769481027
32 -0.005448690677
33 -0.004573618354
34 -0.004264533328
35 0.004342512107
36 0.004297763952
37 0.004528725842
38 0.003305941482
39 -0.003811254276
40 -0.003125627661
41 -0.003314379448
42 0.002896676465
43 -0.002668822283
44 -0.002529255807
45 -0.002307485427
46 -0.002482037834
47 0.002300142674
48 0.002304789766
49 0.001544242691
50 -0.001012857548
51 -0.001330711097
52 -0.001331738527
53 0.001446296045
54 0.001229277377
55 0.001027228920
56 -0.000793068093
57 0.000654381724
58 0.000994459967
59 0.000119412163
60 -0.000409060147
61 -0.000611482942
62 0.000208288320
63 -0.000105903383
64 0.000294975486
