One Electron Eigenvalues:
 1 -32.926342671470
 2 -7.545903514359
 3 -8.547868299370
 4 -8.197900013628
 5 -4.434989133848
 6 -4.149397162636
 7 -8.408954338774
 8 -3.969226655315

Example of symmetry-related two-electron integrals for indices:
Indices: i=1, j=2, k=3, l=8
two_electron_spatial_integrals[1,2,3,8] = -0.0081842005
two_electron_spatial_integrals[3,8,1,2] = -0.0081842005
two_electron_spatial_integrals[1,2,8,3] = -0.0081169105
two_electron_spatial_integrals[8,3,1,2] = -0.0081169105
two_electron_spatial_integrals[2,1,3,8] = -0.0081169105
two_electron_spatial_integrals[3,8,2,1] = -0.0081169105
two_electron_spatial_integrals[2,1,8,3] = -0.0081842005
two_electron_spatial_integrals[8,3,2,1] = -0.0081842005

Two Electron Eigenvalues:
 1 7.607082894315
 2 2.028542026760
 3 0.544861552865
 4 0.524368944661
 5 0.377798241618
 6 0.414025504280
 7 0.273584201219
 8 0.132915475343
 9 0.126621405245
10 0.119383348533
11 0.112152310544
12 0.118735034986
13 0.094652244955
14 0.108372122852
15 0.085760234204
16 0.076273322171
17 0.059359622244
18 0.032288453426
19 0.036372640023
20 0.026409537000
21 0.019487961910
22 0.018841179843
23 0.014412152704
24 0.013931847329
25 -0.011678700900
26 0.009161104567
27 0.008623404320
28 0.007099680224
29 0.006581978584
30 0.006083966186
31 0.006740249336
32 -0.005436956238
33 -0.004581057119
34 -0.004252172060
35 0.004360179817
36 0.004288404589
37 0.004497815471
38 0.003258659655
39 -0.003802851601
40 0.002905402307
41 -0.003138183951
42 -0.003323231438
43 -0.002671710819
44 -0.002312791831
45 -0.002518463698
46 -0.002472354421
47 0.002284274171
48 0.002306259312
49 -0.001026142599
50 0.001526537256
51 -0.001338636519
52 -0.001323722577
53 -0.000809181184
54 0.001469041302
55 0.001254373628
56 0.001032876025
57 0.001026368586
58 0.000655321893
59 -0.000408096738
60 -0.000614665156
61 0.000115609281
62 0.000208721330
63 -0.000095337436
64 0.000295097213
