One Electron Eigenvalues:
 1 -32.904975341223
 2 -8.513950221031
 3 -8.382106691813
 4 -8.115587171949
 5 -7.533354362208
 6 -4.425083769244
 7 -4.043351290545
 8 -3.952465205487

Example of symmetry-related two-electron integrals for indices:
Indices: i=1, j=2, k=3, l=8
two_electron_spatial_integrals[1,2,3,8] = -0.0062163642
two_electron_spatial_integrals[3,8,1,2] = -0.0062163642
two_electron_spatial_integrals[1,2,8,3] = -0.0061617065
two_electron_spatial_integrals[8,3,1,2] = -0.0061617065
two_electron_spatial_integrals[2,1,3,8] = -0.0061617065
two_electron_spatial_integrals[3,8,2,1] = -0.0061617065
two_electron_spatial_integrals[2,1,8,3] = -0.0062163642
two_electron_spatial_integrals[8,3,2,1] = -0.0062163642

Two Electron Eigenvalues:
 1 -0.012074265896
 2 -0.005372296750
 3 -0.004631852668
 4 -0.004179939736
 5 -0.003757019731
 6 -0.003375522332
 7 -0.003216444132
 8 -0.002693319923
 9 -0.002462195657
10 -0.002414169010
11 -0.002325969108
12 -0.001383413576
13 -0.001282659752
14 -0.001121481797
15 -0.000903957161
16 -0.000632312765
17 -0.000404081580
18 -0.000049044260
19 0.000079366134
20 0.000206887426
21 0.000291614625
22 0.000657522364
23 0.001045671182
24 0.001228942301
25 0.001390531753
26 0.001438768631
27 0.001582724868
28 0.002202488496
29 0.002318933998
30 0.002949731087
31 0.002983785590
32 0.004226508777
33 0.004314224519
34 0.004445584478
35 0.006085038994
36 0.006581114106
37 0.006669025569
38 0.007108094900
39 0.008625225775
40 0.008885241928
41 0.013426871109
42 0.013774042713
43 0.018131219508
44 0.019147380212
45 0.025971281082
46 0.031639031136
47 0.035540124534
48 0.058587044898
49 0.073339795360
50 0.085346193669
51 0.094936373573
52 0.107635061194
53 0.110486914758
54 0.117169593603
55 0.119418647517
56 0.125749494175
57 0.131922769642
58 0.275460894275
59 0.373682236581
60 0.412283844930
61 0.521973406555
62 0.546464768656
63 2.024211249918
64 7.567988479929
