One Electron Eigenvalues:
 1 -32.870837671384
 2 -4.412049331232
 3 -3.847647328898
 4 -7.507740198589
 5 -7.962925042509
 6 -8.462543851187
 7 -3.927926750876
 8 -8.339895427024

Example of symmetry-related two-electron integrals for indices:
Indices: i=1, j=2, k=3, l=8
two_electron_spatial_integrals[1,2,3,8] = -0.0032509496
two_electron_spatial_integrals[3,8,1,2] = -0.0032509496
two_electron_spatial_integrals[1,2,8,3] = -0.0032209106
two_electron_spatial_integrals[8,3,1,2] = -0.0032209106
two_electron_spatial_integrals[2,1,3,8] = -0.0032209106
two_electron_spatial_integrals[3,8,2,1] = -0.0032209106
two_electron_spatial_integrals[2,1,8,3] = -0.0032509496
two_electron_spatial_integrals[8,3,2,1] = -0.0032509496

Two Electron Eigenvalues:
 1 7.501974814672
 2 2.016311180189
 3 0.548769569353
 4 0.519555449587
 5 0.366168352384
 6 0.278984154036
 7 0.409575871628
 8 0.130459349277
 9 0.119313972413
10 0.107126821623
11 0.095002107260
12 0.084660768253
13 0.068137535634
14 0.124601363103
15 0.114440970129
16 0.106026393695
17 0.057573184639
18 0.030838068854
19 0.033993960374
20 0.018694243111
21 0.024969037813
22 0.017082575167
23 -0.012703877441
24 0.012655467252
25 0.012260806607
26 0.008390499197
27 0.007147981732
28 0.008612898958
29 0.006663277951
30 0.006338216368
31 0.006115953221
32 0.004500179261
33 -0.004724343385
34 -0.005269857676
35 -0.004079624758
36 0.004103461234
37 -0.003366627018
38 -0.003688026347
39 -0.002773589433
40 -0.003468571619
41 0.004004430520
42 -0.002386734264
43 -0.002300672814
44 0.002547583708
45 -0.002307857289
46 -0.001380109068
47 0.002989619976
48 -0.001093807912
49 -0.001458622639
50 -0.001228726693
51 0.002096894967
52 0.000957471936
53 0.001335469143
54 -0.000406522676
55 -0.000657715440
56 -0.000036894672
57 0.000658618022
58 0.000187695931
59 -0.000024105917
60 0.000267395164
61 0.002373955402
62 0.001605267488
63 0.001597841254
64 0.001570720076
