One Electron Eigenvalues:
 1 -32.862500675391
 2 -4.409606977979
 3 -3.794764561747
 4 -7.499557122346
 5 -7.922320187066
 6 -8.450378341372
 7 -3.922754770886
 8 -8.329927196114

Example of symmetry-related two-electron integrals for indices:
Indices: i=1, j=2, k=3, l=8
two_electron_spatial_integrals[1,2,3,8] = -0.0025978164
two_electron_spatial_integrals[3,8,1,2] = -0.0025978164
two_electron_spatial_integrals[1,2,8,3] = -0.0025744134
two_electron_spatial_integrals[8,3,1,2] = -0.0025744134
two_electron_spatial_integrals[2,1,3,8] = -0.0025744134
two_electron_spatial_integrals[3,8,2,1] = -0.0025744134
two_electron_spatial_integrals[2,1,8,3] = -0.0025978164
two_electron_spatial_integrals[8,3,2,1] = -0.0025978164

Two Electron Eigenvalues:
 1 7.485496558314
 2 2.014189937979
 3 0.549261089248
 4 0.519343467071
 5 0.364182328354
 6 0.408968461911
 7 0.279936992696
 8 0.130155093227
 9 0.119290377771
10 0.124387883076
11 0.094912441842
12 0.084493677046
13 0.113812010650
14 0.106163094554
15 0.105491845166
16 0.066779160104
17 0.057409218180
18 0.030689842626
19 0.033603344084
20 0.024639609977
21 0.018596814998
22 0.016845941993
23 -0.012836470098
24 0.012403536886
25 0.011924465071
26 0.008243015882
27 0.008601802002
28 0.007161039519
29 0.006627634149
30 0.006130451968
31 0.006283843185
32 0.004490290793
33 -0.005244731777
34 -0.004743510721
35 0.004072358947
36 -0.004062597122
37 0.003937499632
38 0.002990330207
39 -0.003410602089
40 -0.003672959407
41 -0.003491350219
42 -0.002803264799
43 0.002452646644
44 -0.002364059769
45 -0.002289756835
46 -0.002278999836
47 0.002080703299
48 0.002403036136
49 0.001309754507
50 0.000918757331
51 0.001566469536
52 0.001644647593
53 0.001645141008
54 -0.001469533768
55 -0.001476980014
56 0.000659055388
57 -0.001145031977
58 -0.001218041289
59 -0.000073755668
60 -0.000409568342
61 0.000179869313
62 0.000258329239
63 -0.000030018661
64 -0.000662744910
