One Electron Eigenvalues:
 1 -32.849410458853
 2 -8.431799259918
 3 -8.314803646340
 4 -7.857258661487
 5 -7.484017502368
 6 -4.406517732458
 7 -3.915570497460
 8 -3.707765852116

Example of symmetry-related two-electron integrals for indices:
Indices: i=1, j=2, k=3, l=8
two_electron_spatial_integrals[1,2,3,8] = -0.0016660585
two_electron_spatial_integrals[3,8,1,2] = -0.0016660585
two_electron_spatial_integrals[1,2,8,3] = -0.0016532531
two_electron_spatial_integrals[8,3,1,2] = -0.0016532531
two_electron_spatial_integrals[2,1,3,8] = -0.0016532531
two_electron_spatial_integrals[3,8,2,1] = -0.0016532531
two_electron_spatial_integrals[2,1,8,3] = -0.0016660585
two_electron_spatial_integrals[8,3,2,1] = -0.0016660585

Two Electron Eigenvalues:
 1 -0.013011361713
 2 -0.005205441319
 3 -0.004767269567
 4 -0.004044286372
 5 -0.003653410036
 6 -0.003523209774
 7 -0.003496232115
 8 -0.002850723536
 9 -0.002322864173
10 -0.002269691852
11 -0.002231626101
12 -0.001633145019
13 -0.001504957497
14 -0.001226544833
15 -0.001204165522
16 -0.000669308330
17 -0.000417478000
18 -0.000133298000
19 -0.000052749973
20 0.000166250117
21 0.000242810876
22 0.000658480941
23 0.000851340040
24 0.001260732785
25 0.001462842213
26 0.001715187996
27 0.001744800615
28 0.002072239486
29 0.002319506963
30 0.002470480791
31 0.002980940115
32 0.003854305035
33 0.004024428832
34 0.004450824361
35 0.006158860391
36 0.006207464488
37 0.006550474858
38 0.007183290650
39 0.007983293565
40 0.008570627315
41 0.011397402213
42 0.012047680915
43 0.016504281974
44 0.018455526445
45 0.024043652736
46 0.030497079956
47 0.033016180955
48 0.057249836442
49 0.064602074836
50 0.084233878863
51 0.094666741127
52 0.104493509075
53 0.104550894367
54 0.112948380304
55 0.119292705115
56 0.124111749369
57 0.129737343559
58 0.281501356919
59 0.361001671633
60 0.408118416048
61 0.519329512997
62 0.550005581978
63 2.010716504135
64 7.459831231338
