One Electron Eigenvalues:
 1 -32.837240031523
 2 -3.622590086079
 3 -4.404594809709
 4 -7.465421271635
 5 -7.796951880831
 6 -8.414664165322
 7 -3.910274776973
 8 -8.301384290027

Example of symmetry-related two-electron integrals for indices:
Indices: i=1, j=2, k=3, l=8
two_electron_spatial_integrals[1,2,3,8] = -0.0009149893
two_electron_spatial_integrals[3,8,1,2] = -0.0009149893
two_electron_spatial_integrals[1,2,8,3] = -0.0009118011
two_electron_spatial_integrals[8,3,1,2] = -0.0009118011
two_electron_spatial_integrals[2,1,3,8] = -0.0009118011
two_electron_spatial_integrals[3,8,2,1] = -0.0009118011
two_electron_spatial_integrals[2,1,8,3] = -0.0009149893
two_electron_spatial_integrals[8,3,2,1] = -0.0009149893

Two Electron Eigenvalues:
 1 7.436360589210
 2 2.007316134105
 3 0.550606353122
 4 0.519801007796
 5 0.357966859048
 6 0.407421161158
 7 0.283017798572
 8 0.129431539292
 9 0.119388617390
10 0.123944093693
11 0.094307148021
12 0.084004345146
13 0.102954606932
14 0.112330155719
15 0.103364078687
16 0.062544860730
17 0.057235387042
18 0.030353780684
19 0.032526874901
20 0.023401201277
21 0.018326159897
22 0.016217924936
23 -0.013123820421
24 0.011764467428
25 0.010922496632
26 0.008519859738
27 0.007714839369
28 0.007199898028
29 0.006458328656
30 0.006189769625
31 0.006146667913
32 0.004385836807
33 -0.004778328934
34 -0.005168195502
35 0.003979410733
36 -0.004036639541
37 0.003808633273
38 -0.003613696120
39 -0.003644915008
40 -0.003542550634
41 -0.002889328773
42 0.002954694044
43 -0.001809315029
44 -0.002279226855
45 -0.002244083396
46 0.002215743772
47 -0.002184220302
48 0.002556632236
49 0.002086076576
50 0.001204288485
51 0.001318815927
52 0.001774690698
53 0.001811908322
54 0.000782859577
55 -0.001529710833
56 -0.001301970493
57 0.000655022110
58 -0.001193407948
59 -0.000188443117
60 -0.000428389278
61 -0.000673585409
62 0.000151300477
63 -0.000093047653
64 0.000226182963
