One Electron Eigenvalues:
 1 -32.737066727050
 2 -2.819893176002
 3 -4.411342886329
 4 -7.120071274464
 5 -7.522841011435
 6 -3.913969835726
 7 -8.286107486755
 8 -8.213757807240

Example of symmetry-related two-electron integrals for indices:
Indices: i=1, j=2, k=3, l=8
two_electron_spatial_integrals[1,2,3,8] = -0.0012288349
two_electron_spatial_integrals[3,8,1,2] = -0.0012288349
two_electron_spatial_integrals[1,2,8,3] = -0.0012491697
two_electron_spatial_integrals[8,3,1,2] = -0.0012491697
two_electron_spatial_integrals[2,1,3,8] = -0.0012491697
two_electron_spatial_integrals[3,8,2,1] = -0.0012491697
two_electron_spatial_integrals[2,1,8,3] = -0.0012288349
two_electron_spatial_integrals[8,3,2,1] = -0.0012288349

Two Electron Eigenvalues:
 1 7.305754433416
 2 1.975883220185
 3 0.561158223841
 4 0.532619192205
 5 0.335430080049
 6 0.406391952867
 7 0.298442280411
 8 0.129409020807
 9 0.127098335394
10 0.125598748411
11 0.113538138526
12 0.082927729573
13 0.089214986431
14 0.092153721094
15 0.092851852355
16 0.061752072507
17 0.049967271796
18 0.030153322092
19 0.031444240804
20 0.017375770291
21 0.019956980585
22 0.015460834218
23 -0.012732032296
24 0.009516886797
25 0.009128002820
26 0.008119440017
27 0.007322665392
28 0.006548261988
29 0.005548351475
30 0.006372143918
31 0.005204215392
32 0.005107330957
33 -0.004612236508
34 -0.004541502763
35 -0.004869031492
36 -0.003966043558
37 -0.004105315919
38 0.003288233609
39 0.003540820511
40 -0.003793079691
41 -0.003394106895
42 0.002903689448
43 0.003092347342
44 0.002076642532
45 0.002133736343
46 -0.002527428266
47 0.001850005618
48 0.001345300718
49 0.001079571617
50 0.000772432613
51 0.000634198766
52 0.000396599146
53 0.000423453246
54 -0.001589574679
55 -0.001651126958
56 -0.001827164108
57 -0.001825675440
58 -0.000452523330
59 -0.001376597605
60 -0.001392950085
61 -0.001104798534
62 -0.000614256711
63 -0.000632007975
64 0.000076006684
