One Electron Eigenvalues:
 1 -32.731194282598
 2 -8.278986602261
 3 -8.208470465214
 4 -7.515081280088
 5 -7.101938094297
 6 -4.411346100081
 7 -3.914511514867
 8 -2.769416011594

Example of symmetry-related two-electron integrals for indices:
Indices: i=1, j=2, k=3, l=8
two_electron_spatial_integrals[1,2,3,8] = -0.0015850621
two_electron_spatial_integrals[3,8,1,2] = -0.0015850621
two_electron_spatial_integrals[1,2,8,3] = -0.0016047462
two_electron_spatial_integrals[8,3,1,2] = -0.0016047462
two_electron_spatial_integrals[2,1,3,8] = -0.0016047462
two_electron_spatial_integrals[3,8,2,1] = -0.0016047462
two_electron_spatial_integrals[2,1,8,3] = -0.0015850621
two_electron_spatial_integrals[8,3,2,1] = -0.0015850621

Two Electron Eigenvalues:
 1 -0.012682363822
 2 -0.004853898097
 3 -0.004596548952
 4 -0.004501436048
 5 -0.004120918524
 6 -0.004109229726
 7 -0.003797187546
 8 -0.003393986729
 9 -0.002480141602
10 -0.001823797216
11 -0.001803724293
12 -0.001655317645
13 -0.001569811262
14 -0.001473999280
15 -0.001347198603
16 -0.001117774876
17 -0.000633242392
18 -0.000631878392
19 -0.000458604471
20 0.000071415705
21 0.000393561769
22 0.000432755461
23 0.000646880692
24 0.000759529999
25 0.001207008758
26 0.001295775217
27 0.001846860260
28 0.002102185010
29 0.002135443957
30 0.002927235688
31 0.003111983596
32 0.003223241216
33 0.003532042557
34 0.005099118896
35 0.005181879868
36 0.005480482010
37 0.006411320007
38 0.006568779820
39 0.007316594200
40 0.008163588648
41 0.009090508964
42 0.009340862264
43 0.015458296070
44 0.017330350870
45 0.019947688859
46 0.030184824189
47 0.031452363523
48 0.049629688959
49 0.062088589565
50 0.082906412641
51 0.089046995150
52 0.091836007712
53 0.092456714894
54 0.113710515332
55 0.125766850643
56 0.127726839538
57 0.129543330727
58 0.299603238485
59 0.334429869231
60 0.406466784158
61 0.533324853806
62 0.562603439060
63 1.974040360782
64 7.301813902519
