One Electron Eigenvalues:
 1 -32.700772894373
 2 -8.242819928612
 3 -8.178183127233
 4 -7.476538713479
 5 -7.029826137057
 6 -4.407244294026
 7 -3.911827290764
 8 -2.503323921856

Example of symmetry-related two-electron integrals for indices:
Indices: i=1, j=2, k=3, l=8
two_electron_spatial_integrals[1,2,3,8] = -0.003494543
two_electron_spatial_integrals[3,8,1,2] = -0.003494543
two_electron_spatial_integrals[1,2,8,3] = -0.0035151812
two_electron_spatial_integrals[8,3,1,2] = -0.0035151812
two_electron_spatial_integrals[2,1,3,8] = -0.0035151812
two_electron_spatial_integrals[3,8,2,1] = -0.0035151812
two_electron_spatial_integrals[2,1,8,3] = -0.003494543
two_electron_spatial_integrals[8,3,2,1] = -0.003494543

Two Electron Eigenvalues:
 1 -0.012370860366
 2 -0.004816467813
 3 -0.004788637922
 4 -0.004702332865
 5 -0.004331318980
 6 -0.004042729266
 7 -0.003809672928
 8 -0.003468406457
 9 -0.002255967662
10 -0.001995208514
11 -0.001733378004
12 -0.001714467383
13 -0.001674523873
14 -0.001484621804
15 -0.001262896496
16 -0.001133530723
17 -0.000736529549
18 -0.000640797869
19 -0.000481884676
20 0.000062421630
21 0.000401631625
22 0.000419506968
23 0.000567640209
24 0.000650663757
25 0.000709324984
26 0.001840287680
27 0.002153809964
28 0.002224835257
29 0.002850391002
30 0.002886160741
31 0.002912529432
32 0.003207408920
33 0.003599562370
34 0.004655483116
35 0.005247194220
36 0.005459532040
37 0.006532279998
38 0.006566955267
39 0.007305978918
40 0.008369213242
41 0.008473140815
42 0.008947540678
43 0.015433903829
44 0.017141266060
45 0.019918559434
46 0.030416022685
47 0.031463869925
48 0.048486256029
49 0.063461385206
50 0.082813423280
51 0.088685935619
52 0.090704674901
53 0.090922871175
54 0.114353252964
55 0.126441824067
56 0.128936476605
57 0.131998362832
58 0.305715418903
59 0.330451080693
60 0.406762128121
61 0.536913765952
62 0.570933892226
63 1.964609038277
64 7.284834922034
