One Electron Eigenvalues:
 1 -32.692154043903
 2 -2.426741695847
 3 -4.404800947608
 4 -7.465902009854
 5 -7.015221240412
 6 -8.232872162278
 7 -3.909289073889
 8 -8.168861468509

Example of symmetry-related two-electron integrals for indices:
Indices: i=1, j=2, k=3, l=8
two_electron_spatial_integrals[1,2,3,8] = -0.0039748502
two_electron_spatial_integrals[3,8,1,2] = -0.0039748502
two_electron_spatial_integrals[1,2,8,3] = -0.0039974067
two_electron_spatial_integrals[8,3,1,2] = -0.0039974067
two_electron_spatial_integrals[2,1,3,8] = -0.0039974067
two_electron_spatial_integrals[3,8,2,1] = -0.0039974067
two_electron_spatial_integrals[2,1,8,3] = -0.0039748502
two_electron_spatial_integrals[8,3,2,1] = -0.0039748502

Two Electron Eigenvalues:
 1 7.280841411246
 2 1.961967705574
 3 0.573460044498
 4 0.537918274936
 5 0.406812795969
 6 0.329761191498
 7 0.307347348340
 8 0.132875167489
 9 0.128967224875
10 0.126562525064
11 0.114460130618
12 0.082789461453
13 0.088723200638
14 0.090511126496
15 0.090626672988
16 0.063723505270
17 0.048311111418
18 0.030496133712
19 0.031461389980
20 0.017104840236
21 0.019902046687
22 0.015420634844
23 -0.012273264669
24 0.008922135023
25 0.008260747579
26 0.008412591666
27 0.007312800523
28 0.006537026941
29 0.006536879552
30 0.005213760925
31 0.005513560233
32 0.004555648404
33 -0.004960882118
34 0.003664114259
35 0.003406806919
36 0.002796062307
37 0.002781725387
38 0.002242362099
39 0.003231851139
40 -0.004790514347
41 -0.004774711899
42 -0.004314906663
43 -0.003994781902
44 0.002159945602
45 -0.003811166723
46 -0.003520744914
47 0.001840825632
48 0.000701231874
49 0.000649696295
50 0.000407783189
51 0.000407063190
52 0.000423574386
53 -0.002205809106
54 -0.000486533117
55 -0.002081411555
56 -0.001468390406
57 -0.001678497983
58 -0.001698909096
59 -0.001747260272
60 -0.001254946979
61 -0.000765844160
62 -0.001135089848
63 -0.000643999851
64 0.000062760555
