One Electron Eigenvalues:
 1 -32.669795388787
 2 -2.226683707837
 3 -4.396073546988
 4 -7.438999120328
 5 -6.985750326889
 6 -3.899471113085
 7 -8.207630508870
 8 -8.143849936814

Example of symmetry-related two-electron integrals for indices:
Indices: i=1, j=2, k=3, l=8
two_electron_spatial_integrals[1,2,3,8] = -0.0049477078
two_electron_spatial_integrals[3,8,1,2] = -0.0049477078
two_electron_spatial_integrals[1,2,8,3] = -0.0049780886
two_electron_spatial_integrals[8,3,1,2] = -0.0049780886
two_electron_spatial_integrals[2,1,3,8] = -0.0049780886
two_electron_spatial_integrals[3,8,2,1] = -0.0049780886
two_electron_spatial_integrals[2,1,8,3] = -0.0049477078
two_electron_spatial_integrals[8,3,2,1] = -0.0049477078

Two Electron Eigenvalues:
 1 7.271795802156
 2 1.955196123666
 3 0.580268951388
 4 0.540388973372
 5 0.406864505733
 6 0.328931051770
 7 0.311002694057
 8 0.134935600901
 9 0.128977635977
10 0.126756564772
11 0.114624662522
12 0.082741563980
13 0.089019612144
14 0.090188128203
15 0.090078003280
16 0.064171504150
17 0.048062849831
18 0.030710499715
19 0.031456748903
20 0.017048259622
21 0.019847050769
22 0.015367510053
23 -0.012015176080
24 0.008880859302
25 0.008491476257
26 0.007805255127
27 0.007350120582
28 0.006428747740
29 0.006512088324
30 0.005177662278
31 -0.005211468105
32 0.005616513480
33 0.004759823136
34 -0.005135739954
35 0.004336735074
36 0.003701564318
37 -0.004747803543
38 -0.004289903121
39 0.003287786856
40 0.002632727063
41 0.002562934288
42 -0.003866494825
43 -0.003823136671
44 -0.003717849372
45 0.002201383371
46 0.002174530957
47 0.001842803794
48 0.000694214005
49 0.000647250797
50 0.000422767420
51 0.000371236746
52 -0.002113820633
53 -0.002242915462
54 -0.000494761341
55 -0.001461717027
56 -0.001674223251
57 -0.001684072054
58 -0.001767227940
59 -0.001239372305
60 -0.000847842371
61 -0.001141787371
62 -0.000649884527
63 0.000138443236
64 0.000065269733
