Begin IJ Block
1   1   -6.5921070895
1   2   -0.0266251052
1   3   0.0140134190
2   2   -7.3009511002
2   3   0.0827274657
3   3   -6.3460090419
4   4   -6.2549061725
5   5   -6.2549061725

End IJ Block
Begin IA Block
1   1   0.0993514615
1   4   0.0582184482
2   1   0.0619396800
2   4   0.1466792489
3   1   -0.1109322513
3   4   0.0211948335
4   2   0.2000917055
4   3   0.1515731848
5   2   -0.1515731848
5   3   0.2000917055

End IA Block
Begin AB Block
1   1   -1.6343656676
1   4   -0.3242073051
2   2   -1.3070507429
3   3   -1.3070507429
4   4   -1.4270179693

End AB Block
Begin IJKL Block
1   6   1   6   1.6457815548
1   6   1   7   -0.0423056401
1   6   1   8   0.0625624221
1   6   2   6   -0.0423056401
1   6   2   7   0.0019678304
1   6   2   8   -0.0030822561
1   6   3   6   0.0625624221
1   6   3   7   -0.0030822561
1   6   3   8   0.0052176894
1   6   4   9   0.0002869183
1   6   5   10   0.0002869183
1   7   1   6   -0.0423056401
1   7   1   7   0.3136606273
1   7   1   8   -0.0619144062
1   7   2   6   0.0019678304
1   7   2   7   0.0125432888
1   7   2   8   -0.0020086080
1   7   3   6   -0.0030822561
1   7   3   7   -0.0124407964
1   7   3   8   0.0044543744
1   7   4   9   0.0032900699
1   7   5   10   0.0032900699
1   8   1   6   0.0625624221
1   8   1   7   -0.0619144062
1   8   1   8   0.3330590943
1   8   2   6   -0.0030822561
1   8   2   7   -0.0020086080
1   8   2   8   0.0113481892
1   8   3   6   0.0052176894
1   8   3   7   0.0044543744
1   8   3   8   -0.0122987216
1   8   4   9   -0.0008375380
1   8   5   10   -0.0008375380
1   9   1   9   0.3003536525
1   9   2   9   0.0111813981
1   9   3   9   -0.0107698027
1   9   4   6   0.0002869183
1   9   4   7   0.0032900699
1   9   4   8   -0.0008375380
1   10   1   10   0.3003536525
1   10   2   10   0.0111813981
1   10   3   10   -0.0107698027
1   10   5   6   0.0002869183
1   10   5   7   0.0032900699
1   10   5   8   -0.0008375380
2   6   1   6   -0.0423056401
2   6   1   7   0.0019678304
2   6   1   8   -0.0030822561
2   6   2   6   0.3136606273
2   6   2   7   0.0125432888
2   6   2   8   -0.0124407964
2   6   3   6   -0.0619144062
2   6   3   7   -0.0020086080
2   6   3   8   0.0044543744
2   6   4   9   0.0032900699
2   6   5   10   0.0032900699
2   7   1   6   0.0019678304
2   7   1   7   0.0125432888
2   7   1   8   -0.0020086080
2   7   2   6   0.0125432888
2   7   2   7   0.8818924220
2   7   2   8   0.0005984129
2   7   3   6   -0.0020086080
2   7   3   7   0.0005984129
2   7   3   8   0.1651064569
2   7   4   9   0.1626846034
2   7   5   10   0.1626846034
2   8   1   6   -0.0030822561
2   8   1   7   -0.0020086080
2   8   1   8   0.0113481892
2   8   2   6   -0.0124407964
2   8   2   7   0.0005984129
2   8   2   8   0.8225156632
2   8   3   6   0.0044543744
2   8   3   7   0.1651064569
2   8   3   8   0.0163986661
2   8   4   9   0.0039426198
2   8   5   10   0.0039426198
2   9   1   9   0.0111813981
2   9   2   9   0.8202731204
2   9   3   9   0.0072268128
2   9   4   6   0.0032900699
2   9   4   7   0.1626846034
2   9   4   8   0.0039426198
2   10   1   10   0.0111813981
2   10   2   10   0.8202731204
2   10   3   10   0.0072268128
2   10   5   6   0.0032900699
2   10   5   7   0.1626846034
2   10   5   8   0.0039426198
3   6   1   6   0.0625624221
3   6   1   7   -0.0030822561
3   6   1   8   0.0052176894
3   6   2   6   -0.0619144062
3   6   2   7   -0.0020086080
3   6   2   8   0.0044543744
3   6   3   6   0.3330590943
3   6   3   7   0.0113481892
3   6   3   8   -0.0122987216
3   6   4   9   -0.0008375380
3   6   5   10   -0.0008375380
3   7   1   6   -0.0030822561
3   7   1   7   -0.0124407964
3   7   1   8   0.0044543744
3   7   2   6   -0.0020086080
3   7   2   7   0.0005984129
3   7   2   8   0.1651064569
3   7   3   6   0.0113481892
3   7   3   7   0.8225156632
3   7   3   8   0.0163986661
3   7   4   9   0.0039426198
3   7   5   10   0.0039426198
3   8   1   6   0.0052176894
3   8   1   7   0.0044543744
3   8   1   8   -0.0122987216
3   8   2   6   0.0044543744
3   8   2   7   0.1651064569
3   8   2   8   0.0163986661
3   8   3   6   -0.0122987216
3   8   3   7   0.0163986661
3   8   3   8   0.8277753162
3   8   4   9   0.0403197165
3   8   5   10   0.0403197165
3   9   1   9   -0.0107698027
3   9   2   9   0.0072268128
3   9   3   9   0.7453454548
3   9   4   6   -0.0008375380
3   9   4   7   0.0039426198
3   9   4   8   0.0403197165
3   10   1   10   -0.0107698027
3   10   2   10   0.0072268128
3   10   3   10   0.7453454548
3   10   5   6   -0.0008375380
3   10   5   7   0.0039426198
3   10   5   8   0.0403197165
4   6   1   9   0.0002869183
4   6   2   9   0.0032900699
4   6   3   9   -0.0008375380
4   6   4   6   0.3003536525
4   6   4   7   0.0111813981
4   6   4   8   -0.0107698027
4   7   1   9   0.0032900699
4   7   2   9   0.1626846034
4   7   3   9   0.0039426198
4   7   4   6   0.0111813981
4   7   4   7   0.8202731204
4   7   4   8   0.0072268128
4   8   1   9   -0.0008375380
4   8   2   9   0.0039426198
4   8   3   9   0.0403197165
4   8   4   6   -0.0107698027
4   8   4   7   0.0072268128
4   8   4   8   0.7453454548
4   9   1   6   0.0002869183
4   9   1   7   0.0032900699
4   9   1   8   -0.0008375380
4   9   2   6   0.0032900699
4   9   2   7   0.1626846034
4   9   2   8   0.0039426198
4   9   3   6   -0.0008375380
4   9   3   7   0.0039426198
4   9   3   8   0.0403197165
4   9   4   9   0.8225515217
4   9   5   10   0.0396207915
4   10   4   10   0.7433099388
4   10   5   9   0.0396207915
5   6   1   10   0.0002869183
5   6   2   10   0.0032900699
5   6   3   10   -0.0008375380
5   6   5   6   0.3003536525
5   6   5   7   0.0111813981
5   6   5   8   -0.0107698027
5   7   1   10   0.0032900699
5   7   2   10   0.1626846034
5   7   3   10   0.0039426198
5   7   5   6   0.0111813981
5   7   5   7   0.8202731204
5   7   5   8   0.0072268128
5   8   1   10   -0.0008375380
5   8   2   10   0.0039426198
5   8   3   10   0.0403197165
5   8   5   6   -0.0107698027
5   8   5   7   0.0072268128
5   8   5   8   0.7453454548
5   9   4   10   0.0396207915
5   9   5   9   0.7433099388
5   10   1   6   0.0002869183
5   10   1   7   0.0032900699
5   10   1   8   -0.0008375380
5   10   2   6   0.0032900699
5   10   2   7   0.1626846034
5   10   2   8   0.0039426198
5   10   3   6   -0.0008375380
5   10   3   7   0.0039426198
5   10   3   8   0.0403197165
5   10   4   9   0.0396207915
5   10   5   10   0.8225515217

End IJKL Block
Begin IJAB Block
1   6   1   5   0.0041107830
1   6   1   8   0.0026686666
1   6   2   6   0.0002767774
1   6   3   7   0.0002767774
1   6   4   5   0.0026686666
1   6   4   8   0.0018382657
1   7   1   5   -0.0000496352
1   7   1   8   -0.0000292898
1   7   2   6   0.0000040582
1   7   3   7   0.0000040582
1   7   4   5   -0.0000501478
1   7   4   8   -0.0000322132
1   8   1   5   0.0000946315
1   8   1   8   0.0002455514
1   8   2   6   -0.0000593234
1   8   3   7   -0.0000593234
1   8   4   5   0.0000801861
1   8   4   8   0.0001401673
1   9   1   6   0.0001326506
1   9   1   7   0.0001004853
1   9   2   5   0.0000914810
1   9   2   8   0.0001043110
1   9   3   5   0.0000692986
1   9   3   8   0.0000790175
1   9   4   6   0.0000529738
1   9   4   7   0.0000401286
1   10   1   6   -0.0001004853
1   10   1   7   0.0001326506
1   10   2   5   -0.0000692986
1   10   2   8   -0.0000790175
1   10   3   5   0.0000914810
1   10   3   8   0.0001043110
1   10   4   6   -0.0000401286
1   10   4   7   0.0000529738
2   6   1   5   -0.0000496352
2   6   1   8   -0.0000501478
2   6   2   6   0.0000040582
2   6   3   7   0.0000040582
2   6   4   5   -0.0000292898
2   6   4   8   -0.0000322132
2   7   1   5   0.0003830047
2   7   1   8   0.0004766020
2   7   2   6   0.0007766668
2   7   3   7   0.0007766668
2   7   4   5   0.0004766020
2   7   4   8   0.0011153579
2   8   1   5   -0.0004131979
2   8   1   8   -0.0002000606
2   8   2   6   0.0000680340
2   8   3   7   0.0000680340
2   8   4   5   -0.0007591841
2   8   4   8   -0.0000644351
2   9   1   6   0.0004843201
2   9   1   7   0.0003668815
2   9   2   5   0.0000957003
2   9   2   8   0.0003009642
2   9   3   5   0.0000724948
2   9   3   8   0.0002279859
2   9   4   6   0.0012502769
2   9   4   7   0.0009471080
2   10   1   6   -0.0003668815
2   10   1   7   0.0004843201
2   10   2   5   -0.0000724948
2   10   2   8   -0.0002279859
2   10   3   5   0.0000957003
2   10   3   8   0.0003009642
2   10   4   6   -0.0009471080
2   10   4   7   0.0012502769
3   6   1   5   0.0000946315
3   6   1   8   0.0000801861
3   6   2   6   -0.0000593234
3   6   3   7   -0.0000593234
3   6   4   5   0.0002455514
3   6   4   8   0.0001401673
3   7   1   5   -0.0004131979
3   7   1   8   -0.0007591841
3   7   2   6   0.0000680340
3   7   3   7   0.0000680340
3   7   4   5   -0.0002000606
3   7   4   8   -0.0000644351
3   8   1   5   0.0007669644
3   8   1   8   0.0003173393
3   8   2   6   0.0002566462
3   8   3   7   0.0002566462
3   8   4   5   0.0003173393
3   8   4   8   0.0007712348
3   9   1   6   -0.0009044764
3   9   1   7   -0.0006851577
3   9   2   5   -0.0001452918
3   9   2   8   -0.0000792485
3   9   3   5   -0.0001100612
3   9   3   8   -0.0000600322
3   9   4   6   -0.0001341180
3   9   4   7   -0.0001015968
3   10   1   6   0.0006851577
3   10   1   7   -0.0009044764
3   10   2   5   0.0001100612
3   10   2   8   0.0000600322
3   10   3   5   -0.0001452918
3   10   3   8   -0.0000792485
3   10   4   6   0.0001015968
3   10   4   7   -0.0001341180
4   6   1   6   0.0000914810
4   6   1   7   0.0000692986
4   6   2   5   0.0001326506
4   6   2   8   0.0000529738
4   6   3   5   0.0001004853
4   6   3   8   0.0000401286
4   6   4   6   0.0001043110
4   6   4   7   0.0000790175
4   7   1   6   0.0000957003
4   7   1   7   0.0000724948
4   7   2   5   0.0004843201
4   7   2   8   0.0012502769
4   7   3   5   0.0003668815
4   7   3   8   0.0009471080
4   7   4   6   0.0003009642
4   7   4   7   0.0002279859
4   8   1   6   -0.0001452918
4   8   1   7   -0.0001100612
4   8   2   5   -0.0009044764
4   8   2   8   -0.0001341180
4   8   3   5   -0.0006851577
4   8   3   8   -0.0001015968
4   8   4   6   -0.0000792485
4   8   4   7   -0.0000600322
4   9   1   5   0.0003368181
4   9   1   8   0.0004436632
4   9   2   6   0.0018691673
4   9   2   7   0.0012449238
4   9   3   6   0.0012449238
4   9   3   7   0.0011687967
4   9   4   5   0.0004436632
4   9   4   8   0.0007859573
4   10   2   6   -0.0012449238
4   10   2   7   0.0014176797
4   10   3   6   -0.0007173091
4   10   3   7   0.0012449238
5   6   1   6   -0.0000692986
5   6   1   7   0.0000914810
5   6   2   5   -0.0001004853
5   6   2   8   -0.0000401286
5   6   3   5   0.0001326506
5   6   3   8   0.0000529738
5   6   4   6   -0.0000790175
5   6   4   7   0.0001043110
5   7   1   6   -0.0000724948
5   7   1   7   0.0000957003
5   7   2   5   -0.0003668815
5   7   2   8   -0.0009471080
5   7   3   5   0.0004843201
5   7   3   8   0.0012502769
5   7   4   6   -0.0002279859
5   7   4   7   0.0003009642
5   8   1   6   0.0001100612
5   8   1   7   -0.0001452918
5   8   2   5   0.0006851577
5   8   2   8   0.0001015968
5   8   3   5   -0.0009044764
5   8   3   8   -0.0001341180
5   8   4   6   0.0000600322
5   8   4   7   -0.0000792485
5   9   2   6   -0.0012449238
5   9   2   7   -0.0007173091
5   9   3   6   0.0014176797
5   9   3   7   0.0012449238
5   10   1   5   0.0003368181
5   10   1   8   0.0004436632
5   10   2   6   0.0011687967
5   10   2   7   -0.0012449238
5   10   3   6   -0.0012449238
5   10   3   7   0.0018691673
5   10   4   5   0.0004436632
5   10   4   8   0.0007859573

End IJAB Block
Begin ABCD Block
1   5   1   5   0.2058342828
1   5   1   8   0.0123492217
1   5   2   6   0.0211515220
1   5   3   7   0.0211515220
1   5   4   5   0.0123492217
1   5   4   8   0.0125401285
1   6   1   6   0.1366669460
1   6   2   5   0.0211515220
1   6   2   8   0.0046926925
1   6   4   6   0.0098331656
1   7   1   7   0.1366669460
1   7   3   5   0.0211515220
1   7   3   8   0.0046926925
1   7   4   7   0.0098331656
1   8   1   5   0.0123492217
1   8   1   8   0.1258822767
1   8   2   6   0.0046926925
1   8   3   7   0.0046926925
1   8   4   5   0.0125401285
1   8   4   8   0.0073446844
2   5   1   6   0.0211515220
2   5   2   5   0.1366669460
2   5   2   8   0.0098331656
2   5   4   6   0.0046926925
2   6   1   5   0.0211515220
2   6   1   8   0.0046926925
2   6   2   6   0.1281912164
2   6   3   7   0.0078369669
2   6   4   5   0.0046926925
2   6   4   8   0.0088453775
2   7   2   7   0.1125172826
2   7   3   6   0.0078369669
2   8   1   6   0.0046926925
2   8   2   5   0.0098331656
2   8   2   8   0.1098328977
2   8   4   6   0.0088453775
3   5   1   7   0.0211515220
3   5   3   5   0.1366669460
3   5   3   8   0.0098331656
3   5   4   7   0.0046926925
3   6   2   7   0.0078369669
3   6   3   6   0.1125172826
3   7   1   5   0.0211515220
3   7   1   8   0.0046926925
3   7   2   6   0.0078369669
3   7   3   7   0.1281912164
3   7   4   5   0.0046926925
3   7   4   8   0.0088453775
3   8   1   7   0.0046926925
3   8   3   5   0.0098331656
3   8   3   8   0.1098328977
3   8   4   7   0.0088453775
4   5   1   5   0.0123492217
4   5   1   8   0.0125401285
4   5   2   6   0.0046926925
4   5   3   7   0.0046926925
4   5   4   5   0.1258822767
4   5   4   8   0.0073446844
4   6   1   6   0.0098331656
4   6   2   5   0.0046926925
4   6   2   8   0.0088453775
4   6   4   6   0.1098328977
4   7   1   7   0.0098331656
4   7   3   5   0.0046926925
4   7   3   8   0.0088453775
4   7   4   7   0.1098328977
4   8   1   5   0.0125401285
4   8   1   8   0.0073446844
4   8   2   6   0.0088453775
4   8   3   7   0.0088453775
4   8   4   5   0.0073446844
4   8   4   8   0.1192859565

End ABCD Block
Begin AIJB Block
1   6   1   5   0.0041107830
1   6   1   8   0.0026686666
1   6   2   5   -0.0000496352
1   6   2   8   -0.0000501478
1   6   3   5   0.0000946315
1   6   3   8   0.0000801861
1   6   4   6   0.0000914810
1   6   4   7   0.0000692986
1   6   5   6   -0.0000692986
1   6   5   7   0.0000914810
1   7   1   5   -0.0000496352
1   7   1   8   -0.0000292898
1   7   2   5   0.0003830047
1   7   2   8   0.0004766020
1   7   3   5   -0.0004131979
1   7   3   8   -0.0007591841
1   7   4   6   0.0000957003
1   7   4   7   0.0000724948
1   7   5   6   -0.0000724948
1   7   5   7   0.0000957003
1   8   1   5   0.0000946315
1   8   1   8   0.0002455514
1   8   2   5   -0.0004131979
1   8   2   8   -0.0002000606
1   8   3   5   0.0007669644
1   8   3   8   0.0003173393
1   8   4   6   -0.0001452918
1   8   4   7   -0.0001100612
1   8   5   6   0.0001100612
1   8   5   7   -0.0001452918
1   9   1   6   0.0001326506
1   9   1   7   0.0001004853
1   9   2   6   0.0004843201
1   9   2   7   0.0003668815
1   9   3   6   -0.0009044764
1   9   3   7   -0.0006851577
1   9   4   5   0.0003368181
1   9   4   8   0.0004436632
1   10   1   6   -0.0001004853
1   10   1   7   0.0001326506
1   10   2   6   -0.0003668815
1   10   2   7   0.0004843201
1   10   3   6   0.0006851577
1   10   3   7   -0.0009044764
1   10   5   5   0.0003368181
1   10   5   8   0.0004436632
2   6   1   6   0.0002767774
2   6   2   6   0.0000040582
2   6   3   6   -0.0000593234
2   6   4   5   0.0001326506
2   6   4   8   0.0000529738
2   6   5   5   -0.0001004853
2   6   5   8   -0.0000401286
2   7   1   6   0.0000040582
2   7   2   6   0.0007766668
2   7   3   6   0.0000680340
2   7   4   5   0.0004843201
2   7   4   8   0.0012502769
2   7   5   5   -0.0003668815
2   7   5   8   -0.0009471080
2   8   1   6   -0.0000593234
2   8   2   6   0.0000680340
2   8   3   6   0.0002566462
2   8   4   5   -0.0009044764
2   8   4   8   -0.0001341180
2   8   5   5   0.0006851577
2   8   5   8   0.0001015968
2   9   1   5   0.0000914810
2   9   1   8   0.0001043110
2   9   2   5   0.0000957003
2   9   2   8   0.0003009642
2   9   3   5   -0.0001452918
2   9   3   8   -0.0000792485
2   9   4   6   0.0018691673
2   9   4   7   0.0012449238
2   9   5   6   -0.0012449238
2   9   5   7   -0.0007173091
2   10   1   5   -0.0000692986
2   10   1   8   -0.0000790175
2   10   2   5   -0.0000724948
2   10   2   8   -0.0002279859
2   10   3   5   0.0001100612
2   10   3   8   0.0000600322
2   10   4   6   -0.0012449238
2   10   4   7   0.0014176797
2   10   5   6   0.0011687967
2   10   5   7   -0.0012449238
3   6   1   7   0.0002767774
3   6   2   7   0.0000040582
3   6   3   7   -0.0000593234
3   6   4   5   0.0001004853
3   6   4   8   0.0000401286
3   6   5   5   0.0001326506
3   6   5   8   0.0000529738
3   7   1   7   0.0000040582
3   7   2   7   0.0007766668
3   7   3   7   0.0000680340
3   7   4   5   0.0003668815
3   7   4   8   0.0009471080
3   7   5   5   0.0004843201
3   7   5   8   0.0012502769
3   8   1   7   -0.0000593234
3   8   2   7   0.0000680340
3   8   3   7   0.0002566462
3   8   4   5   -0.0006851577
3   8   4   8   -0.0001015968
3   8   5   5   -0.0009044764
3   8   5   8   -0.0001341180
3   9   1   5   0.0000692986
3   9   1   8   0.0000790175
3   9   2   5   0.0000724948
3   9   2   8   0.0002279859
3   9   3   5   -0.0001100612
3   9   3   8   -0.0000600322
3   9   4   6   0.0012449238
3   9   4   7   0.0011687967
3   9   5   6   0.0014176797
3   9   5   7   0.0012449238
3   10   1   5   0.0000914810
3   10   1   8   0.0001043110
3   10   2   5   0.0000957003
3   10   2   8   0.0003009642
3   10   3   5   -0.0001452918
3   10   3   8   -0.0000792485
3   10   4   6   -0.0007173091
3   10   4   7   0.0012449238
3   10   5   6   -0.0012449238
3   10   5   7   0.0018691673
4   6   1   5   0.0026686666
4   6   1   8   0.0018382657
4   6   2   5   -0.0000292898
4   6   2   8   -0.0000322132
4   6   3   5   0.0002455514
4   6   3   8   0.0001401673
4   6   4   6   0.0001043110
4   6   4   7   0.0000790175
4   6   5   6   -0.0000790175
4   6   5   7   0.0001043110
4   7   1   5   -0.0000501478
4   7   1   8   -0.0000322132
4   7   2   5   0.0004766020
4   7   2   8   0.0011153579
4   7   3   5   -0.0002000606
4   7   3   8   -0.0000644351
4   7   4   6   0.0003009642
4   7   4   7   0.0002279859
4   7   5   6   -0.0002279859
4   7   5   7   0.0003009642
4   8   1   5   0.0000801861
4   8   1   8   0.0001401673
4   8   2   5   -0.0007591841
4   8   2   8   -0.0000644351
4   8   3   5   0.0003173393
4   8   3   8   0.0007712348
4   8   4   6   -0.0000792485
4   8   4   7   -0.0000600322
4   8   5   6   0.0000600322
4   8   5   7   -0.0000792485
4   9   1   6   0.0000529738
4   9   1   7   0.0000401286
4   9   2   6   0.0012502769
4   9   2   7   0.0009471080
4   9   3   6   -0.0001341180
4   9   3   7   -0.0001015968
4   9   4   5   0.0004436632
4   9   4   8   0.0007859573
4   10   1   6   -0.0000401286
4   10   1   7   0.0000529738
4   10   2   6   -0.0009471080
4   10   2   7   0.0012502769
4   10   3   6   0.0001015968
4   10   3   7   -0.0001341180
4   10   5   5   0.0004436632
4   10   5   8   0.0007859573

1   6   6   1   -0.2316561407
1   6   6   4   -0.0493175175
1   6   7   1   0.0022498172
1   6   7   4   0.0005015567
1   6   8   1   -0.0029436400
1   6   8   4   -0.0006124965
1   6   9   2   -0.0004010028
1   6   9   3   -0.0003037670
1   6   10   2   0.0003037670
1   6   10   3   -0.0004010028
1   7   6   1   0.0022498172
1   7   6   4   0.0005015567
1   7   7   1   -0.1461403748
1   7   7   4   -0.0288299889
1   7   8   1   0.0116108683
1   7   8   4   0.0035428690
1   7   9   2   -0.0035669103
1   7   9   3   -0.0027020009
1   7   10   2   0.0027020009
1   7   10   3   -0.0035669103
1   8   6   1   -0.0029436400
1   8   6   4   -0.0006124965
1   8   7   1   0.0116108683
1   8   7   4   0.0035428690
1   8   8   1   -0.1473675938
1   8   8   4   -0.0288959329
1   8   9   2   0.0008359954
1   8   9   3   0.0006332820
1   8   10   2   -0.0006332820
1   8   10   3   0.0008359954
1   9   6   2   -0.0004010028
1   9   6   3   -0.0003037670
1   9   7   2   -0.0035669103
1   9   7   3   -0.0027020009
1   9   8   2   0.0008359954
1   9   8   3   0.0006332820
1   9   9   1   -0.1453886238
1   9   9   4   -0.0286175902
1   10   6   2   0.0003037670
1   10   6   3   -0.0004010028
1   10   7   2   0.0027020009
1   10   7   3   -0.0035669103
1   10   8   2   -0.0006332820
1   10   8   3   0.0008359954
1   10   10   1   -0.1453886238
1   10   10   4   -0.0286175902
2   6   6   2   -0.1493494035
2   6   7   2   0.0003841805
2   6   8   2   -0.0004060169
2   6   9   1   -0.0004010028
2   6   9   4   -0.0002756129
2   6   10   1   0.0003037670
2   6   10   4   0.0002087819
2   7   6   2   0.0003841805
2   7   7   2   -0.1313535493
2   7   8   2   0.0043194578
2   7   9   1   -0.0035669103
2   7   9   4   -0.0041079670
2   7   10   1   0.0027020009
2   7   10   4   0.0031118613
2   8   6   2   -0.0004060169
2   8   7   2   0.0043194578
2   8   8   2   -0.1308892147
2   8   9   1   0.0008359954
2   8   9   4   0.0002476078
2   8   10   1   -0.0006332820
2   8   10   4   -0.0001875675
2   9   6   1   -0.0004010028
2   9   6   4   -0.0002756129
2   9   7   1   -0.0035669103
2   9   7   4   -0.0041079670
2   9   8   1   0.0008359954
2   9   8   4   0.0002476078
2   9   9   2   -0.1314176048
2   9   9   3   -0.0007530638
2   9   10   2   0.0007530638
2   9   10   3   -0.0002118297
2   10   6   1   0.0003037670
2   10   6   4   0.0002087819
2   10   7   1   0.0027020009
2   10   7   4   0.0031118613
2   10   8   1   -0.0006332820
2   10   8   4   -0.0001875675
2   10   9   2   0.0007530638
2   10   9   3   -0.0002118297
2   10   10   2   -0.1309939454
2   10   10   3   0.0007530638
3   6   6   3   -0.1493494035
3   6   7   3   0.0003841805
3   6   8   3   -0.0004060169
3   6   9   1   -0.0003037670
3   6   9   4   -0.0002087819
3   6   10   1   -0.0004010028
3   6   10   4   -0.0002756129
3   7   6   3   0.0003841805
3   7   7   3   -0.1313535493
3   7   8   3   0.0043194578
3   7   9   1   -0.0027020009
3   7   9   4   -0.0031118613
3   7   10   1   -0.0035669103
3   7   10   4   -0.0041079670
3   8   6   3   -0.0004060169
3   8   7   3   0.0043194578
3   8   8   3   -0.1308892147
3   8   9   1   0.0006332820
3   8   9   4   0.0001875675
3   8   10   1   0.0008359954
3   8   10   4   0.0002476078
3   9   6   1   -0.0003037670
3   9   6   4   -0.0002087819
3   9   7   1   -0.0027020009
3   9   7   4   -0.0031118613
3   9   8   1   0.0006332820
3   9   8   4   0.0001875675
3   9   9   2   -0.0007530638
3   9   9   3   -0.1309939454
3   9   10   2   -0.0002118297
3   9   10   3   -0.0007530638
3   10   6   1   -0.0004010028
3   10   6   4   -0.0002756129
3   10   7   1   -0.0035669103
3   10   7   4   -0.0041079670
3   10   8   1   0.0008359954
3   10   8   4   0.0002476078
3   10   9   2   -0.0002118297
3   10   9   3   -0.0007530638
3   10   10   2   0.0007530638
3   10   10   3   -0.1314176048
4   6   6   1   -0.0493175175
4   6   6   4   -0.1523987861
4   6   7   1   0.0005015567
4   6   7   4   0.0001034209
4   6   8   1   -0.0006124965
4   6   8   4   -0.0001464225
4   6   9   2   -0.0002756129
4   6   9   3   -0.0002087819
4   6   10   2   0.0002087819
4   6   10   3   -0.0002756129
4   7   6   1   0.0005015567
4   7   6   4   0.0001034209
4   7   7   1   -0.0288299889
4   7   7   4   -0.1491822304
4   7   8   1   0.0035428690
4   7   8   4   0.0000419061
4   7   9   2   -0.0041079670
4   7   9   3   -0.0031118613
4   7   10   2   0.0031118613
4   7   10   3   -0.0041079670
4   8   6   1   -0.0006124965
4   8   6   4   -0.0001464225
4   8   7   1   0.0035428690
4   8   7   4   0.0000419061
4   8   8   1   -0.0288959329
4   8   8   4   -0.1494043714
4   8   9   2   0.0002476078
4   8   9   3   0.0001875675
4   8   10   2   -0.0001875675
4   8   10   3   0.0002476078
4   9   6   2   -0.0002756129
4   9   6   3   -0.0002087819
4   9   7   2   -0.0041079670
4   9   7   3   -0.0031118613
4   9   8   2   0.0002476078
4   9   8   3   0.0001875675
4   9   9   1   -0.0286175902
4   9   9   4   -0.1486940035
4   10   6   2   0.0002087819
4   10   6   3   -0.0002756129
4   10   7   2   0.0031118613
4   10   7   3   -0.0041079670
4   10   8   2   -0.0001875675
4   10   8   3   0.0002476078
4   10   10   1   -0.0286175902
4   10   10   4   -0.1486940035

End AIJB Block
Begin IJKA Block
1   6   1   5   -0.0618913703
1   6   1   8   -0.0437070935
1   6   2   5   0.0018280544
1   6   2   8   0.0014678268
1   6   3   5   -0.0026913154
1   6   3   8   -0.0023121520
1   6   4   6   0.0001827341
1   6   4   7   0.0001384245
1   6   5   6   -0.0001384245
1   6   5   7   0.0001827341
1   7   1   5   -0.0000759209
1   7   1   8   0.0004155690
1   7   2   5   -0.0003320848
1   7   2   8   -0.0005076620
1   7   3   5   0.0004140229
1   7   3   8   0.0004544914
1   7   4   6   -0.0001445294
1   7   4   7   -0.0001094837
1   7   5   6   0.0001094837
1   7   5   7   -0.0001445294
1   8   1   5   -0.0021167446
1   8   1   8   -0.0107773933
1   8   2   5   0.0005235071
1   8   2   8   0.0002660741
1   8   3   5   -0.0005876268
1   8   3   8   -0.0002653135
1   8   4   6   -0.0000423752
1   8   4   7   -0.0000321000
1   8   5   6   0.0000321000
1   8   5   7   -0.0000423752
1   9   1   6   -0.0012638367
1   9   1   7   -0.0009573798
1   9   2   6   -0.0006165240
1   9   2   7   -0.0004670284
1   9   3   6   0.0005312802
1   9   3   7   0.0004024546
1   9   4   5   0.0000749758
1   9   4   8   0.0000762975
1   10   1   6   0.0009573798
1   10   1   7   -0.0012638367
1   10   2   6   0.0004670284
1   10   2   7   -0.0006165240
1   10   3   6   -0.0004024546
1   10   3   7   0.0005312802
1   10   5   5   0.0000749758
1   10   5   8   0.0000762975
2   6   1   5   0.0018280544
2   6   1   8   0.0014678268
2   6   2   5   -0.0049212352
2   6   2   8   -0.0019591060
2   6   3   5   0.0018643723
2   6   3   8   0.0007734184
2   6   4   6   0.0002515036
2   6   4   7   0.0001905187
2   6   5   6   -0.0001905187
2   6   5   7   0.0002515036
2   7   1   5   -0.0003320848
2   7   1   8   -0.0005076620
2   7   2   5   -0.0102216725
2   7   2   8   -0.0245903128
2   7   3   5   0.0052567070
2   7   3   8   0.0001594703
2   7   4   6   -0.0087380601
2   7   4   7   -0.0066192429
2   7   5   6   0.0066192429
2   7   5   7   -0.0087380601
2   8   1   5   0.0005235071
2   8   1   8   0.0002660741
2   8   2   5   0.0186833830
2   8   2   8   -0.0000224262
2   8   3   5   -0.0014987283
2   8   3   8   -0.0028436651
2   8   4   6   -0.0010230642
2   8   4   7   -0.0007749901
2   8   5   6   0.0007749901
2   8   5   7   -0.0010230642
2   9   1   6   -0.0006165240
2   9   1   7   -0.0004670284
2   9   2   6   -0.0324146586
2   9   2   7   -0.0245547062
2   9   3   6   -0.0014947487
2   9   3   7   -0.0011322999
2   9   4   5   -0.0005618043
2   9   4   8   -0.0033499022
2   10   1   6   0.0004670284
2   10   1   7   -0.0006165240
2   10   2   6   0.0245547062
2   10   2   7   -0.0324146586
2   10   3   6   0.0011322999
2   10   3   7   -0.0014947487
2   10   5   5   -0.0005618043
2   10   5   8   -0.0033499022
3   6   1   5   -0.0026913154
3   6   1   8   -0.0023121520
3   6   2   5   0.0018643723
3   6   2   8   0.0007734184
3   6   3   5   -0.0056346791
3   6   3   8   -0.0023090873
3   6   4   6   -0.0001830429
3   6   4   7   -0.0001386584
3   6   5   6   0.0001386584
3   6   5   7   -0.0001830429
3   7   1   5   0.0004140229
3   7   1   8   0.0004544914
3   7   2   5   0.0052567070
3   7   2   8   0.0001594703
3   7   3   5   -0.0087789270
3   7   3   8   -0.0217066715
3   7   4   6   -0.0004631518
3   7   4   7   -0.0003508461
3   7   5   6   0.0003508461
3   7   5   7   -0.0004631518
3   8   1   5   -0.0005876268
3   8   1   8   -0.0002653135
3   8   2   5   -0.0014987283
3   8   2   8   -0.0028436651
3   8   3   5   0.0185427816
3   8   3   8   -0.0004781462
3   8   4   6   -0.0018770634
3   8   4   7   -0.0014219104
3   8   5   6   0.0014219104
3   8   5   7   -0.0018770634
3   9   1   6   0.0005312802
3   9   1   7   0.0004024546
3   9   2   6   -0.0014947487
3   9   2   7   -0.0011322999
3   9   3   6   -0.0281494960
3   9   3   7   -0.0213237662
3   9   4   5   0.0008852253
3   9   4   8   -0.0003775642
3   10   1   6   -0.0004024546
3   10   1   7   0.0005312802
3   10   2   6   0.0011322999
3   10   2   7   -0.0014947487
3   10   3   6   0.0213237662
3   10   3   7   -0.0281494960
3   10   5   5   0.0008852253
3   10   5   8   -0.0003775642
4   6   1   6   0.0001827341
4   6   1   7   0.0001384245
4   6   2   6   0.0002515036
4   6   2   7   0.0001905187
4   6   3   6   -0.0001830429
4   6   3   7   -0.0001386584
4   6   4   5   -0.0042795057
4   6   4   8   -0.0016488372
4   7   1   6   -0.0001445294
4   7   1   7   -0.0001094837
4   7   2   6   -0.0087380601
4   7   2   7   -0.0066192429
4   7   3   6   -0.0004631518
4   7   3   7   -0.0003508461
4   7   4   5   -0.0087006486
4   7   4   8   -0.0218955934
4   8   1   6   -0.0000423752
4   8   1   7   -0.0000321000
4   8   2   6   -0.0010230642
4   8   2   7   -0.0007749901
4   8   3   6   -0.0018770634
4   8   3   7   -0.0014219104
4   8   4   5   0.0158980088
4   8   4   8   -0.0005062146
4   9   1   5   0.0000749758
4   9   1   8   0.0000762975
4   9   2   5   -0.0005618043
4   9   2   8   -0.0033499022
4   9   3   5   0.0008852253
4   9   3   8   -0.0003775642
4   9   4   6   -0.0323271789
4   9   4   7   -0.0244884387
4   9   5   6   0.0015322214
4   9   5   7   -0.0020226849
4   10   4   6   0.0214239959
4   10   4   7   -0.0282818092
4   10   5   6   -0.0020226849
4   10   5   7   -0.0015322214
5   6   1   6   -0.0001384245
5   6   1   7   0.0001827341
5   6   2   6   -0.0001905187
5   6   2   7   0.0002515036
5   6   3   6   0.0001386584
5   6   3   7   -0.0001830429
5   6   5   5   -0.0042795057
5   6   5   8   -0.0016488372
5   7   1   6   0.0001094837
5   7   1   7   -0.0001445294
5   7   2   6   0.0066192429
5   7   2   7   -0.0087380601
5   7   3   6   0.0003508461
5   7   3   7   -0.0004631518
5   7   5   5   -0.0087006486
5   7   5   8   -0.0218955934
5   8   1   6   0.0000321000
5   8   1   7   -0.0000423752
5   8   2   6   0.0007749901
5   8   2   7   -0.0010230642
5   8   3   6   0.0014219104
5   8   3   7   -0.0018770634
5   8   5   5   0.0158980088
5   8   5   8   -0.0005062146
5   9   4   6   0.0015322214
5   9   4   7   -0.0020226849
5   9   5   6   -0.0282818092
5   9   5   7   -0.0214239959
5   10   1   5   0.0000749758
5   10   1   8   0.0000762975
5   10   2   5   -0.0005618043
5   10   2   8   -0.0033499022
5   10   3   5   0.0008852253
5   10   3   8   -0.0003775642
5   10   4   6   -0.0020226849
5   10   4   7   -0.0015322214
5   10   5   6   0.0244884387
5   10   5   7   -0.0323271789

End IJKA Block
Begin IABC Block
1   5   1   5   0.0009920768
1   5   1   8   -0.0001248269
1   5   2   6   0.0005802611
1   5   3   7   0.0005802611
1   5   4   5   0.0000808895
1   5   4   8   -0.0001272284
1   6   1   6   0.0001035377
1   6   2   5   0.0005802611
1   6   2   8   0.0003128554
1   6   4   6   0.0000322863
1   7   1   7   0.0001035377
1   7   3   5   0.0005802611
1   7   3   8   0.0003128554
1   7   4   7   0.0000322863
1   8   1   5   -0.0001248269
1   8   1   8   -0.0002240958
1   8   2   6   0.0003128554
1   8   3   7   0.0003128554
1   8   4   5   -0.0001272284
1   8   4   8   -0.0001276251
2   5   1   5   -0.0002052225
2   5   1   8   -0.0000516285
2   5   2   6   -0.0000398756
2   5   3   7   -0.0000398756
2   5   4   5   -0.0000709779
2   5   4   8   -0.0000694929
2   6   1   6   -0.0000571185
2   6   2   5   -0.0000398756
2   6   2   8   -0.0000978998
2   6   4   6   -0.0001222733
2   7   1   7   -0.0000571185
2   7   3   5   -0.0000398756
2   7   3   8   -0.0000978998
2   7   4   7   -0.0001222733
2   8   1   5   -0.0000516285
2   8   1   8   -0.0000549133
2   8   2   6   -0.0000978998
2   8   3   7   -0.0000978998
2   8   4   5   -0.0000694929
2   8   4   8   -0.0001440481
3   5   1   5   -0.0008997380
3   5   1   8   -0.0002191456
3   5   2   6   -0.0005958596
3   5   3   7   -0.0005958596
3   5   4   5   -0.0030829023
3   5   4   8   -0.0007613020
3   6   1   6   -0.0004649249
3   6   2   5   -0.0005958596
3   6   2   8   -0.0002374877
3   6   4   6   -0.0013494408
3   7   1   7   -0.0004649249
3   7   3   5   -0.0005958596
3   7   3   8   -0.0002374877
3   7   4   7   -0.0013494408
3   8   1   5   -0.0002191456
3   8   1   8   0.0001994974
3   8   2   6   -0.0002374877
3   8   3   7   -0.0002374877
3   8   4   5   -0.0007613020
3   8   4   8   -0.0001189150
4   5   1   6   0.0011284657
4   5   1   7   0.0008548337
4   5   2   5   0.0006718683
4   5   2   8   -0.0000138601
4   5   3   5   0.0005089527
4   5   3   8   -0.0000104993
4   5   4   6   0.0012712244
4   5   4   7   0.0009629761
4   6   1   5   0.0011284657
4   6   1   8   0.0007481236
4   6   2   6   0.0004309750
4   6   2   7   0.0001864033
4   6   3   6   -0.0000463351
4   6   3   7   0.0002460710
4   6   4   5   0.0012712244
4   6   4   8   0.0011013901
4   7   1   5   0.0008548337
4   7   1   8   0.0005667176
4   7   2   6   0.0001864033
4   7   2   7   -0.0000611669
4   7   3   6   0.0002460710
4   7   3   7   0.0003264716
4   7   4   5   0.0009629761
4   7   4   8   0.0008343234
4   8   1   6   0.0007481236
4   8   1   7   0.0005667176
4   8   2   5   -0.0000138601
4   8   2   8   -0.0005913791
4   8   3   5   -0.0000104993
4   8   3   8   -0.0004479807
4   8   4   6   0.0011013901
4   8   4   7   0.0008343234
5   5   1   6   -0.0008548337
5   5   1   7   0.0011284657
5   5   2   5   -0.0005089527
5   5   2   8   0.0000104993
5   5   3   5   0.0006718683
5   5   3   8   -0.0000138601
5   5   4   6   -0.0009629761
5   5   4   7   0.0012712244
5   6   1   5   -0.0008548337
5   6   1   8   -0.0005667176
5   6   2   6   -0.0003264716
5   6   2   7   0.0002460710
5   6   3   6   -0.0000611669
5   6   3   7   -0.0001864033
5   6   4   5   -0.0009629761
5   6   4   8   -0.0008343234
5   7   1   5   0.0011284657
5   7   1   8   0.0007481236
5   7   2   6   0.0002460710
5   7   2   7   0.0000463351
5   7   3   6   -0.0001864033
5   7   3   7   0.0004309750
5   7   4   5   0.0012712244
5   7   4   8   0.0011013901
5   8   1   6   -0.0005667176
5   8   1   7   0.0007481236
5   8   2   5   0.0000104993
5   8   2   8   0.0004479807
5   8   3   5   -0.0000138601
5   8   3   8   -0.0005913791
5   8   4   6   -0.0008343234
5   8   4   7   0.0011013901

End IABC Block
