Begin IJ Block
1   1   -5.2606751941
1   2   0.0000169345
1   5   -0.0075877825
2   2   -6.7207113210
2   5   -0.0062853070
3   3   -5.7511789559
4   4   -5.7511789559
5   5   -5.6422156964

End IJ Block
Begin IA Block
1   1   0.1117815651
1   4   0.0551029829
2   1   0.0111748211
2   4   0.0816400477
3   2   0.1140538112
3   3   0.0568815025
4   2   0.0568815025
4   3   -0.1140538112
5   1   -0.2520459038
5   4   -0.3568575984

End IA Block
Begin AB Block
1   1   -1.4780284637
1   4   -0.2737445273
2   2   -1.3130498527
3   3   -1.3130498527
4   4   -1.5383030862

End AB Block
Begin IJKL Block
1   6   1   6   1.6516421426
1   6   1   7   -0.0000393494
1   6   1   10   0.0080215962
1   6   2   6   -0.0000393494
1   6   2   7   0.0000000069
1   6   2   10   -0.0000003364
1   6   3   8   0.0000001668
1   6   4   9   0.0000001668
1   6   5   6   0.0080215962
1   6   5   7   -0.0000003364
1   6   5   10   0.0000613569
1   7   1   6   -0.0000393494
1   7   1   7   0.1167461429
1   7   1   10   -0.0084549972
1   7   2   6   0.0000000069
1   7   2   7   0.0000051927
1   7   2   10   -0.0000033716
1   7   3   8   0.0000011305
1   7   4   9   0.0000011305
1   7   5   6   -0.0000003364
1   7   5   7   -0.0000636833
1   7   5   10   0.0000094034
1   8   1   8   0.1161748818
1   8   2   8   0.0000047312
1   8   3   6   0.0000001668
1   8   3   7   0.0000011305
1   8   3   10   -0.0000009005
1   8   5   8   -0.0000612708
1   9   1   9   0.1161748818
1   9   2   9   0.0000047312
1   9   4   6   0.0000001668
1   9   4   7   0.0000011305
1   9   4   10   -0.0000009005
1   9   5   9   -0.0000612708
1   10   1   6   0.0080215962
1   10   1   7   -0.0084549972
1   10   1   10   0.1206854835
1   10   2   6   -0.0000003364
1   10   2   7   -0.0000033716
1   10   2   10   0.0000049808
1   10   3   8   -0.0000009005
1   10   4   9   -0.0000009005
1   10   5   6   0.0000613569
1   10   5   7   0.0000094034
1   10   5   10   -0.0000665363
2   6   1   6   -0.0000393494
2   6   1   7   0.0000000069
2   6   1   10   -0.0000003364
2   6   2   6   0.1167461429
2   6   2   7   0.0000051927
2   6   2   10   -0.0000636833
2   6   3   8   0.0000011305
2   6   4   9   0.0000011305
2   6   5   6   -0.0084549972
2   6   5   7   -0.0000033716
2   6   5   10   0.0000094034
2   7   1   6   0.0000000069
2   7   1   7   0.0000051927
2   7   1   10   -0.0000033716
2   7   2   6   0.0000051927
2   7   2   7   0.8830674530
2   7   2   10   0.0040655639
2   7   3   8   0.1658630341
2   7   4   9   0.1658630341
2   7   5   6   -0.0000033716
2   7   5   7   0.0040655639
2   7   5   10   0.1606905264
2   8   1   8   0.0000047312
2   8   2   8   0.8294684913
2   8   3   6   0.0000011305
2   8   3   7   0.1658630341
2   8   3   10   0.0010651245
2   8   5   8   0.0041186278
2   9   1   9   0.0000047312
2   9   2   9   0.8294684913
2   9   4   6   0.0000011305
2   9   4   7   0.1658630341
2   9   4   10   0.0010651245
2   9   5   9   0.0041186278
2   10   1   6   -0.0000003364
2   10   1   7   -0.0000033716
2   10   1   10   0.0000049808
2   10   2   6   -0.0000636833
2   10   2   7   0.0040655639
2   10   2   10   0.8095095977
2   10   3   8   0.0010651245
2   10   4   9   0.0010651245
2   10   5   6   0.0000094034
2   10   5   7   0.1606905264
2   10   5   10   0.0047851390
3   6   1   8   0.0000001668
3   6   2   8   0.0000011305
3   6   3   6   0.1161748818
3   6   3   7   0.0000047312
3   6   3   10   -0.0000612708
3   6   5   8   -0.0000009005
3   7   1   8   0.0000011305
3   7   2   8   0.1658630341
3   7   3   6   0.0000047312
3   7   3   7   0.8294684913
3   7   3   10   0.0041186278
3   7   5   8   0.0010651245
3   8   1   6   0.0000001668
3   8   1   7   0.0000011305
3   8   1   10   -0.0000009005
3   8   2   6   0.0000011305
3   8   2   7   0.1658630341
3   8   2   10   0.0010651245
3   8   3   8   0.8395019048
3   8   4   9   0.0408335574
3   8   5   6   -0.0000009005
3   8   5   7   0.0010651245
3   8   5   10   0.0396078773
3   9   3   9   0.7578347899
3   9   4   8   0.0408335574
3   10   1   8   -0.0000009005
3   10   2   8   0.0010651245
3   10   3   6   -0.0000612708
3   10   3   7   0.0041186278
3   10   3   10   0.7402093508
3   10   5   8   0.0396078773
4   6   1   9   0.0000001668
4   6   2   9   0.0000011305
4   6   4   6   0.1161748818
4   6   4   7   0.0000047312
4   6   4   10   -0.0000612708
4   6   5   9   -0.0000009005
4   7   1   9   0.0000011305
4   7   2   9   0.1658630341
4   7   4   6   0.0000047312
4   7   4   7   0.8294684913
4   7   4   10   0.0041186278
4   7   5   9   0.0010651245
4   8   3   9   0.0408335574
4   8   4   8   0.7578347899
4   9   1   6   0.0000001668
4   9   1   7   0.0000011305
4   9   1   10   -0.0000009005
4   9   2   6   0.0000011305
4   9   2   7   0.1658630341
4   9   2   10   0.0010651245
4   9   3   8   0.0408335574
4   9   4   9   0.8395019048
4   9   5   6   -0.0000009005
4   9   5   7   0.0010651245
4   9   5   10   0.0396078773
4   10   1   9   -0.0000009005
4   10   2   9   0.0010651245
4   10   4   6   -0.0000612708
4   10   4   7   0.0041186278
4   10   4   10   0.7402093508
4   10   5   9   0.0396078773
5   6   1   6   0.0080215962
5   6   1   7   -0.0000003364
5   6   1   10   0.0000613569
5   6   2   6   -0.0084549972
5   6   2   7   -0.0000033716
5   6   2   10   0.0000094034
5   6   3   8   -0.0000009005
5   6   4   9   -0.0000009005
5   6   5   6   0.1206854835
5   6   5   7   0.0000049808
5   6   5   10   -0.0000665363
5   7   1   6   -0.0000003364
5   7   1   7   -0.0000636833
5   7   1   10   0.0000094034
5   7   2   6   -0.0000033716
5   7   2   7   0.0040655639
5   7   2   10   0.1606905264
5   7   3   8   0.0010651245
5   7   4   9   0.0010651245
5   7   5   6   0.0000049808
5   7   5   7   0.8095095977
5   7   5   10   0.0047851390
5   8   1   8   -0.0000612708
5   8   2   8   0.0041186278
5   8   3   6   -0.0000009005
5   8   3   7   0.0010651245
5   8   3   10   0.0396078773
5   8   5   8   0.7402093508
5   9   1   9   -0.0000612708
5   9   2   9   0.0041186278
5   9   4   6   -0.0000009005
5   9   4   7   0.0010651245
5   9   4   10   0.0396078773
5   9   5   9   0.7402093508
5   10   1   6   0.0000613569
5   10   1   7   0.0000094034
5   10   1   10   -0.0000665363
5   10   2   6   0.0000094034
5   10   2   7   0.1606905264
5   10   2   10   0.0047851390
5   10   3   8   0.0396078773
5   10   4   9   0.0396078773
5   10   5   6   -0.0000665363
5   10   5   7   0.0047851390
5   10   5   10   0.8004176471

End IJKL Block
Begin IJAB Block
1   6   1   5   0.0113092203
1   6   1   8   0.0058687045
1   6   2   6   0.0022378730
1   6   3   7   0.0022378730
1   6   4   5   0.0058687045
1   6   4   8   0.0059155335
1   7   1   5   0.0000014330
1   7   1   8   0.0000027273
1   7   2   6   0.0000027039
1   7   3   7   0.0000027039
1   7   4   5   -0.0000057674
1   7   4   8   -0.0000081803
1   8   1   6   -0.0000018501
1   8   1   7   -0.0000009227
1   8   2   5   0.0000341946
1   8   2   8   0.0000385275
1   8   3   5   0.0000170537
1   8   3   8   0.0000192146
1   8   4   6   -0.0000110093
1   8   4   7   -0.0000054906
1   9   1   6   -0.0000009227
1   9   1   7   0.0000018501
1   9   2   5   0.0000170537
1   9   2   8   0.0000192146
1   9   3   5   -0.0000341946
1   9   3   8   -0.0000385275
1   9   4   6   -0.0000054906
1   9   4   7   0.0000110093
1   10   1   5   0.0001507820
1   10   1   8   0.0002234429
1   10   2   6   -0.0002565163
1   10   3   7   -0.0002565163
1   10   4   5   0.0000368610
1   10   4   8   -0.0002566107
2   6   1   5   0.0000014330
2   6   1   8   -0.0000057674
2   6   2   6   0.0000027039
2   6   3   7   0.0000027039
2   6   4   5   0.0000027273
2   6   4   8   -0.0000081803
2   7   1   5   0.0006968035
2   7   1   8   0.0010893636
2   7   2   6   0.0001561631
2   7   3   7   0.0001561631
2   7   4   5   0.0010893636
2   7   4   8   0.0019044460
2   8   1   6   0.0000188291
2   8   1   7   0.0000093905
2   8   2   5   0.0000066556
2   8   2   8   0.0000686341
2   8   3   5   0.0000033193
2   8   3   8   0.0000342295
2   8   4   6   0.0003078993
2   8   4   7   0.0001535571
2   9   1   6   0.0000093905
2   9   1   7   -0.0000188291
2   9   2   5   0.0000033193
2   9   2   8   0.0000342295
2   9   3   5   -0.0000066556
2   9   3   8   -0.0000686341
2   9   4   6   0.0001535571
2   9   4   7   -0.0003078993
2   10   1   5   -0.0000707999
2   10   1   8   -0.0001980291
2   10   2   6   0.0000073585
2   10   3   7   0.0000073585
2   10   4   5   -0.0007487238
2   10   4   8   -0.0012984473
3   6   1   6   0.0000341946
3   6   1   7   0.0000170537
3   6   2   5   -0.0000018501
3   6   2   8   -0.0000110093
3   6   3   5   -0.0000009227
3   6   3   8   -0.0000054906
3   6   4   6   0.0000385275
3   6   4   7   0.0000192146
3   7   1   6   0.0000066556
3   7   1   7   0.0000033193
3   7   2   5   0.0000188291
3   7   2   8   0.0003078993
3   7   3   5   0.0000093905
3   7   3   8   0.0001535571
3   7   4   6   0.0000686341
3   7   4   7   0.0000342295
3   8   1   5   0.0001795250
3   8   1   8   0.0002796243
3   8   2   6   0.0005364440
3   8   2   7   0.0002455853
3   8   3   6   0.0002455853
3   8   3   7   0.0001664974
3   8   4   5   0.0002796243
3   8   4   8   0.0005395495
3   9   2   6   0.0002455853
3   9   2   7   -0.0004484084
3   9   3   6   0.0000784618
3   9   3   7   -0.0002455853
3   10   1   6   -0.0001041836
3   10   1   7   -0.0000519590
3   10   2   5   -0.0011085072
3   10   2   8   -0.0016211855
3   10   3   5   -0.0005528404
3   10   3   8   -0.0008085259
3   10   4   6   -0.0001784767
3   10   4   7   -0.0000890108
4   6   1   6   0.0000170537
4   6   1   7   -0.0000341946
4   6   2   5   -0.0000009227
4   6   2   8   -0.0000054906
4   6   3   5   0.0000018501
4   6   3   8   0.0000110093
4   6   4   6   0.0000192146
4   6   4   7   -0.0000385275
4   7   1   6   0.0000033193
4   7   1   7   -0.0000066556
4   7   2   5   0.0000093905
4   7   2   8   0.0001535571
4   7   3   5   -0.0000188291
4   7   3   8   -0.0003078993
4   7   4   6   0.0000342295
4   7   4   7   -0.0000686341
4   8   2   6   0.0002455853
4   8   2   7   0.0000784618
4   8   3   6   -0.0004484084
4   8   3   7   -0.0002455853
4   9   1   5   0.0001795250
4   9   1   8   0.0002796243
4   9   2   6   0.0001664974
4   9   2   7   -0.0002455853
4   9   3   6   -0.0002455853
4   9   3   7   0.0005364440
4   9   4   5   0.0002796243
4   9   4   8   0.0005395495
4   10   1   6   -0.0000519590
4   10   1   7   0.0001041836
4   10   2   5   -0.0005528404
4   10   2   8   -0.0008085259
4   10   3   5   0.0011085072
4   10   3   8   0.0016211855
4   10   4   6   -0.0000890108
4   10   4   7   0.0001784767
5   6   1   5   0.0001507820
5   6   1   8   0.0000368610
5   6   2   6   -0.0002565163
5   6   3   7   -0.0002565163
5   6   4   5   0.0002234429
5   6   4   8   -0.0002566107
5   7   1   5   -0.0000707999
5   7   1   8   -0.0007487238
5   7   2   6   0.0000073585
5   7   3   7   0.0000073585
5   7   4   5   -0.0001980291
5   7   4   8   -0.0012984473
5   8   1   6   -0.0011085072
5   8   1   7   -0.0005528404
5   8   2   5   -0.0001041836
5   8   2   8   -0.0001784767
5   8   3   5   -0.0000519590
5   8   3   8   -0.0000890108
5   8   4   6   -0.0016211855
5   8   4   7   -0.0008085259
5   9   1   6   -0.0005528404
5   9   1   7   0.0011085072
5   9   2   5   -0.0000519590
5   9   2   8   -0.0000890108
5   9   3   5   0.0001041836
5   9   3   8   0.0001784767
5   9   4   6   -0.0008085259
5   9   4   7   0.0016211855
5   10   1   5   0.0031783679
5   10   1   8   0.0046610893
5   10   2   6   0.0002762971
5   10   3   7   0.0002762971
5   10   4   5   0.0046610893
5   10   4   8   0.0073075598

End IJAB Block
Begin ABCD Block
1   5   1   5   0.2356624691
1   5   1   8   -0.0052965324
1   5   2   6   0.0393110281
1   5   3   7   0.0393110281
1   5   4   5   -0.0052965324
1   5   4   8   0.0327308371
1   6   1   6   0.1947873654
1   6   2   5   0.0393110281
1   6   2   8   0.0079935266
1   6   4   6   0.0092355552
1   7   1   7   0.1947873654
1   7   3   5   0.0393110281
1   7   3   8   0.0079935266
1   7   4   7   0.0092355552
1   8   1   5   -0.0052965324
1   8   1   8   0.1958756838
1   8   2   6   0.0079935266
1   8   3   7   0.0079935266
1   8   4   5   0.0327308371
1   8   4   8   0.0154782266
2   5   1   6   0.0393110281
2   5   2   5   0.1947873654
2   5   2   8   0.0092355552
2   5   4   6   0.0079935266
2   6   1   5   0.0393110281
2   6   1   8   0.0079935266
2   6   2   6   0.1859342941
2   6   3   7   0.0099012033
2   6   4   5   0.0079935266
2   6   4   8   0.0123522407
2   7   2   7   0.1661318875
2   7   3   6   0.0099012033
2   8   1   6   0.0079935266
2   8   2   5   0.0092355552
2   8   2   8   0.1725658841
2   8   4   6   0.0123522407
3   5   1   7   0.0393110281
3   5   3   5   0.1947873654
3   5   3   8   0.0092355552
3   5   4   7   0.0079935266
3   6   2   7   0.0099012033
3   6   3   6   0.1661318875
3   7   1   5   0.0393110281
3   7   1   8   0.0079935266
3   7   2   6   0.0099012033
3   7   3   7   0.1859342941
3   7   4   5   0.0079935266
3   7   4   8   0.0123522407
3   8   1   7   0.0079935266
3   8   3   5   0.0092355552
3   8   3   8   0.1725658841
3   8   4   7   0.0123522407
4   5   1   5   -0.0052965324
4   5   1   8   0.0327308371
4   5   2   6   0.0079935266
4   5   3   7   0.0079935266
4   5   4   5   0.1958756838
4   5   4   8   0.0154782266
4   6   1   6   0.0092355552
4   6   2   5   0.0079935266
4   6   2   8   0.0123522407
4   6   4   6   0.1725658841
4   7   1   7   0.0092355552
4   7   3   5   0.0079935266
4   7   3   8   0.0123522407
4   7   4   7   0.1725658841
4   8   1   5   0.0327308371
4   8   1   8   0.0154782266
4   8   2   6   0.0123522407
4   8   3   7   0.0123522407
4   8   4   5   0.0154782266
4   8   4   8   0.2002730294

End ABCD Block
Begin AIJB Block
1   6   1   5   0.0113092203
1   6   1   8   0.0058687045
1   6   2   5   0.0000014330
1   6   2   8   -0.0000057674
1   6   3   6   0.0000341946
1   6   3   7   0.0000170537
1   6   4   6   0.0000170537
1   6   4   7   -0.0000341946
1   6   5   5   0.0001507820
1   6   5   8   0.0000368610
1   7   1   5   0.0000014330
1   7   1   8   0.0000027273
1   7   2   5   0.0006968035
1   7   2   8   0.0010893636
1   7   3   6   0.0000066556
1   7   3   7   0.0000033193
1   7   4   6   0.0000033193
1   7   4   7   -0.0000066556
1   7   5   5   -0.0000707999
1   7   5   8   -0.0007487238
1   8   1   6   -0.0000018501
1   8   1   7   -0.0000009227
1   8   2   6   0.0000188291
1   8   2   7   0.0000093905
1   8   3   5   0.0001795250
1   8   3   8   0.0002796243
1   8   5   6   -0.0011085072
1   8   5   7   -0.0005528404
1   9   1   6   -0.0000009227
1   9   1   7   0.0000018501
1   9   2   6   0.0000093905
1   9   2   7   -0.0000188291
1   9   4   5   0.0001795250
1   9   4   8   0.0002796243
1   9   5   6   -0.0005528404
1   9   5   7   0.0011085072
1   10   1   5   0.0001507820
1   10   1   8   0.0002234429
1   10   2   5   -0.0000707999
1   10   2   8   -0.0001980291
1   10   3   6   -0.0001041836
1   10   3   7   -0.0000519590
1   10   4   6   -0.0000519590
1   10   4   7   0.0001041836
1   10   5   5   0.0031783679
1   10   5   8   0.0046610893
2   6   1   6   0.0022378730
2   6   2   6   0.0000027039
2   6   3   5   -0.0000018501
2   6   3   8   -0.0000110093
2   6   4   5   -0.0000009227
2   6   4   8   -0.0000054906
2   6   5   6   -0.0002565163
2   7   1   6   0.0000027039
2   7   2   6   0.0001561631
2   7   3   5   0.0000188291
2   7   3   8   0.0003078993
2   7   4   5   0.0000093905
2   7   4   8   0.0001535571
2   7   5   6   0.0000073585
2   8   1   5   0.0000341946
2   8   1   8   0.0000385275
2   8   2   5   0.0000066556
2   8   2   8   0.0000686341
2   8   3   6   0.0005364440
2   8   3   7   0.0002455853
2   8   4   6   0.0002455853
2   8   4   7   0.0000784618
2   8   5   5   -0.0001041836
2   8   5   8   -0.0001784767
2   9   1   5   0.0000170537
2   9   1   8   0.0000192146
2   9   2   5   0.0000033193
2   9   2   8   0.0000342295
2   9   3   6   0.0002455853
2   9   3   7   -0.0004484084
2   9   4   6   0.0001664974
2   9   4   7   -0.0002455853
2   9   5   5   -0.0000519590
2   9   5   8   -0.0000890108
2   10   1   6   -0.0002565163
2   10   2   6   0.0000073585
2   10   3   5   -0.0011085072
2   10   3   8   -0.0016211855
2   10   4   5   -0.0005528404
2   10   4   8   -0.0008085259
2   10   5   6   0.0002762971
3   6   1   7   0.0022378730
3   6   2   7   0.0000027039
3   6   3   5   -0.0000009227
3   6   3   8   -0.0000054906
3   6   4   5   0.0000018501
3   6   4   8   0.0000110093
3   6   5   7   -0.0002565163
3   7   1   7   0.0000027039
3   7   2   7   0.0001561631
3   7   3   5   0.0000093905
3   7   3   8   0.0001535571
3   7   4   5   -0.0000188291
3   7   4   8   -0.0003078993
3   7   5   7   0.0000073585
3   8   1   5   0.0000170537
3   8   1   8   0.0000192146
3   8   2   5   0.0000033193
3   8   2   8   0.0000342295
3   8   3   6   0.0002455853
3   8   3   7   0.0001664974
3   8   4   6   -0.0004484084
3   8   4   7   -0.0002455853
3   8   5   5   -0.0000519590
3   8   5   8   -0.0000890108
3   9   1   5   -0.0000341946
3   9   1   8   -0.0000385275
3   9   2   5   -0.0000066556
3   9   2   8   -0.0000686341
3   9   3   6   0.0000784618
3   9   3   7   -0.0002455853
3   9   4   6   -0.0002455853
3   9   4   7   0.0005364440
3   9   5   5   0.0001041836
3   9   5   8   0.0001784767
3   10   1   7   -0.0002565163
3   10   2   7   0.0000073585
3   10   3   5   -0.0005528404
3   10   3   8   -0.0008085259
3   10   4   5   0.0011085072
3   10   4   8   0.0016211855
3   10   5   7   0.0002762971
4   6   1   5   0.0058687045
4   6   1   8   0.0059155335
4   6   2   5   0.0000027273
4   6   2   8   -0.0000081803
4   6   3   6   0.0000385275
4   6   3   7   0.0000192146
4   6   4   6   0.0000192146
4   6   4   7   -0.0000385275
4   6   5   5   0.0002234429
4   6   5   8   -0.0002566107
4   7   1   5   -0.0000057674
4   7   1   8   -0.0000081803
4   7   2   5   0.0010893636
4   7   2   8   0.0019044460
4   7   3   6   0.0000686341
4   7   3   7   0.0000342295
4   7   4   6   0.0000342295
4   7   4   7   -0.0000686341
4   7   5   5   -0.0001980291
4   7   5   8   -0.0012984473
4   8   1   6   -0.0000110093
4   8   1   7   -0.0000054906
4   8   2   6   0.0003078993
4   8   2   7   0.0001535571
4   8   3   5   0.0002796243
4   8   3   8   0.0005395495
4   8   5   6   -0.0016211855
4   8   5   7   -0.0008085259
4   9   1   6   -0.0000054906
4   9   1   7   0.0000110093
4   9   2   6   0.0001535571
4   9   2   7   -0.0003078993
4   9   4   5   0.0002796243
4   9   4   8   0.0005395495
4   9   5   6   -0.0008085259
4   9   5   7   0.0016211855
4   10   1   5   0.0000368610
4   10   1   8   -0.0002566107
4   10   2   5   -0.0007487238
4   10   2   8   -0.0012984473
4   10   3   6   -0.0001784767
4   10   3   7   -0.0000890108
4   10   4   6   -0.0000890108
4   10   4   7   0.0001784767
4   10   5   5   0.0046610893
4   10   5   8   0.0073075598

1   6   6   1   -0.3020086654
1   6   6   4   -0.0429858279
1   6   7   1   0.0000027604
1   6   7   4   -0.0000012059
1   6   8   2   -0.0000284888
1   6   8   3   -0.0000142081
1   6   9   2   -0.0000142081
1   6   9   3   0.0000284888
1   6   10   1   -0.0002478457
1   6   10   4   0.0000317362
1   7   6   1   0.0000027604
1   7   6   4   -0.0000012059
1   7   7   1   -0.1000245783
1   7   7   4   -0.0251081238
1   7   8   2   -0.0013575230
1   7   8   3   -0.0006770309
1   7   9   2   -0.0006770309
1   7   9   3   0.0013575230
1   7   10   1   0.0057132852
1   7   10   4   0.0025361573
1   8   6   2   -0.0000284888
1   8   6   3   -0.0000142081
1   8   7   2   -0.0013575230
1   8   7   3   -0.0006770309
1   8   8   1   -0.0994313116
1   8   8   4   -0.0244320170
1   8   10   2   0.0003999975
1   8   10   3   0.0001994888
1   9   6   2   -0.0000142081
1   9   6   3   0.0000284888
1   9   7   2   -0.0006770309
1   9   7   3   0.0013575230
1   9   9   1   -0.0994313116
1   9   9   4   -0.0244320170
1   9   10   2   0.0001994888
1   9   10   3   -0.0003999975
1   10   6   1   -0.0002478457
1   10   6   4   0.0000317362
1   10   7   1   0.0057132852
1   10   7   4   0.0025361573
1   10   8   2   0.0003999975
1   10   8   3   0.0001994888
1   10   9   2   0.0001994888
1   10   9   3   -0.0003999975
1   10   10   1   -0.1022105071
1   10   10   4   -0.0260034810
2   6   6   2   -0.2405314241
2   6   7   2   0.0000001884
2   6   8   1   -0.0000284888
2   6   8   4   -0.0000113753
2   6   9   1   -0.0000142081
2   6   9   4   -0.0000056731
2   6   10   2   -0.0000752551
2   7   6   2   0.0000001884
2   7   7   2   -0.1014725613
2   7   8   1   -0.0013575230
2   7   8   4   -0.0014650213
2   7   9   1   -0.0006770309
2   7   9   4   -0.0007306429
2   7   10   2   0.0055988008
2   8   6   1   -0.0000284888
2   8   6   4   -0.0000113753
2   8   7   1   -0.0013575230
2   8   7   4   -0.0014650213
2   8   8   2   -0.1012895143
2   8   8   3   -0.0001157255
2   8   9   2   -0.0001157255
2   8   9   3   0.0000871637
2   8   10   1   0.0003999975
2   8   10   4   0.0004605263
2   9   6   1   -0.0000142081
2   9   6   4   -0.0000056731
2   9   7   1   -0.0006770309
2   9   7   4   -0.0007306429
2   9   8   2   -0.0001157255
2   9   8   3   0.0000871637
2   9   9   2   -0.1011151868
2   9   9   3   0.0001157255
2   9   10   1   0.0001994888
2   9   10   4   0.0002296760
2   10   6   2   -0.0000752551
2   10   7   2   0.0055988008
2   10   8   1   0.0003999975
2   10   8   4   0.0004605263
2   10   9   1   0.0001994888
2   10   9   4   0.0002296760
2   10   10   2   -0.1033504041
3   6   6   3   -0.2405314241
3   6   7   3   0.0000001884
3   6   8   1   -0.0000142081
3   6   8   4   -0.0000056731
3   6   9   1   0.0000284888
3   6   9   4   0.0000113753
3   6   10   3   -0.0000752551
3   7   6   3   0.0000001884
3   7   7   3   -0.1014725613
3   7   8   1   -0.0006770309
3   7   8   4   -0.0007306429
3   7   9   1   0.0013575230
3   7   9   4   0.0014650213
3   7   10   3   0.0055988008
3   8   6   1   -0.0000142081
3   8   6   4   -0.0000056731
3   8   7   1   -0.0006770309
3   8   7   4   -0.0007306429
3   8   8   2   -0.0001157255
3   8   8   3   -0.1011151868
3   8   9   2   0.0000871637
3   8   9   3   0.0001157255
3   8   10   1   0.0001994888
3   8   10   4   0.0002296760
3   9   6   1   0.0000284888
3   9   6   4   0.0000113753
3   9   7   1   0.0013575230
3   9   7   4   0.0014650213
3   9   8   2   0.0000871637
3   9   8   3   0.0001157255
3   9   9   2   0.0001157255
3   9   9   3   -0.1012895143
3   9   10   1   -0.0003999975
3   9   10   4   -0.0004605263
3   10   6   3   -0.0000752551
3   10   7   3   0.0055988008
3   10   8   1   0.0001994888
3   10   8   4   0.0002296760
3   10   9   1   -0.0003999975
3   10   9   4   -0.0004605263
3   10   10   3   -0.1033504041
4   6   6   1   -0.0429858279
4   6   6   4   -0.2688489345
4   6   7   1   -0.0000012059
4   6   7   4   0.0000017770
4   6   8   2   -0.0000113753
4   6   8   3   -0.0000056731
4   6   9   2   -0.0000056731
4   6   9   3   0.0000113753
4   6   10   1   0.0000317362
4   6   10   4   -0.0000347482
4   7   6   1   -0.0000012059
4   7   6   4   0.0000017770
4   7   7   1   -0.0251081238
4   7   7   4   -0.1273619329
4   7   8   2   -0.0014650213
4   7   8   3   -0.0007306429
4   7   9   2   -0.0007306429
4   7   9   3   0.0014650213
4   7   10   1   0.0025361573
4   7   10   4   0.0088824717
4   8   6   2   -0.0000113753
4   8   6   3   -0.0000056731
4   8   7   2   -0.0014650213
4   8   7   3   -0.0007306429
4   8   8   1   -0.0244320170
4   8   8   4   -0.1260499917
4   8   10   2   0.0004605263
4   8   10   3   0.0002296760
4   9   6   2   -0.0000056731
4   9   6   3   0.0000113753
4   9   7   2   -0.0007306429
4   9   7   3   0.0014650213
4   9   9   1   -0.0244320170
4   9   9   4   -0.1260499917
4   9   10   2   0.0002296760
4   9   10   3   -0.0004605263
4   10   6   1   0.0000317362
4   10   6   4   -0.0000347482
4   10   7   1   0.0025361573
4   10   7   4   0.0088824717
4   10   8   2   0.0004605263
4   10   8   3   0.0002296760
4   10   9   2   0.0002296760
4   10   9   3   -0.0004605263
4   10   10   1   -0.0260034810
4   10   10   4   -0.1302907095

End AIJB Block
Begin IJKA Block
1   6   1   5   -0.1082359670
1   6   1   8   -0.0641548480
1   6   2   5   0.0000046878
1   6   2   8   0.0000021961
1   6   3   6   0.0000169556
1   6   3   7   0.0000084562
1   6   4   6   0.0000084562
1   6   4   7   -0.0000169556
1   6   5   5   -0.0007981001
1   6   5   8   -0.0005301823
1   7   1   5   -0.0003577676
1   7   1   8   -0.0003722691
1   7   2   5   -0.0000002289
1   7   2   8   -0.0000004171
1   7   3   6   0.0000000085
1   7   3   7   0.0000000043
1   7   4   6   0.0000000043
1   7   4   7   -0.0000000085
1   7   5   5   0.0000004801
1   7   5   8   0.0000008269
1   8   1   6   0.0013004703
1   8   1   7   0.0006485772
1   8   2   6   -0.0000001106
1   8   2   7   -0.0000000552
1   8   3   5   0.0000002868
1   8   3   8   0.0000002575
1   8   5   6   0.0000011488
1   8   5   7   0.0000005730
1   9   1   6   0.0006485772
1   9   1   7   -0.0013004703
1   9   2   6   -0.0000000552
1   9   2   7   0.0000001106
1   9   4   5   0.0000002868
1   9   4   8   0.0000002575
1   9   5   6   0.0000005730
1   9   5   7   -0.0000011488
1   10   1   5   -0.0111958836
1   10   1   8   -0.0145385502
1   10   2   5   0.0000003658
1   10   2   8   0.0000004968
1   10   3   6   -0.0000019041
1   10   3   7   -0.0000009496
1   10   4   6   -0.0000009496
1   10   4   7   0.0000019041
1   10   5   5   -0.0000099829
1   10   5   8   0.0000027935
2   6   1   5   0.0000046878
2   6   1   8   0.0000021961
2   6   2   5   -0.0004367314
2   6   2   8   0.0011208120
2   6   3   6   0.0000778646
2   6   3   7   0.0000388330
2   6   4   6   0.0000388330
2   6   4   7   -0.0000778646
2   6   5   5   0.0000634069
2   6   5   8   -0.0001617499
2   7   1   5   -0.0000002289
2   7   1   8   -0.0000004171
2   7   2   5   -0.0016602565
2   7   2   8   -0.0134872944
2   7   3   6   -0.0045167039
2   7   3   7   -0.0022525938
2   7   4   6   -0.0022525938
2   7   4   7   0.0045167039
2   7   5   5   0.0105289438
2   7   5   8   0.0159321524
2   8   1   6   -0.0000001106
2   8   1   7   -0.0000000552
2   8   2   6   -0.0188507347
2   8   2   7   -0.0094013352
2   8   3   5   -0.0003386034
2   8   3   8   -0.0022807156
2   8   5   6   -0.0005077018
2   8   5   7   -0.0002532037
2   9   1   6   -0.0000000552
2   9   1   7   0.0000001106
2   9   2   6   -0.0094013352
2   9   2   7   0.0188507347
2   9   4   5   -0.0003386034
2   9   4   8   -0.0022807156
2   9   5   6   -0.0002532037
2   9   5   7   0.0005077018
2   10   1   5   0.0000003658
2   10   1   8   0.0000004968
2   10   2   5   0.0440425589
2   10   2   8   0.0625980978
2   10   3   6   -0.0005799508
2   10   3   7   -0.0002892360
2   10   4   6   -0.0002892360
2   10   4   7   0.0005799508
2   10   5   5   0.0007872808
2   10   5   8   -0.0000120487
3   6   1   6   0.0000169556
3   6   1   7   0.0000084562
3   6   2   6   0.0000778646
3   6   2   7   0.0000388330
3   6   3   5   -0.0004297322
3   6   3   8   0.0011032556
3   6   5   6   -0.0000232363
3   6   5   7   -0.0000115885
3   7   1   6   0.0000000085
3   7   1   7   0.0000000043
3   7   2   6   -0.0045167039
3   7   2   7   -0.0022525938
3   7   3   5   -0.0015125377
3   7   3   8   -0.0122291568
3   7   5   6   -0.0001122195
3   7   5   7   -0.0000559667
3   8   1   5   0.0000002868
3   8   1   8   0.0000002575
3   8   2   5   -0.0003386034
3   8   2   8   -0.0022807156
3   8   3   6   -0.0190782796
3   8   3   7   -0.0095148176
3   8   4   6   -0.0005464438
3   8   4   7   0.0010956814
3   8   5   5   0.0025788691
3   8   5   8   0.0038592455
3   9   3   6   -0.0084219299
3   9   3   7   0.0168869169
3   9   4   6   -0.0010956814
3   9   4   7   -0.0005464438
3   10   1   6   -0.0000019041
3   10   1   7   -0.0000009496
3   10   2   6   -0.0005799508
3   10   2   7   -0.0002892360
3   10   3   5   0.0395284689
3   10   3   8   0.0557308653
3   10   5   6   -0.0009703545
3   10   5   7   -0.0004839402
4   6   1   6   0.0000084562
4   6   1   7   -0.0000169556
4   6   2   6   0.0000388330
4   6   2   7   -0.0000778646
4   6   4   5   -0.0004297322
4   6   4   8   0.0011032556
4   6   5   6   -0.0000115885
4   6   5   7   0.0000232363
4   7   1   6   0.0000000043
4   7   1   7   -0.0000000085
4   7   2   6   -0.0022525938
4   7   2   7   0.0045167039
4   7   4   5   -0.0015125377
4   7   4   8   -0.0122291568
4   7   5   6   -0.0000559667
4   7   5   7   0.0001122195
4   8   3   6   -0.0005464438
4   8   3   7   0.0010956814
4   8   4   6   -0.0168869169
4   8   4   7   -0.0084219299
4   9   1   5   0.0000002868
4   9   1   8   0.0000002575
4   9   2   5   -0.0003386034
4   9   2   8   -0.0022807156
4   9   3   6   -0.0010956814
4   9   3   7   -0.0005464438
4   9   4   6   -0.0095148176
4   9   4   7   0.0190782796
4   9   5   5   0.0025788691
4   9   5   8   0.0038592455
4   10   1   6   -0.0000009496
4   10   1   7   0.0000019041
4   10   2   6   -0.0002892360
4   10   2   7   0.0005799508
4   10   4   5   0.0395284689
4   10   4   8   0.0557308653
4   10   5   6   -0.0004839402
4   10   5   7   0.0009703545
5   6   1   5   -0.0007981001
5   6   1   8   -0.0005301823
5   6   2   5   0.0000634069
5   6   2   8   -0.0001617499
5   6   3   6   -0.0000232363
5   6   3   7   -0.0000115885
5   6   4   6   -0.0000115885
5   6   4   7   0.0000232363
5   6   5   5   -0.0004814225
5   6   5   8   0.0012000551
5   7   1   5   0.0000004801
5   7   1   8   0.0000008269
5   7   2   5   0.0105289438
5   7   2   8   0.0159321524
5   7   3   6   -0.0001122195
5   7   3   7   -0.0000559667
5   7   4   6   -0.0000559667
5   7   4   7   0.0001122195
5   7   5   5   -0.0013170585
5   7   5   8   -0.0115314358
5   8   1   6   0.0000011488
5   8   1   7   0.0000005730
5   8   2   6   -0.0005077018
5   8   2   7   -0.0002532037
5   8   3   5   0.0025788691
5   8   3   8   0.0038592455
5   8   5   6   -0.0163334766
5   8   5   7   -0.0081459153
5   9   1   6   0.0000005730
5   9   1   7   -0.0000011488
5   9   2   6   -0.0002532037
5   9   2   7   0.0005077018
5   9   4   5   0.0025788691
5   9   4   8   0.0038592455
5   9   5   6   -0.0081459153
5   9   5   7   0.0163334766
5   10   1   5   -0.0000099829
5   10   1   8   0.0000027935
5   10   2   5   0.0007872808
5   10   2   8   -0.0000120487
5   10   3   6   -0.0009703545
5   10   3   7   -0.0004839402
5   10   4   6   -0.0004839402
5   10   4   7   0.0009703545
5   10   5   5   0.0431272596
5   10   5   8   0.0609355031

End IJKA Block
Begin IABC Block
1   5   1   5   -0.0010899650
1   5   1   8   -0.0019665902
1   5   2   6   0.0037146059
1   5   3   7   0.0037146059
1   5   4   5   -0.0035768963
1   5   4   8   0.0021855810
1   6   1   6   -0.0005097623
1   6   2   5   0.0037146059
1   6   2   8   0.0016257811
1   6   4   6   -0.0008220765
1   7   1   7   -0.0005097623
1   7   3   5   0.0037146059
1   7   3   8   0.0016257811
1   7   4   7   -0.0008220765
1   8   1   5   -0.0019665902
1   8   1   8   -0.0020392044
1   8   2   6   0.0016257811
1   8   3   7   0.0016257811
1   8   4   5   0.0021855810
1   8   4   8   0.0011402170
2   5   1   5   -0.0002483324
2   5   1   8   -0.0001330885
2   5   2   6   0.0000219972
2   5   3   7   0.0000219972
2   5   4   5   -0.0003270162
2   5   4   8   -0.0002093568
2   6   1   6   -0.0002480948
2   6   2   5   0.0000219972
2   6   2   8   0.0000188420
2   6   4   6   -0.0002792792
2   7   1   7   -0.0002480948
2   7   3   5   0.0000219972
2   7   3   8   0.0000188420
2   7   4   7   -0.0002792792
2   8   1   5   -0.0001330885
2   8   1   8   -0.0004206681
2   8   2   6   0.0000188420
2   8   3   7   0.0000188420
2   8   4   5   -0.0002093568
2   8   4   8   -0.0006344711
3   5   1   6   0.0003783136
3   5   1   7   0.0001886745
3   5   2   5   0.0009988784
3   5   2   8   -0.0001119011
3   5   3   5   0.0004981657
3   5   3   8   -0.0000558079
3   5   4   6   0.0004531123
3   5   4   7   0.0002259785
3   6   1   5   0.0003783136
3   6   1   8   0.0001843632
3   6   2   6   0.0011138214
3   6   2   7   0.0000784099
3   6   3   6   0.0003986710
3   6   3   7   0.0001572206
3   6   4   5   0.0004531123
3   6   4   8   0.0003794101
3   7   1   5   0.0001886745
3   7   1   8   0.0000919466
3   7   2   6   0.0000784099
3   7   2   7   0.0007993802
3   7   3   6   0.0001572206
3   7   3   7   0.0005554907
3   7   4   5   0.0002259785
3   7   4   8   0.0001892214
3   8   1   6   0.0001843632
3   8   1   7   0.0000919466
3   8   2   5   -0.0001119011
3   8   2   8   0.0004685297
3   8   3   5   -0.0000558079
3   8   3   8   0.0002336676
3   8   4   6   0.0003794101
3   8   4   7   0.0001892214
4   5   1   6   0.0001886745
4   5   1   7   -0.0003783136
4   5   2   5   0.0004981657
4   5   2   8   -0.0000558079
4   5   3   5   -0.0009988784
4   5   3   8   0.0001119011
4   5   4   6   0.0002259785
4   5   4   7   -0.0004531123
4   6   1   5   0.0001886745
4   6   1   8   0.0000919466
4   6   2   6   0.0005554907
4   6   2   7   -0.0001572206
4   6   3   6   -0.0007993802
4   6   3   7   0.0000784099
4   6   4   5   0.0002259785
4   6   4   8   0.0001892214
4   7   1   5   -0.0003783136
4   7   1   8   -0.0001843632
4   7   2   6   -0.0001572206
4   7   2   7   0.0003986710
4   7   3   6   0.0000784099
4   7   3   7   -0.0011138214
4   7   4   5   -0.0004531123
4   7   4   8   -0.0003794101
4   8   1   6   0.0000919466
4   8   1   7   -0.0001843632
4   8   2   5   -0.0000558079
4   8   2   8   0.0002336676
4   8   3   5   0.0001119011
4   8   3   8   -0.0004685297
4   8   4   6   0.0001892214
4   8   4   7   -0.0003794101
5   5   1   5   -0.0062653752
5   5   1   8   -0.0003310741
5   5   2   6   -0.0023273425
5   5   3   7   -0.0023273425
5   5   4   5   -0.0067911507
5   5   4   8   -0.0028013807
5   6   1   6   -0.0050682542
5   6   2   5   -0.0023273425
5   6   2   8   -0.0013051444
5   6   4   6   -0.0064877478
5   7   1   7   -0.0050682542
5   7   3   5   -0.0023273425
5   7   3   8   -0.0013051444
5   7   4   7   -0.0064877478
5   8   1   5   -0.0003310741
5   8   1   8   -0.0049085793
5   8   2   6   -0.0013051444
5   8   3   7   -0.0013051444
5   8   4   5   -0.0028013807
5   8   4   8   -0.0079494912

End IABC Block
