Begin IJ Block
1   1   -40.7794771022
1   2   0.0000054872
1   3   0.7525580765
1   6   0.0115265223
2   2   -5.5314927505
2   3   0.0000335750
2   6   -0.0080263605
3   3   -9.1749551746
3   6   -0.0270463787
4   4   -8.0663407023
5   5   -8.0663407023
6   6   -7.8761805606

End IJ Block
Begin IA Block
1   1   -0.0022554288
2   1   0.1118467527
3   1   0.0184936822
4   2   0.0778296291
4   3   0.1897998894
5   2   0.1897998894
5   3   -0.0778296291
6   1   -0.3867809695

End IA Block
Begin AB Block
1   1   -1.6960191306
2   2   -1.5318176348
3   3   -1.5318176348

End AB Block
Begin IJKL Block
1   7   1   7   5.3560824601
1   7   1   8   -0.0000042557
1   7   1   9   -0.5331445866
1   7   1   12   -0.0079223504
1   7   2   7   -0.0000042557
1   7   2   8   0.0000000000
1   7   2   9   0.0000007281
1   7   2   12   -0.0000004322
1   7   3   7   -0.5331445866
1   7   3   8   0.0000007281
1   7   3   9   0.0860024813
1   7   3   12   0.0012566750
1   7   4   10   0.0360653920
1   7   5   11   0.0360653920
1   7   6   7   -0.0079223504
1   7   6   8   -0.0000004322
1   7   6   9   0.0012566750
1   7   6   12   0.0343221225
1   8   1   7   -0.0000042557
1   8   1   8   0.1208327750
1   8   1   9   0.0000088121
1   8   1   12   -0.0000858724
1   8   2   7   0.0000000000
1   8   2   8   0.0000011866
1   8   2   9   -0.0000000003
1   8   2   12   0.0000000133
1   8   3   7   0.0000007281
1   8   3   8   0.0000010247
1   8   3   9   -0.0000001974
1   8   3   12   0.0000001911
1   8   4   10   0.0000002489
1   8   5   11   0.0000002489
1   8   6   7   -0.0000004322
1   8   6   8   -0.0007455769
1   8   6   9   -0.0000010335
1   8   6   12   0.0000011641
1   9   1   7   -0.5331445866
1   9   1   8   0.0000088121
1   9   1   9   1.2636870238
1   9   1   12   0.0105382143
1   9   2   7   0.0000007281
1   9   2   8   -0.0000000003
1   9   2   9   -0.0000001886
1   9   2   12   -0.0000007069
1   9   3   7   0.0860024813
1   9   3   8   -0.0000001974
1   9   3   9   -0.0231671786
1   9   3   12   -0.0003850299
1   9   4   10   0.0373837383
1   9   5   11   0.0373837383
1   9   6   7   0.0012566750
1   9   6   8   -0.0000010335
1   9   6   9   -0.0004706494
1   9   6   12   0.0357350292
1   10   1   10   1.1691110305
1   10   2   10   -0.0000001064
1   10   3   10   -0.0145228896
1   10   4   7   0.0360653920
1   10   4   8   0.0000002489
1   10   4   9   0.0373837383
1   10   4   12   0.0004402920
1   10   6   10   -0.0002767235
1   11   1   11   1.1691110305
1   11   2   11   -0.0000001064
1   11   3   11   -0.0145228896
1   11   5   7   0.0360653920
1   11   5   8   0.0000002489
1   11   5   9   0.0373837383
1   11   5   12   0.0004402920
1   11   6   11   -0.0002767235
1   12   1   7   -0.0079223504
1   12   1   8   -0.0000858724
1   12   1   9   0.0105382143
1   12   1   12   1.1319020939
1   12   2   7   -0.0000004322
1   12   2   8   0.0000000133
1   12   2   9   -0.0000007069
1   12   2   12   -0.0000000754
1   12   3   7   0.0012566750
1   12   3   8   0.0000001911
1   12   3   9   -0.0003850299
1   12   3   12   -0.0138271484
1   12   4   10   0.0004402920
1   12   5   11   0.0004402920
1   12   6   7   0.0343221225
1   12   6   8   0.0000011641
1   12   6   9   0.0357350292
1   12   6   12   0.0004307420
2   7   1   7   -0.0000042557
2   7   1   8   0.0000000000
2   7   1   9   0.0000007281
2   7   1   12   -0.0000004322
2   7   2   7   0.1208327750
2   7   2   8   0.0000011866
2   7   2   9   0.0000010247
2   7   2   12   -0.0007455769
2   7   3   7   0.0000088121
2   7   3   8   -0.0000000003
2   7   3   9   -0.0000001974
2   7   3   12   -0.0000010335
2   7   4   10   0.0000002489
2   7   5   11   0.0000002489
2   7   6   7   -0.0000858724
2   7   6   8   0.0000000133
2   7   6   9   0.0000001911
2   7   6   12   0.0000011641
2   8   1   7   0.0000000000
2   8   1   8   0.0000011866
2   8   1   9   -0.0000000003
2   8   1   12   0.0000000133
2   8   2   7   0.0000011866
2   8   2   8   1.6516366901
2   8   2   9   -0.0000768226
2   8   2   12   0.0087338254
2   8   3   7   -0.0000000003
2   8   3   8   -0.0000768226
2   8   3   9   0.0000000125
2   8   3   12   -0.0000006256
2   8   4   10   0.0000001729
2   8   5   11   0.0000001729
2   8   6   7   0.0000000133
2   8   6   8   0.0087338254
2   8   6   9   -0.0000006256
2   8   6   12   0.0000728518
2   9   1   7   0.0000007281
2   9   1   8   -0.0000000003
2   9   1   9   -0.0000001886
2   9   1   12   -0.0000007069
2   9   2   7   0.0000010247
2   9   2   8   -0.0000768226
2   9   2   9   0.1209206135
2   9   2   12   -0.0090842373
2   9   3   7   -0.0000001974
2   9   3   8   0.0000000125
2   9   3   9   0.0000062963
2   9   3   12   -0.0000041902
2   9   4   10   0.0000014542
2   9   5   11   0.0000014542
2   9   6   7   0.0000001911
2   9   6   8   -0.0000006256
2   9   6   9   -0.0000787145
2   9   6   12   0.0000120025
2   10   1   10   -0.0000001064
2   10   2   10   0.1202994352
2   10   3   10   0.0000057335
2   10   4   7   0.0000002489
2   10   4   8   0.0000001729
2   10   4   9   0.0000014542
2   10   4   12   -0.0000011485
2   10   6   10   -0.0000756641
2   11   1   11   -0.0000001064
2   11   2   11   0.1202994352
2   11   3   11   0.0000057335
2   11   5   7   0.0000002489
2   11   5   8   0.0000001729
2   11   5   9   0.0000014542
2   11   5   12   -0.0000011485
2   11   6   11   -0.0000756641
2   12   1   7   -0.0000004322
2   12   1   8   0.0000000133
2   12   1   9   -0.0000007069
2   12   1   12   -0.0000000754
2   12   2   7   -0.0007455769
2   12   2   8   0.0087338254
2   12   2   9   -0.0090842373
2   12   2   12   0.1253737086
2   12   3   7   -0.0000010335
2   12   3   8   -0.0000006256
2   12   3   9   -0.0000041902
2   12   3   12   0.0000060160
2   12   4   10   -0.0000011485
2   12   5   11   -0.0000011485
2   12   6   7   0.0000011641
2   12   6   8   0.0000728518
2   12   6   9   0.0000120025
2   12   6   12   -0.0000825540
3   7   1   7   -0.5331445866
3   7   1   8   0.0000007281
3   7   1   9   0.0860024813
3   7   1   12   0.0012566750
3   7   2   7   0.0000088121
3   7   2   8   -0.0000000003
3   7   2   9   -0.0000001974
3   7   2   12   -0.0000010335
3   7   3   7   1.2636870238
3   7   3   8   -0.0000001886
3   7   3   9   -0.0231671786
3   7   3   12   -0.0004706494
3   7   4   10   0.0373837383
3   7   5   11   0.0373837383
3   7   6   7   0.0105382143
3   7   6   8   -0.0000007069
3   7   6   9   -0.0003850299
3   7   6   12   0.0357350292
3   8   1   7   0.0000007281
3   8   1   8   0.0000010247
3   8   1   9   -0.0000001974
3   8   1   12   0.0000001911
3   8   2   7   -0.0000000003
3   8   2   8   -0.0000768226
3   8   2   9   0.0000000125
3   8   2   12   -0.0000006256
3   8   3   7   -0.0000001886
3   8   3   8   0.1209206135
3   8   3   9   0.0000062963
3   8   3   12   -0.0000787145
3   8   4   10   0.0000014542
3   8   5   11   0.0000014542
3   8   6   7   -0.0000007069
3   8   6   8   -0.0090842373
3   8   6   9   -0.0000041902
3   8   6   12   0.0000120025
3   9   1   7   0.0860024813
3   9   1   8   -0.0000001974
3   9   1   9   -0.0231671786
3   9   1   12   -0.0003850299
3   9   2   7   -0.0000001974
3   9   2   8   0.0000000125
3   9   2   9   0.0000062963
3   9   2   12   -0.0000041902
3   9   3   7   -0.0231671786
3   9   3   8   0.0000062963
3   9   3   9   0.8831801097
3   9   3   12   0.0045470020
3   9   4   10   0.1658909113
3   9   5   11   0.1658909113
3   9   6   7   -0.0003850299
3   9   6   8   -0.0000041902
3   9   6   9   0.0045470020
3   9   6   12   0.1602562192
3   10   1   10   -0.0145228896
3   10   2   10   0.0000057335
3   10   3   10   0.8296177741
3   10   4   7   0.0373837383
3   10   4   8   0.0000014542
3   10   4   9   0.1658909113
3   10   4   12   0.0011518555
3   10   6   10   0.0045142288
3   11   1   11   -0.0145228896
3   11   2   11   0.0000057335
3   11   3   11   0.8296177741
3   11   5   7   0.0373837383
3   11   5   8   0.0000014542
3   11   5   9   0.1658909113
3   11   5   12   0.0011518555
3   11   6   11   0.0045142288
3   12   1   7   0.0012566750
3   12   1   8   0.0000001911
3   12   1   9   -0.0003850299
3   12   1   12   -0.0138271484
3   12   2   7   -0.0000010335
3   12   2   8   -0.0000006256
3   12   2   9   -0.0000041902
3   12   2   12   0.0000060160
3   12   3   7   -0.0004706494
3   12   3   8   -0.0000787145
3   12   3   9   0.0045470020
3   12   3   12   0.8079713325
3   12   4   10   0.0011518555
3   12   5   11   0.0011518555
3   12   6   7   0.0357350292
3   12   6   8   0.0000120025
3   12   6   9   0.1602562192
3   12   6   12   0.0050942680
4   7   1   10   0.0360653920
4   7   2   10   0.0000002489
4   7   3   10   0.0373837383
4   7   4   7   1.1691110305
4   7   4   8   -0.0000001064
4   7   4   9   -0.0145228896
4   7   4   12   -0.0002767235
4   7   6   10   0.0004402920
4   8   1   10   0.0000002489
4   8   2   10   0.0000001729
4   8   3   10   0.0000014542
4   8   4   7   -0.0000001064
4   8   4   8   0.1202994352
4   8   4   9   0.0000057335
4   8   4   12   -0.0000756641
4   8   6   10   -0.0000011485
4   9   1   10   0.0373837383
4   9   2   10   0.0000014542
4   9   3   10   0.1658909113
4   9   4   7   -0.0145228896
4   9   4   8   0.0000057335
4   9   4   9   0.8296177741
4   9   4   12   0.0045142288
4   9   6   10   0.0011518555
4   10   1   7   0.0360653920
4   10   1   8   0.0000002489
4   10   1   9   0.0373837383
4   10   1   12   0.0004402920
4   10   2   7   0.0000002489
4   10   2   8   0.0000001729
4   10   2   9   0.0000014542
4   10   2   12   -0.0000011485
4   10   3   7   0.0373837383
4   10   3   8   0.0000014542
4   10   3   9   0.1658909113
4   10   3   12   0.0011518555
4   10   4   10   0.8396801786
4   10   5   11   0.0408400376
4   10   6   7   0.0004402920
4   10   6   8   -0.0000011485
4   10   6   9   0.0011518555
4   10   6   12   0.0395054228
4   11   4   11   0.7580001034
4   11   5   10   0.0408400376
4   12   1   10   0.0004402920
4   12   2   10   -0.0000011485
4   12   3   10   0.0011518555
4   12   4   7   -0.0002767235
4   12   4   8   -0.0000756641
4   12   4   9   0.0045142288
4   12   4   12   0.7388977733
4   12   6   10   0.0395054228
5   7   1   11   0.0360653920
5   7   2   11   0.0000002489
5   7   3   11   0.0373837383
5   7   5   7   1.1691110305
5   7   5   8   -0.0000001064
5   7   5   9   -0.0145228896
5   7   5   12   -0.0002767235
5   7   6   11   0.0004402920
5   8   1   11   0.0000002489
5   8   2   11   0.0000001729
5   8   3   11   0.0000014542
5   8   5   7   -0.0000001064
5   8   5   8   0.1202994352
5   8   5   9   0.0000057335
5   8   5   12   -0.0000756641
5   8   6   11   -0.0000011485
5   9   1   11   0.0373837383
5   9   2   11   0.0000014542
5   9   3   11   0.1658909113
5   9   5   7   -0.0145228896
5   9   5   8   0.0000057335
5   9   5   9   0.8296177741
5   9   5   12   0.0045142288
5   9   6   11   0.0011518555
5   10   4   11   0.0408400376
5   10   5   10   0.7580001034
5   11   1   7   0.0360653920
5   11   1   8   0.0000002489
5   11   1   9   0.0373837383
5   11   1   12   0.0004402920
5   11   2   7   0.0000002489
5   11   2   8   0.0000001729
5   11   2   9   0.0000014542
5   11   2   12   -0.0000011485
5   11   3   7   0.0373837383
5   11   3   8   0.0000014542
5   11   3   9   0.1658909113
5   11   3   12   0.0011518555
5   11   4   10   0.0408400376
5   11   5   11   0.8396801786
5   11   6   7   0.0004402920
5   11   6   8   -0.0000011485
5   11   6   9   0.0011518555
5   11   6   12   0.0395054228
5   12   1   11   0.0004402920
5   12   2   11   -0.0000011485
5   12   3   11   0.0011518555
5   12   5   7   -0.0002767235
5   12   5   8   -0.0000756641
5   12   5   9   0.0045142288
5   12   5   12   0.7388977733
5   12   6   11   0.0395054228
6   7   1   7   -0.0079223504
6   7   1   8   -0.0000004322
6   7   1   9   0.0012566750
6   7   1   12   0.0343221225
6   7   2   7   -0.0000858724
6   7   2   8   0.0000000133
6   7   2   9   0.0000001911
6   7   2   12   0.0000011641
6   7   3   7   0.0105382143
6   7   3   8   -0.0000007069
6   7   3   9   -0.0003850299
6   7   3   12   0.0357350292
6   7   4   10   0.0004402920
6   7   5   11   0.0004402920
6   7   6   7   1.1319020939
6   7   6   8   -0.0000000754
6   7   6   9   -0.0138271484
6   7   6   12   0.0004307420
6   8   1   7   -0.0000004322
6   8   1   8   -0.0007455769
6   8   1   9   -0.0000010335
6   8   1   12   0.0000011641
6   8   2   7   0.0000000133
6   8   2   8   0.0087338254
6   8   2   9   -0.0000006256
6   8   2   12   0.0000728518
6   8   3   7   -0.0000007069
6   8   3   8   -0.0090842373
6   8   3   9   -0.0000041902
6   8   3   12   0.0000120025
6   8   4   10   -0.0000011485
6   8   5   11   -0.0000011485
6   8   6   7   -0.0000000754
6   8   6   8   0.1253737086
6   8   6   9   0.0000060160
6   8   6   12   -0.0000825540
6   9   1   7   0.0012566750
6   9   1   8   -0.0000010335
6   9   1   9   -0.0004706494
6   9   1   12   0.0357350292
6   9   2   7   0.0000001911
6   9   2   8   -0.0000006256
6   9   2   9   -0.0000787145
6   9   2   12   0.0000120025
6   9   3   7   -0.0003850299
6   9   3   8   -0.0000041902
6   9   3   9   0.0045470020
6   9   3   12   0.1602562192
6   9   4   10   0.0011518555
6   9   5   11   0.0011518555
6   9   6   7   -0.0138271484
6   9   6   8   0.0000060160
6   9   6   9   0.8079713325
6   9   6   12   0.0050942680
6   10   1   10   -0.0002767235
6   10   2   10   -0.0000756641
6   10   3   10   0.0045142288
6   10   4   7   0.0004402920
6   10   4   8   -0.0000011485
6   10   4   9   0.0011518555
6   10   4   12   0.0395054228
6   10   6   10   0.7388977733
6   11   1   11   -0.0002767235
6   11   2   11   -0.0000756641
6   11   3   11   0.0045142288
6   11   5   7   0.0004402920
6   11   5   8   -0.0000011485
6   11   5   9   0.0011518555
6   11   5   12   0.0395054228
6   11   6   11   0.7388977733
6   12   1   7   0.0343221225
6   12   1   8   0.0000011641
6   12   1   9   0.0357350292
6   12   1   12   0.0004307420
6   12   2   7   0.0000011641
6   12   2   8   0.0000728518
6   12   2   9   0.0000120025
6   12   2   12   -0.0000825540
6   12   3   7   0.0357350292
6   12   3   8   0.0000120025
6   12   3   9   0.1602562192
6   12   3   12   0.0050942680
6   12   4   10   0.0395054228
6   12   5   11   0.0395054228
6   12   6   7   0.0004307420
6   12   6   8   -0.0000825540
6   12   6   9   0.0050942680
6   12   6   12   0.7974047758

End IJKL Block
Begin IJAB Block
1   7   1   4   0.0001638977
1   7   2   5   0.0000465625
1   7   3   6   0.0000465625
1   8   1   4   0.0000004601
1   8   2   5   -0.0000002933
1   8   3   6   -0.0000002933
1   9   1   4   0.0001669718
1   9   2   5   0.0000453005
1   9   3   6   0.0000453005
1   10   1   5   -0.0000017882
1   10   1   6   -0.0000043607
1   10   2   4   0.0000014134
1   10   3   4   0.0000034468
1   11   1   5   -0.0000043607
1   11   1   6   0.0000017882
1   11   2   4   0.0000034468
1   11   3   4   -0.0000014134
1   12   1   4   0.0000026344
1   12   2   5   0.0000029590
1   12   3   6   0.0000029590
2   7   1   4   0.0000004601
2   7   2   5   -0.0000002933
2   7   3   6   -0.0000002933
2   8   1   4   0.0110581127
2   8   2   5   0.0021650975
2   8   3   6   0.0021650975
2   9   1   4   0.0000011493
2   9   2   5   0.0000031647
2   9   3   6   0.0000031647
2   10   1   5   -0.0000006348
2   10   1   6   -0.0000015480
2   10   2   4   0.0000159709
2   10   3   4   0.0000389475
2   11   1   5   -0.0000015480
2   11   1   6   0.0000006348
2   11   2   4   0.0000389475
2   11   3   4   -0.0000159709
2   12   1   4   0.0001584810
2   12   2   5   -0.0002606168
2   12   3   6   -0.0002606168
3   7   1   4   0.0001669718
3   7   2   5   0.0000453005
3   7   3   6   0.0000453005
3   8   1   4   0.0000011493
3   8   2   5   0.0000031647
3   8   3   6   0.0000031647
3   9   1   4   0.0007294025
3   9   2   5   0.0001835148
3   9   3   6   0.0001835148
3   10   1   5   0.0000110348
3   10   1   6   0.0000269102
3   10   2   4   0.0000037411
3   10   3   4   0.0000091234
3   11   1   5   0.0000269102
3   11   1   6   -0.0000110348
3   11   2   4   0.0000091234
3   11   3   4   -0.0000037411
3   12   1   4   -0.0000852639
3   12   2   5   0.0000092259
3   12   3   6   0.0000092259
4   7   1   5   0.0000014134
4   7   1   6   0.0000034468
4   7   2   4   -0.0000017882
4   7   3   4   -0.0000043607
4   8   1   5   0.0000159709
4   8   1   6   0.0000389475
4   8   2   4   -0.0000006348
4   8   3   4   -0.0000015480
4   9   1   5   0.0000037411
4   9   1   6   0.0000091234
4   9   2   4   0.0000110348
4   9   3   4   0.0000269102
4   10   1   4   0.0001893645
4   10   2   5   0.0001550466
4   10   2   6   0.0002516071
4   10   3   5   0.0002516071
4   10   3   6   0.0006654561
4   11   2   5   0.0002516071
4   11   2   6   -0.0000513022
4   11   3   5   0.0005617117
4   11   3   6   -0.0002516071
4   12   1   5   -0.0000492572
4   12   1   6   -0.0001201214
4   12   2   4   -0.0005152248
4   12   3   4   -0.0012564573
5   7   1   5   0.0000034468
5   7   1   6   -0.0000014134
5   7   2   4   -0.0000043607
5   7   3   4   0.0000017882
5   8   1   5   0.0000389475
5   8   1   6   -0.0000159709
5   8   2   4   -0.0000015480
5   8   3   4   0.0000006348
5   9   1   5   0.0000091234
5   9   1   6   -0.0000037411
5   9   2   4   0.0000269102
5   9   3   4   -0.0000110348
5   10   2   5   0.0002516071
5   10   2   6   0.0005617117
5   10   3   5   -0.0000513022
5   10   3   6   -0.0002516071
5   11   1   4   0.0001893645
5   11   2   5   0.0006654561
5   11   2   6   -0.0002516071
5   11   3   5   -0.0002516071
5   11   3   6   0.0001550466
5   12   1   5   -0.0001201214
5   12   1   6   0.0000492572
5   12   2   4   -0.0012564573
5   12   3   4   0.0005152248
6   7   1   4   0.0000026344
6   7   2   5   0.0000029590
6   7   3   6   0.0000029590
6   8   1   4   0.0001584810
6   8   2   5   -0.0002606168
6   8   3   6   -0.0002606168
6   9   1   4   -0.0000852639
6   9   2   5   0.0000092259
6   9   3   6   0.0000092259
6   10   1   5   -0.0005152248
6   10   1   6   -0.0012564573
6   10   2   4   -0.0000492572
6   10   3   4   -0.0001201214
6   11   1   5   -0.0012564573
6   11   1   6   0.0005152248
6   11   2   4   -0.0001201214
6   11   3   4   0.0000492572
6   12   1   4   0.0032793369
6   12   2   5   0.0002908292
6   12   3   6   0.0002908292

End IJAB Block
Begin ABCD Block
1   4   1   4   0.2355863782
1   4   2   5   0.0387905637
1   4   3   6   0.0387905637
1   5   1   5   0.1932398854
1   5   2   4   0.0387905637
1   6   1   6   0.1932398854
1   6   3   4   0.0387905637
2   4   1   5   0.0387905637
2   4   2   4   0.1932398854
2   5   1   4   0.0387905637
2   5   2   5   0.1839096792
2   5   3   6   0.0097996496
2   6   2   6   0.1643103801
2   6   3   5   0.0097996496
3   4   1   6   0.0387905637
3   4   3   4   0.1932398854
3   5   2   6   0.0097996496
3   5   3   5   0.1643103801
3   6   1   4   0.0387905637
3   6   2   5   0.0097996496
3   6   3   6   0.1839096792

End ABCD Block
Begin AIJB Block
1   7   1   4   0.0001638977
1   7   2   4   0.0000004601
1   7   3   4   0.0001669718
1   7   4   5   0.0000014134
1   7   4   6   0.0000034468
1   7   5   5   0.0000034468
1   7   5   6   -0.0000014134
1   7   6   4   0.0000026344
1   8   1   4   0.0000004601
1   8   2   4   0.0110581127
1   8   3   4   0.0000011493
1   8   4   5   0.0000159709
1   8   4   6   0.0000389475
1   8   5   5   0.0000389475
1   8   5   6   -0.0000159709
1   8   6   4   0.0001584810
1   9   1   4   0.0001669718
1   9   2   4   0.0000011493
1   9   3   4   0.0007294025
1   9   4   5   0.0000037411
1   9   4   6   0.0000091234
1   9   5   5   0.0000091234
1   9   5   6   -0.0000037411
1   9   6   4   -0.0000852639
1   10   1   5   -0.0000017882
1   10   1   6   -0.0000043607
1   10   2   5   -0.0000006348
1   10   2   6   -0.0000015480
1   10   3   5   0.0000110348
1   10   3   6   0.0000269102
1   10   4   4   0.0001893645
1   10   6   5   -0.0005152248
1   10   6   6   -0.0012564573
1   11   1   5   -0.0000043607
1   11   1   6   0.0000017882
1   11   2   5   -0.0000015480
1   11   2   6   0.0000006348
1   11   3   5   0.0000269102
1   11   3   6   -0.0000110348
1   11   5   4   0.0001893645
1   11   6   5   -0.0012564573
1   11   6   6   0.0005152248
1   12   1   4   0.0000026344
1   12   2   4   0.0001584810
1   12   3   4   -0.0000852639
1   12   4   5   -0.0000492572
1   12   4   6   -0.0001201214
1   12   5   5   -0.0001201214
1   12   5   6   0.0000492572
1   12   6   4   0.0032793369
2   7   1   5   0.0000465625
2   7   2   5   -0.0000002933
2   7   3   5   0.0000453005
2   7   4   4   -0.0000017882
2   7   5   4   -0.0000043607
2   7   6   5   0.0000029590
2   8   1   5   -0.0000002933
2   8   2   5   0.0021650975
2   8   3   5   0.0000031647
2   8   4   4   -0.0000006348
2   8   5   4   -0.0000015480
2   8   6   5   -0.0002606168
2   9   1   5   0.0000453005
2   9   2   5   0.0000031647
2   9   3   5   0.0001835148
2   9   4   4   0.0000110348
2   9   5   4   0.0000269102
2   9   6   5   0.0000092259
2   10   1   4   0.0000014134
2   10   2   4   0.0000159709
2   10   3   4   0.0000037411
2   10   4   5   0.0001550466
2   10   4   6   0.0002516071
2   10   5   5   0.0002516071
2   10   5   6   0.0005617117
2   10   6   4   -0.0000492572
2   11   1   4   0.0000034468
2   11   2   4   0.0000389475
2   11   3   4   0.0000091234
2   11   4   5   0.0002516071
2   11   4   6   -0.0000513022
2   11   5   5   0.0006654561
2   11   5   6   -0.0002516071
2   11   6   4   -0.0001201214
2   12   1   5   0.0000029590
2   12   2   5   -0.0002606168
2   12   3   5   0.0000092259
2   12   4   4   -0.0005152248
2   12   5   4   -0.0012564573
2   12   6   5   0.0002908292
3   7   1   6   0.0000465625
3   7   2   6   -0.0000002933
3   7   3   6   0.0000453005
3   7   4   4   -0.0000043607
3   7   5   4   0.0000017882
3   7   6   6   0.0000029590
3   8   1   6   -0.0000002933
3   8   2   6   0.0021650975
3   8   3   6   0.0000031647
3   8   4   4   -0.0000015480
3   8   5   4   0.0000006348
3   8   6   6   -0.0002606168
3   9   1   6   0.0000453005
3   9   2   6   0.0000031647
3   9   3   6   0.0001835148
3   9   4   4   0.0000269102
3   9   5   4   -0.0000110348
3   9   6   6   0.0000092259
3   10   1   4   0.0000034468
3   10   2   4   0.0000389475
3   10   3   4   0.0000091234
3   10   4   5   0.0002516071
3   10   4   6   0.0006654561
3   10   5   5   -0.0000513022
3   10   5   6   -0.0002516071
3   10   6   4   -0.0001201214
3   11   1   4   -0.0000014134
3   11   2   4   -0.0000159709
3   11   3   4   -0.0000037411
3   11   4   5   0.0005617117
3   11   4   6   -0.0002516071
3   11   5   5   -0.0002516071
3   11   5   6   0.0001550466
3   11   6   4   0.0000492572
3   12   1   6   0.0000029590
3   12   2   6   -0.0002606168
3   12   3   6   0.0000092259
3   12   4   4   -0.0012564573
3   12   5   4   0.0005152248
3   12   6   6   0.0002908292

1   7   7   1   -0.1036877884
1   7   8   1   0.0000000220
1   7   9   1   0.0000651936
1   7   10   2   -0.0000529302
1   7   10   3   -0.0001290786
1   7   11   2   -0.0001290786
1   7   11   3   0.0000529302
1   7   12   1   0.0005011543
1   8   7   1   0.0000000220
1   8   8   1   -0.3000826418
1   8   9   1   0.0000034829
1   8   10   2   -0.0000127552
1   8   10   3   -0.0000311055
1   8   11   2   -0.0000311055
1   8   11   3   0.0000127552
1   8   12   1   -0.0002755248
1   9   7   1   0.0000651936
1   9   8   1   0.0000034829
1   9   9   1   -0.1022135266
1   9   10   2   -0.0006162579
1   9   10   3   -0.0015028425
1   9   11   2   -0.0015028425
1   9   11   3   0.0006162579
1   9   12   1   0.0059517196
1   10   7   2   -0.0000529302
1   10   7   3   -0.0001290786
1   10   8   2   -0.0000127552
1   10   8   3   -0.0000311055
1   10   9   2   -0.0006162579
1   10   9   3   -0.0015028425
1   10   10   1   -0.1016007345
1   10   12   2   0.0001879197
1   10   12   3   0.0004582720
1   11   7   2   -0.0001290786
1   11   7   3   0.0000529302
1   11   8   2   -0.0000311055
1   11   8   3   0.0000127552
1   11   9   2   -0.0015028425
1   11   9   3   0.0006162579
1   11   11   1   -0.1016007345
1   11   12   2   0.0004582720
1   11   12   3   -0.0001879197
1   12   7   1   0.0005011543
1   12   8   1   -0.0002755248
1   12   9   1   0.0059517196
1   12   10   2   0.0001879197
1   12   10   3   0.0004582720
1   12   11   2   0.0004582720
1   12   11   3   -0.0001879197
1   12   12   1   -0.1045811631
2   7   7   2   -0.1041879594
2   7   8   2   0.0000000326
2   7   9   2   0.0000180236
2   7   10   1   -0.0000529302
2   7   11   1   -0.0001290786
2   7   12   2   0.0004763398
2   8   7   2   0.0000000326
2   8   8   2   -0.2378298363
2   8   9   2   0.0000006922
2   8   10   1   -0.0000127552
2   8   11   1   -0.0000311055
2   8   12   2   -0.0000834136
2   9   7   2   0.0000180236
2   9   8   2   0.0000006922
2   9   9   2   -0.1038203705
2   9   10   1   -0.0006162579
2   9   11   1   -0.0015028425
2   9   12   2   0.0057873163
2   10   7   1   -0.0000529302
2   10   8   1   -0.0000127552
2   10   9   1   -0.0006162579
2   10   10   2   -0.1034290189
2   10   10   3   -0.0001167010
2   10   11   2   -0.0001167010
2   10   11   3   -0.0001183697
2   10   12   1   0.0001879197
2   11   7   1   -0.0001290786
2   11   8   1   -0.0000311055
2   11   9   1   -0.0015028425
2   11   10   2   -0.0001167010
2   11   10   3   -0.0001183697
2   11   11   2   -0.1036657582
2   11   11   3   0.0001167010
2   11   12   1   0.0004582720
2   12   7   2   0.0004763398
2   12   8   2   -0.0000834136
2   12   9   2   0.0057873163
2   12   10   1   0.0001879197
2   12   11   1   0.0004582720
2   12   12   2   -0.1058250048
3   7   7   3   -0.1041879594
3   7   8   3   0.0000000326
3   7   9   3   0.0000180236
3   7   10   1   -0.0001290786
3   7   11   1   0.0000529302
3   7   12   3   0.0004763398
3   8   7   3   0.0000000326
3   8   8   3   -0.2378298363
3   8   9   3   0.0000006922
3   8   10   1   -0.0000311055
3   8   11   1   0.0000127552
3   8   12   3   -0.0000834136
3   9   7   3   0.0000180236
3   9   8   3   0.0000006922
3   9   9   3   -0.1038203705
3   9   10   1   -0.0015028425
3   9   11   1   0.0006162579
3   9   12   3   0.0057873163
3   10   7   1   -0.0001290786
3   10   8   1   -0.0000311055
3   10   9   1   -0.0015028425
3   10   10   2   -0.0001167010
3   10   10   3   -0.1036657582
3   10   11   2   -0.0001183697
3   10   11   3   0.0001167010
3   10   12   1   0.0004582720
3   11   7   1   0.0000529302
3   11   8   1   0.0000127552
3   11   9   1   0.0006162579
3   11   10   2   -0.0001183697
3   11   10   3   0.0001167010
3   11   11   2   0.0001167010
3   11   11   3   -0.1034290189
3   11   12   1   -0.0001879197
3   12   7   3   0.0004763398
3   12   8   3   -0.0000834136
3   12   9   3   0.0057873163
3   12   10   1   0.0004582720
3   12   11   1   -0.0001879197
3   12   12   3   -0.1058250048

End AIJB Block
Begin IJKA Block
1   7   1   4   0.0017476832
1   7   2   4   -0.0000000329
1   7   3   4   -0.0002850776
1   7   4   5   -0.0004916403
1   7   4   6   -0.0011989429
1   7   5   5   -0.0011989429
1   7   5   6   0.0004916403
1   7   6   4   0.0023601252
1   8   1   4   -0.0004879173
1   8   2   4   -0.0000002027
1   8   3   4   0.0000000056
1   8   4   5   0.0000030462
1   8   4   6   0.0000074287
1   8   5   5   0.0000074287
1   8   5   6   -0.0000030462
1   8   6   4   0.0000060379
1   9   1   4   -0.0030967219
1   9   2   4   -0.0000000470
1   9   3   4   0.0000740878
1   9   4   5   -0.0004835322
1   9   4   6   -0.0011791700
1   9   5   5   -0.0011791700
1   9   5   6   0.0004835322
1   9   6   4   0.0024314704
1   10   1   5   -0.0131534921
1   10   1   6   -0.0320768758
1   10   2   5   0.0000000020
1   10   2   6   0.0000000048
1   10   3   5   0.0001976088
1   10   3   6   0.0004819004
1   10   4   4   -0.0001097998
1   10   6   5   -0.0000147700
1   10   6   6   -0.0000360190
1   11   1   5   -0.0320768758
1   11   1   6   0.0131534921
1   11   2   5   0.0000000048
1   11   2   6   -0.0000000020
1   11   3   5   0.0004819004
1   11   3   6   -0.0001976088
1   11   5   4   -0.0001097998
1   11   6   5   -0.0000360190
1   11   6   6   0.0000147700
1   12   1   4   0.0668992773
1   12   2   4   -0.0000000088
1   12   3   4   -0.0009511676
1   12   4   5   -0.0000303850
1   12   4   6   -0.0000740985
1   12   5   5   -0.0000740985
1   12   5   6   0.0000303850
1   12   6   4   -0.0000176991
2   7   1   4   -0.0000000329
2   7   2   4   -0.0000504179
2   7   3   4   -0.0000000704
2   7   4   5   -0.0000000034
2   7   4   6   -0.0000000082
2   7   5   5   -0.0000000082
2   7   5   6   0.0000000034
2   7   6   4   0.0000000772
2   8   1   4   -0.0000002027
2   8   2   4   -0.1069025967
2   8   3   4   0.0000085101
2   8   4   5   0.0000071651
2   8   4   6   0.0000174733
2   8   5   5   0.0000174733
2   8   5   6   -0.0000071651
2   8   6   4   -0.0008547665
2   9   1   4   -0.0000000470
2   9   2   4   -0.0003644978
2   9   3   4   -0.0000002951
2   9   4   5   0.0000000043
2   9   4   6   0.0000000105
2   9   5   5   0.0000000105
2   9   5   6   -0.0000000043
2   9   6   4   0.0000006692
2   10   1   5   0.0000000020
2   10   1   6   0.0000000048
2   10   2   5   0.0005813784
2   10   2   6   0.0014177835
2   10   3   5   -0.0000000645
2   10   3   6   -0.0000001574
2   10   4   4   0.0000003455
2   10   6   5   0.0000006051
2   10   6   6   0.0000014756
2   11   1   5   0.0000000048
2   11   1   6   -0.0000000020
2   11   2   5   0.0014177835
2   11   2   6   -0.0005813784
2   11   3   5   -0.0000001574
2   11   3   6   0.0000000645
2   11   5   4   0.0000003455
2   11   6   5   0.0000014756
2   11   6   6   -0.0000006051
2   12   1   4   -0.0000000088
2   12   2   4   -0.0113448097
2   12   3   4   0.0000005276
2   12   4   5   -0.0000009006
2   12   4   6   -0.0000021963
2   12   5   5   -0.0000021963
2   12   5   6   0.0000009006
2   12   6   4   -0.0000117980
3   7   1   4   -0.0002850776
3   7   2   4   -0.0000000704
3   7   3   4   0.0000618245
3   7   4   5   -0.0005040976
3   7   4   6   -0.0012293219
3   7   5   5   -0.0012293219
3   7   5   6   0.0005040976
3   7   6   4   0.0024599987
3   8   1   4   0.0000000056
3   8   2   4   0.0000085101
3   8   3   4   -0.0004881087
3   8   4   5   0.0000360777
3   8   4   6   0.0000879813
3   8   5   5   0.0000879813
3   8   5   6   -0.0000360777
3   8   6   4   0.0000736034
3   9   1   4   0.0000740878
3   9   2   4   -0.0000002951
3   9   3   4   -0.0018825586
3   9   4   5   -0.0020753197
3   9   4   6   -0.0050609961
3   9   5   5   -0.0050609961
3   9   5   6   0.0020753197
3   9   6   4   0.0107450340
3   10   1   5   0.0001976088
3   10   1   6   0.0004819004
3   10   2   5   -0.0000000645
3   10   2   6   -0.0000001574
3   10   3   5   -0.0086067711
3   10   3   6   -0.0209889758
3   10   4   4   -0.0003812177
3   10   6   5   -0.0002408513
3   10   6   6   -0.0005873542
3   11   1   5   0.0004819004
3   11   1   6   -0.0001976088
3   11   2   5   -0.0000001574
3   11   2   6   0.0000000645
3   11   3   5   -0.0209889758
3   11   3   6   0.0086067711
3   11   5   4   -0.0003812177
3   11   6   5   -0.0005873542
3   11   6   6   0.0002408513
3   12   1   4   -0.0009511676
3   12   2   4   0.0000005276
3   12   3   4   0.0446673833
3   12   4   5   -0.0002667392
3   12   4   6   -0.0006504859
3   12   5   5   -0.0006504859
3   12   5   6   0.0002667392
3   12   6   4   0.0008461647
4   7   1   5   -0.0004916403
4   7   1   6   -0.0011989429
4   7   2   5   -0.0000000034
4   7   2   6   -0.0000000082
4   7   3   5   -0.0005040976
4   7   3   6   -0.0012293219
4   7   4   4   0.0000374496
4   7   6   5   -0.0000069216
4   7   6   6   -0.0000168795
4   8   1   5   0.0000030462
4   8   1   6   0.0000074287
4   8   2   5   0.0000071651
4   8   2   6   0.0000174733
4   8   3   5   0.0000360777
4   8   3   6   0.0000879813
4   8   4   4   -0.0004797902
4   8   6   5   -0.0000113561
4   8   6   6   -0.0000276936
4   9   1   5   -0.0004835322
4   9   1   6   -0.0011791700
4   9   2   5   0.0000000043
4   9   2   6   0.0000000105
4   9   3   5   -0.0020753197
4   9   3   6   -0.0050609961
4   9   4   4   -0.0017197193
4   9   6   5   -0.0000528119
4   9   6   6   -0.0001287901
4   10   1   4   -0.0001097998
4   10   2   4   0.0000003455
4   10   3   4   -0.0003812177
4   10   4   5   -0.0087098554
4   10   4   6   -0.0212403632
4   10   5   5   -0.0012259528
4   10   5   6   0.0005027161
4   10   6   4   0.0026288724
4   11   4   5   -0.0187884575
4   11   4   6   0.0077044232
4   11   5   5   -0.0005027161
4   11   5   6   -0.0012259528
4   12   1   5   -0.0000303850
4   12   1   6   -0.0000740985
4   12   2   5   -0.0000009006
4   12   2   6   -0.0000021963
4   12   3   5   -0.0002667392
4   12   3   6   -0.0006504859
4   12   4   4   0.0400634938
4   12   6   5   -0.0004432345
4   12   6   6   -0.0010808976
5   7   1   5   -0.0011989429
5   7   1   6   0.0004916403
5   7   2   5   -0.0000000082
5   7   2   6   0.0000000034
5   7   3   5   -0.0012293219
5   7   3   6   0.0005040976
5   7   5   4   0.0000374496
5   7   6   5   -0.0000168795
5   7   6   6   0.0000069216
5   8   1   5   0.0000074287
5   8   1   6   -0.0000030462
5   8   2   5   0.0000174733
5   8   2   6   -0.0000071651
5   8   3   5   0.0000879813
5   8   3   6   -0.0000360777
5   8   5   4   -0.0004797902
5   8   6   5   -0.0000276936
5   8   6   6   0.0000113561
5   9   1   5   -0.0011791700
5   9   1   6   0.0004835322
5   9   2   5   0.0000000105
5   9   2   6   -0.0000000043
5   9   3   5   -0.0050609961
5   9   3   6   0.0020753197
5   9   5   4   -0.0017197193
5   9   6   5   -0.0001287901
5   9   6   6   0.0000528119
5   10   4   5   -0.0012259528
5   10   4   6   0.0005027161
5   10   5   5   -0.0077044232
5   10   5   6   -0.0187884575
5   11   1   4   -0.0001097998
5   11   2   4   0.0000003455
5   11   3   4   -0.0003812177
5   11   4   5   -0.0005027161
5   11   4   6   -0.0012259528
5   11   5   5   -0.0212403632
5   11   5   6   0.0087098554
5   11   6   4   0.0026288724
5   12   1   5   -0.0000740985
5   12   1   6   0.0000303850
5   12   2   5   -0.0000021963
5   12   2   6   0.0000009006
5   12   3   5   -0.0006504859
5   12   3   6   0.0002667392
5   12   5   4   0.0400634938
5   12   6   5   -0.0010808976
5   12   6   6   0.0004432345
6   7   1   4   0.0023601252
6   7   2   4   0.0000000772
6   7   3   4   0.0024599987
6   7   4   5   -0.0000069216
6   7   4   6   -0.0000168795
6   7   5   5   -0.0000168795
6   7   5   6   0.0000069216
6   7   6   4   0.0000858602
6   8   1   4   0.0000060379
6   8   2   4   -0.0008547665
6   8   3   4   0.0000736034
6   8   4   5   -0.0000113561
6   8   4   6   -0.0000276936
6   8   5   5   -0.0000276936
6   8   5   6   0.0000113561
6   8   6   4   -0.0005421891
6   9   1   4   0.0024314704
6   9   2   4   0.0000006692
6   9   3   4   0.0107450340
6   9   4   5   -0.0000528119
6   9   4   6   -0.0001287901
6   9   5   5   -0.0001287901
6   9   5   6   0.0000528119
6   9   6   4   -0.0015013226
6   10   1   5   -0.0000147700
6   10   1   6   -0.0000360190
6   10   2   5   0.0000006051
6   10   2   6   0.0000014756
6   10   3   5   -0.0002408513
6   10   3   6   -0.0005873542
6   10   4   4   0.0026288724
6   10   6   5   -0.0074294516
6   10   6   6   -0.0181178957
6   11   1   5   -0.0000360190
6   11   1   6   0.0000147700
6   11   2   5   0.0000014756
6   11   2   6   -0.0000006051
6   11   3   5   -0.0005873542
6   11   3   6   0.0002408513
6   11   5   4   0.0026288724
6   11   6   5   -0.0181178957
6   11   6   6   0.0074294516
6   12   1   4   -0.0000176991
6   12   2   4   -0.0000117980
6   12   3   4   0.0008461647
6   12   4   5   -0.0004432345
6   12   4   6   -0.0010808976
6   12   5   5   -0.0010808976
6   12   5   6   0.0004432345
6   12   6   4   0.0435914300

End IJKA Block
Begin IABC Block
1   4   1   4   -0.0000336501
1   4   2   5   -0.0000049181
1   4   3   6   -0.0000049181
1   5   1   5   -0.0000322718
1   5   2   4   -0.0000049181
1   6   1   6   -0.0000322718
1   6   3   4   -0.0000049181
2   4   1   4   -0.0009551513
2   4   2   5   0.0035939895
2   4   3   6   0.0035939895
2   5   1   5   -0.0004655086
2   5   2   4   0.0035939895
2   6   1   6   -0.0004655086
2   6   3   4   0.0035939895
3   4   1   4   -0.0002581981
3   4   2   5   0.0000205356
3   4   3   6   0.0000205356
3   5   1   5   -0.0002572874
3   5   2   4   0.0000205356
3   6   1   6   -0.0002572874
3   6   3   4   0.0000205356
4   4   1   5   0.0001719501
4   4   1   6   0.0004193276
4   4   2   4   0.0004386305
4   4   3   4   0.0010696699
4   5   1   4   0.0001719501
4   5   2   5   0.0004909422
4   5   2   6   0.0001757438
4   5   3   5   0.0008457527
4   5   3   6   0.0000720658
4   6   1   4   0.0004193276
4   6   2   5   0.0001757438
4   6   2   6   0.0003468106
4   6   3   5   0.0000720658
4   6   3   6   0.0011972404
5   4   1   5   0.0004193276
5   4   1   6   -0.0001719501
5   4   2   4   0.0010696699
5   4   3   4   -0.0004386305
5   5   1   4   0.0004193276
5   5   2   5   0.0011972404
5   5   2   6   -0.0000720658
5   5   3   5   -0.0003468106
5   5   3   6   0.0001757438
5   6   1   4   -0.0001719501
5   6   2   5   -0.0000720658
5   6   2   6   0.0008457527
5   6   3   5   0.0001757438
5   6   3   6   -0.0004909422
6   4   1   4   -0.0061924491
6   4   2   5   -0.0023199148
6   4   3   6   -0.0023199148
6   5   1   5   -0.0049348626
6   5   2   4   -0.0023199148
6   6   1   6   -0.0049348626
6   6   3   4   -0.0023199148

End IABC Block
