Begin IJ Block
1   1   -41.5377421870
1   2   0.0378027165
1   3   0.7505089825
1   4   0.0640012355
2   2   -7.8289937495
2   3   -0.1915449242
2   4   0.1454071930
3   3   -9.9376966851
3   4   0.1432161068
4   4   -8.9643250151
5   5   -8.6518319425
5   6   0.0000000000
6   6   -8.6518319424

End IJ Block
Begin IA Block
1   1   -0.0168123219
1   4   -0.0398030962
2   1   0.1181876709
2   4   0.0630052566
3   1   0.0751602592
3   4   0.1735544778
4   1   -0.0303106721
4   4   0.0964006264
5   2   -0.0583516115
5   3   0.2588603261
6   2   0.2588603261
6   3   0.0583516115

End IA Block
Begin AB Block
1   1   -1.9484921874
1   4   -0.3802905574
2   2   -1.5544801702
3   3   -1.5544801702
4   4   -1.7455040501

End AB Block
Begin IJKL Block
1   7   1   7   5.3473799295
1   7   1   8   -0.0259628646
1   7   1   9   -0.5299035363
1   7   1   10   -0.0335313250
1   7   2   7   -0.0259628646
1   7   2   8   0.0001436957
1   7   2   9   0.0039644164
1   7   2   10   -0.0006290937
1   7   3   7   -0.5299035363
1   7   3   8   0.0039644164
1   7   3   9   0.0808638456
1   7   3   10   0.0038604663
1   7   4   7   -0.0335313250
1   7   4   8   -0.0006290937
1   7   4   9   0.0038604663
1   7   4   10   0.0326750479
1   7   5   11   0.0301439260
1   7   6   12   0.0301439260
1   8   1   7   -0.0259628646
1   8   1   8   0.3790016719
1   8   1   9   0.0544036681
1   8   1   10   -0.0369932410
1   8   2   7   0.0002324381
1   8   2   8   0.0002619334
1   8   2   9   -0.0000189205
1   8   2   10   -0.0000508137
1   8   3   7   0.0041834165
1   8   3   8   0.0002745529
1   8   3   9   -0.0010840387
1   8   3   10   0.0002537470
1   8   4   7   -0.0007634073
1   8   4   8   -0.0075368630
1   8   4   9   -0.0014007020
1   8   4   10   0.0023754748
1   8   5   11   0.0018786672
1   8   6   12   0.0018786672
1   9   1   7   -0.5299035363
1   9   1   8   0.0544036681
1   9   1   9   1.2593737566
1   9   1   10   0.0151143523
1   9   2   7   0.0041834165
1   9   2   8   -0.0000420822
1   9   2   9   -0.0010869503
1   9   2   10   -0.0011410833
1   9   3   7   0.0853474351
1   9   3   8   -0.0011049076
1   9   3   9   -0.0232939298
1   9   3   10   -0.0024735453
1   9   4   7   0.0038495458
1   9   4   8   -0.0013735657
1   9   4   9   -0.0050536095
1   9   4   10   0.0367919170
1   9   5   11   0.0345770213
1   9   6   12   0.0345770213
1   10   1   7   -0.0335313250
1   10   1   8   -0.0369932410
1   10   1   9   0.0151143523
1   10   1   10   1.1880302166
1   10   2   7   -0.0007634073
1   10   2   8   -0.0000523703
1   10   2   9   -0.0011695349
1   10   2   10   -0.0008631296
1   10   3   7   0.0038495458
1   10   3   8   0.0002572904
1   10   3   9   -0.0025182760
1   10   3   10   -0.0159599451
1   10   4   7   0.0377389936
1   10   4   8   0.0023912823
1   10   4   9   0.0373208274
1   10   4   10   0.0026443545
1   10   5   11   0.0016429323
1   10   6   12   0.0016429323
1   11   1   11   1.1424254945
1   11   2   11   -0.0007528764
1   11   3   11   -0.0148741643
1   11   4   11   -0.0018653398
1   11   5   7   0.0353102434
1   11   5   8   0.0019209699
1   11   5   9   0.0353236063
1   11   5   10   0.0017407947
1   12   1   12   1.1424254945
1   12   2   12   -0.0007528764
1   12   3   12   -0.0148741643
1   12   4   12   -0.0018653399
1   12   6   7   0.0353102434
1   12   6   8   0.0019209699
1   12   6   9   0.0353236063
1   12   6   10   0.0017407947
2   7   1   7   -0.0259628646
2   7   1   8   0.0002324381
2   7   1   9   0.0041834165
2   7   1   10   -0.0007634073
2   7   2   7   0.3790016719
2   7   2   8   0.0002619334
2   7   2   9   0.0002745529
2   7   2   10   -0.0075368630
2   7   3   7   0.0544036681
2   7   3   8   -0.0000189205
2   7   3   9   -0.0010840387
2   7   3   10   -0.0014007020
2   7   4   7   -0.0369932410
2   7   4   8   -0.0000508137
2   7   4   9   0.0002537470
2   7   4   10   0.0023754748
2   7   5   11   0.0018786672
2   7   6   12   0.0018786672
2   8   1   7   0.0001436957
2   8   1   8   0.0002619334
2   8   1   9   -0.0000420822
2   8   1   10   -0.0000523703
2   8   2   7   0.0002619334
2   8   2   8   1.6102481090
2   8   2   9   -0.0998034780
2   8   2   10   0.0908674342
2   8   3   7   -0.0000420822
2   8   3   8   -0.0998034780
2   8   3   9   0.0117364641
2   8   3   10   -0.0117454430
2   8   4   7   -0.0000523703
2   8   4   8   0.0908674342
2   8   4   9   -0.0117454430
2   8   4   10   0.0122280863
2   8   5   11   0.0009445282
2   8   6   12   0.0009445282
2   9   1   7   0.0039644164
2   9   1   8   -0.0000189205
2   9   1   9   -0.0010869503
2   9   1   10   -0.0011695349
2   9   2   7   0.0002745529
2   9   2   8   -0.0998034780
2   9   2   9   0.3943602953
2   9   2   10   -0.0932170532
2   9   3   7   -0.0011049076
2   9   3   8   0.0122556317
2   9   3   9   0.0336157514
2   9   3   10   -0.0033606731
2   9   4   7   0.0002572904
2   9   4   8   -0.0122670692
2   9   4   9   -0.0266066287
2   9   4   10   0.0099464409
2   9   5   11   0.0096613395
2   9   6   12   0.0096613395
2   10   1   7   -0.0006290937
2   10   1   8   -0.0000508137
2   10   1   9   -0.0011410833
2   10   1   10   -0.0008631296
2   10   2   7   -0.0075368630
2   10   2   8   0.0908674342
2   10   2   9   -0.0932170532
2   10   2   10   0.4046891679
2   10   3   7   -0.0013735657
2   10   3   8   -0.0122670692
2   10   3   9   -0.0030799574
2   10   3   10   0.0302929186
2   10   4   7   0.0023912823
2   10   4   8   0.0135570910
2   10   4   9   0.0102181885
2   10   4   10   -0.0250151525
2   10   5   11   -0.0019019982
2   10   6   12   -0.0019019982
2   11   1   11   -0.0007528764
2   11   2   11   0.3642485276
2   11   3   11   0.0301253536
2   11   4   11   -0.0226125485
2   11   5   7   0.0019209699
2   11   5   8   0.0015366196
2   11   5   9   0.0100201970
2   11   5   10   -0.0022385754
2   12   1   12   -0.0007528764
2   12   2   12   0.3642485276
2   12   3   12   0.0301253536
2   12   4   12   -0.0226125485
2   12   6   7   0.0019209699
2   12   6   8   0.0015366196
2   12   6   9   0.0100201970
2   12   6   10   -0.0022385754
3   7   1   7   -0.5299035363
3   7   1   8   0.0041834165
3   7   1   9   0.0853474351
3   7   1   10   0.0038495458
3   7   2   7   0.0544036681
3   7   2   8   -0.0000420822
3   7   2   9   -0.0011049076
3   7   2   10   -0.0013735657
3   7   3   7   1.2593737566
3   7   3   8   -0.0010869503
3   7   3   9   -0.0232939298
3   7   3   10   -0.0050536095
3   7   4   7   0.0151143523
3   7   4   8   -0.0011410833
3   7   4   9   -0.0024735453
3   7   4   10   0.0367919170
3   7   5   11   0.0345770213
3   7   6   12   0.0345770213
3   8   1   7   0.0039644164
3   8   1   8   0.0002745529
3   8   1   9   -0.0011049076
3   8   1   10   0.0002572904
3   8   2   7   -0.0000189205
3   8   2   8   -0.0998034780
3   8   2   9   0.0122556317
3   8   2   10   -0.0122670692
3   8   3   7   -0.0010869503
3   8   3   8   0.3943602953
3   8   3   9   0.0336157514
3   8   3   10   -0.0266066287
3   8   4   7   -0.0011695349
3   8   4   8   -0.0932170532
3   8   4   9   -0.0033606731
3   8   4   10   0.0099464409
3   8   5   11   0.0096613395
3   8   6   12   0.0096613395
3   9   1   7   0.0808638456
3   9   1   8   -0.0010840387
3   9   1   9   -0.0232939298
3   9   1   10   -0.0025182760
3   9   2   7   -0.0010840387
3   9   2   8   0.0117364641
3   9   2   9   0.0336157514
3   9   2   10   -0.0030799574
3   9   3   7   -0.0232939298
3   9   3   8   0.0336157514
3   9   3   9   0.8688587787
3   9   3   10   -0.0094088818
3   9   4   7   -0.0025182760
3   9   4   8   -0.0030799574
3   9   4   9   -0.0094088818
3   9   4   10   0.1562501339
3   9   5   11   0.1479273010
3   9   6   12   0.1479273010
3   10   1   7   0.0038604663
3   10   1   8   0.0002537470
3   10   1   9   -0.0024735453
3   10   1   10   -0.0159599451
3   10   2   7   -0.0014007020
3   10   2   8   -0.0117454430
3   10   2   9   -0.0033606731
3   10   2   10   0.0302929186
3   10   3   7   -0.0050536095
3   10   3   8   -0.0266066287
3   10   3   9   -0.0094088818
3   10   3   10   0.8254012008
3   10   4   7   0.0373208274
3   10   4   8   0.0102181885
3   10   4   9   0.1607583648
3   10   4   10   0.0166828465
3   10   5   11   0.0030728140
3   10   6   12   0.0030728140
3   11   1   11   -0.0148741643
3   11   2   11   0.0301253536
3   11   3   11   0.8015445149
3   11   4   11   0.0008257574
3   11   5   7   0.0353236063
3   11   5   8   0.0100201970
3   11   5   9   0.1527720237
3   11   5   10   0.0031384016
3   12   1   12   -0.0148741643
3   12   2   12   0.0301253536
3   12   3   12   0.8015445149
3   12   4   12   0.0008257574
3   12   6   7   0.0353236063
3   12   6   8   0.0100201970
3   12   6   9   0.1527720237
3   12   6   10   0.0031384016
4   7   1   7   -0.0335313250
4   7   1   8   -0.0007634073
4   7   1   9   0.0038495458
4   7   1   10   0.0377389936
4   7   2   7   -0.0369932410
4   7   2   8   -0.0000523703
4   7   2   9   0.0002572904
4   7   2   10   0.0023912823
4   7   3   7   0.0151143523
4   7   3   8   -0.0011695349
4   7   3   9   -0.0025182760
4   7   3   10   0.0373208274
4   7   4   7   1.1880302166
4   7   4   8   -0.0008631296
4   7   4   9   -0.0159599451
4   7   4   10   0.0026443545
4   7   5   11   0.0016429323
4   7   6   12   0.0016429323
4   8   1   7   -0.0006290937
4   8   1   8   -0.0075368630
4   8   1   9   -0.0013735657
4   8   1   10   0.0023912823
4   8   2   7   -0.0000508137
4   8   2   8   0.0908674342
4   8   2   9   -0.0122670692
4   8   2   10   0.0135570910
4   8   3   7   -0.0011410833
4   8   3   8   -0.0932170532
4   8   3   9   -0.0030799574
4   8   3   10   0.0102181885
4   8   4   7   -0.0008631296
4   8   4   8   0.4046891679
4   8   4   9   0.0302929186
4   8   4   10   -0.0250151525
4   8   5   11   -0.0019019982
4   8   6   12   -0.0019019982
4   9   1   7   0.0038604663
4   9   1   8   -0.0014007020
4   9   1   9   -0.0050536095
4   9   1   10   0.0373208274
4   9   2   7   0.0002537470
4   9   2   8   -0.0117454430
4   9   2   9   -0.0266066287
4   9   2   10   0.0102181885
4   9   3   7   -0.0024735453
4   9   3   8   -0.0033606731
4   9   3   9   -0.0094088818
4   9   3   10   0.1607583648
4   9   4   7   -0.0159599451
4   9   4   8   0.0302929186
4   9   4   9   0.8254012008
4   9   4   10   0.0166828465
4   9   5   11   0.0030728140
4   9   6   12   0.0030728140
4   10   1   7   0.0326750479
4   10   1   8   0.0023754748
4   10   1   9   0.0367919170
4   10   1   10   0.0026443545
4   10   2   7   0.0023754748
4   10   2   8   0.0122280863
4   10   2   9   0.0099464409
4   10   2   10   -0.0250151525
4   10   3   7   0.0367919170
4   10   3   8   0.0099464409
4   10   3   9   0.1562501339
4   10   3   10   0.0166828465
4   10   4   7   0.0026443545
4   10   4   8   -0.0250151525
4   10   4   9   0.0166828465
4   10   4   10   0.8363502018
4   10   5   11   0.0319228586
4   10   6   12   0.0319228586
4   11   1   11   -0.0018653398
4   11   2   11   -0.0226125485
4   11   3   11   0.0008257574
4   11   4   11   0.7415832228
4   11   5   7   0.0017407947
4   11   5   8   -0.0022385754
4   11   5   9   0.0031384016
4   11   5   10   0.0380567296
4   12   1   12   -0.0018653399
4   12   2   12   -0.0226125485
4   12   3   12   0.0008257574
4   12   4   12   0.7415832228
4   12   6   7   0.0017407947
4   12   6   8   -0.0022385754
4   12   6   9   0.0031384016
4   12   6   10   0.0380567296
5   7   1   11   0.0353102434
5   7   2   11   0.0019209699
5   7   3   11   0.0353236063
5   7   4   11   0.0017407947
5   7   5   7   1.1424254945
5   7   5   8   -0.0007528764
5   7   5   9   -0.0148741643
5   7   5   10   -0.0018653398
5   8   1   11   0.0019209699
5   8   2   11   0.0015366196
5   8   3   11   0.0100201970
5   8   4   11   -0.0022385754
5   8   5   7   -0.0007528764
5   8   5   8   0.3642485276
5   8   5   9   0.0301253536
5   8   5   10   -0.0226125485
5   9   1   11   0.0353236063
5   9   2   11   0.0100201970
5   9   3   11   0.1527720237
5   9   4   11   0.0031384016
5   9   5   7   -0.0148741643
5   9   5   8   0.0301253536
5   9   5   9   0.8015445149
5   9   5   10   0.0008257574
5   10   1   11   0.0017407947
5   10   2   11   -0.0022385754
5   10   3   11   0.0031384016
5   10   4   11   0.0380567296
5   10   5   7   -0.0018653398
5   10   5   8   -0.0226125485
5   10   5   9   0.0008257574
5   10   5   10   0.7415832228
5   11   1   7   0.0301439260
5   11   1   8   0.0018786672
5   11   1   9   0.0345770213
5   11   1   10   0.0016429323
5   11   2   7   0.0018786672
5   11   2   8   0.0009445282
5   11   2   9   0.0096613395
5   11   2   10   -0.0019019982
5   11   3   7   0.0345770213
5   11   3   8   0.0096613395
5   11   3   9   0.1479273010
5   11   3   10   0.0030728140
5   11   4   7   0.0016429323
5   11   4   8   -0.0019019982
5   11   4   9   0.0030728140
5   11   4   10   0.0319228586
5   11   5   11   0.7861869902
5   11   6   12   0.0298818126
5   12   5   12   0.7205599910
5   12   6   11   0.0357451866
6   7   1   12   0.0353102434
6   7   2   12   0.0019209699
6   7   3   12   0.0353236063
6   7   4   12   0.0017407947
6   7   6   7   1.1424254945
6   7   6   8   -0.0007528764
6   7   6   9   -0.0148741643
6   7   6   10   -0.0018653399
6   8   1   12   0.0019209699
6   8   2   12   0.0015366196
6   8   3   12   0.0100201970
6   8   4   12   -0.0022385754
6   8   6   7   -0.0007528764
6   8   6   8   0.3642485276
6   8   6   9   0.0301253536
6   8   6   10   -0.0226125485
6   9   1   12   0.0353236063
6   9   2   12   0.0100201970
6   9   3   12   0.1527720237
6   9   4   12   0.0031384016
6   9   6   7   -0.0148741643
6   9   6   8   0.0301253536
6   9   6   9   0.8015445149
6   9   6   10   0.0008257574
6   10   1   12   0.0017407947
6   10   2   12   -0.0022385754
6   10   3   12   0.0031384016
6   10   4   12   0.0380567296
6   10   6   7   -0.0018653399
6   10   6   8   -0.0226125485
6   10   6   9   0.0008257574
6   10   6   10   0.7415832228
6   11   5   12   0.0357451866
6   11   6   11   0.7205599910
6   12   1   7   0.0301439260
6   12   1   8   0.0018786672
6   12   1   9   0.0345770213
6   12   1   10   0.0016429323
6   12   2   7   0.0018786672
6   12   2   8   0.0009445282
6   12   2   9   0.0096613395
6   12   2   10   -0.0019019982
6   12   3   7   0.0345770213
6   12   3   8   0.0096613395
6   12   3   9   0.1479273010
6   12   3   10   0.0030728140
6   12   4   7   0.0016429323
6   12   4   8   -0.0019019982
6   12   4   9   0.0030728140
6   12   4   10   0.0319228586
6   12   5   11   0.0298818126
6   12   6   12   0.7861869902

End IJKL Block
Begin IJAB Block
1   7   1   5   0.0000649674
1   7   1   8   0.0001244781
1   7   2   6   0.0002189041
1   7   3   7   0.0002189041
1   7   4   5   0.0001244781
1   7   4   8   0.0003229844
1   8   1   5   0.0000046398
1   8   1   8   0.0000015014
1   8   2   6   0.0000065222
1   8   3   7   0.0000065222
1   8   4   5   -0.0000042494
1   8   4   8   -0.0000029598
1   9   1   5   0.0000045359
1   9   1   8   -0.0000196381
1   9   2   6   0.0002158010
1   9   3   7   0.0002158010
1   9   4   5   -0.0000218286
1   9   4   8   -0.0000178029
1   10   1   5   -0.0000201087
1   10   1   8   -0.0000304325
1   10   2   6   0.0000168191
1   10   3   7   0.0000168191
1   10   4   5   0.0000093255
1   10   4   8   0.0000394650
1   11   1   6   -0.0000028376
1   11   1   7   0.0000125882
1   11   2   5   -0.0000121477
1   11   2   8   -0.0000319548
1   11   3   5   0.0000538899
1   11   3   8   0.0001417582
1   11   4   6   -0.0000066659
1   11   4   7   0.0000295715
1   12   1   6   0.0000125882
1   12   1   7   0.0000028376
1   12   2   5   0.0000538899
1   12   2   8   0.0001417582
1   12   3   5   0.0000121477
1   12   3   8   0.0000319548
1   12   4   6   0.0000295715
1   12   4   7   0.0000066659
2   7   1   5   0.0000046398
2   7   1   8   -0.0000042494
2   7   2   6   0.0000065222
2   7   3   7   0.0000065222
2   7   4   5   0.0000015014
2   7   4   8   -0.0000029598
2   8   1   5   0.0044859917
2   8   1   8   0.0026140892
2   8   2   6   0.0001637342
2   8   3   7   0.0001637342
2   8   4   5   0.0026140892
2   8   4   8   0.0016115791
2   9   1   5   -0.0002852447
2   9   1   8   -0.0001172023
2   9   2   6   0.0000260265
2   9   3   7   0.0000260265
2   9   4   5   -0.0001656554
2   9   4   8   -0.0000617331
2   10   1   5   0.0003447500
2   10   1   8   0.0003886685
2   10   2   6   -0.0000298563
2   10   3   7   -0.0000298563
2   10   4   5   0.0001908337
2   10   4   8   0.0002212725
2   11   1   6   -0.0000682040
2   11   1   7   0.0003025676
2   11   2   5   -0.0000388357
2   11   2   8   -0.0000402917
2   11   3   5   0.0001722837
2   11   3   8   0.0001787429
2   11   4   6   -0.0000357945
2   11   4   7   0.0001587919
2   12   1   6   0.0003025676
2   12   1   7   0.0000682040
2   12   2   5   0.0001722837
2   12   2   8   0.0001787429
2   12   3   5   0.0000388357
2   12   3   8   0.0000402917
2   12   4   6   0.0001587919
2   12   4   7   0.0000357945
3   7   1   5   0.0000045359
3   7   1   8   -0.0000218286
3   7   2   6   0.0002158010
3   7   3   7   0.0002158010
3   7   4   5   -0.0000196381
3   7   4   8   -0.0000178029
3   8   1   5   -0.0002852447
3   8   1   8   -0.0001656554
3   8   2   6   0.0000260265
3   8   3   7   0.0000260265
3   8   4   5   -0.0001172023
3   8   4   8   -0.0000617331
3   9   1   5   0.0003360362
3   9   1   8   0.0005238076
3   9   2   6   0.0009076757
3   9   3   7   0.0009076757
3   9   4   5   0.0005238076
3   9   4   8   0.0012483212
3   10   1   5   -0.0003212711
3   10   1   8   -0.0000479407
3   10   2   6   0.0000724851
3   10   3   7   0.0000724851
3   10   4   5   -0.0002804614
3   10   4   8   0.0005533838
3   11   1   6   -0.0001573538
3   11   1   7   0.0006980554
3   11   2   5   -0.0000668993
3   11   2   8   -0.0001588759
3   11   3   5   0.0002967796
3   11   3   8   0.0007048077
3   11   4   6   -0.0003560330
3   11   4   7   0.0015794390
3   12   1   6   0.0006980554
3   12   1   7   0.0001573538
3   12   2   5   0.0002967796
3   12   2   8   0.0007048077
3   12   3   5   0.0000668993
3   12   3   8   0.0001588759
3   12   4   6   0.0015794390
3   12   4   7   0.0003560330
4   7   1   5   -0.0000201087
4   7   1   8   0.0000093255
4   7   2   6   0.0000168191
4   7   3   7   0.0000168191
4   7   4   5   -0.0000304325
4   7   4   8   0.0000394650
4   8   1   5   0.0003447500
4   8   1   8   0.0001908337
4   8   2   6   -0.0000298563
4   8   3   7   -0.0000298563
4   8   4   5   0.0003886685
4   8   4   8   0.0002212725
4   9   1   5   -0.0003212711
4   9   1   8   -0.0002804614
4   9   2   6   0.0000724851
4   9   3   7   0.0000724851
4   9   4   5   -0.0000479407
4   9   4   8   0.0005533838
4   10   1   5   0.0003556558
4   10   1   8   0.0001899197
4   10   2   6   0.0004006656
4   10   3   7   0.0004006656
4   10   4   5   0.0001899197
4   10   4   8   0.0011164013
4   11   1   6   0.0000901313
4   11   1   7   -0.0003998420
4   11   2   5   0.0000360390
4   11   2   8   -0.0000128379
4   11   3   5   -0.0001598767
4   11   3   8   0.0000569516
4   11   4   6   -0.0000992578
4   11   4   7   0.0004403291
4   12   1   6   -0.0003998420
4   12   1   7   -0.0000901313
4   12   2   5   -0.0001598767
4   12   2   8   0.0000569516
4   12   3   5   -0.0000360390
4   12   3   8   0.0000128379
4   12   4   6   0.0004403291
4   12   4   7   0.0000992578
5   7   1   6   -0.0000121477
5   7   1   7   0.0000538899
5   7   2   5   -0.0000028376
5   7   2   8   -0.0000066659
5   7   3   5   0.0000125882
5   7   3   8   0.0000295715
5   7   4   6   -0.0000319548
5   7   4   7   0.0001417582
5   8   1   6   -0.0000388357
5   8   1   7   0.0001722837
5   8   2   5   -0.0000682040
5   8   2   8   -0.0000357945
5   8   3   5   0.0003025676
5   8   3   8   0.0001587919
5   8   4   6   -0.0000402917
5   8   4   7   0.0001787429
5   9   1   6   -0.0000668993
5   9   1   7   0.0002967796
5   9   2   5   -0.0001573538
5   9   2   8   -0.0003560330
5   9   3   5   0.0006980554
5   9   3   8   0.0015794390
5   9   4   6   -0.0001588759
5   9   4   7   0.0007048077
5   10   1   6   0.0000360390
5   10   1   7   -0.0001598767
5   10   2   5   0.0000901313
5   10   2   8   -0.0000992578
5   10   3   5   -0.0003998420
5   10   3   8   0.0004403291
5   10   4   6   -0.0000128379
5   10   4   7   0.0000569516
5   11   1   5   0.0005113912
5   11   1   8   0.0006469740
5   11   2   6   0.0005449852
5   11   2   7   -0.0005581691
5   11   3   6   -0.0005581691
5   11   3   7   0.0028953228
5   11   4   5   0.0006469740
5   11   4   8   0.0011523962
5   12   2   6   -0.0005581691
5   12   2   7   0.0003466288
5   12   3   6   0.0020037088
5   12   3   7   0.0005581691
6   7   1   6   0.0000538899
6   7   1   7   0.0000121477
6   7   2   5   0.0000125882
6   7   2   8   0.0000295715
6   7   3   5   0.0000028376
6   7   3   8   0.0000066659
6   7   4   6   0.0001417582
6   7   4   7   0.0000319548
6   8   1   6   0.0001722837
6   8   1   7   0.0000388357
6   8   2   5   0.0003025676
6   8   2   8   0.0001587919
6   8   3   5   0.0000682040
6   8   3   8   0.0000357945
6   8   4   6   0.0001787429
6   8   4   7   0.0000402917
6   9   1   6   0.0002967796
6   9   1   7   0.0000668993
6   9   2   5   0.0006980554
6   9   2   8   0.0015794390
6   9   3   5   0.0001573538
6   9   3   8   0.0003560330
6   9   4   6   0.0007048077
6   9   4   7   0.0001588759
6   10   1   6   -0.0001598767
6   10   1   7   -0.0000360390
6   10   2   5   -0.0003998420
6   10   2   8   0.0004403291
6   10   3   5   -0.0000901313
6   10   3   8   0.0000992578
6   10   4   6   0.0000569516
6   10   4   7   0.0000128379
6   11   2   6   -0.0005581691
6   11   2   7   0.0020037088
6   11   3   6   0.0003466288
6   11   3   7   0.0005581691
6   12   1   5   0.0005113912
6   12   1   8   0.0006469740
6   12   2   6   0.0028953228
6   12   2   7   0.0005581691
6   12   3   6   0.0005581691
6   12   3   7   0.0005449852
6   12   4   5   0.0006469740
6   12   4   8   0.0011523962

End IJAB Block
Begin ABCD Block
1   5   1   5   0.1964079453
1   5   1   8   0.0104895315
1   5   2   6   0.0195097832
1   5   3   7   0.0195097832
1   5   4   5   0.0104895315
1   5   4   8   0.0110103969
1   6   1   6   0.1302903569
1   6   2   5   0.0195100687
1   6   2   8   0.0049848383
1   6   4   6   0.0091540315
1   7   1   7   0.1302903569
1   7   3   5   0.0195100687
1   7   3   8   0.0049848383
1   7   4   7   0.0091540315
1   8   1   5   0.0104895315
1   8   1   8   0.1201736704
1   8   2   6   0.0049845989
1   8   3   7   0.0049845989
1   8   4   5   0.0110104611
1   8   4   8   0.0077461948
2   5   1   6   0.0195100687
2   5   2   5   0.1302903569
2   5   2   8   0.0091540315
2   5   4   6   0.0049848383
2   6   1   5   0.0195097832
2   6   1   8   0.0049845989
2   6   2   6   0.1245933516
2   6   3   7   0.0078649339
2   6   4   5   0.0049845989
2   6   4   8   0.0095804094
2   7   2   7   0.1088635318
2   7   3   6   0.0078648859
2   8   1   6   0.0049848383
2   8   2   5   0.0091540315
2   8   2   8   0.1079231886
2   8   4   6   0.0095807075
3   5   1   7   0.0195100687
3   5   3   5   0.1302903569
3   5   3   8   0.0091540315
3   5   4   7   0.0049848383
3   6   2   7   0.0078648859
3   6   3   6   0.1088635318
3   7   1   5   0.0195097832
3   7   1   8   0.0049845989
3   7   2   6   0.0078649339
3   7   3   7   0.1245933516
3   7   4   5   0.0049845989
3   7   4   8   0.0095804094
3   8   1   7   0.0049848383
3   8   3   5   0.0091540315
3   8   3   8   0.1079231886
3   8   4   7   0.0095807075
4   5   1   5   0.0104895315
4   5   1   8   0.0110104611
4   5   2   6   0.0049845989
4   5   3   7   0.0049845989
4   5   4   5   0.1201736704
4   5   4   8   0.0077461948
4   6   1   6   0.0091540315
4   6   2   5   0.0049848383
4   6   2   8   0.0095807075
4   6   4   6   0.1079231886
4   7   1   7   0.0091540315
4   7   3   5   0.0049848383
4   7   3   8   0.0095807075
4   7   4   7   0.1079231886
4   8   1   5   0.0110103969
4   8   1   8   0.0077461948
4   8   2   6   0.0095804094
4   8   3   7   0.0095804094
4   8   4   5   0.0077461948
4   8   4   8   0.1210039895

End ABCD Block
Begin AIJB Block
1   7   1   5   0.0000629464
1   7   1   8   0.0001174619
1   7   2   5   0.0000034749
1   7   2   8   -0.0000056249
1   7   3   5   -0.0000018217
1   7   3   8   -0.0000316161
1   7   4   5   -0.0000116990
1   7   4   8   0.0000168962
1   7   5   6   -0.0000086796
1   7   5   7   0.0000385047
1   7   6   6   0.0000385047
1   7   6   7   0.0000086796
1   8   1   5   0.0000034749
1   8   1   8   0.0000005402
1   8   2   5   0.0033917590
1   8   2   8   0.0019498462
1   8   3   5   -0.0001941675
1   8   3   8   -0.0001141164
1   8   4   5   0.0002206210
1   8   4   8   0.0001165789
1   8   5   6   -0.0000276922
1   8   5   7   0.0001228485
1   8   6   6   0.0001228485
1   8   6   7   0.0000276922
1   9   1   5   -0.0000018217
1   9   1   8   -0.0000300765
1   9   2   5   -0.0001941675
1   9   2   8   -0.0000777325
1   9   3   5   0.0002509573
1   9   3   8   0.0003762887
1   9   4   5   -0.0002075998
1   9   4   8   -0.0001875061
1   9   5   6   -0.0000240415
1   9   5   7   0.0001066531
1   9   6   6   0.0001066531
1   9   6   7   0.0000240415
1   10   1   5   -0.0000116990
1   10   1   8   -0.0000278187
1   10   2   5   0.0002206210
1   10   2   8   0.0002731175
1   10   3   5   -0.0002075998
1   10   3   8   0.0000082409
1   10   4   5   0.0002871421
1   10   4   8   0.0001730995
1   10   5   6   0.0000215498
1   10   5   7   -0.0000955996
1   10   6   6   -0.0000955996
1   10   6   7   -0.0000215498
1   11   1   6   0.0000024325
1   11   1   7   -0.0000107911
1   11   2   6   -0.0000552872
1   11   2   7   0.0002452659
1   11   3   6   -0.0001060232
1   11   3   7   0.0004703416
1   11   4   6   0.0000591753
1   11   4   7   -0.0002625144
1   11   5   5   0.0005359338
1   11   5   8   0.0006413990
1   12   1   6   -0.0000107911
1   12   1   7   -0.0000024325
1   12   2   6   0.0002452659
1   12   2   7   0.0000552872
1   12   3   6   0.0004703416
1   12   3   7   0.0001060232
1   12   4   6   -0.0002625144
1   12   4   7   -0.0000591753
1   12   6   5   0.0005359338
1   12   6   8   0.0006413990
2   7   1   6   0.0002122245
2   7   2   6   0.0000061644
2   7   3   6   0.0001933201
2   7   4   6   0.0000171638
2   7   5   5   0.0000024325
2   7   5   8   0.0000042049
2   7   6   5   -0.0000107911
2   7   6   8   -0.0000186536
2   8   1   6   0.0000061644
2   8   2   6   0.0001478185
2   8   3   6   0.0000182763
2   8   4   6   -0.0000200426
2   8   5   5   -0.0000552872
2   8   5   8   -0.0000278188
2   8   6   5   0.0002452659
2   8   6   8   0.0001234103
2   9   1   6   0.0001933201
2   9   2   6   0.0000182763
2   9   3   6   0.0007004209
2   9   4   6   0.0000578339
2   9   5   5   -0.0001060232
2   9   5   8   -0.0002475871
2   9   6   5   0.0004703416
2   9   6   8   0.0010983499
2   10   1   6   0.0000171638
2   10   2   6   -0.0000200426
2   10   3   6   0.0000578339
2   10   4   6   0.0002382264
2   10   5   5   0.0000591753
2   10   5   8   -0.0000782914
2   10   6   5   -0.0002625144
2   10   6   8   0.0003473176
2   11   1   5   -0.0000086796
2   11   1   8   -0.0000244867
2   11   2   5   -0.0000276922
2   11   2   8   -0.0000280977
2   11   3   5   -0.0000240415
2   11   3   8   -0.0000725527
2   11   4   5   0.0000215498
2   11   4   8   -0.0000023254
2   11   5   6   0.0003299553
2   11   5   7   -0.0004029376
2   11   6   6   -0.0004029376
2   11   6   7   0.0015503648
2   12   1   5   0.0000385047
2   12   1   8   0.0001086281
2   12   2   5   0.0001228485
2   12   2   8   0.0001246475
2   12   3   5   0.0001066531
2   12   3   8   0.0003218595
2   12   4   5   -0.0000955996
2   12   4   8   0.0000103160
2   12   5   6   -0.0004029376
2   12   5   7   0.0001463239
2   12   6   6   0.0020266441
2   12   6   7   0.0004029376
3   7   1   7   0.0002122245
3   7   2   7   0.0000061644
3   7   3   7   0.0001933201
3   7   4   7   0.0000171638
3   7   5   5   -0.0000107911
3   7   5   8   -0.0000186536
3   7   6   5   -0.0000024325
3   7   6   8   -0.0000042049
3   8   1   7   0.0000061644
3   8   2   7   0.0001478185
3   8   3   7   0.0000182763
3   8   4   7   -0.0000200426
3   8   5   5   0.0002452659
3   8   5   8   0.0001234103
3   8   6   5   0.0000552872
3   8   6   8   0.0000278188
3   9   1   7   0.0001933201
3   9   2   7   0.0000182763
3   9   3   7   0.0007004209
3   9   4   7   0.0000578339
3   9   5   5   0.0004703416
3   9   5   8   0.0010983499
3   9   6   5   0.0001060232
3   9   6   8   0.0002475871
3   10   1   7   0.0000171638
3   10   2   7   -0.0000200426
3   10   3   7   0.0000578339
3   10   4   7   0.0002382264
3   10   5   5   -0.0002625144
3   10   5   8   0.0003473176
3   10   6   5   -0.0000591753
3   10   6   8   0.0000782914
3   11   1   5   0.0000385047
3   11   1   8   0.0001086281
3   11   2   5   0.0001228485
3   11   2   8   0.0001246475
3   11   3   5   0.0001066531
3   11   3   8   0.0003218595
3   11   4   5   -0.0000955996
3   11   4   8   0.0000103160
3   11   5   6   -0.0004029376
3   11   5   7   0.0020266441
3   11   6   6   0.0001463239
3   11   6   7   0.0004029376
3   12   1   5   0.0000086796
3   12   1   8   0.0000244867
3   12   2   5   0.0000276922
3   12   2   8   0.0000280977
3   12   3   5   0.0000240415
3   12   3   8   0.0000725527
3   12   4   5   -0.0000215498
3   12   4   8   0.0000023254
3   12   5   6   0.0015503648
3   12   5   7   0.0004029376
3   12   6   6   0.0004029376
3   12   6   7   0.0003299553
4   7   1   5   0.0001174619
4   7   1   8   0.0003039919
4   7   2   5   0.0000005402
4   7   2   8   -0.0000042771
4   7   3   5   -0.0000300765
4   7   3   8   -0.0000422317
4   7   4   5   -0.0000278187
4   7   4   8   0.0000207690
4   7   5   6   -0.0000244867
4   7   5   7   0.0001086281
4   7   6   6   0.0001086281
4   7   6   7   0.0000244867
4   8   1   5   -0.0000056249
4   8   1   8   -0.0000042771
4   8   2   5   0.0019498462
4   8   2   8   0.0011954327
4   8   3   5   -0.0000777325
4   8   3   8   -0.0000433023
4   8   4   5   0.0002731175
4   8   4   8   0.0001474237
4   8   5   6   -0.0000280977
4   8   5   7   0.0001246475
4   8   6   6   0.0001246475
4   8   6   7   0.0000280977
4   9   1   5   -0.0000316161
4   9   1   8   -0.0000422317
4   9   2   5   -0.0001141164
4   9   2   8   -0.0000433023
4   9   3   5   0.0003762887
4   9   3   8   0.0008857131
4   9   4   5   0.0000082409
4   9   4   8   0.0003735915
4   9   5   6   -0.0000725527
4   9   5   7   0.0003218595
4   9   6   6   0.0003218595
4   9   6   7   0.0000725527
4   10   1   5   0.0000168962
4   10   1   8   0.0000207690
4   10   2   5   0.0001165789
4   10   2   8   0.0001474237
4   10   3   5   -0.0001875061
4   10   3   8   0.0003735915
4   10   4   5   0.0001730995
4   10   4   8   0.0008337606
4   10   5   6   -0.0000023254
4   10   5   7   0.0000103160
4   10   6   6   0.0000103160
4   10   6   7   0.0000023254
4   11   1   6   0.0000042049
4   11   1   7   -0.0000186536
4   11   2   6   -0.0000278188
4   11   2   7   0.0001234103
4   11   3   6   -0.0002475871
4   11   3   7   0.0010983499
4   11   4   6   -0.0000782914
4   11   4   7   0.0003473176
4   11   5   5   0.0006413990
4   11   5   8   0.0009527790
4   12   1   6   -0.0000186536
4   12   1   7   -0.0000042049
4   12   2   6   0.0001234103
4   12   2   7   0.0000278188
4   12   3   6   0.0010983499
4   12   3   7   0.0002475871
4   12   4   6   0.0003473176
4   12   4   7   0.0000782914
4   12   6   5   0.0006413990
4   12   6   8   0.0009527790

1   7   7   1   -0.1511262313
1   7   7   4   -0.0299041671
1   7   8   1   -0.0000333410
1   7   8   4   -0.0000076122
1   7   9   1   -0.0000288290
1   7   9   4   0.0000167953
1   7   10   1   0.0010271666
1   7   10   4   0.0002799068
1   7   11   2   0.0000961272
1   7   11   3   -0.0004264409
1   7   12   2   -0.0004264409
1   7   12   3   -0.0000961272
1   8   7   1   -0.0000333410
1   8   7   4   -0.0000075392
1   8   8   1   -0.2193814669
1   8   8   4   -0.0437981753
1   8   9   1   0.0048425863
1   8   9   4   0.0009398036
1   8   10   1   -0.0040677641
1   8   10   4   -0.0007097933
1   8   11   2   0.0002065095
1   8   11   3   -0.0009161208
1   8   12   2   -0.0009161208
1   8   12   3   -0.0002065095
1   9   7   1   -0.0000288290
1   9   7   4   0.0000171409
1   9   8   1   0.0048425863
1   9   8   4   0.0009389498
1   9   9   1   -0.1524567008
1   9   9   4   -0.0298382466
1   9   10   1   0.0121522680
1   9   10   4   0.0031720160
1   9   11   2   0.0010582995
1   9   11   3   -0.0046948448
1   9   12   2   -0.0046948448
1   9   12   3   -0.0010582995
1   10   7   1   0.0010271666
1   10   7   4   0.0002784973
1   10   8   1   -0.0040677641
1   10   8   4   -0.0007082503
1   10   9   1   0.0121522680
1   10   9   4   0.0031710327
1   10   10   1   -0.1515926958
1   10   10   4   -0.0292726131
1   10   11   2   -0.0001830649
1   10   11   3   0.0008121154
1   10   12   2   0.0008121154
1   10   12   3   0.0001830649
1   11   7   2   0.0000960998
1   11   7   3   -0.0004263193
1   11   8   2   0.0002076472
1   11   8   3   -0.0009211676
1   11   9   2   0.0010571317
1   11   9   3   -0.0046896642
1   11   10   2   -0.0001826795
1   11   10   3   0.0008104056
1   11   11   1   -0.1517225572
1   11   11   4   -0.0296779658
1   12   7   2   -0.0004263193
1   12   7   3   -0.0000960998
1   12   8   2   -0.0009211676
1   12   8   3   -0.0002076472
1   12   9   2   -0.0046896642
1   12   9   3   -0.0010571317
1   12   10   2   0.0008104056
1   12   10   3   0.0001826795
1   12   12   1   -0.1517225572
1   12   12   4   -0.0296779658
2   7   7   2   -0.1331246980
2   7   8   2   -0.0000047030
2   7   9   2   0.0000703951
2   7   10   2   0.0002990392
2   7   11   1   0.0000960998
2   7   11   4   0.0001202780
2   7   12   1   -0.0004263193
2   7   12   4   -0.0005335792
2   8   7   2   -0.0000047030
2   8   8   2   -0.1415918259
2   8   9   2   0.0006010825
2   8   10   2   -0.0003829007
2   8   11   1   0.0002076472
2   8   11   4   0.0001533729
2   8   12   1   -0.0009211676
2   8   12   4   -0.0006803953
2   9   7   2   0.0000703951
2   9   8   2   0.0006010825
2   9   9   2   -0.1315212055
2   9   10   2   0.0034474676
2   9   11   1   0.0010571317
2   9   11   4   0.0011722130
2   9   12   1   -0.0046896642
2   9   12   4   -0.0052001896
2   10   7   2   0.0002990392
2   10   8   2   -0.0003829007
2   10   9   2   0.0034474676
2   10   10   2   -0.1304357202
2   10   11   1   -0.0001826795
2   10   11   4   -0.0000060300
2   10   12   1   0.0008104056
2   10   12   4   0.0000267503
2   11   7   1   0.0000961272
2   11   7   4   0.0001200088
2   11   8   1   0.0002065095
2   11   8   4   0.0001521245
2   11   9   1   0.0010582995
2   11   9   4   0.0011739313
2   11   10   1   -0.0001830649
2   11   10   4   -0.0000050275
2   11   11   2   -0.1306887985
2   11   11   3   0.0003685400
2   11   12   2   0.0003685400
2   11   12   3   -0.0007679183
2   12   7   1   -0.0004264409
2   12   7   4   -0.0005323849
2   12   8   1   -0.0009161208
2   12   8   4   -0.0006748573
2   12   9   1   -0.0046948448
2   12   9   4   -0.0052078121
2   12   10   1   0.0008121154
2   12   10   4   0.0000223031
2   12   11   2   0.0003685400
2   12   11   3   -0.0007839291
2   12   12   2   -0.1322406459
2   12   12   3   -0.0003685400
3   7   7   3   -0.1331246980
3   7   8   3   -0.0000047030
3   7   9   3   0.0000703951
3   7   10   3   0.0002990392
3   7   11   1   -0.0004263193
3   7   11   4   -0.0005335792
3   7   12   1   -0.0000960998
3   7   12   4   -0.0001202780
3   8   7   3   -0.0000047030
3   8   8   3   -0.1415918259
3   8   9   3   0.0006010825
3   8   10   3   -0.0003829007
3   8   11   1   -0.0009211676
3   8   11   4   -0.0006803953
3   8   12   1   -0.0002076472
3   8   12   4   -0.0001533729
3   9   7   3   0.0000703951
3   9   8   3   0.0006010825
3   9   9   3   -0.1315212055
3   9   10   3   0.0034474676
3   9   11   1   -0.0046896642
3   9   11   4   -0.0052001896
3   9   12   1   -0.0010571317
3   9   12   4   -0.0011722130
3   10   7   3   0.0002990392
3   10   8   3   -0.0003829007
3   10   9   3   0.0034474676
3   10   10   3   -0.1304357202
3   10   11   1   0.0008104056
3   10   11   4   0.0000267503
3   10   12   1   0.0001826795
3   10   12   4   0.0000060300
3   11   7   1   -0.0004264409
3   11   7   4   -0.0005323849
3   11   8   1   -0.0009161208
3   11   8   4   -0.0006748573
3   11   9   1   -0.0046948448
3   11   9   4   -0.0052078121
3   11   10   1   0.0008121154
3   11   10   4   0.0000223031
3   11   11   2   0.0003685400
3   11   11   3   -0.1322406459
3   11   12   2   -0.0007839291
3   11   12   3   -0.0003685400
3   12   7   1   -0.0000961272
3   12   7   4   -0.0001200088
3   12   8   1   -0.0002065095
3   12   8   4   -0.0001521245
3   12   9   1   -0.0010582995
3   12   9   4   -0.0011739313
3   12   10   1   0.0001830649
3   12   10   4   0.0000050275
3   12   11   2   -0.0007679183
3   12   11   3   -0.0003685400
3   12   12   2   -0.0003685400
3   12   12   3   -0.1306887985
4   7   7   1   -0.0299041671
4   7   7   4   -0.1532592285
4   7   8   1   -0.0000075392
4   7   8   4   0.0000091422
4   7   9   1   0.0000171409
4   7   9   4   0.0000882513
4   7   10   1   0.0002784973
4   7   10   4   -0.0001620102
4   7   11   2   0.0001200088
4   7   11   3   -0.0005323849
4   7   12   2   -0.0005323849
4   7   12   3   -0.0001200088
4   8   7   1   -0.0000076122
4   8   7   4   0.0000091422
4   8   8   1   -0.0437981753
4   8   8   4   -0.1477810886
4   8   9   1   0.0009389498
4   8   9   4   -0.0002164563
4   8   10   1   -0.0007082503
4   8   10   4   0.0001329738
4   8   11   2   0.0001521245
4   8   11   3   -0.0006748573
4   8   12   2   -0.0006748573
4   8   12   3   -0.0001521245
4   9   7   1   0.0000167953
4   9   7   4   0.0000882513
4   9   8   1   0.0009398036
4   9   8   4   -0.0002164563
4   9   9   1   -0.0298382466
4   9   9   4   -0.1516978976
4   9   10   1   0.0031710327
4   9   10   4   -0.0013973525
4   9   11   2   0.0011739313
4   9   11   3   -0.0052078121
4   9   12   2   -0.0052078121
4   9   12   3   -0.0011739313
4   10   7   1   0.0002799068
4   10   7   4   -0.0001620102
4   10   8   1   -0.0007097933
4   10   8   4   0.0001329738
4   10   9   1   0.0031720160
4   10   9   4   -0.0013973525
4   10   10   1   -0.0292726131
4   10   10   4   -0.1520731090
4   10   11   2   -0.0000050275
4   10   11   3   0.0000223031
4   10   12   2   0.0000223031
4   10   12   3   0.0000050275
4   11   7   2   0.0001202780
4   11   7   3   -0.0005335792
4   11   8   2   0.0001533729
4   11   8   3   -0.0006803953
4   11   9   2   0.0011722130
4   11   9   3   -0.0052001896
4   11   10   2   -0.0000060300
4   11   10   3   0.0000267503
4   11   11   1   -0.0296779658
4   11   11   4   -0.1511715873
4   12   7   2   -0.0005335792
4   12   7   3   -0.0001202780
4   12   8   2   -0.0006803953
4   12   8   3   -0.0001533729
4   12   9   2   -0.0052001896
4   12   9   3   -0.0011722130
4   12   10   2   0.0000267503
4   12   10   3   0.0000060300
4   12   12   1   -0.0296779658
4   12   12   4   -0.1511715873

End AIJB Block
Begin IJKA Block
1   7   1   5   0.0131407580
1   7   1   8   0.0303342471
1   7   2   5   -0.0001210135
1   7   2   8   -0.0002280179
1   7   3   5   -0.0022111531
1   7   3   8   -0.0050194760
1   7   4   5   0.0003851967
1   7   4   8   -0.0009674063
1   7   5   6   0.0005912248
1   7   5   7   -0.0026228005
1   7   6   6   -0.0026228005
1   7   6   7   -0.0005912248
1   8   1   5   -0.0068206556
1   8   1   8   -0.0035578655
1   8   2   5   -0.0000098323
1   8   2   8   -0.0000022344
1   8   3   5   0.0000028427
1   8   3   8   0.0000354250
1   8   4   5   0.0002803743
1   8   4   8   0.0001144259
1   8   5   6   0.0000162153
1   8   5   7   -0.0000719344
1   8   6   6   -0.0000719344
1   8   6   7   -0.0000162153
1   9   1   5   -0.0147337153
1   9   1   8   -0.0338043568
1   9   2   5   0.0000030507
1   9   2   8   0.0000622356
1   9   3   5   0.0003218708
1   9   3   8   0.0008338538
1   9   4   5   0.0005569993
1   9   4   8   -0.0004915988
1   9   5   6   0.0005589488
1   9   5   7   -0.0024796172
1   9   6   6   -0.0024796172
1   9   6   7   -0.0005589488
1   10   1   5   0.0056730938
1   10   1   8   -0.0131474002
1   10   2   5   0.0000257735
1   10   2   8   0.0000545768
1   10   3   5   0.0000627684
1   10   3   8   0.0001599441
1   10   4   5   -0.0008561306
1   10   4   8   -0.0016867208
1   10   5   6   0.0000468896
1   10   5   7   -0.0002080123
1   10   6   6   -0.0002080123
1   10   6   7   -0.0000468896
1   11   1   6   0.0093613880
1   11   1   7   -0.0415291351
1   11   2   6   -0.0000043865
1   11   2   7   0.0000194594
1   11   3   6   -0.0000154790
1   11   3   7   0.0000686682
1   11   4   6   0.0000206294
1   11   4   7   -0.0000915164
1   11   5   5   -0.0005015994
1   11   5   8   -0.0014402604
1   12   1   6   -0.0415291351
1   12   1   7   -0.0093613880
1   12   2   6   0.0000194594
1   12   2   7   0.0000043865
1   12   3   6   0.0000686682
1   12   3   7   0.0000154790
1   12   4   6   -0.0000915164
1   12   4   7   -0.0000206294
1   12   6   5   -0.0005015994
1   12   6   8   -0.0014402604
2   7   1   5   -0.0001286885
2   7   1   8   -0.0002440966
2   7   2   5   -0.0001034319
2   7   2   8   0.0001226096
2   7   3   5   -0.0000029322
2   7   3   8   0.0000701055
2   7   4   5   0.0000298723
2   7   4   8   -0.0000572486
2   7   5   6   0.0000327097
2   7   5   7   -0.0001451073
2   7   6   6   -0.0001451073
2   7   6   7   -0.0000327097
2   8   1   5   -0.0000121446
2   8   1   8   -0.0000049486
2   8   2   5   -0.0562746915
2   8   2   8   -0.0354022116
2   8   3   5   0.0041733567
2   8   3   8   0.0029651073
2   8   4   5   -0.0038181643
2   8   4   8   -0.0029658860
2   8   5   6   -0.0000645372
2   8   5   7   0.0002863011
2   8   6   6   0.0002863011
2   8   6   7   0.0000645372
2   9   1   5   -0.0000130272
2   9   1   8   0.0000282467
2   9   2   5   0.0023505022
2   9   2   8   0.0014002077
2   9   3   5   -0.0009417341
2   9   3   8   -0.0013034091
2   9   4   5   0.0008601603
2   9   4   8   0.0008582894
2   9   5   6   0.0001243995
2   9   5   7   -0.0005518629
2   9   6   6   -0.0005518629
2   9   6   7   -0.0001243995
2   10   1   5   0.0000270116
2   10   1   8   0.0000413736
2   10   2   5   -0.0024397673
2   10   2   8   -0.0100168825
2   10   3   5   0.0006811610
2   10   3   8   0.0003047472
2   10   4   5   -0.0007640120
2   10   4   8   -0.0004146993
2   10   5   6   -0.0000002422
2   10   5   7   0.0000010744
2   10   6   6   0.0000010744
2   10   6   7   0.0000002422
2   11   1   6   0.0000029082
2   11   1   7   -0.0000129014
2   11   2   6   0.0006874168
2   11   2   7   -0.0030495291
2   11   3   6   0.0003776601
2   11   3   7   -0.0016753814
2   11   4   6   -0.0002607310
2   11   4   7   0.0011566591
2   11   5   5   0.0001894593
2   11   5   8   0.0001157892
2   12   1   6   -0.0000129014
2   12   1   7   -0.0000029082
2   12   2   6   -0.0030495291
2   12   2   7   -0.0006874168
2   12   3   6   -0.0016753814
2   12   3   7   -0.0003776601
2   12   4   6   0.0011566591
2   12   4   7   0.0002607310
2   12   6   5   0.0001894593
2   12   6   8   0.0001157892
3   7   1   5   -0.0024033833
3   7   1   8   -0.0054241720
3   7   2   5   0.0000028087
3   7   2   8   0.0000783564
3   7   3   5   0.0004125910
3   7   3   8   0.0011614496
3   7   4   5   0.0005910515
3   7   4   8   -0.0006492664
3   7   5   6   0.0006343718
3   7   5   7   -0.0028142102
3   7   6   6   -0.0028142102
3   7   6   7   -0.0006343718
3   8   1   5   -0.0000012263
3   8   1   8   0.0000216787
3   8   2   5   0.0041596358
3   8   2   8   0.0029569502
3   8   3   5   -0.0070373400
3   8   3   8   -0.0032675957
3   8   4   5   0.0029133624
3   8   4   8   0.0012622817
3   8   5   6   0.0000055610
3   8   5   7   -0.0000246696
3   8   6   6   -0.0000246696
3   8   6   7   -0.0000055610
3   9   1   5   0.0001455124
3   9   1   8   0.0004697650
3   9   2   5   -0.0008918454
3   9   2   8   -0.0012086880
3   9   3   5   -0.0085610278
3   9   3   8   -0.0191857597
3   9   4   5   0.0018608286
3   9   4   8   -0.0026156036
3   9   5   6   0.0022817518
3   9   5   7   -0.0101223430
3   9   6   6   -0.0101223430
3   9   6   7   -0.0022817518
3   10   1   5   0.0001184776
3   10   1   8   0.0000638488
3   10   2   5   0.0006531529
3   10   2   8   0.0002966926
3   10   3   5   0.0039526585
3   10   3   8   -0.0087262224
3   10   4   5   -0.0030612957
3   10   4   8   -0.0046290101
3   10   5   6   0.0002109593
3   10   5   7   -0.0009358607
3   10   6   6   -0.0009358607
3   10   6   7   -0.0002109593
3   11   1   6   0.0000554117
3   11   1   7   -0.0002458182
3   11   2   6   0.0003392723
3   11   2   7   -0.0015050852
3   11   3   6   0.0065784778
3   11   3   7   -0.0291835457
3   11   4   6   0.0002937392
3   11   4   7   -0.0013030906
3   11   5   5   -0.0003677967
3   11   5   8   -0.0031521501
3   12   1   6   -0.0002458182
3   12   1   7   -0.0000554117
3   12   2   6   -0.0015050852
3   12   2   7   -0.0003392723
3   12   3   6   -0.0291835457
3   12   3   7   -0.0065784778
3   12   4   6   -0.0013030906
3   12   4   7   -0.0002937392
3   12   6   5   -0.0003677967
3   12   6   8   -0.0031521501
4   7   1   5   0.0004909580
4   7   1   8   -0.0010787564
4   7   2   5   0.0000304133
4   7   2   8   -0.0000569276
4   7   3   5   0.0006181355
4   7   3   8   -0.0006537041
4   7   4   5   0.0003255612
4   7   4   8   0.0005856974
4   7   5   6   0.0000331271
4   7   5   7   -0.0001469588
4   7   6   6   -0.0001469588
4   7   6   7   -0.0000331271
4   8   1   5   0.0002518103
4   8   1   8   0.0000986740
4   8   2   5   -0.0038557076
4   8   2   8   -0.0029482790
4   8   3   5   0.0028107404
4   8   3   8   0.0012202968
4   8   4   5   -0.0076240007
4   8   4   8   -0.0035309224
4   8   5   6   0.0000375703
4   8   5   7   -0.0001666697
4   8   6   6   -0.0001666697
4   8   6   7   -0.0000375703
4   9   1   5   0.0005825789
4   9   1   8   -0.0005168216
4   9   2   5   0.0008161240
4   9   2   8   0.0007779199
4   9   3   5   0.0019274530
4   9   3   8   -0.0025099901
4   9   4   5   -0.0079539807
4   9   4   8   -0.0182013315
4   9   5   6   0.0001203104
4   9   5   7   -0.0005337227
4   9   6   6   -0.0005337227
4   9   6   7   -0.0001203104
4   10   1   5   -0.0007931894
4   10   1   8   -0.0015977151
4   10   2   5   -0.0007384671
4   10   2   8   -0.0004224951
4   10   3   5   -0.0029356825
4   10   3   8   -0.0045374420
4   10   4   5   0.0042053071
4   10   4   8   -0.0098850933
4   10   5   6   0.0006426283
4   10   5   7   -0.0028508378
4   10   6   6   -0.0028508378
4   10   6   7   -0.0006426283
4   11   1   6   0.0000192364
4   11   1   7   -0.0000853370
4   11   2   6   -0.0002226286
4   11   2   7   0.0009876285
4   11   3   6   0.0002545132
4   11   3   7   -0.0011290756
4   11   4   6   0.0058272405
4   11   4   7   -0.0258508949
4   11   5   5   0.0002613339
4   11   5   8   -0.0011659126
4   12   1   6   -0.0000853370
4   12   1   7   -0.0000192364
4   12   2   6   0.0009876285
4   12   2   7   0.0002226286
4   12   3   6   -0.0011290756
4   12   3   7   -0.0002545132
4   12   4   6   -0.0258508949
4   12   4   7   -0.0058272405
4   12   6   5   0.0002613339
4   12   6   8   -0.0011659126
5   7   1   6   0.0006910721
5   7   1   7   -0.0030657447
5   7   2   6   0.0000338074
5   7   2   7   -0.0001499767
5   7   3   6   0.0006556816
5   7   3   7   -0.0029087447
5   7   4   6   0.0000369663
5   7   4   7   -0.0001639903
5   7   5   5   0.0002672423
5   7   5   8   0.0006336318
5   8   1   6   0.0000198339
5   8   1   7   -0.0000879874
5   8   2   6   -0.0000678555
5   8   2   7   0.0003010216
5   8   3   6   0.0000121678
5   8   3   7   -0.0000539791
5   8   4   6   0.0000379109
5   8   4   7   -0.0001681808
5   8   5   5   -0.0056269023
5   8   5   8   -0.0025201303
5   9   1   6   0.0005843591
5   9   1   7   -0.0025923428
5   9   2   6   0.0001079880
5   9   2   7   -0.0004790582
5   9   3   6   0.0022743932
5   9   3   7   -0.0100896986
5   9   4   6   0.0001186083
5   9   4   7   -0.0005261719
5   9   5   5   -0.0071351570
5   9   5   8   -0.0170839008
5   10   1   6   0.0000461555
5   10   1   7   -0.0002047556
5   10   2   6   0.0000049236
5   10   2   7   -0.0000218421
5   10   3   6   0.0001925661
5   10   3   7   -0.0008542647
5   10   4   6   0.0006534463
5   10   4   7   -0.0028988288
5   10   5   5   0.0029237247
5   10   5   8   -0.0081128071
5   11   1   5   -0.0004787752
5   11   1   8   -0.0013663506
5   11   2   5   0.0001452300
5   11   2   8   0.0000933519
5   11   3   5   -0.0004968703
5   11   3   8   -0.0031649014
5   11   4   5   0.0002162868
5   11   4   8   -0.0011019961
5   11   5   6   0.0070114655
5   11   5   7   -0.0311043721
5   11   6   6   -0.0028171289
5   11   6   7   -0.0006350298
5   12   5   6   -0.0253349382
5   12   5   7   -0.0057109349
5   12   6   6   0.0006655008
5   12   6   7   -0.0029523050
6   7   1   6   -0.0030657447
6   7   1   7   -0.0006910721
6   7   2   6   -0.0001499767
6   7   2   7   -0.0000338074
6   7   3   6   -0.0029087447
6   7   3   7   -0.0006556816
6   7   4   6   -0.0001639903
6   7   4   7   -0.0000369663
6   7   6   5   0.0002672423
6   7   6   8   0.0006336318
6   8   1   6   -0.0000879874
6   8   1   7   -0.0000198339
6   8   2   6   0.0003010216
6   8   2   7   0.0000678555
6   8   3   6   -0.0000539791
6   8   3   7   -0.0000121678
6   8   4   6   -0.0001681808
6   8   4   7   -0.0000379109
6   8   6   5   -0.0056269023
6   8   6   8   -0.0025201303
6   9   1   6   -0.0025923428
6   9   1   7   -0.0005843591
6   9   2   6   -0.0004790582
6   9   2   7   -0.0001079880
6   9   3   6   -0.0100896986
6   9   3   7   -0.0022743932
6   9   4   6   -0.0005261719
6   9   4   7   -0.0001186083
6   9   6   5   -0.0071351570
6   9   6   8   -0.0170839008
6   10   1   6   -0.0002047556
6   10   1   7   -0.0000461555
6   10   2   6   -0.0000218421
6   10   2   7   -0.0000049236
6   10   3   6   -0.0008542647
6   10   3   7   -0.0001925661
6   10   4   6   -0.0028988288
6   10   4   7   -0.0006534463
6   10   6   5   0.0029237247
6   10   6   8   -0.0081128071
6   11   5   6   -0.0029523050
6   11   5   7   -0.0006655008
6   11   6   6   0.0057109349
6   11   6   7   -0.0253349382
6   12   1   5   -0.0004787752
6   12   1   8   -0.0013663506
6   12   2   5   0.0001452300
6   12   2   8   0.0000933519
6   12   3   5   -0.0004968703
6   12   3   8   -0.0031649014
6   12   4   5   0.0002162868
6   12   4   8   -0.0011019961
6   12   5   6   0.0006350298
6   12   5   7   -0.0028171289
6   12   6   6   -0.0311043721
6   12   6   7   -0.0070114655

End IJKA Block
Begin IABC Block
1   5   1   5   -0.0000145042
1   5   1   8   -0.0000029014
1   5   2   6   -0.0000303576
1   5   3   7   -0.0000303576
1   5   4   5   0.0000161225
1   5   4   8   0.0000054202
1   6   1   6   -0.0000018616
1   6   2   5   -0.0000304522
1   6   2   8   -0.0000398396
1   6   4   6   0.0000071992
1   7   1   7   -0.0000018616
1   7   3   5   -0.0000304522
1   7   3   8   -0.0000398396
1   7   4   7   0.0000071992
1   8   1   5   -0.0000029044
1   8   1   8   0.0000033480
1   8   2   6   -0.0000396170
1   8   3   7   -0.0000396170
1   8   4   5   0.0000053808
1   8   4   8   -0.0000007244
2   5   1   5   0.0009527581
2   5   1   8   -0.0000467963
2   5   2   6   0.0003455610
2   5   3   7   0.0003455610
2   5   4   5   0.0002138533
2   5   4   8   -0.0000466789
2   6   1   6   0.0000915223
2   6   2   5   0.0003465271
2   6   2   8   0.0001864052
2   6   4   6   0.0000582919
2   7   1   7   0.0000915223
2   7   3   5   0.0003465271
2   7   3   8   0.0001864052
2   7   4   7   0.0000582919
2   8   1   5   -0.0000500123
2   8   1   8   -0.0002253087
2   8   2   6   0.0001859824
2   8   3   7   0.0001859824
2   8   4   5   -0.0000481660
2   8   4   8   -0.0000821801
3   5   1   5   -0.0002581295
3   5   1   8   0.0000039749
3   5   2   6   -0.0000667604
3   5   3   7   -0.0000667604
3   5   4   5   -0.0000750953
3   5   4   8   -0.0000261195
3   6   1   6   -0.0000141510
3   6   2   5   -0.0000678535
3   6   2   8   -0.0000957544
3   6   4   6   -0.0000766737
3   7   1   7   -0.0000141510
3   7   3   5   -0.0000678535
3   7   3   8   -0.0000957544
3   7   4   7   -0.0000766737
3   8   1   5   0.0000027892
3   8   1   8   -0.0000078218
3   8   2   6   -0.0000939008
3   8   3   7   -0.0000939008
3   8   4   5   -0.0000274139
3   8   4   8   -0.0000843489
4   5   1   5   0.0002902056
4   5   1   8   -0.0002343623
4   5   2   6   -0.0002142527
4   5   3   7   -0.0002142527
4   5   4   5   -0.0022953720
4   5   4   8   -0.0004696988
4   6   1   6   -0.0002867087
4   6   2   5   -0.0002119074
4   6   2   8   -0.0000032682
4   6   4   6   -0.0008689478
4   7   1   7   -0.0002867087
4   7   3   5   -0.0002119074
4   7   3   8   -0.0000032682
4   7   4   7   -0.0008689478
4   8   1   5   -0.0002368259
4   8   1   8   -0.0000990239
4   8   2   6   -0.0000056090
4   8   3   7   -0.0000056090
4   8   4   5   -0.0004747888
4   8   4   8   0.0002539969
5   5   1   6   -0.0003748550
5   5   1   7   0.0016629375
5   5   2   5   -0.0001876318
5   5   2   8   -0.0000174090
5   5   3   5   0.0008323752
5   5   3   8   0.0000772300
5   5   4   6   -0.0003976620
5   5   4   7   0.0017641144
5   6   1   5   -0.0003715791
5   6   1   8   -0.0002549011
5   6   2   6   -0.0001124457
5   6   2   7   0.0002572907
5   6   3   6   -0.0000150226
5   6   3   7   -0.0000578342
5   6   4   5   -0.0003934637
5   6   4   8   -0.0003322166
5   7   1   5   0.0016484048
5   7   1   8   0.0011307964
5   7   2   6   0.0002565651
5   7   2   7   0.0000033863
5   7   3   6   -0.0000579978
5   7   3   7   0.0004988333
5   7   4   5   0.0017454897
5   7   4   8   0.0014737844
5   8   1   6   -0.0002590340
5   8   1   7   0.0011491307
5   8   2   5   -0.0000171160
5   8   2   8   0.0001048167
5   8   3   5   0.0000759305
5   8   3   8   -0.0004649893
5   8   4   6   -0.0003382871
5   8   4   7   0.0015007143
6   5   1   6   0.0016629375
6   5   1   7   0.0003748550
6   5   2   5   0.0008323752
6   5   2   8   0.0000772300
6   5   3   5   0.0001876318
6   5   3   8   0.0000174090
6   5   4   6   0.0017641144
6   5   4   7   0.0003976620
6   6   1   5   0.0016484048
6   6   1   8   0.0011307964
6   6   2   6   0.0004988333
6   6   2   7   0.0000579978
6   6   3   6   -0.0000033863
6   6   3   7   0.0002565651
6   6   4   5   0.0017454897
6   6   4   8   0.0014737844
6   7   1   5   0.0003715791
6   7   1   8   0.0002549011
6   7   2   6   0.0000578342
6   7   2   7   -0.0000150226
6   7   3   6   0.0002572907
6   7   3   7   0.0001124457
6   7   4   5   0.0003934637
6   7   4   8   0.0003322166
6   8   1   6   0.0011491307
6   8   1   7   0.0002590340
6   8   2   5   0.0000759305
6   8   2   8   -0.0004649893
6   8   3   5   0.0000171160
6   8   3   8   -0.0001048167
6   8   4   6   0.0015007143
6   8   4   7   0.0003382871

End IABC Block
