Begin IJ Block
1   1   -5.4105717684
1   2   0.0002254665
1   5   -0.0105901329
2   2   -6.7865432658
2   5   -0.0101262736
3   3   -5.8149030549
3   4   -0.0000000000
4   4   -5.8149030550
5   5   -5.6764444920

End IJ Block
Begin IA Block
1   1   0.1071753913
2   1   0.0188815204
3   2   0.1617829595
3   3   -0.0588929185
4   2   0.0588929185
4   3   0.1617829595
5   1   -0.2621741062

End IA Block
Begin AB Block
1   1   -1.5259603523
2   2   -1.3547358881
3   3   -1.3547358881

End AB Block
Begin IJKL Block
1   6   1   6   1.6516005965
1   6   1   7   -0.0003209347
1   6   1   10   0.0118554999
1   6   2   6   -0.0003209347
1   6   2   7   0.0000000967
1   6   2   10   -0.0000033003
1   6   3   8   0.0000002849
1   6   4   9   0.0000002849
1   6   5   6   0.0118554999
1   6   5   7   -0.0000033003
1   6   5   10   0.0001382233
1   7   1   6   -0.0003209347
1   7   1   7   0.1382260994
1   7   1   10   -0.0119445229
1   7   2   6   0.0000000967
1   7   2   7   0.0000206981
1   7   2   10   -0.0000108852
1   7   3   8   0.0000053415
1   7   4   9   0.0000053415
1   7   5   6   -0.0000033003
1   7   5   7   -0.0001860990
1   7   5   10   0.0000307139
1   8   1   8   0.1373888192
1   8   2   8   0.0000192127
1   8   3   6   0.0000002849
1   8   3   7   0.0000053415
1   8   3   10   -0.0000034122
1   8   5   8   -0.0001782978
1   9   1   9   0.1373888192
1   9   2   9   0.0000192127
1   9   4   6   0.0000002849
1   9   4   7   0.0000053415
1   9   4   10   -0.0000034122
1   9   5   9   -0.0001782978
1   10   1   6   0.0118554999
1   10   1   7   -0.0119445229
1   10   1   10   0.1449264460
1   10   2   6   -0.0000033003
1   10   2   7   -0.0000108852
1   10   2   10   0.0000196581
1   10   3   8   -0.0000034122
1   10   4   9   -0.0000034122
1   10   5   6   0.0001382233
1   10   5   7   0.0000307139
1   10   5   10   -0.0001976873
2   6   1   6   -0.0003209347
2   6   1   7   0.0000000967
2   6   1   10   -0.0000033003
2   6   2   6   0.1382260994
2   6   2   7   0.0000206981
2   6   2   10   -0.0001860990
2   6   3   8   0.0000053415
2   6   4   9   0.0000053415
2   6   5   6   -0.0119445229
2   6   5   7   -0.0000108852
2   6   5   10   0.0000307139
2   7   1   6   0.0000000967
2   7   1   7   0.0000206981
2   7   1   10   -0.0000108852
2   7   2   6   0.0000206981
2   7   2   7   0.8835094449
2   7   2   10   0.0064021354
2   7   3   8   0.1658407694
2   7   4   9   0.1658407694
2   7   5   6   -0.0000108852
2   7   5   7   0.0064021354
2   7   5   10   0.1589430938
2   8   1   8   0.0000192127
2   8   2   8   0.8296355936
2   8   3   6   0.0000053415
2   8   3   7   0.1658407694
2   8   3   10   0.0014571112
2   8   5   8   0.0060183148
2   9   1   9   0.0000192127
2   9   2   9   0.8296355936
2   9   4   6   0.0000053415
2   9   4   7   0.1658407694
2   9   4   10   0.0014571112
2   9   5   9   0.0060183148
2   10   1   6   -0.0000033003
2   10   1   7   -0.0000108852
2   10   1   10   0.0000196581
2   10   2   6   -0.0001860990
2   10   2   7   0.0064021354
2   10   2   10   0.8033375818
2   10   3   8   0.0014571112
2   10   4   9   0.0014571112
2   10   5   6   0.0000307139
2   10   5   7   0.1589430938
2   10   5   10   0.0064508467
3   6   1   8   0.0000002849
3   6   2   8   0.0000053415
3   6   3   6   0.1373888192
3   6   3   7   0.0000192127
3   6   3   10   -0.0001782978
3   6   5   8   -0.0000034122
3   7   1   8   0.0000053415
3   7   2   8   0.1658407694
3   7   3   6   0.0000192127
3   7   3   7   0.8296355936
3   7   3   10   0.0060183148
3   7   5   8   0.0014571112
3   8   1   6   0.0000002849
3   8   1   7   0.0000053415
3   8   1   10   -0.0000034122
3   8   2   6   0.0000053415
3   8   2   7   0.1658407694
3   8   2   10   0.0014571112
3   8   3   8   0.8393426526
3   8   3   9   0.0000000000
3   8   4   8   0.0000000000
3   8   4   9   0.0407970254
3   8   5   6   -0.0000034122
3   8   5   7   0.0014571112
3   8   5   10   0.0391817425
3   9   3   8   0.0000000000
3   9   3   9   0.7577486018
3   9   4   8   0.0407970254
3   9   4   9   0.0000000000
3   10   1   8   -0.0000034122
3   10   2   8   0.0014571112
3   10   3   6   -0.0001782978
3   10   3   7   0.0060183148
3   10   3   10   0.7346185390
3   10   4   10   0.0000000000
3   10   5   8   0.0391817425
4   6   1   9   0.0000002849
4   6   2   9   0.0000053415
4   6   4   6   0.1373888192
4   6   4   7   0.0000192127
4   6   4   10   -0.0001782978
4   6   5   9   -0.0000034122
4   7   1   9   0.0000053415
4   7   2   9   0.1658407694
4   7   4   6   0.0000192127
4   7   4   7   0.8296355936
4   7   4   10   0.0060183148
4   7   5   9   0.0014571112
4   8   3   8   0.0000000000
4   8   3   9   0.0407970254
4   8   4   8   0.7577486018
4   8   4   9   0.0000000000
4   9   1   6   0.0000002849
4   9   1   7   0.0000053415
4   9   1   10   -0.0000034122
4   9   2   6   0.0000053415
4   9   2   7   0.1658407694
4   9   2   10   0.0014571112
4   9   3   8   0.0407970254
4   9   3   9   0.0000000000
4   9   4   8   0.0000000000
4   9   4   9   0.8393426527
4   9   5   6   -0.0000034122
4   9   5   7   0.0014571112
4   9   5   10   0.0391817425
4   10   1   9   -0.0000034122
4   10   2   9   0.0014571112
4   10   3   10   0.0000000000
4   10   4   6   -0.0001782978
4   10   4   7   0.0060183148
4   10   4   10   0.7346185391
4   10   5   9   0.0391817425
5   6   1   6   0.0118554999
5   6   1   7   -0.0000033003
5   6   1   10   0.0001382233
5   6   2   6   -0.0119445229
5   6   2   7   -0.0000108852
5   6   2   10   0.0000307139
5   6   3   8   -0.0000034122
5   6   4   9   -0.0000034122
5   6   5   6   0.1449264460
5   6   5   7   0.0000196581
5   6   5   10   -0.0001976873
5   7   1   6   -0.0000033003
5   7   1   7   -0.0001860990
5   7   1   10   0.0000307139
5   7   2   6   -0.0000108852
5   7   2   7   0.0064021354
5   7   2   10   0.1589430938
5   7   3   8   0.0014571112
5   7   4   9   0.0014571112
5   7   5   6   0.0000196581
5   7   5   7   0.8033375818
5   7   5   10   0.0064508467
5   8   1   8   -0.0001782978
5   8   2   8   0.0060183148
5   8   3   6   -0.0000034122
5   8   3   7   0.0014571112
5   8   3   10   0.0391817425
5   8   5   8   0.7346185390
5   8   5   9   0.0000000000
5   9   1   9   -0.0001782978
5   9   2   9   0.0060183148
5   9   4   6   -0.0000034122
5   9   4   7   0.0014571112
5   9   4   10   0.0391817425
5   9   5   8   0.0000000000
5   9   5   9   0.7346185391
5   10   1   6   0.0001382233
5   10   1   7   0.0000307139
5   10   1   10   -0.0001976873
5   10   2   6   0.0000307139
5   10   2   7   0.1589430938
5   10   2   10   0.0064508467
5   10   3   8   0.0391817425
5   10   4   9   0.0391817425
5   10   5   6   -0.0001976873
5   10   5   7   0.0064508467
5   10   5   10   0.7884598619

End IJKL Block
Begin IJAB Block
1   6   1   4   0.0100163238
1   6   2   5   0.0018461367
1   6   3   6   0.0018461367
1   7   1   4   0.0000001665
1   7   2   5   0.0000049897
1   7   3   6   0.0000049897
1   8   1   5   0.0000002464
1   8   1   6   -0.0000000897
1   8   2   4   0.0000535315
1   8   3   4   -0.0000194867
1   9   1   5   0.0000000897
1   9   1   6   0.0000002464
1   9   2   4   0.0000194867
1   9   3   4   0.0000535315
1   10   1   4   0.0001770442
1   10   2   5   -0.0002679336
1   10   3   6   -0.0002679336
2   6   1   4   0.0000001665
2   6   2   5   0.0000049897
2   6   3   6   0.0000049897
2   7   1   4   0.0008293203
2   7   2   5   0.0003067851
2   7   3   6   0.0003067851
2   8   1   5   0.0000736803
2   8   1   6   -0.0000268214
2   8   2   4   0.0000228055
2   8   3   4   -0.0000083018
2   9   1   5   0.0000268214
2   9   1   6   0.0000736803
2   9   2   4   0.0000083018
2   9   3   4   0.0000228055
2   10   1   4   -0.0001547535
2   10   2   5   0.0000165529
2   10   3   6   0.0000165529
3   6   1   5   0.0000535315
3   6   1   6   -0.0000194867
3   6   2   4   0.0000002464
3   6   3   4   -0.0000000897
3   7   1   5   0.0000228055
3   7   1   6   -0.0000083018
3   7   2   4   0.0000736803
3   7   3   4   -0.0000268214
3   8   1   4   0.0002232513
3   8   2   5   0.0011130325
3   8   2   6   -0.0003733246
3   8   3   5   -0.0003733246
3   8   3   6   0.0002233830
3   9   2   5   0.0003733246
3   9   2   6   0.0009380649
3   9   3   5   -0.0000484154
3   9   3   6   -0.0003733246
3   10   1   5   -0.0001719030
3   10   1   6   0.0000625769
3   10   2   4   -0.0016826315
3   10   3   4   0.0006125186
4   6   1   5   0.0000194867
4   6   1   6   0.0000535315
4   6   2   4   0.0000000897
4   6   3   4   0.0000002464
4   7   1   5   0.0000083018
4   7   1   6   0.0000228055
4   7   2   4   0.0000268214
4   7   3   4   0.0000736803
4   8   2   5   0.0003733246
4   8   2   6   -0.0000484154
4   8   3   5   0.0009380649
4   8   3   6   -0.0003733246
4   9   1   4   0.0002232513
4   9   2   5   0.0002233830
4   9   2   6   0.0003733246
4   9   3   5   0.0003733246
4   9   3   6   0.0011130325
4   10   1   5   -0.0000625769
4   10   1   6   -0.0001719030
4   10   2   4   -0.0006125186
4   10   3   4   -0.0016826315
5   6   1   4   0.0001770442
5   6   2   5   -0.0002679336
5   6   3   6   -0.0002679336
5   7   1   4   -0.0001547535
5   7   2   5   0.0000165529
5   7   3   6   0.0000165529
5   8   1   5   -0.0016826315
5   8   1   6   0.0006125186
5   8   2   4   -0.0001719030
5   8   3   4   0.0000625769
5   9   1   5   -0.0006125186
5   9   1   6   -0.0016826315
5   9   2   4   -0.0000625769
5   9   3   4   -0.0001719030
5   10   1   4   0.0035305997
5   10   2   5   0.0003421566
5   10   3   6   0.0003421566

End IJAB Block
Begin ABCD Block
1   4   1   4   0.2346710347
1   4   2   5   0.0364321013
1   4   3   6   0.0364321013
1   5   1   5   0.1861545824
1   5   2   4   0.0364321013
1   6   1   6   0.1861545824
1   6   3   4   0.0364321013
2   4   1   5   0.0364321013
2   4   2   4   0.1861545824
2   5   1   4   0.0364321013
2   5   2   5   0.1749072797
2   5   3   6   0.0093590366
2   6   2   6   0.1561892066
2   6   3   5   0.0093590366
3   4   1   6   0.0364321013
3   4   3   4   0.1861545824
3   5   2   6   0.0093590366
3   5   3   5   0.1561892066
3   6   1   4   0.0364321013
3   6   2   5   0.0093590366
3   6   3   6   0.1749072797

End ABCD Block
Begin AIJB Block
1   6   1   4   0.0100163238
1   6   2   4   0.0000001665
1   6   3   5   0.0000535315
1   6   3   6   -0.0000194867
1   6   4   5   0.0000194867
1   6   4   6   0.0000535315
1   6   5   4   0.0001770442
1   7   1   4   0.0000001665
1   7   2   4   0.0008293203
1   7   3   5   0.0000228055
1   7   3   6   -0.0000083018
1   7   4   5   0.0000083018
1   7   4   6   0.0000228055
1   7   5   4   -0.0001547535
1   8   1   5   0.0000002464
1   8   1   6   -0.0000000897
1   8   2   5   0.0000736803
1   8   2   6   -0.0000268214
1   8   3   4   0.0002232513
1   8   5   5   -0.0016826315
1   8   5   6   0.0006125186
1   9   1   5   0.0000000897
1   9   1   6   0.0000002464
1   9   2   5   0.0000268214
1   9   2   6   0.0000736803
1   9   4   4   0.0002232513
1   9   5   5   -0.0006125186
1   9   5   6   -0.0016826315
1   10   1   4   0.0001770442
1   10   2   4   -0.0001547535
1   10   3   5   -0.0001719030
1   10   3   6   0.0000625769
1   10   4   5   -0.0000625769
1   10   4   6   -0.0001719030
1   10   5   4   0.0035305997
2   6   1   5   0.0018461367
2   6   2   5   0.0000049897
2   6   3   4   0.0000002464
2   6   4   4   0.0000000897
2   6   5   5   -0.0002679336
2   7   1   5   0.0000049897
2   7   2   5   0.0003067851
2   7   3   4   0.0000736803
2   7   4   4   0.0000268214
2   7   5   5   0.0000165529
2   8   1   4   0.0000535315
2   8   2   4   0.0000228055
2   8   3   5   0.0011130325
2   8   3   6   -0.0003733246
2   8   4   5   0.0003733246
2   8   4   6   -0.0000484154
2   8   5   4   -0.0001719030
2   9   1   4   0.0000194867
2   9   2   4   0.0000083018
2   9   3   5   0.0003733246
2   9   3   6   0.0009380649
2   9   4   5   0.0002233830
2   9   4   6   0.0003733246
2   9   5   4   -0.0000625769
2   10   1   5   -0.0002679336
2   10   2   5   0.0000165529
2   10   3   4   -0.0016826315
2   10   4   4   -0.0006125186
2   10   5   5   0.0003421566
3   6   1   6   0.0018461367
3   6   2   6   0.0000049897
3   6   3   4   -0.0000000897
3   6   4   4   0.0000002464
3   6   5   6   -0.0002679336
3   7   1   6   0.0000049897
3   7   2   6   0.0003067851
3   7   3   4   -0.0000268214
3   7   4   4   0.0000736803
3   7   5   6   0.0000165529
3   8   1   4   -0.0000194867
3   8   2   4   -0.0000083018
3   8   3   5   -0.0003733246
3   8   3   6   0.0002233830
3   8   4   5   0.0009380649
3   8   4   6   -0.0003733246
3   8   5   4   0.0000625769
3   9   1   4   0.0000535315
3   9   2   4   0.0000228055
3   9   3   5   -0.0000484154
3   9   3   6   -0.0003733246
3   9   4   5   0.0003733246
3   9   4   6   0.0011130325
3   9   5   4   -0.0001719030
3   10   1   6   -0.0002679336
3   10   2   6   0.0000165529
3   10   3   4   0.0006125186
3   10   4   4   -0.0016826315
3   10   5   6   0.0003421566

1   6   6   1   -0.2918684748
1   6   7   1   0.0000139481
1   6   8   2   -0.0000426575
1   6   8   3   0.0000155284
1   6   9   2   -0.0000155284
1   6   9   3   -0.0000426575
1   6   10   1   -0.0004265317
1   7   6   1   0.0000139481
1   7   7   1   -0.1102731036
1   7   8   2   -0.0019427197
1   7   8   3   0.0007071971
1   7   9   2   -0.0007071971
1   7   9   3   -0.0019427197
1   7   10   1   0.0068717069
1   8   6   2   -0.0000426575
1   8   6   3   0.0000155284
1   8   7   2   -0.0019427197
1   8   7   3   0.0007071971
1   8   8   1   -0.1096202378
1   8   10   2   0.0006571219
1   8   10   3   -0.0002392083
1   9   6   2   -0.0000155284
1   9   6   3   -0.0000426575
1   9   7   2   -0.0007071971
1   9   7   3   -0.0019427197
1   9   9   1   -0.1096202378
1   9   10   2   0.0002392083
1   9   10   3   0.0006571219
1   10   6   1   -0.0004265317
1   10   7   1   0.0068717069
1   10   8   2   0.0006571219
1   10   8   3   -0.0002392083
1   10   9   2   0.0002392083
1   10   9   3   0.0006571219
1   10   10   1   -0.1132561032
2   6   6   2   -0.2255969935
2   6   7   2   0.0000054367
2   6   8   1   -0.0000426575
2   6   9   1   -0.0000155284
2   6   10   2   -0.0001239436
2   7   6   2   0.0000054367
2   7   7   2   -0.1121945825
2   7   8   1   -0.0019427197
2   7   9   1   -0.0007071971
2   7   10   2   0.0063730659
2   8   6   1   -0.0000426575
2   8   7   1   -0.0019427197
2   8   8   2   -0.1121428099
2   8   8   3   0.0001695718
2   8   9   2   -0.0001695718
2   8   9   3   -0.0002020487
2   8   10   1   0.0006571219
2   9   6   1   -0.0000155284
2   9   7   1   -0.0007071971
2   9   8   2   -0.0001695718
2   9   8   3   -0.0002020487
2   9   9   2   -0.1117387125
2   9   9   3   -0.0001695718
2   9   10   1   0.0002392083
2   10   6   2   -0.0001239436
2   10   7   2   0.0063730659
2   10   8   1   0.0006571219
2   10   9   1   0.0002392083
2   10   10   2   -0.1145143466
3   6   6   3   -0.2255969935
3   6   7   3   0.0000054367
3   6   8   1   0.0000155284
3   6   9   1   -0.0000426575
3   6   10   3   -0.0001239436
3   7   6   3   0.0000054367
3   7   7   3   -0.1121945825
3   7   8   1   0.0007071971
3   7   9   1   -0.0019427197
3   7   10   3   0.0063730659
3   8   6   1   0.0000155284
3   8   7   1   0.0007071971
3   8   8   2   0.0001695718
3   8   8   3   -0.1117387125
3   8   9   2   -0.0002020487
3   8   9   3   0.0001695718
3   8   10   1   -0.0002392083
3   9   6   1   -0.0000426575
3   9   7   1   -0.0019427197
3   9   8   2   -0.0002020487
3   9   8   3   0.0001695718
3   9   9   2   -0.0001695718
3   9   9   3   -0.1121428099
3   9   10   1   0.0006571219
3   10   6   3   -0.0001239436
3   10   7   3   0.0063730659
3   10   8   1   -0.0002392083
3   10   9   1   0.0006571219
3   10   10   3   -0.1145143466

End AIJB Block
Begin IJKA Block
1   6   1   4   -0.1012130069
1   6   2   4   0.0000293961
1   6   3   5   0.0000207682
1   6   3   6   -0.0000075601
1   6   4   5   0.0000075601
1   6   4   6   0.0000207682
1   6   5   4   -0.0010671839
1   7   1   4   -0.0003787030
1   7   2   4   -0.0000008545
1   7   3   5   -0.0000000290
1   7   3   6   0.0000000106
1   7   4   5   -0.0000000106
1   7   4   6   -0.0000000290
1   7   5   4   0.0000020692
1   8   1   5   0.0016535799
1   8   1   6   -0.0006019432
1   8   2   5   -0.0000006832
1   8   2   6   0.0000002487
1   8   3   4   0.0000007402
1   8   5   5   0.0000039751
1   8   5   6   -0.0000014470
1   9   1   5   0.0006019432
1   9   1   6   0.0016535799
1   9   2   5   -0.0000002487
1   9   2   6   -0.0000006832
1   9   4   4   0.0000007402
1   9   5   5   0.0000014470
1   9   5   6   0.0000039751
1   10   1   4   -0.0115990298
1   10   2   4   0.0000019002
1   10   3   5   -0.0000038552
1   10   3   6   0.0000014034
1   10   4   5   -0.0000014034
1   10   4   6   -0.0000038552
1   10   5   4   -0.0000219278
2   6   1   4   0.0000293961
2   6   2   4   -0.0007297096
2   6   3   5   0.0001232493
2   6   3   6   -0.0000448657
2   6   4   5   0.0000448657
2   6   4   6   0.0001232493
2   6   5   4   0.0001271443
2   7   1   4   -0.0000008545
2   7   2   4   -0.0028937494
2   7   3   5   -0.0066362098
2   7   3   6   0.0024157412
2   7   4   5   -0.0024157412
2   7   4   6   -0.0066362098
2   7   5   4   0.0113323547
2   8   1   5   -0.0000006832
2   8   1   6   0.0000002487
2   8   2   5   -0.0268768409
2   8   2   6   0.0097838215
2   8   3   4   -0.0005688781
2   8   5   5   -0.0008332991
2   8   5   6   0.0003033411
2   9   1   5   -0.0000002487
2   9   1   6   -0.0000006832
2   9   2   5   -0.0097838215
2   9   2   6   -0.0268768409
2   9   4   4   -0.0005688781
2   9   5   5   -0.0003033411
2   9   5   6   -0.0008332991
2   10   1   4   0.0000019002
2   10   2   4   0.0460390857
2   10   3   5   -0.0008192196
2   10   3   6   0.0002982158
2   10   4   5   -0.0002982158
2   10   4   6   -0.0008192196
2   10   5   4   0.0010596083
3   6   1   5   0.0000207682
3   6   1   6   -0.0000075601
3   6   2   5   0.0001232493
3   6   2   6   -0.0000448657
3   6   3   4   -0.0007141390
3   6   5   5   -0.0000468009
3   6   5   6   0.0000170367
3   7   1   5   -0.0000000290
3   7   1   6   0.0000000106
3   7   2   5   -0.0066362098
3   7   2   6   0.0024157412
3   7   3   4   -0.0026598502
3   7   5   5   -0.0001752362
3   7   5   6   0.0000637902
3   8   1   4   0.0000007402
3   8   2   4   -0.0005688781
3   8   3   5   -0.0271655267
3   8   3   6   0.0098889101
3   8   4   5   -0.0005808334
3   8   4   6   -0.0015955899
3   8   5   4   0.0027528386
3   9   3   5   -0.0087272433
3   9   3   6   -0.0239743468
3   9   4   5   -0.0015955899
3   9   4   6   0.0005808334
3   10   1   5   -0.0000038552
3   10   1   6   0.0000014034
3   10   2   5   -0.0008192196
3   10   2   6   0.0002982158
3   10   3   4   0.0411605610
3   10   5   5   -0.0013930192
3   10   5   6   0.0005070928
4   6   1   5   0.0000075601
4   6   1   6   0.0000207682
4   6   2   5   0.0000448657
4   6   2   6   0.0001232493
4   6   4   4   -0.0007141390
4   6   5   5   -0.0000170367
4   6   5   6   -0.0000468009
4   7   1   5   -0.0000000106
4   7   1   6   -0.0000000290
4   7   2   5   -0.0024157412
4   7   2   6   -0.0066362098
4   7   4   4   -0.0026598502
4   7   5   5   -0.0000637902
4   7   5   6   -0.0001752362
4   8   3   5   -0.0005808334
4   8   3   6   -0.0015955899
4   8   4   5   -0.0239743468
4   8   4   6   0.0087272433
4   9   1   4   0.0000007402
4   9   2   4   -0.0005688781
4   9   3   5   -0.0015955899
4   9   3   6   0.0005808334
4   9   4   5   -0.0098889101
4   9   4   6   -0.0271655267
4   9   5   4   0.0027528386
4   10   1   5   -0.0000014034
4   10   1   6   -0.0000038552
4   10   2   5   -0.0002982158
4   10   2   6   -0.0008192196
4   10   4   4   0.0411605610
4   10   5   5   -0.0005070928
4   10   5   6   -0.0013930192
5   6   1   4   -0.0010671839
5   6   2   4   0.0001271443
5   6   3   5   -0.0000468009
5   6   3   6   0.0000170367
5   6   4   5   -0.0000170367
5   6   4   6   -0.0000468009
5   6   5   4   -0.0008338555
5   7   1   4   0.0000020692
5   7   2   4   0.0113323547
5   7   3   5   -0.0001752362
5   7   3   6   0.0000637902
5   7   4   5   -0.0000637902
5   7   4   6   -0.0001752362
5   7   5   4   -0.0023198579
5   8   1   5   0.0000039751
5   8   1   6   -0.0000014470
5   8   2   5   -0.0008332991
5   8   2   6   0.0003033411
5   8   3   4   0.0027528386
5   8   5   5   -0.0229131341
5   8   5   6   0.0083409362
5   9   1   5   0.0000014470
5   9   1   6   0.0000039751
5   9   2   5   -0.0003033411
5   9   2   6   -0.0008332991
5   9   4   4   0.0027528386
5   9   5   5   -0.0083409362
5   9   5   6   -0.0229131341
5   10   1   4   -0.0000219278
5   10   2   4   0.0010596083
5   10   3   5   -0.0013930192
5   10   3   6   0.0005070928
5   10   4   5   -0.0005070928
5   10   4   6   -0.0013930192
5   10   5   4   0.0444225983

End IJKA Block
Begin IABC Block
1   4   1   4   -0.0004359810
1   4   2   5   0.0030763505
1   4   3   6   0.0030763505
1   5   1   5   -0.0002908262
1   5   2   4   0.0030763505
1   6   1   6   -0.0002908262
1   6   3   4   0.0030763505
2   4   1   4   -0.0002838588
2   4   2   5   0.0000160767
2   4   3   6   0.0000160767
2   5   1   5   -0.0002770325
2   5   2   4   0.0000160767
2   6   1   6   -0.0002770325
2   6   3   4   0.0000160767
3   4   1   5   0.0005287430
3   4   1   6   -0.0001924753
3   4   2   4   0.0011655958
3   4   3   4   -0.0004243051
3   5   1   4   0.0005287430
3   5   2   5   0.0013047482
3   5   2   6   -0.0000823006
3   5   3   5   -0.0003103588
3   5   3   6   0.0002260855
3   6   1   4   -0.0001924753
3   6   2   5   -0.0000823006
3   6   2   6   0.0008525772
3   6   3   5   0.0002260855
3   6   3   6   -0.0004749600
4   4   1   5   0.0001924753
4   4   1   6   0.0005287430
4   4   2   4   0.0004243051
4   4   3   4   0.0011655958
4   5   1   4   0.0001924753
4   5   2   5   0.0004749600
4   5   2   6   0.0002260855
4   5   3   5   0.0008525772
4   5   3   6   0.0000823006
4   6   1   4   0.0005287430
4   6   2   5   0.0002260855
4   6   2   6   0.0003103588
4   6   3   5   0.0000823006
4   6   3   6   0.0013047482
5   4   1   4   -0.0058306064
5   4   2   5   -0.0022758041
5   4   3   6   -0.0022758041
5   5   1   5   -0.0043162554
5   5   2   4   -0.0022758041
5   6   1   6   -0.0043162554
5   6   3   4   -0.0022758041

End IABC Block
