Begin IJ Block
1   1   -41.0514483350
1   2   0.0007126625
1   3   0.7518665123
1   6   0.0305130235
2   2   -6.3457084408
2   3   -0.0024594821
2   6   -0.0095906035
3   3   -9.4515948251
3   6   -0.0386738285
4   4   -8.3010177335
4   5   0.0000000000
5   5   -8.3010177336
6   6   -8.1349929091

End IJ Block
Begin IA Block
1   1   -0.0104374068
2   1   0.1011786509
3   1   0.0696036757
4   2   0.3703833798
4   3   0.0658720846
5   2   -0.0658720846
5   3   0.3703833798
6   1   -0.3384282655

End IA Block
Begin AB Block
1   1   -1.8687186257
2   2   -1.6174693559
2   3   -0.0000000000
3   3   -1.6174693559

End AB Block
Begin IJKL Block
1   7   1   7   5.3561336873
1   7   1   8   -0.0004583040
1   7   1   9   -0.5336173417
1   7   1   12   -0.0199861105
1   7   2   7   -0.0004583040
1   7   2   8   0.0000000953
1   7   2   9   0.0000743075
1   7   2   12   -0.0000294464
1   7   3   7   -0.5336173417
1   7   3   8   0.0000743075
1   7   3   9   0.0861380915
1   7   3   12   0.0031008990
1   7   4   10   0.0359829858
1   7   5   11   0.0359829858
1   7   6   7   -0.0199861105
1   7   6   8   -0.0000294464
1   7   6   9   0.0031008990
1   7   6   12   0.0338108456
1   8   1   7   -0.0004583040
1   8   1   8   0.2113444145
1   8   1   9   0.0012723350
1   8   1   12   -0.0023215736
1   8   2   7   0.0000000953
1   8   2   8   -0.0000057541
1   8   2   9   0.0000000436
1   8   2   12   -0.0000002023
1   8   3   7   0.0000743075
1   8   3   8   0.0000135817
1   8   3   9   -0.0000197594
1   8   3   12   0.0000118070
1   8   4   10   0.0000381130
1   8   5   11   0.0000381130
1   8   6   7   -0.0000294464
1   8   6   8   -0.0022578575
1   8   6   9   -0.0000407460
1   8   6   12   0.0000636086
1   9   1   7   -0.5336173417
1   9   1   8   0.0012723350
1   9   1   9   1.2647362267
1   9   1   12   0.0240690386
1   9   2   7   0.0000743075
1   9   2   8   0.0000000436
1   9   2   9   -0.0000216601
1   9   2   12   -0.0000336146
1   9   3   7   0.0861380915
1   9   3   8   -0.0000197594
1   9   3   9   -0.0232172669
1   9   3   12   -0.0010280643
1   9   4   10   0.0372829342
1   9   5   11   0.0372829342
1   9   6   7   0.0031008990
1   9   6   8   -0.0000407460
1   9   6   9   -0.0013927724
1   9   6   12   0.0352204173
1   10   1   10   1.1643428041
1   10   2   10   -0.0000138477
1   10   3   10   -0.0145038549
1   10   3   11   0.0000000000
1   10   4   7   0.0359829858
1   10   4   8   0.0000381130
1   10   4   9   0.0372829342
1   10   4   12   0.0010774483
1   10   6   10   -0.0007935848
1   11   1   11   1.1643428041
1   11   2   11   -0.0000138477
1   11   3   10   0.0000000000
1   11   3   11   -0.0145038549
1   11   5   7   0.0359829858
1   11   5   8   0.0000381130
1   11   5   9   0.0372829342
1   11   5   12   0.0010774483
1   11   6   11   -0.0007935848
1   12   1   7   -0.0199861105
1   12   1   8   -0.0023215736
1   12   1   9   0.0240690386
1   12   1   12   1.1222556129
1   12   2   7   -0.0000294464
1   12   2   8   -0.0000002023
1   12   2   9   -0.0000336146
1   12   2   12   -0.0000149091
1   12   3   7   0.0031008990
1   12   3   8   0.0000118070
1   12   3   9   -0.0010280643
1   12   3   12   -0.0136286590
1   12   4   10   0.0010774483
1   12   5   11   0.0010774483
1   12   6   7   0.0338108456
1   12   6   8   0.0000636086
1   12   6   9   0.0352204173
1   12   6   12   0.0010753160
2   7   1   7   -0.0004583040
2   7   1   8   0.0000000953
2   7   1   9   0.0000743075
2   7   1   12   -0.0000294464
2   7   2   7   0.2113444145
2   7   2   8   -0.0000057541
2   7   2   9   0.0000135817
2   7   2   12   -0.0022578575
2   7   3   7   0.0012723350
2   7   3   8   0.0000000436
2   7   3   9   -0.0000197594
2   7   3   12   -0.0000407460
2   7   4   10   0.0000381130
2   7   5   11   0.0000381130
2   7   6   7   -0.0023215736
2   7   6   8   -0.0000002023
2   7   6   9   0.0000118070
2   7   6   12   0.0000636086
2   8   1   7   0.0000000953
2   8   1   8   -0.0000057541
2   8   1   9   0.0000000436
2   8   1   12   -0.0000002023
2   8   2   7   -0.0000057541
2   8   2   8   1.6510512154
2   8   2   9   -0.0053130286
2   8   2   12   0.0276483368
2   8   3   7   0.0000000436
2   8   3   8   -0.0053130286
2   8   3   9   0.0000288713
2   8   3   12   -0.0001567618
2   8   4   10   0.0000133525
2   8   5   11   0.0000133525
2   8   6   7   -0.0000002023
2   8   6   8   0.0276483368
2   8   6   9   -0.0001567618
2   8   6   12   0.0009000252
2   9   1   7   0.0000743075
2   9   1   8   0.0000000436
2   9   1   9   -0.0000216601
2   9   1   12   -0.0000336146
2   9   2   7   0.0000135817
2   9   2   8   -0.0053130286
2   9   2   9   0.2123159145
2   9   2   12   -0.0287488869
2   9   3   7   -0.0000197594
2   9   3   8   0.0000288713
2   9   3   9   0.0009570389
2   9   3   12   -0.0002211119
2   9   4   10   0.0002300033
2   9   5   11   0.0002300033
2   9   6   7   0.0000118070
2   9   6   8   -0.0001567618
2   9   6   9   -0.0020460572
2   9   6   12   0.0005229632
2   10   1   10   -0.0000138477
2   10   2   10   0.2093186067
2   10   3   10   0.0008784056
2   10   4   7   0.0000381130
2   10   4   8   0.0000133525
2   10   4   9   0.0002300033
2   10   4   12   -0.0000815097
2   10   6   10   -0.0018891566
2   11   1   11   -0.0000138477
2   11   2   11   0.2093186067
2   11   3   11   0.0008784056
2   11   5   7   0.0000381130
2   11   5   8   0.0000133525
2   11   5   9   0.0002300033
2   11   5   12   -0.0000815097
2   11   6   11   -0.0018891566
2   12   1   7   -0.0000294464
2   12   1   8   -0.0000002023
2   12   1   9   -0.0000336146
2   12   1   12   -0.0000149091
2   12   2   7   -0.0022578575
2   12   2   8   0.0276483368
2   12   2   9   -0.0287488869
2   12   2   12   0.2284618118
2   12   3   7   -0.0000407460
2   12   3   8   -0.0001567618
2   12   3   9   -0.0002211119
2   12   3   12   0.0009072284
2   12   4   10   -0.0000815097
2   12   5   11   -0.0000815097
2   12   6   7   0.0000636086
2   12   6   8   0.0009000252
2   12   6   9   0.0005229632
2   12   6   12   -0.0021794229
3   7   1   7   -0.5336173417
3   7   1   8   0.0000743075
3   7   1   9   0.0861380915
3   7   1   12   0.0031008990
3   7   2   7   0.0012723350
3   7   2   8   0.0000000436
3   7   2   9   -0.0000197594
3   7   2   12   -0.0000407460
3   7   3   7   1.2647362267
3   7   3   8   -0.0000216601
3   7   3   9   -0.0232172669
3   7   3   12   -0.0013927724
3   7   4   10   0.0372829342
3   7   5   11   0.0372829342
3   7   6   7   0.0240690386
3   7   6   8   -0.0000336146
3   7   6   9   -0.0010280643
3   7   6   12   0.0352204173
3   8   1   7   0.0000743075
3   8   1   8   0.0000135817
3   8   1   9   -0.0000197594
3   8   1   12   0.0000118070
3   8   2   7   0.0000000436
3   8   2   8   -0.0053130286
3   8   2   9   0.0000288713
3   8   2   12   -0.0001567618
3   8   3   7   -0.0000216601
3   8   3   8   0.2123159145
3   8   3   9   0.0009570389
3   8   3   12   -0.0020460572
3   8   4   10   0.0002300033
3   8   5   11   0.0002300033
3   8   6   7   -0.0000336146
3   8   6   8   -0.0287488869
3   8   6   9   -0.0002211119
3   8   6   12   0.0005229632
3   9   1   7   0.0861380915
3   9   1   8   -0.0000197594
3   9   1   9   -0.0232172669
3   9   1   12   -0.0010280643
3   9   2   7   -0.0000197594
3   9   2   8   0.0000288713
3   9   2   9   0.0009570389
3   9   2   12   -0.0002211119
3   9   3   7   -0.0232172669
3   9   3   8   0.0009570389
3   9   3   9   0.8833002757
3   9   3   12   0.0088288125
3   9   4   10   0.1644902087
3   9   5   11   0.1644902087
3   9   6   7   -0.0010280643
3   9   6   8   -0.0002211119
3   9   6   9   0.0088288125
3   9   6   12   0.1590550758
3   10   1   10   -0.0145038549
3   10   1   11   0.0000000000
3   10   2   10   0.0008784056
3   10   3   10   0.8255587421
3   10   4   7   0.0372829342
3   10   4   8   0.0002300033
3   10   4   9   0.1644902087
3   10   4   12   0.0024583344
3   10   6   10   0.0089685355
3   11   1   10   0.0000000000
3   11   1   11   -0.0145038549
3   11   2   11   0.0008784056
3   11   3   11   0.8255587421
3   11   5   7   0.0372829342
3   11   5   8   0.0002300033
3   11   5   9   0.1644902087
3   11   5   12   0.0024583344
3   11   6   11   0.0089685355
3   12   1   7   0.0031008990
3   12   1   8   0.0000118070
3   12   1   9   -0.0010280643
3   12   1   12   -0.0136286590
3   12   2   7   -0.0000407460
3   12   2   8   -0.0001567618
3   12   2   9   -0.0002211119
3   12   2   12   0.0009072284
3   12   3   7   -0.0013927724
3   12   3   8   -0.0020460572
3   12   3   9   0.0088288125
3   12   3   12   0.8032246845
3   12   4   10   0.0024583344
3   12   5   11   0.0024583344
3   12   6   7   0.0352204173
3   12   6   8   0.0005229632
3   12   6   9   0.1590550758
3   12   6   12   0.0111913765
4   7   1   10   0.0359829858
4   7   2   10   0.0000381130
4   7   3   10   0.0372829342
4   7   4   7   1.1643428041
4   7   4   8   -0.0000138477
4   7   4   9   -0.0145038549
4   7   4   12   -0.0007935848
4   7   5   9   0.0000000000
4   7   6   10   0.0010774483
4   8   1   10   0.0000381130
4   8   2   10   0.0000133525
4   8   3   10   0.0002300033
4   8   4   7   -0.0000138477
4   8   4   8   0.2093186067
4   8   4   9   0.0008784056
4   8   4   12   -0.0018891566
4   8   6   10   -0.0000815097
4   9   1   10   0.0372829342
4   9   2   10   0.0002300033
4   9   3   10   0.1644902087
4   9   4   7   -0.0145038549
4   9   4   8   0.0008784056
4   9   4   9   0.8255587421
4   9   4   12   0.0089685355
4   9   5   7   0.0000000000
4   9   6   10   0.0024583344
4   10   1   7   0.0359829858
4   10   1   8   0.0000381130
4   10   1   9   0.0372829342
4   10   1   12   0.0010774483
4   10   2   7   0.0000381130
4   10   2   8   0.0000133525
4   10   2   9   0.0002300033
4   10   2   12   -0.0000815097
4   10   3   7   0.0372829342
4   10   3   8   0.0002300033
4   10   3   9   0.1644902087
4   10   3   12   0.0024583344
4   10   4   10   0.8312776730
4   10   4   11   -0.0000000000
4   10   5   10   -0.0000000000
4   10   5   11   0.0402102499
4   10   6   7   0.0010774483
4   10   6   8   -0.0000815097
4   10   6   9   0.0024583344
4   10   6   12   0.0390087298
4   11   4   10   -0.0000000000
4   11   4   11   0.7508571733
4   11   5   10   0.0402102499
4   11   5   11   -0.0000000000
4   12   1   10   0.0010774483
4   12   2   10   -0.0000815097
4   12   3   10   0.0024583344
4   12   4   7   -0.0007935848
4   12   4   8   -0.0018891566
4   12   4   9   0.0089685355
4   12   4   12   0.7314586164
4   12   5   12   -0.0000000000
4   12   6   10   0.0390087298
5   7   1   11   0.0359829858
5   7   2   11   0.0000381130
5   7   3   11   0.0372829342
5   7   4   9   0.0000000000
5   7   5   7   1.1643428041
5   7   5   8   -0.0000138477
5   7   5   9   -0.0145038549
5   7   5   12   -0.0007935848
5   7   6   11   0.0010774483
5   8   1   11   0.0000381130
5   8   2   11   0.0000133525
5   8   3   11   0.0002300033
5   8   5   7   -0.0000138477
5   8   5   8   0.2093186067
5   8   5   9   0.0008784056
5   8   5   12   -0.0018891566
5   8   6   11   -0.0000815097
5   9   1   11   0.0372829342
5   9   2   11   0.0002300033
5   9   3   11   0.1644902087
5   9   4   7   0.0000000000
5   9   5   7   -0.0145038549
5   9   5   8   0.0008784056
5   9   5   9   0.8255587421
5   9   5   12   0.0089685355
5   9   6   11   0.0024583344
5   10   4   10   -0.0000000000
5   10   4   11   0.0402102499
5   10   5   10   0.7508571733
5   10   5   11   -0.0000000000
5   11   1   7   0.0359829858
5   11   1   8   0.0000381130
5   11   1   9   0.0372829342
5   11   1   12   0.0010774483
5   11   2   7   0.0000381130
5   11   2   8   0.0000133525
5   11   2   9   0.0002300033
5   11   2   12   -0.0000815097
5   11   3   7   0.0372829342
5   11   3   8   0.0002300033
5   11   3   9   0.1644902087
5   11   3   12   0.0024583344
5   11   4   10   0.0402102499
5   11   4   11   -0.0000000000
5   11   5   10   -0.0000000000
5   11   5   11   0.8312776730
5   11   6   7   0.0010774483
5   11   6   8   -0.0000815097
5   11   6   9   0.0024583344
5   11   6   12   0.0390087298
5   12   1   11   0.0010774483
5   12   2   11   -0.0000815097
5   12   3   11   0.0024583344
5   12   4   12   -0.0000000000
5   12   5   7   -0.0007935848
5   12   5   8   -0.0018891566
5   12   5   9   0.0089685355
5   12   5   12   0.7314586164
5   12   6   11   0.0390087298
6   7   1   7   -0.0199861105
6   7   1   8   -0.0000294464
6   7   1   9   0.0031008990
6   7   1   12   0.0338108456
6   7   2   7   -0.0023215736
6   7   2   8   -0.0000002023
6   7   2   9   0.0000118070
6   7   2   12   0.0000636086
6   7   3   7   0.0240690386
6   7   3   8   -0.0000336146
6   7   3   9   -0.0010280643
6   7   3   12   0.0352204173
6   7   4   10   0.0010774483
6   7   5   11   0.0010774483
6   7   6   7   1.1222556129
6   7   6   8   -0.0000149091
6   7   6   9   -0.0136286590
6   7   6   12   0.0010753160
6   8   1   7   -0.0000294464
6   8   1   8   -0.0022578575
6   8   1   9   -0.0000407460
6   8   1   12   0.0000636086
6   8   2   7   -0.0000002023
6   8   2   8   0.0276483368
6   8   2   9   -0.0001567618
6   8   2   12   0.0009000252
6   8   3   7   -0.0000336146
6   8   3   8   -0.0287488869
6   8   3   9   -0.0002211119
6   8   3   12   0.0005229632
6   8   4   10   -0.0000815097
6   8   5   11   -0.0000815097
6   8   6   7   -0.0000149091
6   8   6   8   0.2284618118
6   8   6   9   0.0009072284
6   8   6   12   -0.0021794229
6   9   1   7   0.0031008990
6   9   1   8   -0.0000407460
6   9   1   9   -0.0013927724
6   9   1   12   0.0352204173
6   9   2   7   0.0000118070
6   9   2   8   -0.0001567618
6   9   2   9   -0.0020460572
6   9   2   12   0.0005229632
6   9   3   7   -0.0010280643
6   9   3   8   -0.0002211119
6   9   3   9   0.0088288125
6   9   3   12   0.1590550758
6   9   4   10   0.0024583344
6   9   5   11   0.0024583344
6   9   6   7   -0.0136286590
6   9   6   8   0.0009072284
6   9   6   9   0.8032246845
6   9   6   12   0.0111913765
6   10   1   10   -0.0007935848
6   10   2   10   -0.0018891566
6   10   3   10   0.0089685355
6   10   4   7   0.0010774483
6   10   4   8   -0.0000815097
6   10   4   9   0.0024583344
6   10   4   12   0.0390087298
6   10   6   10   0.7314586164
6   10   6   11   -0.0000000000
6   11   1   11   -0.0007935848
6   11   2   11   -0.0018891566
6   11   3   11   0.0089685355
6   11   5   7   0.0010774483
6   11   5   8   -0.0000815097
6   11   5   9   0.0024583344
6   11   5   12   0.0390087298
6   11   6   10   -0.0000000000
6   11   6   11   0.7314586164
6   12   1   7   0.0338108456
6   12   1   8   0.0000636086
6   12   1   9   0.0352204173
6   12   1   12   0.0010753160
6   12   2   7   0.0000636086
6   12   2   8   0.0009000252
6   12   2   9   0.0005229632
6   12   2   12   -0.0021794229
6   12   3   7   0.0352204173
6   12   3   8   0.0005229632
6   12   3   9   0.1590550758
6   12   3   12   0.0111913765
6   12   4   10   0.0390087298
6   12   5   11   0.0390087298
6   12   6   7   0.0010753160
6   12   6   8   -0.0021794229
6   12   6   9   0.0111913765
6   12   6   12   0.7890641648

End IJKL Block
Begin IJAB Block
1   7   1   4   0.0001890210
1   7   2   5   0.0002010721
1   7   3   6   0.0002010721
1   8   1   4   0.0000030882
1   8   2   5   -0.0000016339
1   8   3   6   -0.0000016339
1   9   1   4   0.0001622848
1   9   2   5   0.0001928589
1   9   3   6   0.0001928589
1   10   1   5   -0.0000192895
1   10   1   6   -0.0000034306
1   10   2   4   0.0000307567
1   10   3   4   0.0000054700
1   11   1   5   0.0000034306
1   11   1   6   -0.0000192895
1   11   2   4   -0.0000054700
1   11   3   4   0.0000307567
1   12   1   4   -0.0000054952
1   12   2   5   0.0000126809
1   12   3   6   0.0000126809
2   7   1   4   0.0000030882
2   7   2   5   -0.0000016339
2   7   3   6   -0.0000016339
2   8   1   4   0.0064497854
2   8   2   5   0.0007695342
2   8   3   6   0.0007695342
2   9   1   4   -0.0000018254
2   9   2   5   0.0000074079
2   9   3   6   0.0000074079
2   10   1   5   0.0000388736
2   10   1   6   0.0000069136
2   10   2   4   0.0000951035
2   10   3   4   0.0000169140
2   11   1   5   -0.0000069136
2   11   1   6   0.0000388736
2   11   2   4   -0.0000169140
2   11   3   4   0.0000951035
2   12   1   4   0.0001272965
2   12   2   5   -0.0001776993
2   12   3   6   -0.0001776993
3   7   1   4   0.0001622848
3   7   2   5   0.0001928589
3   7   3   6   0.0001928589
3   8   1   4   -0.0000018254
3   8   2   5   0.0000074079
3   8   3   6   0.0000074079
3   9   1   4   0.0007544261
3   9   2   5   0.0007255617
3   9   3   6   0.0007255617
3   10   1   5   0.0003980751
3   10   1   6   0.0000707970
3   10   2   4   0.0001007001
3   10   3   4   0.0000179093
3   11   1   5   -0.0000707970
3   11   1   6   0.0003980751
3   11   2   4   -0.0000179093
3   11   3   4   0.0001007001
3   12   1   4   -0.0004436304
3   12   2   5   0.0000370036
3   12   3   6   0.0000370036
4   7   1   5   0.0000307567
4   7   1   6   0.0000054700
4   7   2   4   -0.0000192895
4   7   3   4   -0.0000034306
4   8   1   5   0.0000951035
4   8   1   6   0.0000169140
4   8   2   4   0.0000388736
4   8   3   4   0.0000069136
4   9   1   5   0.0001007001
4   9   1   6   0.0000179093
4   9   2   4   0.0003980751
4   9   3   4   0.0000707970
4   10   1   4   0.0002704570
4   10   2   5   0.0026553878
4   10   2   6   0.0004350453
4   10   3   5   0.0004350453
4   10   3   6   0.0002866018
4   11   2   5   -0.0004350453
4   11   2   6   0.0022369284
4   11   3   5   0.0001318576
4   11   3   6   0.0004350453
4   12   1   5   -0.0002763522
4   12   1   6   -0.0000491488
4   12   2   4   -0.0022066494
4   12   3   4   -0.0003924490
5   7   1   5   -0.0000054700
5   7   1   6   0.0000307567
5   7   2   4   0.0000034306
5   7   3   4   -0.0000192895
5   8   1   5   -0.0000169140
5   8   1   6   0.0000951035
5   8   2   4   -0.0000069136
5   8   3   4   0.0000388736
5   9   1   5   -0.0000179093
5   9   1   6   0.0001007001
5   9   2   4   -0.0000707970
5   9   3   4   0.0003980751
5   10   2   5   -0.0004350453
5   10   2   6   0.0001318576
5   10   3   5   0.0022369284
5   10   3   6   0.0004350453
5   11   1   4   0.0002704570
5   11   2   5   0.0002866018
5   11   2   6   -0.0004350453
5   11   3   5   -0.0004350453
5   11   3   6   0.0026553878
5   12   1   5   0.0000491488
5   12   1   6   -0.0002763522
5   12   2   4   0.0003924490
5   12   3   4   -0.0022066494
6   7   1   4   -0.0000054952
6   7   2   5   0.0000126809
6   7   3   6   0.0000126809
6   8   1   4   0.0001272965
6   8   2   5   -0.0001776993
6   8   3   6   -0.0001776993
6   9   1   4   -0.0004436304
6   9   2   5   0.0000370036
6   9   3   6   0.0000370036
6   10   1   5   -0.0022066494
6   10   1   6   -0.0003924490
6   10   2   4   -0.0002763522
6   10   3   4   -0.0000491488
6   11   1   5   0.0003924490
6   11   1   6   -0.0022066494
6   11   2   4   0.0000491488
6   11   3   4   -0.0002763522
6   12   1   4   0.0025965870
6   12   2   5   0.0003794836
6   12   3   6   0.0003794836

End IJAB Block
Begin ABCD Block
1   4   1   4   0.2230121603
1   4   2   5   0.0268710760
1   4   3   6   0.0268710760
1   5   1   5   0.1562172904
1   5   2   4   0.0268710760
1   6   1   6   0.1562172904
1   6   3   4   0.0268710760
2   4   1   5   0.0268710760
2   4   2   4   0.1562172904
2   5   1   4   0.0268710760
2   5   2   5   0.1429504091
2   5   3   6   0.0080625458
2   6   2   6   0.1268253175
2   6   3   5   0.0080625458
3   4   1   6   0.0268710760
3   4   3   4   0.1562172904
3   5   2   6   0.0080625458
3   5   3   5   0.1268253175
3   6   1   4   0.0268710760
3   6   2   5   0.0080625458
3   6   3   6   0.1429504091

End ABCD Block
Begin AIJB Block
1   7   1   4   0.0001890210
1   7   2   4   0.0000030882
1   7   3   4   0.0001622848
1   7   4   5   0.0000307567
1   7   4   6   0.0000054700
1   7   5   5   -0.0000054700
1   7   5   6   0.0000307567
1   7   6   4   -0.0000054952
1   8   1   4   0.0000030882
1   8   2   4   0.0064497854
1   8   3   4   -0.0000018254
1   8   4   5   0.0000951035
1   8   4   6   0.0000169140
1   8   5   5   -0.0000169140
1   8   5   6   0.0000951035
1   8   6   4   0.0001272965
1   9   1   4   0.0001622848
1   9   2   4   -0.0000018254
1   9   3   4   0.0007544261
1   9   4   5   0.0001007001
1   9   4   6   0.0000179093
1   9   5   5   -0.0000179093
1   9   5   6   0.0001007001
1   9   6   4   -0.0004436304
1   10   1   5   -0.0000192895
1   10   1   6   -0.0000034306
1   10   2   5   0.0000388736
1   10   2   6   0.0000069136
1   10   3   5   0.0003980751
1   10   3   6   0.0000707970
1   10   4   4   0.0002704570
1   10   6   5   -0.0022066494
1   10   6   6   -0.0003924490
1   11   1   5   0.0000034306
1   11   1   6   -0.0000192895
1   11   2   5   -0.0000069136
1   11   2   6   0.0000388736
1   11   3   5   -0.0000707970
1   11   3   6   0.0003980751
1   11   5   4   0.0002704570
1   11   6   5   0.0003924490
1   11   6   6   -0.0022066494
1   12   1   4   -0.0000054952
1   12   2   4   0.0001272965
1   12   3   4   -0.0004436304
1   12   4   5   -0.0002763522
1   12   4   6   -0.0000491488
1   12   5   5   0.0000491488
1   12   5   6   -0.0002763522
1   12   6   4   0.0025965870
2   7   1   5   0.0002010721
2   7   2   5   -0.0000016339
2   7   3   5   0.0001928589
2   7   4   4   -0.0000192895
2   7   5   4   0.0000034306
2   7   6   5   0.0000126809
2   8   1   5   -0.0000016339
2   8   2   5   0.0007695342
2   8   3   5   0.0000074079
2   8   4   4   0.0000388736
2   8   5   4   -0.0000069136
2   8   6   5   -0.0001776993
2   9   1   5   0.0001928589
2   9   2   5   0.0000074079
2   9   3   5   0.0007255617
2   9   4   4   0.0003980751
2   9   5   4   -0.0000707970
2   9   6   5   0.0000370036
2   10   1   4   0.0000307567
2   10   2   4   0.0000951035
2   10   3   4   0.0001007001
2   10   4   5   0.0026553878
2   10   4   6   0.0004350453
2   10   5   5   -0.0004350453
2   10   5   6   0.0001318576
2   10   6   4   -0.0002763522
2   11   1   4   -0.0000054700
2   11   2   4   -0.0000169140
2   11   3   4   -0.0000179093
2   11   4   5   -0.0004350453
2   11   4   6   0.0022369284
2   11   5   5   0.0002866018
2   11   5   6   -0.0004350453
2   11   6   4   0.0000491488
2   12   1   5   0.0000126809
2   12   2   5   -0.0001776993
2   12   3   5   0.0000370036
2   12   4   4   -0.0022066494
2   12   5   4   0.0003924490
2   12   6   5   0.0003794836
3   7   1   6   0.0002010721
3   7   2   6   -0.0000016339
3   7   3   6   0.0001928589
3   7   4   4   -0.0000034306
3   7   5   4   -0.0000192895
3   7   6   6   0.0000126809
3   8   1   6   -0.0000016339
3   8   2   6   0.0007695342
3   8   3   6   0.0000074079
3   8   4   4   0.0000069136
3   8   5   4   0.0000388736
3   8   6   6   -0.0001776993
3   9   1   6   0.0001928589
3   9   2   6   0.0000074079
3   9   3   6   0.0007255617
3   9   4   4   0.0000707970
3   9   5   4   0.0003980751
3   9   6   6   0.0000370036
3   10   1   4   0.0000054700
3   10   2   4   0.0000169140
3   10   3   4   0.0000179093
3   10   4   5   0.0004350453
3   10   4   6   0.0002866018
3   10   5   5   0.0022369284
3   10   5   6   0.0004350453
3   10   6   4   -0.0000491488
3   11   1   4   0.0000307567
3   11   2   4   0.0000951035
3   11   3   4   0.0001007001
3   11   4   5   0.0001318576
3   11   4   6   0.0004350453
3   11   5   5   -0.0004350453
3   11   5   6   0.0026553878
3   11   6   4   -0.0002763522
3   12   1   6   0.0000126809
3   12   2   6   -0.0001776993
3   12   3   6   0.0000370036
3   12   4   4   -0.0003924490
3   12   5   4   -0.0022066494
3   12   6   6   0.0003794836

1   7   7   1   -0.1332877271
1   7   8   1   -0.0000012173
1   7   9   1   0.0000684408
1   7   10   2   -0.0003152709
1   7   10   3   -0.0000560704
1   7   11   2   0.0000560704
1   7   11   3   -0.0003152709
1   7   12   1   0.0008300609
1   8   7   1   -0.0000012173
1   8   8   1   -0.2594381649
1   8   9   1   0.0003370917
1   8   10   2   -0.0001721096
1   8   10   3   -0.0000306094
1   8   11   2   0.0000306094
1   8   11   3   -0.0001721096
1   8   12   1   -0.0013704890
1   9   7   1   0.0000684408
1   9   8   1   0.0003370917
1   9   9   1   -0.1319530251
1   9   10   2   -0.0034930282
1   9   10   3   -0.0006212294
1   9   11   2   0.0006212294
1   9   11   3   -0.0034930282
1   9   12   1   0.0097548169
1   10   7   2   -0.0003152709
1   10   7   3   -0.0000560704
1   10   8   2   -0.0001721096
1   10   8   3   -0.0000306094
1   10   9   2   -0.0034930282
1   10   9   3   -0.0006212294
1   10   10   1   -0.1313654260
1   10   12   2   0.0011848137
1   10   12   3   0.0002107172
1   11   7   2   0.0000560704
1   11   7   3   -0.0003152709
1   11   8   2   0.0000306094
1   11   8   3   -0.0001721096
1   11   9   2   0.0006212294
1   11   9   3   -0.0034930282
1   11   11   1   -0.1313654260
1   11   12   2   -0.0002107172
1   11   12   3   0.0011848137
1   12   7   1   0.0008300609
1   12   8   1   -0.0013704890
1   12   9   1   0.0097548169
1   12   10   2   0.0011848137
1   12   10   3   0.0002107172
1   12   11   2   -0.0002107172
1   12   11   3   0.0011848137
1   12   12   1   -0.1355108367
2   7   7   2   -0.1302739570
2   7   8   2   -0.0000005530
2   7   9   2   0.0000777795
2   7   10   1   -0.0003152709
2   7   11   1   0.0000560704
2   7   12   2   0.0004986192
2   8   7   2   -0.0000005530
2   8   8   2   -0.1771909876
2   8   9   2   0.0000919463
2   8   10   1   -0.0001721096
2   8   11   1   0.0000306094
2   8   12   2   -0.0002915329
2   9   7   2   0.0000777795
2   9   8   2   0.0000919463
2   9   9   2   -0.1286338362
2   9   10   1   -0.0034930282
2   9   11   1   0.0006212294
2   9   12   2   0.0061197221
2   10   7   1   -0.0003152709
2   10   8   1   -0.0001721096
2   10   9   1   -0.0034930282
2   10   10   2   -0.1291061416
2   10   10   3   -0.0002187572
2   10   11   2   0.0002187572
2   10   11   3   -0.0005955576
2   10   12   1   0.0011848137
2   11   7   1   0.0000560704
2   11   8   1   0.0000306094
2   11   9   1   0.0006212294
2   11   10   2   0.0002187572
2   11   10   3   -0.0005955576
2   11   11   2   -0.1279150264
2   11   11   3   0.0002187572
2   11   12   1   -0.0002107172
2   12   7   2   0.0004986192
2   12   8   2   -0.0002915329
2   12   9   2   0.0061197221
2   12   10   1   0.0011848137
2   12   11   1   -0.0002107172
2   12   12   2   -0.1299281130
3   7   7   3   -0.1302739570
3   7   8   3   -0.0000005530
3   7   9   3   0.0000777795
3   7   10   1   -0.0000560704
3   7   11   1   -0.0003152709
3   7   12   3   0.0004986192
3   8   7   3   -0.0000005530
3   8   8   3   -0.1771909876
3   8   9   3   0.0000919463
3   8   10   1   -0.0000306094
3   8   11   1   -0.0001721096
3   8   12   3   -0.0002915329
3   9   7   3   0.0000777795
3   9   8   3   0.0000919463
3   9   9   3   -0.1286338362
3   9   10   1   -0.0006212294
3   9   11   1   -0.0034930282
3   9   12   3   0.0061197221
3   10   7   1   -0.0000560704
3   10   8   1   -0.0000306094
3   10   9   1   -0.0006212294
3   10   10   2   -0.0002187572
3   10   10   3   -0.1279150264
3   10   11   2   -0.0005955576
3   10   11   3   -0.0002187572
3   10   12   1   0.0002107172
3   11   7   1   -0.0003152709
3   11   8   1   -0.0001721096
3   11   9   1   -0.0034930282
3   11   10   2   -0.0005955576
3   11   10   3   -0.0002187572
3   11   11   2   0.0002187572
3   11   11   3   -0.1291061416
3   11   12   1   0.0011848137
3   12   7   3   0.0004986192
3   12   8   3   -0.0002915329
3   12   9   3   0.0061197221
3   12   10   1   0.0002107172
3   12   11   1   0.0011848137
3   12   12   3   -0.1299281130

End AIJB Block
Begin IJKA Block
1   7   1   4   0.0080578885
1   7   2   4   -0.0000034168
1   7   3   4   -0.0013257822
1   7   4   5   -0.0026482288
1   7   4   6   -0.0004709832
1   7   5   5   0.0004709832
1   7   5   6   -0.0026482288
1   7   6   4   0.0023359154
1   8   1   4   -0.0021466691
1   8   2   4   0.0000010293
1   8   3   4   0.0000009415
1   8   4   5   0.0000221423
1   8   4   6   0.0000039380
1   8   5   5   -0.0000039380
1   8   5   6   0.0000221423
1   8   6   4   0.0000470899
1   9   1   4   -0.0128550002
1   9   2   4   -0.0000018917
1   9   3   4   0.0003474059
1   9   4   5   -0.0025603360
1   9   4   6   -0.0004553516
1   9   5   5   0.0004553516
1   9   5   6   -0.0025603360
1   9   6   4   0.0023921531
1   10   1   5   -0.0649511566
1   10   1   6   -0.0115514581
1   10   2   5   0.0000010752
1   10   2   6   0.0000001912
1   10   3   5   0.0010665027
1   10   3   6   0.0001896758
1   10   4   4   -0.0004226187
1   10   6   5   -0.0000297852
1   10   6   6   -0.0000052973
1   11   1   5   0.0115514581
1   11   1   6   -0.0649511566
1   11   2   5   -0.0000001912
1   11   2   6   0.0000010752
1   11   3   5   -0.0001896758
1   11   3   6   0.0010665027
1   11   5   4   -0.0004226187
1   11   6   5   0.0000052973
1   11   6   6   -0.0000297852
1   12   1   4   0.0604349425
1   12   2   4   -0.0000006460
1   12   3   4   -0.0009460037
1   12   4   5   -0.0001669827
1   12   4   6   -0.0000296976
1   12   5   5   0.0000296976
1   12   5   6   -0.0001669827
1   12   6   4   -0.0002966028
2   7   1   4   -0.0000034168
2   7   2   4   -0.0001565256
2   7   3   4   -0.0000025333
2   7   4   5   -0.0000027721
2   7   4   6   -0.0000004930
2   7   5   5   0.0000004930
2   7   5   6   -0.0000027721
2   7   6   4   0.0000043060
2   8   1   4   0.0000010293
2   8   2   4   -0.0794748455
2   8   3   4   0.0003079477
2   8   4   5   0.0000946209
2   8   4   6   0.0000168282
2   8   5   5   -0.0000168282
2   8   5   6   0.0000946209
2   8   6   4   -0.0016971956
2   9   1   4   -0.0000018917
2   9   2   4   -0.0005207163
2   9   3   4   -0.0000237873
2   9   4   5   -0.0000090496
2   9   4   6   -0.0000016095
2   9   5   5   0.0000016095
2   9   5   6   -0.0000090496
2   9   6   4   0.0000468300
2   10   1   5   0.0000010752
2   10   1   6   0.0000001912
2   10   2   5   0.0011443563
2   10   2   6   0.0002035219
2   10   3   5   -0.0000511417
2   10   3   6   -0.0000090955
2   10   4   4   0.0000110773
2   10   6   5   0.0000892200
2   10   6   6   0.0000158676
2   11   1   5   -0.0000001912
2   11   1   6   0.0000010752
2   11   2   5   -0.0002035219
2   11   2   6   0.0011443563
2   11   3   5   0.0000090955
2   11   3   6   -0.0000511417
2   11   5   4   0.0000110773
2   11   6   5   -0.0000158676
2   11   6   6   0.0000892200
2   12   1   4   -0.0000006460
2   12   2   4   -0.0076740587
2   12   3   4   0.0000668868
2   12   4   5   -0.0000271376
2   12   4   6   -0.0000048264
2   12   5   5   0.0000048264
2   12   5   6   -0.0000271376
2   12   6   4   -0.0001524474
3   7   1   4   -0.0013257822
3   7   2   4   -0.0000025333
3   7   3   4   0.0002952628
3   7   4   5   -0.0027214394
3   7   4   6   -0.0004840036
3   7   5   5   0.0004840036
3   7   5   6   -0.0027214394
3   7   6   4   0.0024935784
3   8   1   4   0.0000009415
3   8   2   4   0.0003079477
3   8   3   4   -0.0021425703
3   8   4   5   0.0002852218
3   8   4   6   0.0000507262
3   8   5   5   -0.0000507262
3   8   5   6   0.0002852218
3   8   6   4   0.0005894879
3   9   1   4   0.0003474059
3   9   2   4   -0.0000237873
3   9   3   4   -0.0073128625
3   9   4   5   -0.0105719066
3   9   4   6   -0.0018801965
3   9   5   5   0.0018801965
3   9   5   6   -0.0105719066
3   9   6   4   0.0100602479
3   10   1   5   0.0010665027
3   10   1   6   0.0001896758
3   10   2   5   -0.0000511417
3   10   2   6   -0.0000090955
3   10   3   5   -0.0404206821
3   10   3   6   -0.0071887529
3   10   4   4   -0.0010161247
3   10   6   5   -0.0015276395
3   10   6   6   -0.0002716882
3   11   1   5   -0.0001896758
3   11   1   6   0.0010665027
3   11   2   5   0.0000090955
3   11   2   6   -0.0000511417
3   11   3   5   0.0071887529
3   11   3   6   -0.0404206821
3   11   5   4   -0.0010161247
3   11   6   5   0.0002716882
3   11   6   6   -0.0015276395
3   12   1   4   -0.0009460037
3   12   2   4   0.0000668868
3   12   3   4   0.0383437218
3   12   4   5   -0.0011186226
3   12   4   6   -0.0001989452
3   12   5   5   0.0001989452
3   12   5   6   -0.0011186226
3   12   6   4   0.0007027190
4   7   1   5   -0.0026482288
4   7   1   6   -0.0004709832
4   7   2   5   -0.0000027721
4   7   2   6   -0.0000004930
4   7   3   5   -0.0027214394
4   7   3   6   -0.0004840036
4   7   4   4   0.0001779884
4   7   6   5   -0.0000814531
4   7   6   6   -0.0000144863
4   8   1   5   0.0000221423
4   8   1   6   0.0000039380
4   8   2   5   0.0000946209
4   8   2   6   0.0000168282
4   8   3   5   0.0002852218
4   8   3   6   0.0000507262
4   8   4   4   -0.0020305033
4   8   6   5   -0.0001544263
4   8   6   6   -0.0000274645
4   9   1   5   -0.0025603360
4   9   1   6   -0.0004553516
4   9   2   5   -0.0000090496
4   9   2   6   -0.0000016095
4   9   3   5   -0.0105719066
4   9   3   6   -0.0018801965
4   9   4   4   -0.0065317291
4   9   6   5   -0.0003428134
4   9   6   6   -0.0000609688
4   10   1   4   -0.0004226187
4   10   2   4   0.0000110773
4   10   3   4   -0.0010161247
4   10   4   5   -0.0405362506
4   10   4   6   -0.0072093066
4   10   5   5   0.0004414718
4   10   5   6   -0.0024822929
4   10   6   4   0.0022661010
4   11   4   5   0.0063263630
4   11   4   6   -0.0355716649
4   11   5   5   -0.0024822929
4   11   5   6   -0.0004414718
4   12   1   5   -0.0001669827
4   12   1   6   -0.0000296976
4   12   2   5   -0.0000271376
4   12   2   6   -0.0000048264
4   12   3   5   -0.0011186226
4   12   3   6   -0.0001989452
4   12   4   4   0.0336813308
4   12   6   5   -0.0021325542
4   12   6   6   -0.0003792713
5   7   1   5   0.0004709832
5   7   1   6   -0.0026482288
5   7   2   5   0.0000004930
5   7   2   6   -0.0000027721
5   7   3   5   0.0004840036
5   7   3   6   -0.0027214394
5   7   5   4   0.0001779884
5   7   6   5   0.0000144863
5   7   6   6   -0.0000814531
5   8   1   5   -0.0000039380
5   8   1   6   0.0000221423
5   8   2   5   -0.0000168282
5   8   2   6   0.0000946209
5   8   3   5   -0.0000507262
5   8   3   6   0.0002852218
5   8   5   4   -0.0020305033
5   8   6   5   0.0000274645
5   8   6   6   -0.0001544263
5   9   1   5   0.0004553516
5   9   1   6   -0.0025603360
5   9   2   5   0.0000016095
5   9   2   6   -0.0000090496
5   9   3   5   0.0018801965
5   9   3   6   -0.0105719066
5   9   5   4   -0.0065317291
5   9   6   5   0.0000609688
5   9   6   6   -0.0003428134
5   10   4   5   0.0004414718
5   10   4   6   -0.0024822929
5   10   5   5   -0.0355716649
5   10   5   6   -0.0063263630
5   11   1   4   -0.0004226187
5   11   2   4   0.0000110773
5   11   3   4   -0.0010161247
5   11   4   5   -0.0024822929
5   11   4   6   -0.0004414718
5   11   5   5   0.0072093066
5   11   5   6   -0.0405362506
5   11   6   4   0.0022661010
5   12   1   5   0.0000296976
5   12   1   6   -0.0001669827
5   12   2   5   0.0000048264
5   12   2   6   -0.0000271376
5   12   3   5   0.0001989452
5   12   3   6   -0.0011186226
5   12   5   4   0.0336813308
5   12   6   5   0.0003792713
5   12   6   6   -0.0021325542
6   7   1   4   0.0023359154
6   7   2   4   0.0000043060
6   7   3   4   0.0024935784
6   7   4   5   -0.0000814531
6   7   4   6   -0.0000144863
6   7   5   5   0.0000144863
6   7   5   6   -0.0000814531
6   7   6   4   0.0002983427
6   8   1   4   0.0000470899
6   8   2   4   -0.0016971956
6   8   3   4   0.0005894879
6   8   4   5   -0.0001544263
6   8   4   6   -0.0000274645
6   8   5   5   0.0000274645
6   8   5   6   -0.0001544263
6   8   6   4   -0.0025804050
6   9   1   4   0.0023921531
6   9   2   4   0.0000468300
6   9   3   4   0.0100602479
6   9   4   5   -0.0003428134
6   9   4   6   -0.0000609688
6   9   5   5   0.0000609688
6   9   5   6   -0.0003428134
6   9   6   4   -0.0058799142
6   10   1   5   -0.0000297852
6   10   1   6   -0.0000052973
6   10   2   5   0.0000892200
6   10   2   6   0.0000158676
6   10   3   5   -0.0015276395
6   10   3   6   -0.0002716882
6   10   4   4   0.0022661010
6   10   6   5   -0.0339945981
6   10   6   6   -0.0060458842
6   11   1   5   0.0000052973
6   11   1   6   -0.0000297852
6   11   2   5   -0.0000158676
6   11   2   6   0.0000892200
6   11   3   5   0.0002716882
6   11   3   6   -0.0015276395
6   11   5   4   0.0022661010
6   11   6   5   0.0060458842
6   11   6   6   -0.0339945981
6   12   1   4   -0.0002966028
6   12   2   4   -0.0001524474
6   12   3   4   0.0007027190
6   12   4   5   -0.0021325542
6   12   4   6   -0.0003792713
6   12   5   5   0.0003792713
6   12   5   6   -0.0021325542
6   12   6   4   0.0367249010

End IJKA Block
Begin IABC Block
1   4   1   4   -0.0000569545
1   4   2   5   -0.0000228399
1   4   3   6   -0.0000228399
1   5   1   5   -0.0000329032
1   5   2   4   -0.0000228399
1   6   1   6   -0.0000329032
1   6   3   4   -0.0000228399
2   4   1   4   0.0007687009
2   4   2   5   0.0013702879
2   4   3   6   0.0013702879
2   5   1   5   0.0000855473
2   5   2   4   0.0013702879
2   6   1   6   0.0000855473
2   6   3   4   0.0013702879
3   4   1   4   -0.0002665103
3   4   2   5   0.0000045015
3   4   3   6   0.0000045015
3   5   1   5   -0.0001974751
3   5   2   4   0.0000045015
3   6   1   6   -0.0001974751
3   6   3   4   0.0000045015
4   4   1   5   0.0009497515
4   4   1   6   0.0001689118
4   4   2   4   0.0010836023
4   4   3   4   0.0001927169
4   5   1   4   0.0009497515
4   5   2   5   0.0009589255
4   5   2   6   0.0000587735
4   5   3   5   0.0000529963
4   5   3   6   0.0003304699
4   6   1   4   0.0001689118
4   6   2   5   0.0000587735
4   6   2   6   0.0002979857
4   6   3   5   0.0003304699
4   6   3   6   0.0001705433
5   4   1   5   -0.0001689118
5   4   1   6   0.0009497515
5   4   2   4   -0.0001927169
5   4   3   4   0.0010836023
5   5   1   4   -0.0001689118
5   5   2   5   -0.0001705433
5   5   2   6   0.0003304699
5   5   3   5   0.0002979857
5   5   3   6   -0.0000587735
5   6   1   4   0.0009497515
5   6   2   5   0.0003304699
5   6   2   6   -0.0000529963
5   6   3   5   -0.0000587735
5   6   3   6   0.0009589255
6   4   1   4   -0.0035462208
6   4   2   5   -0.0015463555
6   4   3   6   -0.0015463555
6   5   1   5   -0.0017415787
6   5   2   4   -0.0015463555
6   6   1   6   -0.0017415787
6   6   3   4   -0.0015463555

End IABC Block
