Begin IJ Block
1   1   -5.6276729875
1   2   0.0006349591
1   5   -0.0174024971
2   2   -6.8765686583
2   5   -0.0244410814
3   3   -5.8941119581
4   4   -5.8941119581
5   5   -5.6891278997

End IJ Block
Begin IA Block
1   1   0.1008817549
2   1   0.0246201224
3   2   0.0857478470
3   3   0.1275922472
4   2   0.1275922472
4   3   -0.0857478470
5   1   -0.1485653803

End IA Block
Begin AB Block
1   1   -1.5749253099
2   2   -1.3753701734
3   3   -1.3753701734

End AB Block
Begin IJKL Block
1   6   1   6   1.6351633115
1   6   1   7   -0.0013885299
1   6   1   10   0.0223046466
1   6   2   6   -0.0013885299
1   6   2   7   -0.0000124533
1   6   2   10   -0.0000154276
1   6   3   8   -0.0000140698
1   6   4   9   -0.0000140698
1   6   5   6   0.0223046466
1   6   5   7   -0.0000154276
1   6   5   10   0.0001796371
1   7   1   6   -0.0013885299
1   7   1   7   0.1695160304
1   7   1   10   -0.0182774275
1   7   2   6   0.0000050531
1   7   2   7   0.0001427804
1   7   2   10   -0.0000248330
1   7   3   8   0.0000353815
1   7   4   9   0.0000353815
1   7   5   6   -0.0000310010
1   7   5   7   -0.0007267341
1   7   5   10   0.0001540591
1   8   1   8   0.1685644625
1   8   2   8   0.0001360507
1   8   3   6   0.0000012191
1   8   3   7   0.0000380671
1   8   3   10   -0.0000129405
1   8   5   8   -0.0006977075
1   9   1   9   0.1685644625
1   9   2   9   0.0001360507
1   9   4   6   0.0000012191
1   9   4   7   0.0000380671
1   9   4   10   -0.0000129405
1   9   5   9   -0.0006977075
1   10   1   6   0.0223046466
1   10   1   7   -0.0182774275
1   10   1   10   0.1865001310
1   10   2   6   -0.0000310010
1   10   2   7   -0.0000180984
1   10   2   10   0.0001360979
1   10   3   8   -0.0000087655
1   10   4   9   -0.0000087655
1   10   5   6   0.0006209738
1   10   5   7   0.0001541443
1   10   5   10   -0.0007712959
2   6   1   6   -0.0013885299
2   6   1   7   0.0000050531
2   6   1   10   -0.0000310010
2   6   2   6   0.1695160304
2   6   2   7   0.0001427804
2   6   2   10   -0.0007267341
2   6   3   8   0.0000353815
2   6   4   9   0.0000353815
2   6   5   6   -0.0182774275
2   6   5   7   -0.0000248330
2   6   5   10   0.0001540591
2   7   1   6   -0.0000124533
2   7   1   7   0.0001427804
2   7   1   10   -0.0000180984
2   7   2   6   0.0001427804
2   7   2   7   0.8715501039
2   7   2   10   0.0116364878
2   7   3   8   0.1526126443
2   7   4   9   0.1526126443
2   7   5   6   -0.0000180984
2   7   5   7   0.0116364878
2   7   5   10   0.1412146432
2   8   1   8   0.0001360507
2   8   2   8   0.8154059068
2   8   3   6   0.0000380671
2   8   3   7   0.1572748747
2   8   3   10   0.0022274789
2   8   5   8   0.0101210323
2   9   1   9   0.0001360507
2   9   2   9   0.8154059068
2   9   4   6   0.0000380671
2   9   4   7   0.1572748747
2   9   4   10   0.0022274789
2   9   5   9   0.0101210323
2   10   1   6   -0.0000154276
2   10   1   7   -0.0000248330
2   10   1   10   0.0001360979
2   10   2   6   -0.0007267341
2   10   2   7   0.0116364878
2   10   2   10   0.7737902478
2   10   3   8   0.0020934376
2   10   4   9   0.0020934376
2   10   5   6   0.0001541443
2   10   5   7   0.1467492325
2   10   5   10   0.0107255802
3   6   1   8   0.0000012191
3   6   2   8   0.0000380671
3   6   3   6   0.1685644625
3   6   3   7   0.0001360507
3   6   3   10   -0.0006977075
3   6   5   8   -0.0000129405
3   7   1   8   0.0000380671
3   7   2   8   0.1572748747
3   7   3   6   0.0001360507
3   7   3   7   0.8154059068
3   7   3   10   0.0101210323
3   7   5   8   0.0022274789
3   8   1   6   -0.0000140698
3   8   1   7   0.0000353815
3   8   1   10   -0.0000087655
3   8   2   6   0.0000353815
3   8   2   7   0.1526126443
3   8   2   10   0.0020934376
3   8   3   8   0.8108270671
3   8   4   9   0.0314914964
3   8   5   6   -0.0000087655
3   8   5   7   0.0020934376
3   8   5   10   0.0291322693
3   9   3   9   0.7417900067
3   9   4   8   0.0375455640
3   10   1   8   -0.0000129405
3   10   2   8   0.0022274789
3   10   3   6   -0.0006977075
3   10   3   7   0.0101210323
3   10   3   10   0.7053981289
3   10   5   8   0.0350062820
4   6   1   9   0.0000012191
4   6   2   9   0.0000380671
4   6   4   6   0.1685644625
4   6   4   7   0.0001360507
4   6   4   10   -0.0006977075
4   6   5   9   -0.0000129405
4   7   1   9   0.0000380671
4   7   2   9   0.1572748747
4   7   4   6   0.0001360507
4   7   4   7   0.8154059068
4   7   4   10   0.0101210323
4   7   5   9   0.0022274789
4   8   3   9   0.0375455640
4   8   4   8   0.7417900067
4   9   1   6   -0.0000140698
4   9   1   7   0.0000353815
4   9   1   10   -0.0000087655
4   9   2   6   0.0000353815
4   9   2   7   0.1526126443
4   9   2   10   0.0020934376
4   9   3   8   0.0314914964
4   9   4   9   0.8108270671
4   9   5   6   -0.0000087655
4   9   5   7   0.0020934376
4   9   5   10   0.0291322693
4   10   1   9   -0.0000129405
4   10   2   9   0.0022274789
4   10   4   6   -0.0006977075
4   10   4   7   0.0101210323
4   10   4   10   0.7053981289
4   10   5   9   0.0350062820
5   6   1   6   0.0223046466
5   6   1   7   -0.0000310010
5   6   1   10   0.0006209738
5   6   2   6   -0.0182774275
5   6   2   7   -0.0000180984
5   6   2   10   0.0001541443
5   6   3   8   -0.0000087655
5   6   4   9   -0.0000087655
5   6   5   6   0.1865001310
5   6   5   7   0.0001360979
5   6   5   10   -0.0007712959
5   7   1   6   -0.0000154276
5   7   1   7   -0.0007267341
5   7   1   10   0.0001541443
5   7   2   6   -0.0000248330
5   7   2   7   0.0116364878
5   7   2   10   0.1467492325
5   7   3   8   0.0020934376
5   7   4   9   0.0020934376
5   7   5   6   0.0001360979
5   7   5   7   0.7737902478
5   7   5   10   0.0107255802
5   8   1   8   -0.0006977075
5   8   2   8   0.0101210323
5   8   3   6   -0.0000129405
5   8   3   7   0.0022274789
5   8   3   10   0.0350062820
5   8   5   8   0.7053981289
5   9   1   9   -0.0006977075
5   9   2   9   0.0101210323
5   9   4   6   -0.0000129405
5   9   4   7   0.0022274789
5   9   4   10   0.0350062820
5   9   5   9   0.7053981289
5   10   1   6   0.0001796371
5   10   1   7   0.0001540591
5   10   1   10   -0.0007712959
5   10   2   6   0.0001540591
5   10   2   7   0.1412146432
5   10   2   10   0.0107255802
5   10   3   8   0.0291322693
5   10   4   9   0.0291322693
5   10   5   6   -0.0007712959
5   10   5   7   0.0107255802
5   10   5   10   0.7319634679

End IJKL Block
Begin IJAB Block
1   6   1   4   0.0108722906
1   6   2   5   0.0014610028
1   6   3   6   0.0014610028
1   7   1   4   -0.0000143753
1   7   2   5   0.0000162765
1   7   3   6   0.0000162765
1   8   1   5   0.0000031975
1   8   1   6   0.0000047578
1   8   2   4   0.0000549818
1   8   3   4   0.0000818125
1   9   1   5   0.0000047578
1   9   1   6   -0.0000031975
1   9   2   4   0.0000818125
1   9   3   4   -0.0000549818
1   10   1   4   0.0004232752
1   10   2   5   -0.0003635907
1   10   3   6   -0.0003635907
2   6   1   4   -0.0000143753
2   6   2   5   0.0000162765
2   6   3   6   0.0000162765
2   7   1   4   0.0011401057
2   7   2   5   0.0006557284
2   7   3   6   0.0006557284
2   8   1   5   0.0001750798
2   8   1   6   0.0002605177
2   8   2   4   0.0000864521
2   8   3   4   0.0001286402
2   9   1   5   0.0002605177
2   9   1   6   -0.0001750798
2   9   2   4   0.0001286402
2   9   3   4   -0.0000864521
2   10   1   4   -0.0006463945
2   10   2   5   -0.0000155631
2   10   3   6   -0.0000155631
3   6   1   5   0.0000549818
3   6   1   6   0.0000818125
3   6   2   4   0.0000031975
3   6   3   4   0.0000047578
3   7   1   5   0.0000864521
3   7   1   6   0.0001286402
3   7   2   4   0.0001750798
3   7   3   4   0.0002605177
3   8   1   4   0.0006927060
3   8   2   5   0.0008608241
3   8   2   6   0.0008514295
3   8   3   5   0.0008514295
3   8   3   6   0.0015555460
3   9   2   5   0.0008514295
3   9   2   6   -0.0002400180
3   9   3   5   0.0009347400
3   9   3   6   -0.0008514295
3   10   1   5   -0.0003529377
3   10   1   6   -0.0005251691
3   10   2   4   -0.0012110358
3   10   3   4   -0.0018020135
4   6   1   5   0.0000818125
4   6   1   6   -0.0000549818
4   6   2   4   0.0000047578
4   6   3   4   -0.0000031975
4   7   1   5   0.0001286402
4   7   1   6   -0.0000864521
4   7   2   4   0.0002605177
4   7   3   4   -0.0001750798
4   8   2   5   0.0008514295
4   8   2   6   0.0009347400
4   8   3   5   -0.0002400180
4   8   3   6   -0.0008514295
4   9   1   4   0.0006927060
4   9   2   5   0.0015555460
4   9   2   6   -0.0008514295
4   9   3   5   -0.0008514295
4   9   3   6   0.0008608241
4   10   1   5   -0.0005251691
4   10   1   6   0.0003529377
4   10   2   4   -0.0018020135
4   10   3   4   0.0012110358
5   6   1   4   0.0004232752
5   6   2   5   -0.0003635907
5   6   3   6   -0.0003635907
5   7   1   4   -0.0006463945
5   7   2   5   -0.0000155631
5   7   3   6   -0.0000155631
5   8   1   5   -0.0012110358
5   8   1   6   -0.0018020135
5   8   2   4   -0.0003529377
5   8   3   4   -0.0005251691
5   9   1   5   -0.0018020135
5   9   1   6   0.0012110358
5   9   2   4   -0.0005251691
5   9   3   4   0.0003529377
5   10   1   4   0.0049761305
5   10   2   5   0.0005933349
5   10   3   6   0.0005933349

End IJAB Block
Begin ABCD Block
1   4   1   4   0.2306304638
1   4   2   5   0.0319033419
1   4   3   6   0.0319033419
1   5   1   5   0.1722988029
1   5   2   4   0.0319041305
1   6   1   6   0.1722988029
1   6   3   4   0.0319041305
2   4   1   5   0.0319041305
2   4   2   4   0.1722988029
2   5   1   4   0.0319033419
2   5   2   5   0.1588798750
2   5   3   6   0.0086302451
2   6   2   6   0.1416193701
2   6   3   5   0.0086302597
3   4   1   6   0.0319041305
3   4   3   4   0.1722988029
3   5   2   6   0.0086302597
3   5   3   5   0.1416193701
3   6   1   4   0.0319033419
3   6   2   5   0.0086302451
3   6   3   6   0.1588798750

End ABCD Block
Begin AIJB Block
1   6   1   4   0.0082646717
1   6   2   4   -0.0000050323
1   6   3   5   0.0000445690
1   6   3   6   0.0000663185
1   6   4   5   0.0000663185
1   6   4   6   -0.0000445690
1   6   5   4   0.0002664216
1   7   1   4   -0.0000050323
1   7   2   4   0.0008942862
1   7   3   5   0.0000339935
1   7   3   6   0.0000505822
1   7   4   5   0.0000505822
1   7   4   6   -0.0000339935
1   7   5   4   -0.0001945734
1   8   1   5   0.0000022282
1   8   1   6   0.0000033156
1   8   2   5   0.0000816500
1   8   2   6   0.0001214946
1   8   3   4   0.0002765198
1   8   5   5   -0.0010665036
1   8   5   6   -0.0015869506
1   9   1   5   0.0000033156
1   9   1   6   -0.0000022282
1   9   2   5   0.0001214946
1   9   2   6   -0.0000816500
1   9   4   4   0.0002765198
1   9   5   5   -0.0015869506
1   9   5   6   0.0010665036
1   10   1   4   0.0002664216
1   10   2   4   -0.0001945734
1   10   3   5   -0.0001758232
1   10   3   6   -0.0002616237
1   10   4   5   -0.0002616237
1   10   4   6   0.0001758232
1   10   5   4   0.0031201967
2   6   1   5   0.0013045663
2   6   2   5   0.0000093498
2   6   3   4   0.0000022282
2   6   4   4   0.0000033156
2   6   5   5   -0.0003001820
2   7   1   5   0.0000093498
2   7   2   5   0.0005352149
2   7   3   4   0.0000816500
2   7   4   4   0.0001214946
2   7   5   5   0.0000211759
2   8   1   4   0.0000445690
2   8   2   4   0.0000339935
2   8   3   5   0.0006777467
2   8   3   6   0.0007535290
2   8   4   5   0.0007535290
2   8   4   6   0.0009468827
2   8   5   4   -0.0001758232
2   9   1   4   0.0000663185
2   9   2   4   0.0000505822
2   9   3   5   0.0007535290
2   9   3   6   -0.0003320425
2   9   4   5   0.0012925870
2   9   4   6   -0.0007535290
2   9   5   4   -0.0002616237
2   10   1   5   -0.0003001820
2   10   2   5   0.0000211759
2   10   3   4   -0.0010665036
2   10   4   4   -0.0015869506
2   10   5   5   0.0005812512
3   6   1   6   0.0013045663
3   6   2   6   0.0000093498
3   6   3   4   0.0000033156
3   6   4   4   -0.0000022282
3   6   5   6   -0.0003001820
3   7   1   6   0.0000093498
3   7   2   6   0.0005352149
3   7   3   4   0.0001214946
3   7   4   4   -0.0000816500
3   7   5   6   0.0000211759
3   8   1   4   0.0000663185
3   8   2   4   0.0000505822
3   8   3   5   0.0007535290
3   8   3   6   0.0012925870
3   8   4   5   -0.0003320425
3   8   4   6   -0.0007535290
3   8   5   4   -0.0002616237
3   9   1   4   -0.0000445690
3   9   2   4   -0.0000339935
3   9   3   5   0.0009468827
3   9   3   6   -0.0007535290
3   9   4   5   -0.0007535290
3   9   4   6   0.0006777467
3   9   5   4   0.0001758232
3   10   1   6   -0.0003001820
3   10   2   6   0.0000211759
3   10   3   4   -0.0015869506
3   10   4   4   0.0010665036
3   10   5   6   0.0005812512

1   6   6   1   -0.2773498295
1   6   7   1   0.0000852211
1   6   8   2   -0.0000572424
1   6   8   3   -0.0000851764
1   6   9   2   -0.0000851764
1   6   9   3   0.0000572424
1   6   10   1   -0.0010790423
1   7   6   1   0.0000852211
1   7   7   1   -0.1221667522
1   7   8   2   -0.0015702543
1   7   8   3   -0.0023365283
1   7   9   2   -0.0023365283
1   7   9   3   0.0015702543
1   7   10   1   0.0082626456
1   8   6   2   -0.0000577016
1   8   6   3   -0.0000858596
1   8   7   2   -0.0015705763
1   8   7   3   -0.0023370075
1   8   8   1   -0.1216480408
1   8   10   2   0.0006778791
1   8   10   3   0.0010086797
1   9   6   2   -0.0000858596
1   9   6   3   0.0000577016
1   9   7   2   -0.0023370075
1   9   7   3   0.0015705763
1   9   9   1   -0.1216480408
1   9   10   2   0.0010086797
1   9   10   3   -0.0006778791
1   10   6   1   -0.0010790423
1   10   7   1   0.0082626456
1   10   8   2   0.0006941251
1   10   8   3   0.0010328537
1   10   9   2   0.0010328537
1   10   9   3   -0.0006941251
1   10   10   1   -0.1275441464
2   6   6   2   -0.2026275193
2   6   7   2   0.0000285740
2   6   8   1   -0.0000577016
2   6   9   1   -0.0000858596
2   6   10   2   -0.0002508309
2   7   6   2   0.0000285740
2   7   7   2   -0.1226182414
2   7   8   1   -0.0015705763
2   7   9   1   -0.0023370075
2   7   10   2   0.0066749929
2   8   6   1   -0.0000572424
2   8   7   1   -0.0015702543
2   8   8   2   -0.1224117057
2   8   8   3   -0.0004448048
2   8   9   2   -0.0004448048
2   8   9   3   -0.0001730932
2   8   10   1   0.0006941251
2   9   6   1   -0.0000851764
2   9   7   1   -0.0023365283
2   9   8   2   -0.0004448048
2   9   8   3   -0.0001898443
2   9   9   2   -0.1227746432
2   9   9   3   0.0004448048
2   9   10   1   0.0010328537
2   10   6   2   -0.0002508309
2   10   7   2   0.0066749929
2   10   8   1   0.0006778791
2   10   9   1   0.0010086797
2   10   10   2   -0.1262428481
3   6   6   3   -0.2026275193
3   6   7   3   0.0000285740
3   6   8   1   -0.0000858596
3   6   9   1   0.0000577016
3   6   10   3   -0.0002508309
3   7   6   3   0.0000285740
3   7   7   3   -0.1226182414
3   7   8   1   -0.0023370075
3   7   9   1   0.0015705763
3   7   10   3   0.0066749929
3   8   6   1   -0.0000851764
3   8   7   1   -0.0023365283
3   8   8   2   -0.0004448048
3   8   8   3   -0.1227746432
3   8   9   2   -0.0001898443
3   8   9   3   0.0004448048
3   8   10   1   0.0010328537
3   9   6   1   0.0000572424
3   9   7   1   0.0015702543
3   9   8   2   -0.0001730932
3   9   8   3   0.0004448048
3   9   9   2   0.0004448048
3   9   9   3   -0.1224117057
3   9   10   1   -0.0006941251
3   10   6   3   -0.0002508309
3   10   7   3   0.0066749929
3   10   8   1   0.0010086797
3   10   9   1   -0.0006778791
3   10   10   3   -0.1262428481

End AIJB Block
Begin IJKA Block
1   6   1   4   -0.0929038801
1   6   2   4   0.0001027523
1   6   3   5   0.0000263661
1   6   3   6   0.0000392326
1   6   4   5   0.0000392326
1   6   4   6   -0.0000263661
1   6   5   4   -0.0016957466
1   7   1   4   -0.0001609451
1   7   2   4   0.0000069167
1   7   3   5   -0.0000003215
1   7   3   6   -0.0000004784
1   7   4   5   -0.0000004784
1   7   4   6   0.0000003215
1   7   5   4   0.0000062815
1   8   1   5   0.0008323699
1   8   1   6   0.0012385611
1   8   2   5   -0.0000027272
1   8   2   6   -0.0000040581
1   8   3   4   0.0000073954
1   8   5   5   0.0000056798
1   8   5   6   0.0000084516
1   9   1   5   0.0012385611
1   9   1   6   -0.0008323699
1   9   2   5   -0.0000040581
1   9   2   6   0.0000027272
1   9   4   4   0.0000073954
1   9   5   5   0.0000084516
1   9   5   6   -0.0000056798
1   10   1   4   -0.0115288471
1   10   2   4   0.0000073833
1   10   3   5   -0.0000102785
1   10   3   6   -0.0000152943
1   10   4   5   -0.0000152943
1   10   4   6   0.0000102785
1   10   5   4   -0.0000204692
2   6   1   4   0.0001076398
2   6   2   4   -0.0012719654
2   6   3   5   0.0001050967
2   6   3   6   0.0001563832
2   6   4   5   0.0001563832
2   6   4   6   -0.0001050967
2   6   5   4   0.0002519392
2   7   1   4   0.0000032115
2   7   2   4   -0.0042806276
2   7   3   5   -0.0050744577
2   7   3   6   -0.0075507606
2   7   4   5   -0.0075507606
2   7   4   6   0.0050744577
2   7   5   4   0.0114714810
2   8   1   5   0.0000010754
2   8   1   6   0.0000016002
2   8   2   5   -0.0149232286
2   8   2   6   -0.0222056686
2   8   3   4   -0.0008886523
2   8   5   5   -0.0005020380
2   8   5   6   -0.0007470293
2   9   1   5   0.0000016002
2   9   1   6   -0.0000010754
2   9   2   5   -0.0222056686
2   9   2   6   0.0149232286
2   9   4   4   -0.0008886523
2   9   5   5   -0.0007470293
2   9   5   6   0.0005020380
2   10   1   4   -0.0000091712
2   10   2   4   0.0297938774
2   10   3   5   -0.0005405648
2   10   3   6   -0.0008043569
2   10   4   5   -0.0008043569
2   10   4   6   0.0005405648
2   10   5   4   0.0005880773
3   6   1   5   0.0000227052
3   6   1   6   0.0000337853
3   6   2   5   0.0000997875
3   6   2   6   0.0001484831
3   6   3   4   -0.0012452348
3   6   5   5   -0.0000574737
3   6   5   6   -0.0000855206
3   7   1   5   0.0000004579
3   7   1   6   0.0000006814
3   7   2   5   -0.0050483895
3   7   2   6   -0.0075119713
3   7   3   4   -0.0036730623
3   7   5   5   -0.0000840757
3   7   5   6   -0.0001251041
3   8   1   4   0.0000128192
3   8   2   4   -0.0008917003
3   8   3   5   -0.0161890836
3   8   3   6   -0.0240892527
3   8   4   5   -0.0022441934
3   8   4   6   0.0015082010
3   8   5   4   0.0038528587
3   9   3   5   -0.0195410217
3   9   3   6   0.0131324636
3   9   4   5   -0.0015484190
3   9   4   6   -0.0023040376
3   10   1   5   -0.0000080193
3   10   1   6   -0.0000119326
3   10   2   5   -0.0004277228
3   10   2   6   -0.0006364488
3   10   3   4   0.0260285397
3   10   5   5   -0.0016092288
3   10   5   6   -0.0023945222
4   6   1   5   0.0000337853
4   6   1   6   -0.0000227052
4   6   2   5   0.0001484831
4   6   2   6   -0.0000997875
4   6   4   4   -0.0012452348
4   6   5   5   -0.0000855206
4   6   5   6   0.0000574737
4   7   1   5   0.0000006814
4   7   1   6   -0.0000004579
4   7   2   5   -0.0075119713
4   7   2   6   0.0050483895
4   7   4   4   -0.0036730623
4   7   5   5   -0.0001251041
4   7   5   6   0.0000840757
4   8   3   5   -0.0023040376
4   8   3   6   0.0015484190
4   8   4   5   -0.0131324636
4   8   4   6   -0.0195410217
4   9   1   4   0.0000128192
4   9   2   4   -0.0008917003
4   9   3   5   -0.0015082010
4   9   3   6   -0.0022441934
4   9   4   5   -0.0240892527
4   9   4   6   0.0161890836
4   9   5   4   0.0038528587
4   10   1   5   -0.0000119326
4   10   1   6   0.0000080193
4   10   2   5   -0.0006364488
4   10   2   6   0.0004277228
4   10   4   4   0.0260285397
4   10   5   5   -0.0023945222
4   10   5   6   0.0016092288
5   6   1   4   -0.0019075043
5   6   2   4   0.0002350660
5   6   3   5   -0.0000595122
5   6   3   6   -0.0000885538
5   6   4   5   -0.0000885538
5   6   4   6   0.0000595122
5   6   5   4   -0.0015868574
5   7   1   4   -0.0000044722
5   7   2   4   0.0116418762
5   7   3   5   -0.0001103486
5   7   3   6   -0.0001641980
5   7   4   5   -0.0001641980
5   7   4   6   0.0001103486
5   7   5   4   -0.0032986563
5   8   1   5   -0.0000105447
5   8   1   6   -0.0000156904
5   8   2   5   -0.0003056292
5   8   2   6   -0.0004547742
5   8   3   4   0.0037542166
5   8   5   5   -0.0129353698
5   8   5   6   -0.0192477474
5   9   1   5   -0.0000156904
5   9   1   6   0.0000105447
5   9   2   5   -0.0004547742
5   9   2   6   0.0003056292
5   9   4   4   0.0037542166
5   9   5   5   -0.0192477474
5   9   5   6   0.0129353698
5   10   1   4   0.0000871901
5   10   2   4   -0.0001558972
5   10   3   5   -0.0014700547
5   10   3   6   -0.0021874320
5   10   4   5   -0.0021874320
5   10   4   6   0.0014700547
5   10   5   4   0.0346276332

End IJKA Block
Begin IABC Block
1   4   1   4   0.0002837677
1   4   2   5   0.0021829287
1   4   3   6   0.0021829287
1   5   1   5   0.0000076756
1   5   2   4   0.0021972177
1   6   1   6   0.0000076756
1   6   3   4   0.0021972177
2   4   1   4   -0.0002314837
2   4   2   5   0.0000322015
2   4   3   6   0.0000322015
2   5   1   5   -0.0001889166
2   5   2   4   0.0000323532
2   6   1   6   -0.0001889166
2   6   3   4   0.0000323532
3   4   1   5   0.0003249546
3   4   1   6   0.0004835303
3   4   2   4   0.0004203487
3   4   3   4   0.0006254762
3   5   1   4   0.0003236690
3   5   2   5   0.0006074889
3   5   2   6   0.0002394026
3   5   3   5   0.0004266505
3   5   3   6   0.0001598707
3   6   1   4   0.0004816174
3   6   2   5   0.0002378865
3   6   2   6   0.0002867287
3   6   3   5   0.0001608895
3   6   3   6   0.0009039396
4   4   1   5   0.0004835303
4   4   1   6   -0.0003249546
4   4   2   4   0.0006254762
4   4   3   4   -0.0004203487
4   5   1   4   0.0004816174
4   5   2   5   0.0009039396
4   5   2   6   -0.0001608895
4   5   3   5   -0.0002867287
4   5   3   6   0.0002378865
4   6   1   4   -0.0003236690
4   6   2   5   -0.0001598707
4   6   2   6   0.0004266505
4   6   3   5   0.0002394026
4   6   3   6   -0.0006074889
5   4   1   4   -0.0036645673
5   4   2   5   -0.0021608751
5   4   3   6   -0.0021608751
5   5   1   5   -0.0028617901
5   5   2   4   -0.0021797932
5   6   1   6   -0.0028617901
5   6   3   4   -0.0021797932

End IABC Block
