Begin IJ Block
1   1   -5.9700770341
1   2   -0.0000777031
1   5   -0.0169763672
2   2   -7.0231480584
2   5   -0.0009715449
3   3   -6.0105867797
3   4   0.0000000000
4   4   -6.0105867797
5   5   -5.9152719159

End IJ Block
Begin IA Block
1   1   0.0955401131
2   1   0.0375704467
3   2   0.1671622599
3   3   -0.0594836473
4   2   0.0594836473
4   3   0.1671622599
5   1   -0.1404569841

End IA Block
Begin AB Block
1   1   -1.6084685581
2   2   -1.3550955043
3   3   -1.3550955043

End AB Block
Begin IJKL Block
1   6   1   6   1.6343852737
1   6   1   7   -0.0065693195
1   6   1   10   0.0328721120
1   6   2   6   -0.0065693195
1   6   2   7   -0.0000077103
1   6   2   10   -0.0001513993
1   6   3   8   -0.0000392142
1   6   4   9   -0.0000392142
1   6   5   6   0.0328721120
1   6   5   7   -0.0001513993
1   6   5   10   0.0006393427
1   7   1   6   -0.0065693195
1   7   1   7   0.2193134016
1   7   1   10   -0.0310184373
1   7   2   6   0.0000512382
1   7   2   7   0.0011939378
1   7   2   10   -0.0002275448
1   7   3   8   0.0002776356
1   7   4   9   0.0002776356
1   7   5   6   -0.0002411677
1   7   5   7   -0.0024310088
1   7   5   10   0.0006549131
1   8   1   8   0.2166184551
1   8   2   8   0.0010979782
1   8   3   6   0.0000250421
1   8   3   7   0.0002933795
1   8   3   10   -0.0000990901
1   8   5   8   -0.0022371198
1   9   1   9   0.2166184551
1   9   2   9   0.0010979782
1   9   4   6   0.0000250421
1   9   4   7   0.0002933795
1   9   4   10   -0.0000990901
1   9   5   9   -0.0022371198
1   10   1   6   0.0328721120
1   10   1   7   -0.0310184373
1   10   1   10   0.2407721571
1   10   2   6   -0.0002411677
1   10   2   7   -0.0002015520
1   10   2   10   0.0011201532
1   10   3   8   -0.0000746047
1   10   4   9   -0.0000746047
1   10   5   6   0.0013851964
1   10   5   7   0.0006591737
1   10   5   10   -0.0025150931
2   6   1   6   -0.0065693195
2   6   1   7   0.0000512382
2   6   1   10   -0.0002411677
2   6   2   6   0.2193134016
2   6   2   7   0.0011939378
2   6   2   10   -0.0024310088
2   6   3   8   0.0002776356
2   6   4   9   0.0002776356
2   6   5   6   -0.0310184373
2   6   5   7   -0.0002275448
2   6   5   10   0.0006549131
2   7   1   6   -0.0000077103
2   7   1   7   0.0011939378
2   7   1   10   -0.0002015520
2   7   2   6   0.0011939378
2   7   2   7   0.8704419770
2   7   2   10   0.0110972967
2   7   3   8   0.1508948040
2   7   4   9   0.1508948040
2   7   5   6   -0.0002015520
2   7   5   7   0.0110972967
2   7   5   10   0.1441902480
2   8   1   8   0.0010979782
2   8   2   8   0.8099868281
2   8   3   6   0.0002933795
2   8   3   7   0.1556103542
2   8   3   10   0.0027114637
2   8   5   8   0.0104582262
2   9   1   9   0.0010979782
2   9   2   9   0.8099868281
2   9   4   6   0.0002933795
2   9   4   7   0.1556103542
2   9   4   10   0.0027114637
2   9   5   9   0.0104582262
2   10   1   6   -0.0001513993
2   10   1   7   -0.0002275448
2   10   1   10   0.0011201532
2   10   2   6   -0.0024310088
2   10   2   7   0.0110972967
2   10   2   10   0.7838996053
2   10   3   8   0.0025527351
2   10   4   9   0.0025527351
2   10   5   6   0.0006591737
2   10   5   7   0.1495067186
2   10   5   10   0.0128936927
3   6   1   8   0.0000250421
3   6   2   8   0.0002933795
3   6   3   6   0.2166184551
3   6   3   7   0.0010979782
3   6   3   10   -0.0022371198
3   6   5   8   -0.0000990901
3   7   1   8   0.0002933795
3   7   2   8   0.1556103542
3   7   3   6   0.0010979782
3   7   3   7   0.8099868281
3   7   3   10   0.0104582262
3   7   5   8   0.0027114637
3   8   1   6   -0.0000392142
3   8   1   7   0.0002776356
3   8   1   10   -0.0000746047
3   8   2   6   0.0002776356
3   8   2   7   0.1508948040
3   8   2   10   0.0025527351
3   8   3   8   0.8009984689
3   8   3   9   -0.0000000000
3   8   4   8   -0.0000000000
3   8   4   9   0.0308451332
3   8   5   6   -0.0000746047
3   8   5   7   0.0025527351
3   8   5   10   0.0294924178
3   9   3   8   -0.0000000000
3   9   3   9   0.7333404362
3   9   4   8   0.0368128996
3   9   4   9   -0.0000000000
3   10   1   8   -0.0000990901
3   10   2   8   0.0027114637
3   10   3   6   -0.0022371198
3   10   3   7   0.0104582262
3   10   3   10   0.7108022462
3   10   4   10   -0.0000000000
3   10   5   8   0.0354125855
4   6   1   9   0.0000250421
4   6   2   9   0.0002933795
4   6   4   6   0.2166184551
4   6   4   7   0.0010979782
4   6   4   10   -0.0022371198
4   6   5   9   -0.0000990901
4   7   1   9   0.0002933795
4   7   2   9   0.1556103542
4   7   4   6   0.0010979782
4   7   4   7   0.8099868281
4   7   4   10   0.0104582262
4   7   5   9   0.0027114637
4   8   3   8   -0.0000000000
4   8   3   9   0.0368128996
4   8   4   8   0.7333404362
4   8   4   9   -0.0000000000
4   9   1   6   -0.0000392142
4   9   1   7   0.0002776356
4   9   1   10   -0.0000746047
4   9   2   6   0.0002776356
4   9   2   7   0.1508948040
4   9   2   10   0.0025527351
4   9   3   8   0.0308451332
4   9   3   9   -0.0000000000
4   9   4   8   -0.0000000000
4   9   4   9   0.8009984690
4   9   5   6   -0.0000746047
4   9   5   7   0.0025527351
4   9   5   10   0.0294924178
4   10   1   9   -0.0000990901
4   10   2   9   0.0027114637
4   10   3   10   -0.0000000000
4   10   4   6   -0.0022371198
4   10   4   7   0.0104582262
4   10   4   10   0.7108022462
4   10   5   9   0.0354125855
5   6   1   6   0.0328721120
5   6   1   7   -0.0002411677
5   6   1   10   0.0013851964
5   6   2   6   -0.0310184373
5   6   2   7   -0.0002015520
5   6   2   10   0.0006591737
5   6   3   8   -0.0000746047
5   6   4   9   -0.0000746047
5   6   5   6   0.2407721571
5   6   5   7   0.0011201532
5   6   5   10   -0.0025150931
5   7   1   6   -0.0001513993
5   7   1   7   -0.0024310088
5   7   1   10   0.0006591737
5   7   2   6   -0.0002275448
5   7   2   7   0.0110972967
5   7   2   10   0.1495067186
5   7   3   8   0.0025527351
5   7   4   9   0.0025527351
5   7   5   6   0.0011201532
5   7   5   7   0.7838996053
5   7   5   10   0.0128936927
5   8   1   8   -0.0022371198
5   8   2   8   0.0104582262
5   8   3   6   -0.0000990901
5   8   3   7   0.0027114637
5   8   3   10   0.0354125855
5   8   5   8   0.7108022462
5   8   5   9   -0.0000000000
5   9   1   9   -0.0022371198
5   9   2   9   0.0104582262
5   9   4   6   -0.0000990901
5   9   4   7   0.0027114637
5   9   4   10   0.0354125855
5   9   5   8   -0.0000000000
5   9   5   9   0.7108022462
5   10   1   6   0.0006393427
5   10   1   7   0.0006549131
5   10   1   10   -0.0025150931
5   10   2   6   0.0006549131
5   10   2   7   0.1441902480
5   10   2   10   0.0128936927
5   10   3   8   0.0294924178
5   10   4   9   0.0294924178
5   10   5   6   -0.0025150931
5   10   5   7   0.0128936927
5   10   5   10   0.7517880555

End IJKL Block
Begin IJAB Block
1   6   1   4   0.0081719793
1   6   2   5   0.0008040463
1   6   3   6   0.0008040463
1   7   1   4   -0.0000284161
1   7   2   5   0.0000193532
1   7   3   6   0.0000193532
1   8   1   5   0.0000505489
1   8   1   6   -0.0000179875
1   8   2   4   0.0001315367
1   8   3   4   -0.0000468065
1   9   1   5   0.0000179875
1   9   1   6   0.0000505489
1   9   2   4   0.0000468065
1   9   3   4   0.0001315367
1   10   1   4   0.0002976317
1   10   2   5   -0.0002395249
1   10   3   6   -0.0002395249
2   6   1   4   -0.0000284161
2   6   2   5   0.0000193532
2   6   3   6   0.0000193532
2   7   1   4   0.0009237142
2   7   2   5   0.0009335356
2   7   3   6   0.0009335357
2   8   1   5   0.0005197648
2   8   1   6   -0.0001849551
2   8   2   4   0.0002510536
2   8   3   4   -0.0000893359
2   9   1   5   0.0001849551
2   9   1   6   0.0005197648
2   9   2   4   0.0000893359
2   9   3   4   0.0002510536
2   10   1   4   -0.0007455705
2   10   2   5   -0.0000004364
2   10   3   6   -0.0000004364
3   6   1   5   0.0001315367
3   6   1   6   -0.0000468065
3   6   2   4   0.0000505489
3   6   3   4   -0.0000179875
3   7   1   5   0.0002510536
3   7   1   6   -0.0000893359
3   7   2   4   0.0005197648
3   7   3   4   -0.0001849551
3   8   1   4   0.0005986268
3   8   2   5   0.0027407488
3   8   2   6   -0.0008289558
3   8   3   5   -0.0008289558
3   8   3   6   0.0007061776
3   9   2   5   0.0008289558
3   9   2   6   0.0018446293
3   9   3   5   0.0001899419
3   9   3   6   -0.0008289558
3   10   1   5   -0.0005844202
3   10   1   6   0.0002079623
3   10   2   4   -0.0020032620
3   10   3   4   0.0007128483
4   6   1   5   0.0000468065
4   6   1   6   0.0001315367
4   6   2   4   0.0000179875
4   6   3   4   0.0000505489
4   7   1   5   0.0000893359
4   7   1   6   0.0002510536
4   7   2   4   0.0001849551
4   7   3   4   0.0005197648
4   8   2   5   0.0008289558
4   8   2   6   0.0001899419
4   8   3   5   0.0018446293
4   8   3   6   -0.0008289558
4   9   1   4   0.0005986268
4   9   2   5   0.0007061776
4   9   2   6   0.0008289558
4   9   3   5   0.0008289558
4   9   3   6   0.0027407488
4   10   1   5   -0.0002079623
4   10   1   6   -0.0005844202
4   10   2   4   -0.0007128483
4   10   3   4   -0.0020032620
5   6   1   4   0.0002976317
5   6   2   5   -0.0002395249
5   6   3   6   -0.0002395249
5   7   1   4   -0.0007455705
5   7   2   5   -0.0000004364
5   7   3   6   -0.0000004364
5   8   1   5   -0.0020032620
5   8   1   6   0.0007128483
5   8   2   4   -0.0005844202
5   8   3   4   0.0002079623
5   9   1   5   -0.0007128483
5   9   1   6   -0.0020032620
5   9   2   4   -0.0002079623
5   9   3   4   -0.0005844202
5   10   1   4   0.0031925696
5   10   2   5   0.0006154987
5   10   3   6   0.0006154987

End IJAB Block
Begin ABCD Block
1   4   1   4   0.2216214417
1   4   2   5   0.0262110127
1   4   3   6   0.0262110127
1   5   1   5   0.1540884406
1   5   2   4   0.0262111268
1   6   1   6   0.1540884406
1   6   3   4   0.0262111268
2   4   1   5   0.0262111268
2   4   2   4   0.1540884406
2   5   1   4   0.0262110127
2   5   2   5   0.1410960169
2   5   3   6   0.0080092608
2   6   2   6   0.1250775167
2   6   3   5   0.0080092393
3   4   1   6   0.0262111268
3   4   3   4   0.1540884406
3   5   2   6   0.0080092393
3   5   3   5   0.1250775167
3   6   1   4   0.0262110127
3   6   2   5   0.0080092608
3   6   3   6   0.1410960169

End ABCD Block
Begin AIJB Block
1   6   1   4   0.0061817448
1   6   2   4   -0.0000105604
1   6   3   5   0.0001065509
1   6   3   6   -0.0000379155
1   6   4   5   0.0000379155
1   6   4   6   0.0001065509
1   6   5   4   0.0001721191
1   7   1   4   -0.0000105604
1   7   2   4   0.0007024220
1   7   3   5   0.0001042702
1   7   3   6   -0.0000371039
1   7   4   5   0.0000371039
1   7   4   6   0.0001042702
1   7   5   4   -0.0003604527
1   8   1   5   0.0000396035
1   8   1   6   -0.0000140926
1   8   2   5   0.0003049571
1   8   2   6   -0.0001085171
1   8   3   4   0.0003216040
1   8   5   5   -0.0016564796
1   8   5   6   0.0005894479
1   9   1   5   0.0000140926
1   9   1   6   0.0000396035
1   9   2   5   0.0001085171
1   9   2   6   0.0003049571
1   9   4   4   0.0003216040
1   9   5   5   -0.0005894479
1   9   5   6   -0.0016564796
1   10   1   4   0.0001721191
1   10   2   4   -0.0003604527
1   10   3   5   -0.0003257341
1   10   3   6   0.0001159104
1   10   4   5   -0.0001159104
1   10   4   6   -0.0003257341
1   10   5   4   0.0021106621
2   6   1   5   0.0007128530
2   6   2   5   0.0000104824
2   6   3   4   0.0000396035
2   6   4   4   0.0000140926
2   6   5   5   -0.0001913940
2   7   1   5   0.0000104824
2   7   2   5   0.0007377134
2   7   3   4   0.0003049571
2   7   4   4   0.0001085171
2   7   5   5   0.0000324440
2   8   1   4   0.0001065509
2   8   2   4   0.0001042702
2   8   3   5   0.0021146242
2   8   3   6   -0.0006652061
2   8   4   5   0.0006652061
2   8   4   6   0.0000095611
2   8   5   4   -0.0003257341
2   9   1   4   0.0000379155
2   9   2   4   0.0000371039
2   9   3   5   0.0006652061
2   9   3   6   0.0016231063
2   9   4   5   0.0004819568
2   9   4   6   0.0006652061
2   9   5   4   -0.0001159104
2   10   1   5   -0.0001913940
2   10   2   5   0.0000324440
2   10   3   4   -0.0016564796
2   10   4   4   -0.0005894479
2   10   5   5   0.0004680805
3   6   1   6   0.0007128530
3   6   2   6   0.0000104824
3   6   3   4   -0.0000140926
3   6   4   4   0.0000396035
3   6   5   6   -0.0001913940
3   7   1   6   0.0000104824
3   7   2   6   0.0007377134
3   7   3   4   -0.0001085171
3   7   4   4   0.0003049571
3   7   5   6   0.0000324440
3   8   1   4   -0.0000379155
3   8   2   4   -0.0000371039
3   8   3   5   -0.0006652061
3   8   3   6   0.0004819568
3   8   4   5   0.0016231063
3   8   4   6   -0.0006652061
3   8   5   4   0.0001159104
3   9   1   4   0.0001065509
3   9   2   4   0.0001042702
3   9   3   5   0.0000095611
3   9   3   6   -0.0006652061
3   9   4   5   0.0006652061
3   9   4   6   0.0021146242
3   9   5   4   -0.0003257341
3   10   1   6   -0.0001913940
3   10   2   6   0.0000324440
3   10   3   4   0.0005894479
3   10   4   4   -0.0016564796
3   10   5   6   0.0004680805

1   6   6   1   -0.2570916735
1   6   7   1   0.0004221404
1   6   8   2   -0.0002239886
1   6   8   3   0.0000797050
1   6   9   2   -0.0000797050
1   6   9   3   -0.0002239886
1   6   10   1   -0.0016659573
1   7   6   1   0.0004221404
1   7   7   1   -0.1336255105
1   7   8   2   -0.0034626916
1   7   8   3   0.0012321772
1   7   9   2   -0.0012321772
1   7   9   3   -0.0034626916
1   7   10   1   0.0100182064
1   8   6   2   -0.0002249157
1   8   6   3   0.0000800348
1   8   7   2   -0.0034634440
1   8   7   3   0.0012324449
1   8   8   1   -0.1333143977
1   8   10   2   0.0013540908
1   8   10   3   -0.0004818448
1   9   6   2   -0.0000800348
1   9   6   3   -0.0002249157
1   9   7   2   -0.0012324449
1   9   7   3   -0.0034634440
1   9   9   1   -0.1333143977
1   9   10   2   0.0004818448
1   9   10   3   0.0013540908
1   10   6   1   -0.0016659573
1   10   7   1   0.0100182064
1   10   8   2   0.0013742386
1   10   8   3   -0.0004890142
1   10   9   2   0.0004890142
1   10   9   3   0.0013742386
1   10   10   1   -0.1383196434
2   6   6   2   -0.1739746023
2   6   7   2   0.0001088714
2   6   8   1   -0.0002249157
2   6   9   1   -0.0000800348
2   6   10   2   -0.0003238190
2   7   6   2   0.0001088714
2   7   7   2   -0.1294453152
2   7   8   1   -0.0034634440
2   7   9   1   -0.0012324449
2   7   10   2   0.0059924179
2   8   6   1   -0.0002239886
2   8   7   1   -0.0034626916
2   8   8   2   -0.1300356741
2   8   8   3   0.0004485666
2   8   9   2   -0.0004485666
2   8   9   3   -0.0005609885
2   8   10   1   0.0013742386
2   9   6   1   -0.0000797050
2   9   7   1   -0.0012321772
2   9   8   2   -0.0004485666
2   9   8   3   -0.0005399636
2   9   9   2   -0.1289347220
2   9   9   3   -0.0004485666
2   9   10   1   0.0004890142
2   10   6   2   -0.0003238190
2   10   7   2   0.0059924179
2   10   8   1   0.0013540908
2   10   9   1   0.0004818448
2   10   10   2   -0.1311781214
3   6   6   3   -0.1739746023
3   6   7   3   0.0001088714
3   6   8   1   0.0000800348
3   6   9   1   -0.0002249157
3   6   10   3   -0.0003238190
3   7   6   3   0.0001088714
3   7   7   3   -0.1294453152
3   7   8   1   0.0012324449
3   7   9   1   -0.0034634440
3   7   10   3   0.0059924179
3   8   6   1   0.0000797050
3   8   7   1   0.0012321772
3   8   8   2   0.0004485666
3   8   8   3   -0.1289347220
3   8   9   2   -0.0005399636
3   8   9   3   0.0004485666
3   8   10   1   -0.0004890142
3   9   6   1   -0.0002239886
3   9   7   1   -0.0034626916
3   9   8   2   -0.0005609885
3   9   8   3   0.0004485666
3   9   9   2   -0.0004485666
3   9   9   3   -0.1300356741
3   9   10   1   0.0013742386
3   10   6   3   -0.0003238190
3   10   7   3   0.0059924179
3   10   8   1   -0.0004818448
3   10   9   1   0.0013540908
3   10   10   3   -0.1311781214

End AIJB Block
Begin IJKA Block
1   6   1   4   -0.0791980777
1   6   2   4   0.0003954064
1   6   3   5   0.0001074994
1   6   3   6   -0.0000382530
1   6   4   5   0.0000382530
1   6   4   6   0.0001074994
1   6   5   4   -0.0021049393
1   7   1   4   -0.0002230515
1   7   2   4   -0.0000126367
1   7   3   5   -0.0000076386
1   7   3   6   0.0000027182
1   7   4   5   -0.0000027182
1   7   4   6   -0.0000076386
1   7   5   4   0.0000505524
1   8   1   5   0.0012826454
1   8   1   6   -0.0004564214
1   8   2   5   -0.0000489929
1   8   2   6   0.0000174338
1   8   3   4   0.0000210343
1   8   5   5   0.0000822749
1   8   5   6   -0.0000292770
1   9   1   5   0.0004564214
1   9   1   6   0.0012826454
1   9   2   5   -0.0000174338
1   9   2   6   -0.0000489929
1   9   4   4   0.0000210343
1   9   5   5   0.0000292770
1   9   5   6   0.0000822749
1   10   1   4   -0.0079556500
1   10   2   4   0.0000652473
1   10   3   5   -0.0000375353
1   10   3   6   0.0000133567
1   10   4   5   -0.0000133567
1   10   4   6   -0.0000375353
1   10   5   4   -0.0001454802
2   6   1   4   0.0004039404
2   6   2   4   -0.0022835925
2   6   3   5   0.0002698899
2   6   3   6   -0.0000960386
2   6   4   5   0.0000960386
2   6   4   6   0.0002698899
2   6   5   4   0.0006089335
2   7   1   4   -0.0000103826
2   7   2   4   -0.0065435830
2   7   3   5   -0.0100780973
2   7   3   6   0.0035862281
2   7   4   5   -0.0035862281
2   7   4   6   -0.0100780973
2   7   5   4   0.0097038045
2   8   1   5   -0.0000212925
2   8   1   6   0.0000075768
2   8   2   5   -0.0291551131
2   8   2   6   0.0103746651
2   8   3   4   -0.0011158449
2   8   5   5   -0.0011611497
2   8   5   6   0.0004131879
2   9   1   5   -0.0000075768
2   9   1   6   -0.0000212925
2   9   2   5   -0.0103746651
2   9   2   6   -0.0291551131
2   9   4   4   -0.0011158449
2   9   5   5   -0.0004131879
2   9   5   6   -0.0011611497
2   10   1   4   0.0000237680
2   10   2   4   0.0267176970
2   10   3   5   -0.0009996746
2   10   3   6   0.0003557280
2   10   4   5   -0.0003557280
2   10   4   6   -0.0009996746
2   10   5   4   0.0000455362
3   6   1   5   0.0001053760
3   6   1   6   -0.0000374974
3   6   2   5   0.0002552167
3   6   2   6   -0.0000908173
3   6   3   4   -0.0021792639
3   6   5   5   -0.0001681591
3   6   5   6   0.0000598383
3   7   1   5   0.0000002382
3   7   1   6   -0.0000000848
3   7   2   5   -0.0100683247
3   7   2   6   0.0035827505
3   7   3   4   -0.0056217141
3   7   5   5   -0.0002600748
3   7   5   6   0.0000925460
3   8   1   4   0.0000226068
3   8   2   4   -0.0011403885
3   8   3   5   -0.0314363975
3   8   3   6   0.0111864459
3   8   4   5   -0.0010438289
3   8   4   6   -0.0029333911
3   8   5   4   0.0029443696
3   9   3   5   -0.0090561694
3   9   3   6   -0.0254498472
3   9   4   5   -0.0030531592
3   9   4   6   0.0010864476
3   10   1   5   -0.0000375196
3   10   1   6   0.0000133511
3   10   2   5   -0.0008061533
3   10   2   6   0.0002868646
3   10   3   4   0.0231813622
3   10   5   5   -0.0029935911
3   10   5   6   0.0010652507
4   6   1   5   0.0000374974
4   6   1   6   0.0001053760
4   6   2   5   0.0000908173
4   6   2   6   0.0002552167
4   6   4   4   -0.0021792639
4   6   5   5   -0.0000598383
4   6   5   6   -0.0001681591
4   7   1   5   0.0000000848
4   7   1   6   0.0000002382
4   7   2   5   -0.0035827505
4   7   2   6   -0.0100683247
4   7   4   4   -0.0056217141
4   7   5   5   -0.0000925460
4   7   5   6   -0.0002600748
4   8   3   5   -0.0010864476
4   8   3   6   -0.0030531592
4   8   4   5   -0.0254498472
4   8   4   6   0.0090561694
4   9   1   4   0.0000226068
4   9   2   4   -0.0011403885
4   9   3   5   -0.0029333911
4   9   3   6   0.0010438289
4   9   4   5   -0.0111864459
4   9   4   6   -0.0314363975
4   9   5   4   0.0029443696
4   10   1   5   -0.0000133511
4   10   1   6   -0.0000375196
4   10   2   5   -0.0002868646
4   10   2   6   -0.0008061533
4   10   4   4   0.0231813622
4   10   5   5   -0.0010652507
4   10   5   6   -0.0029935911
5   6   1   4   -0.0022512408
5   6   2   4   0.0005709355
5   6   3   5   -0.0001655239
5   6   3   6   0.0000589006
5   6   4   5   -0.0000589006
5   6   4   6   -0.0001655239
5   6   5   4   -0.0028336877
5   7   1   4   0.0000234728
5   7   2   4   0.0098391435
5   7   3   5   -0.0003030502
5   7   3   6   0.0001078385
5   7   4   5   -0.0001078385
5   7   4   6   -0.0003030502
5   7   5   4   -0.0051168919
5   8   1   5   0.0000117031
5   8   1   6   -0.0000041645
5   8   2   5   -0.0007849927
5   8   2   6   0.0002793348
5   8   3   4   0.0029677483
5   8   5   5   -0.0248636749
5   8   5   6   0.0088475836
5   9   1   5   0.0000041645
5   9   1   6   0.0000117031
5   9   2   5   -0.0002793348
5   9   2   6   -0.0007849927
5   9   4   4   0.0029677483
5   9   5   5   -0.0088475836
5   9   5   6   -0.0248636749
5   10   1   4   -0.0000071136
5   10   2   4   -0.0004424989
5   10   3   5   -0.0027759071
5   10   3   6   0.0009877892
5   10   4   5   -0.0009877892
5   10   4   6   -0.0027759071
5   10   5   4   0.0289586236

End IJKA Block
Begin IABC Block
1   4   1   4   0.0008604753
1   4   2   5   0.0012499041
1   4   3   6   0.0012499041
1   5   1   5   0.0001434775
1   5   2   4   0.0012569400
1   6   1   6   0.0001434775
1   6   3   4   0.0012569400
2   4   1   4   -0.0002352280
2   4   2   5   0.0000334485
2   4   3   6   0.0000334485
2   5   1   5   -0.0001505176
2   5   2   4   0.0000324055
2   6   1   6   -0.0001505176
2   6   3   4   0.0000324055
3   4   1   5   0.0009013829
3   4   1   6   -0.0003207515
3   4   2   4   0.0009442696
3   4   3   4   -0.0003360125
3   5   1   4   0.0008994171
3   5   2   5   0.0009248095
3   5   2   6   -0.0001084452
3   5   3   5   -0.0001127966
3   5   3   6   0.0003030710
3   6   1   4   -0.0003200520
3   6   2   5   -0.0001078459
3   6   2   6   0.0003169834
3   6   3   5   0.0003047552
3   6   3   6   -0.0003290877
4   4   1   5   0.0003207515
4   4   1   6   0.0009013829
4   4   2   4   0.0003360125
4   4   3   4   0.0009442696
4   5   1   4   0.0003200520
4   5   2   5   0.0003290877
4   5   2   6   0.0003047552
4   5   3   5   0.0003169834
4   5   3   6   0.0001078459
4   6   1   4   0.0008994171
4   6   2   5   0.0003030710
4   6   2   6   0.0001127966
4   6   3   5   0.0001084452
4   6   3   6   0.0009248095
5   4   1   4   -0.0027012406
5   4   2   5   -0.0014835090
5   4   3   6   -0.0014835090
5   5   1   5   -0.0015352869
5   5   2   4   -0.0014888193
5   6   1   6   -0.0015352869
5   6   3   4   -0.0014888193

End IABC Block
