Begin IJ Block
1   1   -40.9245596251
1   2   0.0000989917
1   3   0.7523480314
1   6   0.0212729487
2   2   -5.9660293481
2   3   0.0001745231
2   6   -0.0121812995
3   3   -9.3243900184
3   6   -0.0445615476
4   4   -8.1970263028
5   5   -8.1970263028
6   6   -7.9718090100

End IJ Block
Begin IA Block
1   1   -0.0067258306
1   4   -0.0390803781
2   1   0.1040871752
2   4   0.0724699326
3   1   0.0470161660
3   4   0.2300017205
4   2   0.3017254567
4   3   -0.1330308988
5   2   0.1330308988
5   3   0.3017254567
6   1   -0.3907223540
6   4   -0.3776205551

End IA Block
Begin AB Block
1   1   -1.8163971927
1   4   -0.4177005609
2   2   -1.6201921992
3   3   -1.6201921992
4   4   -1.7702333895

End AB Block
Begin IJKL Block
1   7   1   7   5.3561616383
1   7   1   8   -0.0000556590
1   7   1   9   -0.5336961675
1   7   1   12   -0.0144517414
1   7   2   7   -0.0000556590
1   7   2   8   0.0000000026
1   7   2   9   0.0000082456
1   7   2   12   -0.0000072777
1   7   3   7   -0.5336961675
1   7   3   8   0.0000082456
1   7   3   9   0.0861725816
1   7   3   12   0.0023274817
1   7   4   10   0.0361226882
1   7   5   11   0.0361226882
1   7   6   7   -0.0144517414
1   7   6   8   -0.0000072777
1   7   6   9   0.0023274817
1   7   6   12   0.0337244568
1   8   1   7   -0.0000556590
1   8   1   8   0.1691282764
1   8   1   9   0.0001896881
1   8   1   12   -0.0006902034
1   8   2   7   0.0000000026
1   8   2   8   -0.0000031250
1   8   2   9   0.0000000092
1   8   2   12   -0.0000001338
1   8   3   7   0.0000082456
1   8   3   8   0.0000028553
1   8   3   9   -0.0000021072
1   8   3   12   0.0000029493
1   8   4   10   0.0000059448
1   8   5   11   0.0000059448
1   8   6   7   -0.0000072777
1   8   6   8   -0.0014465438
1   8   6   9   -0.0000091204
1   8   6   12   0.0000127191
1   9   1   7   -0.5336961675
1   9   1   8   0.0001896881
1   9   1   9   1.2648849525
1   9   1   12   0.0193075966
1   9   2   7   0.0000082456
1   9   2   8   0.0000000092
1   9   2   9   -0.0000026208
1   9   2   12   -0.0000080720
1   9   3   7   0.0861725816
1   9   3   8   -0.0000021072
1   9   3   9   -0.0232328679
1   9   3   12   -0.0006935386
1   9   4   10   0.0374187268
1   9   5   11   0.0374187268
1   9   6   7   0.0023274817
1   9   6   8   -0.0000091204
1   9   6   9   -0.0008244362
1   9   6   12   0.0351616364
1   10   1   10   1.1677440544
1   10   2   10   -0.0000020661
1   10   3   10   -0.0145584519
1   10   4   7   0.0361226882
1   10   4   8   0.0000059448
1   10   4   9   0.0374187268
1   10   4   12   0.0007724129
1   10   6   10   -0.0005417310
1   11   1   11   1.1677440544
1   11   2   11   -0.0000020661
1   11   3   11   -0.0145584519
1   11   5   7   0.0361226882
1   11   5   8   0.0000059448
1   11   5   9   0.0374187268
1   11   5   12   0.0007724129
1   11   6   11   -0.0005417310
1   12   1   7   -0.0144517414
1   12   1   8   -0.0006902034
1   12   1   9   0.0193075966
1   12   1   12   1.1192172515
1   12   2   7   -0.0000072777
1   12   2   8   -0.0000001338
1   12   2   9   -0.0000080720
1   12   2   12   -0.0000021001
1   12   3   7   0.0023274817
1   12   3   8   0.0000029493
1   12   3   9   -0.0006935386
1   12   3   12   -0.0135958999
1   12   4   10   0.0007724129
1   12   5   11   0.0007724129
1   12   6   7   0.0337244568
1   12   6   8   0.0000127191
1   12   6   9   0.0351616364
1   12   6   12   0.0007388301
2   7   1   7   -0.0000556590
2   7   1   8   0.0000000026
2   7   1   9   0.0000082456
2   7   1   12   -0.0000072777
2   7   2   7   0.1691282764
2   7   2   8   -0.0000031250
2   7   2   9   0.0000028553
2   7   2   12   -0.0014465438
2   7   3   7   0.0001896881
2   7   3   8   0.0000000092
2   7   3   9   -0.0000021072
2   7   3   12   -0.0000091204
2   7   4   10   0.0000059448
2   7   5   11   0.0000059448
2   7   6   7   -0.0006902034
2   7   6   8   -0.0000001338
2   7   6   9   0.0000029493
2   7   6   12   0.0000127191
2   8   1   7   0.0000000026
2   8   1   8   -0.0000031250
2   8   1   9   0.0000000092
2   8   1   12   -0.0000001338
2   8   2   7   -0.0000031250
2   8   2   8   1.6514582808
2   8   2   9   -0.0013178431
2   8   2   12   0.0177369185
2   8   3   7   0.0000000092
2   8   3   8   -0.0013178431
2   8   3   9   0.0000016368
2   8   3   12   -0.0000230533
2   8   4   10   0.0000017425
2   8   5   11   0.0000017425
2   8   6   7   -0.0000001338
2   8   6   8   0.0177369185
2   8   6   9   -0.0000230533
2   8   6   12   0.0003407907
2   9   1   7   0.0000082456
2   9   1   8   0.0000000092
2   9   1   9   -0.0000026208
2   9   1   12   -0.0000080720
2   9   2   7   0.0000028553
2   9   2   8   -0.0013178431
2   9   2   9   0.1694599540
2   9   2   12   -0.0181270644
2   9   3   7   -0.0000021072
2   9   3   8   0.0000016368
2   9   3   9   0.0001455292
2   9   3   12   -0.0000461064
2   9   4   10   0.0000376736
2   9   5   11   0.0000376736
2   9   6   7   0.0000029493
2   9   6   8   -0.0000230533
2   9   6   9   -0.0006206767
2   9   6   12   0.0001195004
2   10   1   10   -0.0000020661
2   10   2   10   0.1680778250
2   10   3   10   0.0001360552
2   10   4   7   0.0000059448
2   10   4   8   0.0000017425
2   10   4   9   0.0000376736
2   10   4   12   -0.0000170885
2   10   6   10   -0.0005889506
2   11   1   11   -0.0000020661
2   11   2   11   0.1680778250
2   11   3   11   0.0001360552
2   11   5   7   0.0000059448
2   11   5   8   0.0000017425
2   11   5   9   0.0000376736
2   11   5   12   -0.0000170885
2   11   6   11   -0.0005889506
2   12   1   7   -0.0000072777
2   12   1   8   -0.0000001338
2   12   1   9   -0.0000080720
2   12   1   12   -0.0000021001
2   12   2   7   -0.0014465438
2   12   2   8   0.0177369185
2   12   2   9   -0.0181270644
2   12   2   12   0.1803244487
2   12   3   7   -0.0000091204
2   12   3   8   -0.0000230533
2   12   3   9   -0.0000461064
2   12   3   12   0.0001386436
2   12   4   10   -0.0000170885
2   12   5   11   -0.0000170885
2   12   6   7   0.0000127191
2   12   6   8   0.0003407907
2   12   6   9   0.0001195004
2   12   6   12   -0.0006656176
3   7   1   7   -0.5336961675
3   7   1   8   0.0000082456
3   7   1   9   0.0861725816
3   7   1   12   0.0023274817
3   7   2   7   0.0001896881
3   7   2   8   0.0000000092
3   7   2   9   -0.0000021072
3   7   2   12   -0.0000091204
3   7   3   7   1.2648849525
3   7   3   8   -0.0000026208
3   7   3   9   -0.0232328679
3   7   3   12   -0.0008244362
3   7   4   10   0.0374187268
3   7   5   11   0.0374187268
3   7   6   7   0.0193075966
3   7   6   8   -0.0000080720
3   7   6   9   -0.0006935386
3   7   6   12   0.0351616364
3   8   1   7   0.0000082456
3   8   1   8   0.0000028553
3   8   1   9   -0.0000021072
3   8   1   12   0.0000029493
3   8   2   7   0.0000000092
3   8   2   8   -0.0013178431
3   8   2   9   0.0000016368
3   8   2   12   -0.0000230533
3   8   3   7   -0.0000026208
3   8   3   8   0.1694599540
3   8   3   9   0.0001455292
3   8   3   12   -0.0006206767
3   8   4   10   0.0000376736
3   8   5   11   0.0000376736
3   8   6   7   -0.0000080720
3   8   6   8   -0.0181270644
3   8   6   9   -0.0000461064
3   8   6   12   0.0001195004
3   9   1   7   0.0861725816
3   9   1   8   -0.0000021072
3   9   1   9   -0.0232328679
3   9   1   12   -0.0006935386
3   9   2   7   -0.0000021072
3   9   2   8   0.0000016368
3   9   2   9   0.0001455292
3   9   2   12   -0.0000461064
3   9   3   7   -0.0232328679
3   9   3   8   0.0001455292
3   9   3   9   0.8836581427
3   9   3   12   0.0084104950
3   9   4   10   0.1653102474
3   9   5   11   0.1653102474
3   9   6   7   -0.0006935386
3   9   6   8   -0.0000461064
3   9   6   9   0.0084104950
3   9   6   12   0.1582747657
3   10   1   10   -0.0145584519
3   10   2   10   0.0001360552
3   10   3   10   0.8280486872
3   10   4   7   0.0374187268
3   10   4   8   0.0000376736
3   10   4   9   0.1653102474
3   10   4   12   0.0018190379
3   10   6   10   0.0077473846
3   11   1   11   -0.0145584519
3   11   2   11   0.0001360552
3   11   3   11   0.8280486872
3   11   5   7   0.0374187268
3   11   5   8   0.0000376736
3   11   5   9   0.1653102474
3   11   5   12   0.0018190379
3   11   6   11   0.0077473846
3   12   1   7   0.0023274817
3   12   1   8   0.0000029493
3   12   1   9   -0.0006935386
3   12   1   12   -0.0135958999
3   12   2   7   -0.0000091204
3   12   2   8   -0.0000230533
3   12   2   9   -0.0000461064
3   12   2   12   0.0001386436
3   12   3   7   -0.0008244362
3   12   3   8   -0.0006206767
3   12   3   9   0.0084104950
3   12   3   12   0.8009466185
3   12   4   10   0.0018190379
3   12   5   11   0.0018190379
3   12   6   7   0.0351616364
3   12   6   8   0.0001195004
3   12   6   9   0.1582747657
3   12   6   12   0.0087429540
4   7   1   10   0.0361226882
4   7   2   10   0.0000059448
4   7   3   10   0.0374187268
4   7   4   7   1.1677440544
4   7   4   8   -0.0000020661
4   7   4   9   -0.0145584519
4   7   4   12   -0.0005417310
4   7   6   10   0.0007724129
4   8   1   10   0.0000059448
4   8   2   10   0.0000017425
4   8   3   10   0.0000376736
4   8   4   7   -0.0000020661
4   8   4   8   0.1680778250
4   8   4   9   0.0001360552
4   8   4   12   -0.0005889506
4   8   6   10   -0.0000170885
4   9   1   10   0.0374187268
4   9   2   10   0.0000376736
4   9   3   10   0.1653102474
4   9   4   7   -0.0145584519
4   9   4   8   0.0001360552
4   9   4   9   0.8280486872
4   9   4   12   0.0077473846
4   9   6   10   0.0018190379
4   10   1   7   0.0361226882
4   10   1   8   0.0000059448
4   10   1   9   0.0374187268
4   10   1   12   0.0007724129
4   10   2   7   0.0000059448
4   10   2   8   0.0000017425
4   10   2   9   0.0000376736
4   10   2   12   -0.0000170885
4   10   3   7   0.0374187268
4   10   3   8   0.0000376736
4   10   3   9   0.1653102474
4   10   3   12   0.0018190379
4   10   4   10   0.8359327329
4   10   5   11   0.0405412897
4   10   6   7   0.0007724129
4   10   6   8   -0.0000170885
4   10   6   9   0.0018190379
4   10   6   12   0.0389518820
4   11   4   11   0.7548501535
4   11   5   10   0.0405412897
4   12   1   10   0.0007724129
4   12   2   10   -0.0000170885
4   12   3   10   0.0018190379
4   12   4   7   -0.0005417310
4   12   4   8   -0.0005889506
4   12   4   9   0.0077473846
4   12   4   12   0.7311787677
4   12   6   10   0.0389518820
5   7   1   11   0.0361226882
5   7   2   11   0.0000059448
5   7   3   11   0.0374187268
5   7   5   7   1.1677440544
5   7   5   8   -0.0000020661
5   7   5   9   -0.0145584519
5   7   5   12   -0.0005417310
5   7   6   11   0.0007724129
5   8   1   11   0.0000059448
5   8   2   11   0.0000017425
5   8   3   11   0.0000376736
5   8   5   7   -0.0000020661
5   8   5   8   0.1680778250
5   8   5   9   0.0001360552
5   8   5   12   -0.0005889506
5   8   6   11   -0.0000170885
5   9   1   11   0.0374187268
5   9   2   11   0.0000376736
5   9   3   11   0.1653102474
5   9   5   7   -0.0145584519
5   9   5   8   0.0001360552
5   9   5   9   0.8280486872
5   9   5   12   0.0077473846
5   9   6   11   0.0018190379
5   10   4   11   0.0405412897
5   10   5   10   0.7548501535
5   11   1   7   0.0361226882
5   11   1   8   0.0000059448
5   11   1   9   0.0374187268
5   11   1   12   0.0007724129
5   11   2   7   0.0000059448
5   11   2   8   0.0000017425
5   11   2   9   0.0000376736
5   11   2   12   -0.0000170885
5   11   3   7   0.0374187268
5   11   3   8   0.0000376736
5   11   3   9   0.1653102474
5   11   3   12   0.0018190379
5   11   4   10   0.0405412897
5   11   5   11   0.8359327329
5   11   6   7   0.0007724129
5   11   6   8   -0.0000170885
5   11   6   9   0.0018190379
5   11   6   12   0.0389518820
5   12   1   11   0.0007724129
5   12   2   11   -0.0000170885
5   12   3   11   0.0018190379
5   12   5   7   -0.0005417310
5   12   5   8   -0.0005889506
5   12   5   9   0.0077473846
5   12   5   12   0.7311787677
5   12   6   11   0.0389518820
6   7   1   7   -0.0144517414
6   7   1   8   -0.0000072777
6   7   1   9   0.0023274817
6   7   1   12   0.0337244568
6   7   2   7   -0.0006902034
6   7   2   8   -0.0000001338
6   7   2   9   0.0000029493
6   7   2   12   0.0000127191
6   7   3   7   0.0193075966
6   7   3   8   -0.0000080720
6   7   3   9   -0.0006935386
6   7   3   12   0.0351616364
6   7   4   10   0.0007724129
6   7   5   11   0.0007724129
6   7   6   7   1.1192172515
6   7   6   8   -0.0000021001
6   7   6   9   -0.0135958999
6   7   6   12   0.0007388301
6   8   1   7   -0.0000072777
6   8   1   8   -0.0014465438
6   8   1   9   -0.0000091204
6   8   1   12   0.0000127191
6   8   2   7   -0.0000001338
6   8   2   8   0.0177369185
6   8   2   9   -0.0000230533
6   8   2   12   0.0003407907
6   8   3   7   -0.0000080720
6   8   3   8   -0.0181270644
6   8   3   9   -0.0000461064
6   8   3   12   0.0001195004
6   8   4   10   -0.0000170885
6   8   5   11   -0.0000170885
6   8   6   7   -0.0000021001
6   8   6   8   0.1803244487
6   8   6   9   0.0001386436
6   8   6   12   -0.0006656176
6   9   1   7   0.0023274817
6   9   1   8   -0.0000091204
6   9   1   9   -0.0008244362
6   9   1   12   0.0351616364
6   9   2   7   0.0000029493
6   9   2   8   -0.0000230533
6   9   2   9   -0.0006206767
6   9   2   12   0.0001195004
6   9   3   7   -0.0006935386
6   9   3   8   -0.0000461064
6   9   3   9   0.0084104950
6   9   3   12   0.1582747657
6   9   4   10   0.0018190379
6   9   5   11   0.0018190379
6   9   6   7   -0.0135958999
6   9   6   8   0.0001386436
6   9   6   9   0.8009466185
6   9   6   12   0.0087429540
6   10   1   10   -0.0005417310
6   10   2   10   -0.0005889506
6   10   3   10   0.0077473846
6   10   4   7   0.0007724129
6   10   4   8   -0.0000170885
6   10   4   9   0.0018190379
6   10   4   12   0.0389518820
6   10   6   10   0.7311787677
6   11   1   11   -0.0005417310
6   11   2   11   -0.0005889506
6   11   3   11   0.0077473846
6   11   5   7   0.0007724129
6   11   5   8   -0.0000170885
6   11   5   9   0.0018190379
6   11   5   12   0.0389518820
6   11   6   11   0.7311787677
6   12   1   7   0.0337244568
6   12   1   8   0.0000127191
6   12   1   9   0.0351616364
6   12   1   12   0.0007388301
6   12   2   7   0.0000127191
6   12   2   8   0.0003407907
6   12   2   9   0.0001195004
6   12   2   12   -0.0006656176
6   12   3   7   0.0351616364
6   12   3   8   0.0001195004
6   12   3   9   0.1582747657
6   12   3   12   0.0087429540
6   12   4   10   0.0389518820
6   12   5   11   0.0389518820
6   12   6   7   0.0007388301
6   12   6   8   -0.0006656176
6   12   6   9   0.0087429540
6   12   6   12   0.7841262609

End IJKL Block
Begin IJAB Block
1   7   1   5   0.0002100816
1   7   1   8   0.0002723463
1   7   2   6   0.0001422528
1   7   3   7   0.0001422528
1   7   4   5   0.0002723463
1   7   4   8   0.0005209656
1   8   1   5   0.0000016420
1   8   1   8   -0.0000007458
1   8   2   6   -0.0000010222
1   8   3   7   -0.0000010222
1   8   4   5   0.0000018032
1   8   4   8   -0.0000008962
1   9   1   5   0.0002010471
1   9   1   8   0.0002200587
1   9   2   6   0.0001369001
1   9   3   7   0.0001369001
1   9   4   5   0.0002180503
1   9   4   8   0.0001935048
1   10   1   6   -0.0000116857
1   10   1   7   0.0000051523
1   10   2   5   0.0000167250
1   10   2   8   0.0000874667
1   10   3   5   -0.0000073741
1   10   3   8   -0.0000385641
1   10   4   6   -0.0000469767
1   10   4   7   0.0000207121
1   11   1   6   -0.0000051523
1   11   1   7   -0.0000116857
1   11   2   5   0.0000073741
1   11   2   8   0.0000385641
1   11   3   5   0.0000167250
1   11   3   8   0.0000874667
1   11   4   6   -0.0000207121
1   11   4   7   -0.0000469767
1   12   1   5   0.0000005916
1   12   1   8   -0.0000837676
1   12   2   6   0.0000083229
1   12   3   7   0.0000083229
1   12   4   5   0.0000425799
1   12   4   8   -0.0000491456
2   7   1   5   0.0000016420
2   7   1   8   0.0000018032
2   7   2   6   -0.0000010222
2   7   3   7   -0.0000010222
2   7   4   5   -0.0000007458
2   7   4   8   -0.0000008962
2   8   1   5   0.0082978175
2   8   1   8   0.0064884989
2   8   2   6   0.0012976741
2   8   3   7   0.0012976741
2   8   4   5   0.0064884989
2   8   4   8   0.0060555750
2   9   1   5   -0.0000002529
2   9   1   8   -0.0000061322
2   9   2   6   0.0000072620
2   9   3   7   0.0000072620
2   9   4   5   -0.0000139615
2   9   4   8   -0.0000129625
2   10   1   6   0.0000083787
2   10   1   7   -0.0000036942
2   10   2   5   0.0000716744
2   10   2   8   0.0001126900
2   10   3   5   -0.0000316013
2   10   3   8   -0.0000496851
2   10   4   6   -0.0000158622
2   10   4   7   0.0000069937
2   11   1   6   0.0000036942
2   11   1   7   0.0000083787
2   11   2   5   0.0000316013
2   11   2   8   0.0000496851
2   11   3   5   0.0000716744
2   11   3   8   0.0001126900
2   11   4   6   -0.0000069937
2   11   4   7   -0.0000158622
2   12   1   5   0.0001672423
2   12   1   8   0.0003797962
2   12   2   6   -0.0002447524
2   12   3   7   -0.0002447524
2   12   4   5   0.0001482665
2   12   4   8   0.0000884663
3   7   1   5   0.0002010471
3   7   1   8   0.0002180503
3   7   2   6   0.0001369001
3   7   3   7   0.0001369001
3   7   4   5   0.0002200587
3   7   4   8   0.0001935048
3   8   1   5   -0.0000002529
3   8   1   8   -0.0000139615
3   8   2   6   0.0000072620
3   8   3   7   0.0000072620
3   8   4   5   -0.0000061322
3   8   4   8   -0.0000129625
3   9   1   5   0.0008782247
3   9   1   8   0.0011390278
3   9   2   6   0.0005295308
3   9   3   7   0.0005295308
3   9   4   5   0.0011390278
3   9   4   8   0.0020818599
3   10   1   6   0.0001972688
3   10   1   7   -0.0000869759
3   10   2   5   0.0000556565
3   10   2   8   0.0002604593
3   10   3   5   -0.0000245390
3   10   3   8   -0.0001148367
3   10   4   6   0.0011287070
3   10   4   7   -0.0004976475
3   11   1   6   0.0000869759
3   11   1   7   0.0001972688
3   11   2   5   0.0000245390
3   11   2   8   0.0001148367
3   11   3   5   0.0000556565
3   11   3   8   0.0002604593
3   11   4   6   0.0004976475
3   11   4   7   0.0011287070
3   12   1   5   -0.0002977036
3   12   1   8   -0.0005400249
3   12   2   6   0.0000250867
3   12   3   7   0.0000250867
3   12   4   5   -0.0015414959
3   12   4   8   -0.0019734999
4   7   1   6   0.0000167250
4   7   1   7   -0.0000073741
4   7   2   5   -0.0000116857
4   7   2   8   -0.0000469767
4   7   3   5   0.0000051523
4   7   3   8   0.0000207121
4   7   4   6   0.0000874667
4   7   4   7   -0.0000385641
4   8   1   6   0.0000716744
4   8   1   7   -0.0000316013
4   8   2   5   0.0000083787
4   8   2   8   -0.0000158622
4   8   3   5   -0.0000036942
4   8   3   8   0.0000069937
4   8   4   6   0.0001126900
4   8   4   7   -0.0000496851
4   9   1   6   0.0000556565
4   9   1   7   -0.0000245390
4   9   2   5   0.0001972688
4   9   2   8   0.0011287070
4   9   3   5   -0.0000869759
4   9   3   8   -0.0004976475
4   9   4   6   0.0002604593
4   9   4   7   -0.0001148367
4   10   1   5   0.0002572263
4   10   1   8   0.0003760704
4   10   2   6   0.0017556511
4   10   2   7   -0.0007071426
4   10   3   6   -0.0007071426
4   10   3   7   0.0004635707
4   10   4   5   0.0003760704
4   10   4   8   0.0008624573
4   11   2   6   0.0007071426
4   11   2   7   0.0014520688
4   11   3   6   -0.0001599883
4   11   3   7   -0.0007071426
4   12   1   6   -0.0002328726
4   12   1   7   0.0001026736
4   12   2   5   -0.0020668500
4   12   2   8   -0.0022879317
4   12   3   5   0.0009112751
4   12   3   8   0.0010087502
4   12   4   6   -0.0003502070
4   12   4   7   0.0001544064
5   7   1   6   0.0000073741
5   7   1   7   0.0000167250
5   7   2   5   -0.0000051523
5   7   2   8   -0.0000207121
5   7   3   5   -0.0000116857
5   7   3   8   -0.0000469767
5   7   4   6   0.0000385641
5   7   4   7   0.0000874667
5   8   1   6   0.0000316013
5   8   1   7   0.0000716744
5   8   2   5   0.0000036942
5   8   2   8   -0.0000069937
5   8   3   5   0.0000083787
5   8   3   8   -0.0000158622
5   8   4   6   0.0000496851
5   8   4   7   0.0001126900
5   9   1   6   0.0000245390
5   9   1   7   0.0000556565
5   9   2   5   0.0000869759
5   9   2   8   0.0004976475
5   9   3   5   0.0001972688
5   9   3   8   0.0011287070
5   9   4   6   0.0001148367
5   9   4   7   0.0002604593
5   10   2   6   0.0007071426
5   10   2   7   -0.0001599883
5   10   3   6   0.0014520688
5   10   3   7   -0.0007071426
5   11   1   5   0.0002572263
5   11   1   8   0.0003760704
5   11   2   6   0.0004635707
5   11   2   7   0.0007071426
5   11   3   6   0.0007071426
5   11   3   7   0.0017556511
5   11   4   5   0.0003760704
5   11   4   8   0.0008624573
5   12   1   6   -0.0001026736
5   12   1   7   -0.0002328726
5   12   2   5   -0.0009112751
5   12   2   8   -0.0010087502
5   12   3   5   -0.0020668500
5   12   3   8   -0.0022879317
5   12   4   6   -0.0001544064
5   12   4   7   -0.0003502070
6   7   1   5   0.0000005916
6   7   1   8   0.0000425799
6   7   2   6   0.0000083229
6   7   3   7   0.0000083229
6   7   4   5   -0.0000837676
6   7   4   8   -0.0000491456
6   8   1   5   0.0001672423
6   8   1   8   0.0001482665
6   8   2   6   -0.0002447524
6   8   3   7   -0.0002447524
6   8   4   5   0.0003797962
6   8   4   8   0.0000884663
6   9   1   5   -0.0002977036
6   9   1   8   -0.0015414959
6   9   2   6   0.0000250867
6   9   3   7   0.0000250867
6   9   4   5   -0.0005400249
6   9   4   8   -0.0019734999
6   10   1   6   -0.0020668500
6   10   1   7   0.0009112751
6   10   2   5   -0.0002328726
6   10   2   8   -0.0003502070
6   10   3   5   0.0001026736
6   10   3   8   0.0001544064
6   10   4   6   -0.0022879317
6   10   4   7   0.0010087502
6   11   1   6   -0.0009112751
6   11   1   7   -0.0020668500
6   11   2   5   -0.0001026736
6   11   2   8   -0.0001544064
6   11   3   5   -0.0002328726
6   11   3   8   -0.0003502070
6   11   4   6   -0.0010087502
6   11   4   7   -0.0022879317
6   12   1   5   0.0034293554
6   12   1   8   0.0039486125
6   12   2   6   0.0003942037
6   12   3   7   0.0003942037
6   12   4   5   0.0039486125
6   12   4   8   0.0052172629

End IJAB Block
Begin ABCD Block
1   5   1   5   0.2307994609
1   5   1   8   0.0102410496
1   5   2   6   0.0319394961
1   5   3   7   0.0319394961
1   5   4   5   0.0102410496
1   5   4   8   0.0219033631
1   6   1   6   0.1723683714
1   6   2   5   0.0319394961
1   6   2   8   0.0069992372
1   6   4   6   0.0143832817
1   7   1   7   0.1723683714
1   7   3   5   0.0319394961
1   7   3   8   0.0069992372
1   7   4   7   0.0143832817
1   8   1   5   0.0102410496
1   8   1   8   0.1625392877
1   8   2   6   0.0069992372
1   8   3   7   0.0069992372
1   8   4   5   0.0219033631
1   8   4   8   0.0087676152
2   5   1   6   0.0319394961
2   5   2   5   0.1723683714
2   5   2   8   0.0143832817
2   5   4   6   0.0069992372
2   6   1   5   0.0319394961
2   6   1   8   0.0069992372
2   6   2   6   0.1589072167
2   6   3   7   0.0086343974
2   6   4   5   0.0069992372
2   6   4   8   0.0100928239
2   7   2   7   0.1416384219
2   7   3   6   0.0086343974
2   8   1   6   0.0069992372
2   8   2   5   0.0143832817
2   8   2   8   0.1381276539
2   8   4   6   0.0100928239
3   5   1   7   0.0319394961
3   5   3   5   0.1723683714
3   5   3   8   0.0143832817
3   5   4   7   0.0069992372
3   6   2   7   0.0086343974
3   6   3   6   0.1416384219
3   7   1   5   0.0319394961
3   7   1   8   0.0069992372
3   7   2   6   0.0086343974
3   7   3   7   0.1589072167
3   7   4   5   0.0069992372
3   7   4   8   0.0100928239
3   8   1   7   0.0069992372
3   8   3   5   0.0143832817
3   8   3   8   0.1381276539
3   8   4   7   0.0100928239
4   5   1   5   0.0102410496
4   5   1   8   0.0219033631
4   5   2   6   0.0069992372
4   5   3   7   0.0069992372
4   5   4   5   0.1625392877
4   5   4   8   0.0087676152
4   6   1   6   0.0143832817
4   6   2   5   0.0069992372
4   6   2   8   0.0100928239
4   6   4   6   0.1381276539
4   7   1   7   0.0143832817
4   7   3   5   0.0069992372
4   7   3   8   0.0100928239
4   7   4   7   0.1381276539
4   8   1   5   0.0219033631
4   8   1   8   0.0087676152
4   8   2   6   0.0100928239
4   8   3   7   0.0100928239
4   8   4   5   0.0087676152
4   8   4   8   0.1436980585

End ABCD Block
Begin AIJB Block
1   7   1   5   0.0002100816
1   7   1   8   0.0002723463
1   7   2   5   0.0000016420
1   7   2   8   0.0000018032
1   7   3   5   0.0002010471
1   7   3   8   0.0002180503
1   7   4   6   0.0000167250
1   7   4   7   -0.0000073741
1   7   5   6   0.0000073741
1   7   5   7   0.0000167250
1   7   6   5   0.0000005916
1   7   6   8   0.0000425799
1   8   1   5   0.0000016420
1   8   1   8   -0.0000007458
1   8   2   5   0.0082978175
1   8   2   8   0.0064884989
1   8   3   5   -0.0000002529
1   8   3   8   -0.0000139615
1   8   4   6   0.0000716744
1   8   4   7   -0.0000316013
1   8   5   6   0.0000316013
1   8   5   7   0.0000716744
1   8   6   5   0.0001672423
1   8   6   8   0.0001482665
1   9   1   5   0.0002010471
1   9   1   8   0.0002200587
1   9   2   5   -0.0000002529
1   9   2   8   -0.0000061322
1   9   3   5   0.0008782247
1   9   3   8   0.0011390278
1   9   4   6   0.0000556565
1   9   4   7   -0.0000245390
1   9   5   6   0.0000245390
1   9   5   7   0.0000556565
1   9   6   5   -0.0002977036
1   9   6   8   -0.0015414959
1   10   1   6   -0.0000116857
1   10   1   7   0.0000051523
1   10   2   6   0.0000083787
1   10   2   7   -0.0000036942
1   10   3   6   0.0001972688
1   10   3   7   -0.0000869759
1   10   4   5   0.0002572263
1   10   4   8   0.0003760704
1   10   6   6   -0.0020668500
1   10   6   7   0.0009112751
1   11   1   6   -0.0000051523
1   11   1   7   -0.0000116857
1   11   2   6   0.0000036942
1   11   2   7   0.0000083787
1   11   3   6   0.0000869759
1   11   3   7   0.0001972688
1   11   5   5   0.0002572263
1   11   5   8   0.0003760704
1   11   6   6   -0.0009112751
1   11   6   7   -0.0020668500
1   12   1   5   0.0000005916
1   12   1   8   -0.0000837676
1   12   2   5   0.0001672423
1   12   2   8   0.0003797962
1   12   3   5   -0.0002977036
1   12   3   8   -0.0005400249
1   12   4   6   -0.0002328726
1   12   4   7   0.0001026736
1   12   5   6   -0.0001026736
1   12   5   7   -0.0002328726
1   12   6   5   0.0034293554
1   12   6   8   0.0039486125
2   7   1   6   0.0001422528
2   7   2   6   -0.0000010222
2   7   3   6   0.0001369001
2   7   4   5   -0.0000116857
2   7   4   8   -0.0000469767
2   7   5   5   -0.0000051523
2   7   5   8   -0.0000207121
2   7   6   6   0.0000083229
2   8   1   6   -0.0000010222
2   8   2   6   0.0012976741
2   8   3   6   0.0000072620
2   8   4   5   0.0000083787
2   8   4   8   -0.0000158622
2   8   5   5   0.0000036942
2   8   5   8   -0.0000069937
2   8   6   6   -0.0002447524
2   9   1   6   0.0001369001
2   9   2   6   0.0000072620
2   9   3   6   0.0005295308
2   9   4   5   0.0001972688
2   9   4   8   0.0011287070
2   9   5   5   0.0000869759
2   9   5   8   0.0004976475
2   9   6   6   0.0000250867
2   10   1   5   0.0000167250
2   10   1   8   0.0000874667
2   10   2   5   0.0000716744
2   10   2   8   0.0001126900
2   10   3   5   0.0000556565
2   10   3   8   0.0002604593
2   10   4   6   0.0017556511
2   10   4   7   -0.0007071426
2   10   5   6   0.0007071426
2   10   5   7   -0.0001599883
2   10   6   5   -0.0002328726
2   10   6   8   -0.0003502070
2   11   1   5   0.0000073741
2   11   1   8   0.0000385641
2   11   2   5   0.0000316013
2   11   2   8   0.0000496851
2   11   3   5   0.0000245390
2   11   3   8   0.0001148367
2   11   4   6   0.0007071426
2   11   4   7   0.0014520688
2   11   5   6   0.0004635707
2   11   5   7   0.0007071426
2   11   6   5   -0.0001026736
2   11   6   8   -0.0001544064
2   12   1   6   0.0000083229
2   12   2   6   -0.0002447524
2   12   3   6   0.0000250867
2   12   4   5   -0.0020668500
2   12   4   8   -0.0022879317
2   12   5   5   -0.0009112751
2   12   5   8   -0.0010087502
2   12   6   6   0.0003942037
3   7   1   7   0.0001422528
3   7   2   7   -0.0000010222
3   7   3   7   0.0001369001
3   7   4   5   0.0000051523
3   7   4   8   0.0000207121
3   7   5   5   -0.0000116857
3   7   5   8   -0.0000469767
3   7   6   7   0.0000083229
3   8   1   7   -0.0000010222
3   8   2   7   0.0012976741
3   8   3   7   0.0000072620
3   8   4   5   -0.0000036942
3   8   4   8   0.0000069937
3   8   5   5   0.0000083787
3   8   5   8   -0.0000158622
3   8   6   7   -0.0002447524
3   9   1   7   0.0001369001
3   9   2   7   0.0000072620
3   9   3   7   0.0005295308
3   9   4   5   -0.0000869759
3   9   4   8   -0.0004976475
3   9   5   5   0.0001972688
3   9   5   8   0.0011287070
3   9   6   7   0.0000250867
3   10   1   5   -0.0000073741
3   10   1   8   -0.0000385641
3   10   2   5   -0.0000316013
3   10   2   8   -0.0000496851
3   10   3   5   -0.0000245390
3   10   3   8   -0.0001148367
3   10   4   6   -0.0007071426
3   10   4   7   0.0004635707
3   10   5   6   0.0014520688
3   10   5   7   -0.0007071426
3   10   6   5   0.0001026736
3   10   6   8   0.0001544064
3   11   1   5   0.0000167250
3   11   1   8   0.0000874667
3   11   2   5   0.0000716744
3   11   2   8   0.0001126900
3   11   3   5   0.0000556565
3   11   3   8   0.0002604593
3   11   4   6   -0.0001599883
3   11   4   7   -0.0007071426
3   11   5   6   0.0007071426
3   11   5   7   0.0017556511
3   11   6   5   -0.0002328726
3   11   6   8   -0.0003502070
3   12   1   7   0.0000083229
3   12   2   7   -0.0002447524
3   12   3   7   0.0000250867
3   12   4   5   0.0009112751
3   12   4   8   0.0010087502
3   12   5   5   -0.0020668500
3   12   5   8   -0.0022879317
3   12   6   7   0.0003942037
4   7   1   5   0.0002723463
4   7   1   8   0.0005209656
4   7   2   5   -0.0000007458
4   7   2   8   -0.0000008962
4   7   3   5   0.0002200587
4   7   3   8   0.0001935048
4   7   4   6   0.0000874667
4   7   4   7   -0.0000385641
4   7   5   6   0.0000385641
4   7   5   7   0.0000874667
4   7   6   5   -0.0000837676
4   7   6   8   -0.0000491456
4   8   1   5   0.0000018032
4   8   1   8   -0.0000008962
4   8   2   5   0.0064884989
4   8   2   8   0.0060555750
4   8   3   5   -0.0000061322
4   8   3   8   -0.0000129625
4   8   4   6   0.0001126900
4   8   4   7   -0.0000496851
4   8   5   6   0.0000496851
4   8   5   7   0.0001126900
4   8   6   5   0.0003797962
4   8   6   8   0.0000884663
4   9   1   5   0.0002180503
4   9   1   8   0.0001935048
4   9   2   5   -0.0000139615
4   9   2   8   -0.0000129625
4   9   3   5   0.0011390278
4   9   3   8   0.0020818599
4   9   4   6   0.0002604593
4   9   4   7   -0.0001148367
4   9   5   6   0.0001148367
4   9   5   7   0.0002604593
4   9   6   5   -0.0005400249
4   9   6   8   -0.0019734999
4   10   1   6   -0.0000469767
4   10   1   7   0.0000207121
4   10   2   6   -0.0000158622
4   10   2   7   0.0000069937
4   10   3   6   0.0011287070
4   10   3   7   -0.0004976475
4   10   4   5   0.0003760704
4   10   4   8   0.0008624573
4   10   6   6   -0.0022879317
4   10   6   7   0.0010087502
4   11   1   6   -0.0000207121
4   11   1   7   -0.0000469767
4   11   2   6   -0.0000069937
4   11   2   7   -0.0000158622
4   11   3   6   0.0004976475
4   11   3   7   0.0011287070
4   11   5   5   0.0003760704
4   11   5   8   0.0008624573
4   11   6   6   -0.0010087502
4   11   6   7   -0.0022879317
4   12   1   5   0.0000425799
4   12   1   8   -0.0000491456
4   12   2   5   0.0001482665
4   12   2   8   0.0000884663
4   12   3   5   -0.0015414959
4   12   3   8   -0.0019734999
4   12   4   6   -0.0003502070
4   12   4   7   0.0001544064
4   12   5   6   -0.0001544064
4   12   5   7   -0.0003502070
4   12   6   5   0.0039486125
4   12   6   8   0.0052172629

1   7   7   1   -0.1232256554
1   7   7   4   -0.0317103546
1   7   8   1   0.0000001289
1   7   8   4   -0.0000000973
1   7   9   1   0.0000821654
1   7   9   4   0.0001030766
1   7   10   2   -0.0002271703
1   7   10   3   0.0001001595
1   7   11   2   -0.0001001595
1   7   11   3   -0.0002271703
1   7   12   1   0.0007028867
1   7   12   4   0.0003988253
1   8   7   1   0.0000001289
1   8   7   4   -0.0000000973
1   8   8   1   -0.2772015794
1   8   8   4   -0.0657345682
1   8   9   1   0.0000791918
1   8   9   4   0.0000117509
1   8   10   2   -0.0000806013
1   8   10   3   0.0000355372
1   8   11   2   -0.0000355372
1   8   11   3   -0.0000806013
1   8   12   1   -0.0007872337
1   8   12   4   -0.0001070247
1   9   7   1   0.0000821654
1   9   7   4   0.0001030766
1   9   8   1   0.0000791918
1   9   8   4   0.0000117509
1   9   9   1   -0.1214613044
1   9   9   4   -0.0294374044
1   9   10   2   -0.0025630547
1   9   10   3   0.0011300521
1   9   11   2   -0.0011300521
1   9   11   3   -0.0025630547
1   9   12   1   0.0082750875
1   9   12   4   0.0035505096
1   10   7   2   -0.0002271703
1   10   7   3   0.0001001595
1   10   8   2   -0.0000806013
1   10   8   3   0.0000355372
1   10   9   2   -0.0025630547
1   10   9   3   0.0011300521
1   10   10   1   -0.1208331633
1   10   10   4   -0.0288034655
1   10   12   2   0.0009245423
1   10   12   3   -0.0004076311
1   11   7   2   -0.0001001595
1   11   7   3   -0.0002271703
1   11   8   2   -0.0000355372
1   11   8   3   -0.0000806013
1   11   9   2   -0.0011300521
1   11   9   3   -0.0025630547
1   11   11   1   -0.1208331633
1   11   11   4   -0.0288034655
1   11   12   2   0.0004076311
1   11   12   3   0.0009245423
1   12   7   1   0.0007028867
1   12   7   4   0.0003988253
1   12   8   1   -0.0007872337
1   12   8   4   -0.0001070247
1   12   9   1   0.0082750875
1   12   9   4   0.0035505096
1   12   10   2   0.0009245423
1   12   10   3   -0.0004076311
1   12   11   2   0.0004076311
1   12   11   3   0.0009245423
1   12   12   1   -0.1250164242
1   12   12   4   -0.0306613355
2   7   7   2   -0.1235107019
2   7   8   2   -0.0000000870
2   7   9   2   0.0000560565
2   7   10   1   -0.0002271703
2   7   10   4   -0.0003381556
2   7   11   1   -0.0001001595
2   7   11   4   -0.0001490929
2   7   12   2   0.0005431656
2   8   7   2   -0.0000000870
2   8   8   2   -0.2026641372
2   8   9   2   0.0000270708
2   8   10   1   -0.0000806013
2   8   10   4   -0.0000525384
2   8   11   1   -0.0000355372
2   8   11   4   -0.0000231642
2   8   12   2   -0.0002013650
2   9   7   2   0.0000560565
2   9   8   2   0.0000270708
2   9   9   2   -0.1223365359
2   9   10   1   -0.0025630547
2   9   10   4   -0.0032097130
2   9   11   1   -0.0011300521
2   9   11   4   -0.0014151640
2   9   12   2   0.0066818467
2   10   7   1   -0.0002271703
2   10   7   4   -0.0003381556
2   10   8   1   -0.0000806013
2   10   8   4   -0.0000525384
2   10   9   1   -0.0025630547
2   10   9   4   -0.0032097130
2   10   10   2   -0.1224664602
2   10   10   3   0.0003304290
2   10   11   2   -0.0003304290
2   10   11   3   -0.0003018775
2   10   12   1   0.0009245423
2   10   12   4   0.0008345242
2   11   7   1   -0.0001001595
2   11   7   4   -0.0001490929
2   11   8   1   -0.0000355372
2   11   8   4   -0.0000231642
2   11   9   1   -0.0011300521
2   11   9   4   -0.0014151640
2   11   10   2   -0.0003304290
2   11   10   3   -0.0003018775
2   11   11   2   -0.1218627052
2   11   11   3   -0.0003304290
2   11   12   1   0.0004076311
2   11   12   4   0.0003679421
2   12   7   2   0.0005431656
2   12   8   2   -0.0002013650
2   12   9   2   0.0066818467
2   12   10   1   0.0009245423
2   12   10   4   0.0008345242
2   12   11   1   0.0004076311
2   12   11   4   0.0003679421
2   12   12   2   -0.1244911662
3   7   7   3   -0.1235107019
3   7   8   3   -0.0000000870
3   7   9   3   0.0000560565
3   7   10   1   0.0001001595
3   7   10   4   0.0001490929
3   7   11   1   -0.0002271703
3   7   11   4   -0.0003381556
3   7   12   3   0.0005431656
3   8   7   3   -0.0000000870
3   8   8   3   -0.2026641372
3   8   9   3   0.0000270708
3   8   10   1   0.0000355372
3   8   10   4   0.0000231642
3   8   11   1   -0.0000806013
3   8   11   4   -0.0000525384
3   8   12   3   -0.0002013650
3   9   7   3   0.0000560565
3   9   8   3   0.0000270708
3   9   9   3   -0.1223365359
3   9   10   1   0.0011300521
3   9   10   4   0.0014151640
3   9   11   1   -0.0025630547
3   9   11   4   -0.0032097130
3   9   12   3   0.0066818467
3   10   7   1   0.0001001595
3   10   7   4   0.0001490929
3   10   8   1   0.0000355372
3   10   8   4   0.0000231642
3   10   9   1   0.0011300521
3   10   9   4   0.0014151640
3   10   10   2   0.0003304290
3   10   10   3   -0.1218627052
3   10   11   2   -0.0003018775
3   10   11   3   0.0003304290
3   10   12   1   -0.0004076311
3   10   12   4   -0.0003679421
3   11   7   1   -0.0002271703
3   11   7   4   -0.0003381556
3   11   8   1   -0.0000806013
3   11   8   4   -0.0000525384
3   11   9   1   -0.0025630547
3   11   9   4   -0.0032097130
3   11   10   2   -0.0003018775
3   11   10   3   0.0003304290
3   11   11   2   -0.0003304290
3   11   11   3   -0.1224664602
3   11   12   1   0.0009245423
3   11   12   4   0.0008345242
3   12   7   3   0.0005431656
3   12   8   3   -0.0002013650
3   12   9   3   0.0066818467
3   12   10   1   -0.0004076311
3   12   10   4   -0.0003679421
3   12   11   1   0.0009245423
3   12   11   4   0.0008345242
3   12   12   3   -0.1244911662
4   7   7   1   -0.0317103546
4   7   7   4   -0.1441570857
4   7   8   1   -0.0000000973
4   7   8   4   -0.0000002248
4   7   9   1   0.0001030766
4   7   9   4   0.0001741792
4   7   10   2   -0.0003381556
4   7   10   3   0.0001490929
4   7   11   2   -0.0001490929
4   7   11   3   -0.0003381556
4   7   12   1   0.0003988253
4   7   12   4   0.0008195172
4   8   7   1   -0.0000000973
4   8   7   4   -0.0000002248
4   8   8   1   -0.0657345682
4   8   8   4   -0.2081331349
4   8   9   1   0.0000117509
4   8   9   4   0.0000168208
4   8   10   2   -0.0000525384
4   8   10   3   0.0000231642
4   8   11   2   -0.0000231642
4   8   11   3   -0.0000525384
4   8   12   1   -0.0001070247
4   8   12   4   -0.0001144705
4   9   7   1   0.0001030766
4   9   7   4   0.0001741792
4   9   8   1   0.0000117509
4   9   8   4   0.0000168208
4   9   9   1   -0.0294374044
4   9   9   4   -0.1407375132
4   9   10   2   -0.0032097130
4   9   10   3   0.0014151640
4   9   11   2   -0.0014151640
4   9   11   3   -0.0032097130
4   9   12   1   0.0035505096
4   9   12   4   0.0074906596
4   10   7   2   -0.0003381556
4   10   7   3   0.0001490929
4   10   8   2   -0.0000525384
4   10   8   3   0.0000231642
4   10   9   2   -0.0032097130
4   10   9   3   0.0014151640
4   10   10   1   -0.0288034655
4   10   10   4   -0.1398006716
4   10   12   2   0.0008345242
4   10   12   3   -0.0003679421
4   11   7   2   -0.0001490929
4   11   7   3   -0.0003381556
4   11   8   2   -0.0000231642
4   11   8   3   -0.0000525384
4   11   9   2   -0.0014151640
4   11   9   3   -0.0032097130
4   11   11   1   -0.0288034655
4   11   11   4   -0.1398006716
4   11   12   2   0.0003679421
4   11   12   3   0.0008345242
4   12   7   1   0.0003988253
4   12   7   4   0.0008195172
4   12   8   1   -0.0001070247
4   12   8   4   -0.0001144705
4   12   9   1   0.0035505096
4   12   9   4   0.0074906596
4   12   10   2   0.0008345242
4   12   10   3   -0.0003679421
4   12   11   2   0.0003679421
4   12   11   3   0.0008345242
4   12   12   1   -0.0306613355
4   12   12   4   -0.1430898723

End AIJB Block
Begin IJKA Block
1   7   1   5   0.0051749074
1   7   1   8   0.0294636569
1   7   2   5   -0.0000006613
1   7   2   8   -0.0000011059
1   7   3   5   -0.0008440964
1   7   3   8   -0.0048201780
1   7   4   6   -0.0020741268
1   7   4   7   0.0009144835
1   7   5   6   -0.0009144835
1   7   5   7   -0.0020741268
1   7   6   5   0.0025835809
1   7   6   8   0.0027772667
1   8   1   5   -0.0012626013
1   8   1   8   0.0005962295
1   8   2   5   0.0000002402
1   8   2   8   0.0000004641
1   8   3   5   0.0000002114
1   8   3   8   0.0000003979
1   8   4   6   0.0000152039
1   8   4   7   -0.0000067034
1   8   5   6   0.0000067034
1   8   5   7   0.0000152039
1   8   6   5   0.0000217942
1   8   6   8   -0.0000092794
1   9   1   5   -0.0084683432
1   9   1   8   -0.0446948036
1   9   2   5   -0.0000005698
1   9   2   8   -0.0000005255
1   9   3   5   0.0002242747
1   9   3   8   0.0013044795
1   9   4   6   -0.0020158153
1   9   4   7   0.0008887739
1   9   5   6   -0.0008887739
1   9   5   7   -0.0020158153
1   9   6   5   0.0026407937
1   9   6   8   0.0030460670
1   10   1   6   -0.0523412646
1   10   1   7   0.0230772887
1   10   2   6   0.0000001416
1   10   2   7   -0.0000000624
1   10   3   6   0.0008345978
1   10   3   7   -0.0003679746
1   10   4   5   -0.0002966631
1   10   4   8   -0.0015391430
1   10   6   6   -0.0000356448
1   10   6   7   0.0000157158
1   11   1   6   -0.0230772887
1   11   1   7   -0.0523412646
1   11   2   6   0.0000000624
1   11   2   7   0.0000001416
1   11   3   6   0.0003679746
1   11   3   7   0.0008345978
1   11   5   5   -0.0002966631
1   11   5   8   -0.0015391430
1   11   6   6   -0.0000157158
1   11   6   7   -0.0000356448
1   12   1   5   0.0691629722
1   12   1   8   0.0723925374
1   12   2   5   -0.0000001312
1   12   2   8   0.0000000623
1   12   3   5   -0.0010440357
1   12   3   8   -0.0011375295
1   12   4   6   -0.0001209656
1   12   4   7   0.0000533338
1   12   5   6   -0.0000533338
1   12   5   7   -0.0001209656
1   12   6   5   -0.0001412603
1   12   6   8   -0.0012471761
2   7   1   5   -0.0000006613
2   7   1   8   -0.0000011059
2   7   2   5   -0.0001112844
2   7   2   8   -0.0001247874
2   7   3   5   -0.0000006801
2   7   3   8   -0.0000006837
2   7   4   6   -0.0000003364
2   7   4   7   0.0000001483
2   7   5   6   -0.0000001483
2   7   5   7   -0.0000003364
2   7   6   5   0.0000009510
2   7   6   8   0.0000009705
2   8   1   5   0.0000002402
2   8   1   8   0.0000004641
2   8   2   5   -0.0912177384
2   8   2   8   -0.0785322996
2   8   3   5   0.0000942275
2   8   3   8   0.0000945916
2   8   4   6   0.0000420683
2   8   4   7   -0.0000185479
2   8   5   6   0.0000185479
2   8   5   7   0.0000420683
2   8   6   5   -0.0013444345
2   8   6   8   -0.0013949674
2   9   1   5   -0.0000005698
2   9   1   8   -0.0000005255
2   9   2   5   -0.0004163834
2   9   2   8   -0.0001613953
2   9   3   5   -0.0000041388
2   9   3   8   -0.0000071416
2   9   4   6   -0.0000008559
2   9   4   7   0.0000003773
2   9   5   6   -0.0000003773
2   9   5   7   -0.0000008559
2   9   6   5   0.0000093453
2   9   6   8   0.0000128581
2   10   1   6   0.0000001416
2   10   1   7   -0.0000000624
2   10   2   6   0.0016317665
2   10   2   7   -0.0007194466
2   10   3   6   -0.0000059417
2   10   3   7   0.0000026197
2   10   4   5   0.0000028445
2   10   4   8   0.0000055623
2   10   6   6   0.0000185200
2   10   6   7   -0.0000081655
2   11   1   6   0.0000000624
2   11   1   7   0.0000001416
2   11   2   6   0.0007194466
2   11   2   7   0.0016317665
2   11   3   6   -0.0000026197
2   11   3   7   -0.0000059417
2   11   5   5   0.0000028445
2   11   5   8   0.0000055623
2   11   6   6   0.0000081655
2   11   6   7   0.0000185200
2   12   1   5   -0.0000001312
2   12   1   8   0.0000000623
2   12   2   5   -0.0105933469
2   12   2   8   -0.0191824495
2   12   3   5   0.0000114972
2   12   3   8   0.0000090592
2   12   4   6   -0.0000103572
2   12   4   7   0.0000045665
2   12   5   6   -0.0000045665
2   12   5   7   -0.0000103572
2   12   6   5   -0.0000549572
2   12   6   8   -0.0000043923
3   7   1   5   -0.0008440964
3   7   1   8   -0.0048201780
3   7   2   5   -0.0000006801
3   7   2   8   -0.0000006837
3   7   3   5   0.0001970490
3   7   3   8   0.0012104754
3   7   4   6   -0.0021272219
3   7   4   7   0.0009378932
3   7   5   6   -0.0009378932
3   7   5   7   -0.0021272219
3   7   6   5   0.0027182835
3   7   6   8   0.0031069344
3   8   1   5   0.0000002114
3   8   1   8   0.0000003979
3   8   2   5   0.0000942275
3   8   2   8   0.0000945916
3   8   3   5   -0.0012618713
3   8   3   8   0.0006070083
3   8   4   6   0.0001841660
3   8   4   7   -0.0000811989
3   8   5   6   0.0000811989
3   8   5   7   0.0001841660
3   8   6   5   0.0002735541
3   8   6   8   -0.0001208189
3   9   1   5   0.0002242747
3   9   1   8   0.0013044795
3   9   2   5   -0.0000041388
3   9   2   8   -0.0000071416
3   9   3   5   -0.0048895179
3   9   3   8   -0.0243931571
3   9   4   6   -0.0084539457
3   9   4   7   0.0037273487
3   9   5   6   -0.0037273487
3   9   5   7   -0.0084539457
3   9   6   5   0.0113953139
3   9   6   8   0.0124172713
3   10   1   6   0.0008345978
3   10   1   7   -0.0003679746
3   10   2   6   -0.0000059417
3   10   2   7   0.0000026197
3   10   3   6   -0.0331829253
3   10   3   7   0.0146303677
3   10   4   5   -0.0008640068
3   10   4   8   -0.0038092565
3   10   6   6   -0.0011067498
3   10   6   7   0.0004879665
3   11   1   6   0.0003679746
3   11   1   7   0.0008345978
3   11   2   6   -0.0000026197
3   11   2   7   -0.0000059417
3   11   3   6   -0.0146303677
3   11   3   7   -0.0331829253
3   11   5   5   -0.0008640068
3   11   5   8   -0.0038092565
3   11   6   6   -0.0004879665
3   11   6   7   -0.0011067498
3   12   1   5   -0.0010440357
3   12   1   8   -0.0011375295
3   12   2   5   0.0000114972
3   12   2   8   0.0000090592
3   12   3   5   0.0448279236
3   12   3   8   0.0451366324
3   12   4   6   -0.0009200664
3   12   4   7   0.0004056577
3   12   5   6   -0.0004056577
3   12   5   7   -0.0009200664
3   12   6   5   0.0011711409
3   12   6   8   -0.0008194571
4   7   1   6   -0.0020741268
4   7   1   7   0.0009144835
4   7   2   6   -0.0000003364
4   7   2   7   0.0000001483
4   7   3   6   -0.0021272219
4   7   3   7   0.0009378932
4   7   4   5   0.0001137851
4   7   4   8   0.0007163473
4   7   6   6   -0.0000462423
4   7   6   7   0.0000203882
4   8   1   6   0.0000152039
4   8   1   7   -0.0000067034
4   8   2   6   0.0000420683
4   8   2   7   -0.0000185479
4   8   3   6   0.0001841660
4   8   3   7   -0.0000811989
4   8   4   5   -0.0012228774
4   8   4   8   0.0005927771
4   8   6   6   -0.0000866734
4   8   6   7   0.0000382144
4   9   1   6   -0.0020158153
4   9   1   7   0.0008887739
4   9   2   6   -0.0000008559
4   9   2   7   0.0000003773
4   9   3   6   -0.0084539457
4   9   3   7   0.0037273487
4   9   4   5   -0.0044662060
4   9   4   8   -0.0220193608
4   9   6   6   -0.0002224688
4   9   6   7   0.0000980866
4   10   1   5   -0.0002966631
4   10   1   8   -0.0015391430
4   10   2   5   0.0000028445
4   10   2   8   0.0000055623
4   10   3   5   -0.0008640068
4   10   3   8   -0.0038092565
4   10   4   6   -0.0334077267
4   10   4   7   0.0147294827
4   10   5   6   -0.0008840284
4   10   5   7   -0.0020050521
4   10   6   5   0.0027009821
4   10   6   8   0.0028838730
4   11   4   6   -0.0129614259
4   11   4   7   -0.0293976226
4   11   5   6   -0.0020050521
4   11   5   7   0.0008840284
4   12   1   6   -0.0001209656
4   12   1   7   0.0000533338
4   12   2   6   -0.0000103572
4   12   2   7   0.0000045665
4   12   3   6   -0.0009200664
4   12   3   7   0.0004056577
4   12   4   5   0.0397745605
4   12   4   8   0.0395745965
4   12   6   6   -0.0017428614
4   12   6   7   0.0007684284
5   7   1   6   -0.0009144835
5   7   1   7   -0.0020741268
5   7   2   6   -0.0000001483
5   7   2   7   -0.0000003364
5   7   3   6   -0.0009378932
5   7   3   7   -0.0021272219
5   7   5   5   0.0001137851
5   7   5   8   0.0007163473
5   7   6   6   -0.0000203882
5   7   6   7   -0.0000462423
5   8   1   6   0.0000067034
5   8   1   7   0.0000152039
5   8   2   6   0.0000185479
5   8   2   7   0.0000420683
5   8   3   6   0.0000811989
5   8   3   7   0.0001841660
5   8   5   5   -0.0012228774
5   8   5   8   0.0005927771
5   8   6   6   -0.0000382144
5   8   6   7   -0.0000866734
5   9   1   6   -0.0008887739
5   9   1   7   -0.0020158153
5   9   2   6   -0.0000003773
5   9   2   7   -0.0000008559
5   9   3   6   -0.0037273487
5   9   3   7   -0.0084539457
5   9   5   5   -0.0044662060
5   9   5   8   -0.0220193608
5   9   6   6   -0.0000980866
5   9   6   7   -0.0002224688
5   10   4   6   -0.0008840284
5   10   4   7   -0.0020050521
5   10   5   6   -0.0293976226
5   10   5   7   0.0129614259
5   11   1   5   -0.0002966631
5   11   1   8   -0.0015391430
5   11   2   5   0.0000028445
5   11   2   8   0.0000055623
5   11   3   5   -0.0008640068
5   11   3   8   -0.0038092565
5   11   4   6   -0.0020050521
5   11   4   7   0.0008840284
5   11   5   6   -0.0147294827
5   11   5   7   -0.0334077267
5   11   6   5   0.0027009821
5   11   6   8   0.0028838730
5   12   1   6   -0.0000533338
5   12   1   7   -0.0001209656
5   12   2   6   -0.0000045665
5   12   2   7   -0.0000103572
5   12   3   6   -0.0004056577
5   12   3   7   -0.0009200664
5   12   5   5   0.0397745605
5   12   5   8   0.0395745965
5   12   6   6   -0.0007684284
5   12   6   7   -0.0017428614
6   7   1   5   0.0025835809
6   7   1   8   0.0027772667
6   7   2   5   0.0000009510
6   7   2   8   0.0000009705
6   7   3   5   0.0027182835
6   7   3   8   0.0031069344
6   7   4   6   -0.0000462423
6   7   4   7   0.0000203882
6   7   5   6   -0.0000203882
6   7   5   7   -0.0000462423
6   7   6   5   0.0002070910
6   7   6   8   0.0007797187
6   8   1   5   0.0000217942
6   8   1   8   -0.0000092794
6   8   2   5   -0.0013444345
6   8   2   8   -0.0013949674
6   8   3   5   0.0002735541
6   8   3   8   -0.0001208189
6   8   4   6   -0.0000866734
6   8   4   7   0.0000382144
6   8   5   6   -0.0000382144
6   8   5   7   -0.0000866734
6   8   6   5   -0.0014915253
6   8   6   8   0.0006416339
6   9   1   5   0.0026407937
6   9   1   8   0.0030460670
6   9   2   5   0.0000093453
6   9   2   8   0.0000128581
6   9   3   5   0.0113953139
6   9   3   8   0.0124172713
6   9   4   6   -0.0002224688
6   9   4   7   0.0000980866
6   9   5   6   -0.0000980866
6   9   5   7   -0.0002224688
6   9   6   5   -0.0038995562
6   9   6   8   -0.0204911396
6   10   1   6   -0.0000356448
6   10   1   7   0.0000157158
6   10   2   6   0.0000185200
6   10   2   7   -0.0000081655
6   10   3   6   -0.0011067498
6   10   3   7   0.0004879665
6   10   4   5   0.0027009821
6   10   4   8   0.0028838730
6   10   6   6   -0.0279857780
6   10   6   7   0.0123389430
6   11   1   6   -0.0000157158
6   11   1   7   -0.0000356448
6   11   2   6   0.0000081655
6   11   2   7   0.0000185200
6   11   3   6   -0.0004879665
6   11   3   7   -0.0011067498
6   11   5   5   0.0027009821
6   11   5   8   0.0028838730
6   11   6   6   -0.0123389430
6   11   6   7   -0.0279857780
6   12   1   5   -0.0001412603
6   12   1   8   -0.0012471761
6   12   2   5   -0.0000549572
6   12   2   8   -0.0000043923
6   12   3   5   0.0011711409
6   12   3   8   -0.0008194571
6   12   4   6   -0.0017428614
6   12   4   7   0.0007684284
6   12   5   6   -0.0007684284
6   12   5   7   -0.0017428614
6   12   6   5   0.0428654386
6   12   6   8   0.0421960450

End IJKA Block
Begin IABC Block
1   5   1   5   -0.0000525345
1   5   1   8   -0.0000293619
1   5   2   6   -0.0000147794
1   5   3   7   -0.0000147794
1   5   4   5   -0.0000557400
1   5   4   8   -0.0000298907
1   6   1   6   -0.0000404526
1   6   2   5   -0.0000147794
1   6   2   8   -0.0000229027
1   6   4   6   -0.0000439613
1   7   1   7   -0.0000404526
1   7   3   5   -0.0000147794
1   7   3   8   -0.0000229027
1   7   4   7   -0.0000439613
1   8   1   5   -0.0000293619
1   8   1   8   -0.0000611744
1   8   2   6   -0.0000229027
1   8   3   7   -0.0000229027
1   8   4   5   -0.0000298907
1   8   4   8   -0.0000612097
2   5   1   5   0.0002645835
2   5   1   8   -0.0012271462
2   5   2   6   0.0022074498
2   5   3   7   0.0022074498
2   5   4   5   -0.0019028977
2   5   4   8   -0.0005875564
2   6   1   6   -0.0000574951
2   6   2   5   0.0022074498
2   6   2   8   0.0012848843
2   6   4   6   -0.0003917181
2   7   1   7   -0.0000574951
2   7   3   5   0.0022074498
2   7   3   8   0.0012848843
2   7   4   7   -0.0003917181
2   8   1   5   -0.0012271462
2   8   1   8   -0.0012010555
2   8   2   6   0.0012848843
2   8   3   7   0.0012848843
2   8   4   5   -0.0005875564
2   8   4   8   -0.0006100341
3   5   1   5   -0.0002913348
3   5   1   8   -0.0001796972
3   5   2   6   0.0000111149
3   5   3   7   0.0000111149
3   5   4   5   -0.0003289351
3   5   4   8   -0.0002706399
3   6   1   6   -0.0002623768
3   6   2   5   0.0000111149
3   6   2   8   -0.0000219855
3   6   4   6   -0.0002682309
3   7   1   7   -0.0002623768
3   7   3   5   0.0000111149
3   7   3   8   -0.0000219855
3   7   4   7   -0.0002682309
3   8   1   5   -0.0001796972
3   8   1   8   -0.0003608167
3   8   2   6   -0.0000219855
3   8   3   7   -0.0000219855
3   8   4   5   -0.0002706399
3   8   4   8   -0.0005462940
4   5   1   6   0.0006774176
4   5   1   7   -0.0002986738
4   5   2   5   0.0011225381
4   5   2   8   -0.0000260477
4   5   3   5   -0.0004949276
4   5   3   8   0.0000114844
4   5   4   6   0.0011784063
4   5   4   7   -0.0005195599
4   6   1   5   0.0006774176
4   6   1   8   0.0004620216
4   6   2   6   0.0011740723
4   6   2   7   -0.0001226095
4   6   3   6   -0.0002724300
4   6   3   7   0.0002780888
4   6   4   5   0.0011784063
4   6   4   8   0.0009775080
4   7   1   5   -0.0002986738
4   7   1   8   -0.0002037056
4   7   2   6   -0.0001226095
4   7   2   7   0.0006178946
4   7   3   6   0.0002780888
4   7   3   7   -0.0005176490
4   7   4   5   -0.0005195599
4   7   4   8   -0.0004309837
4   8   1   6   0.0004620216
4   8   1   7   -0.0002037056
4   8   2   5   -0.0000260477
4   8   2   8   -0.0000436228
4   8   3   5   0.0000114844
4   8   3   8   0.0000192333
4   8   4   6   0.0009775080
4   8   4   7   -0.0004309837
5   5   1   6   0.0002986738
5   5   1   7   0.0006774176
5   5   2   5   0.0004949276
5   5   2   8   -0.0000114844
5   5   3   5   0.0011225381
5   5   3   8   -0.0000260477
5   5   4   6   0.0005195599
5   5   4   7   0.0011784063
5   6   1   5   0.0002986738
5   6   1   8   0.0002037056
5   6   2   6   0.0005176490
5   6   2   7   0.0002780888
5   6   3   6   0.0006178946
5   6   3   7   0.0001226095
5   6   4   5   0.0005195599
5   6   4   8   0.0004309837
5   7   1   5   0.0006774176
5   7   1   8   0.0004620216
5   7   2   6   0.0002780888
5   7   2   7   0.0002724300
5   7   3   6   0.0001226095
5   7   3   7   0.0011740723
5   7   4   5   0.0011784063
5   7   4   8   0.0009775080
5   8   1   6   0.0002037056
5   8   1   7   0.0004620216
5   8   2   5   -0.0000114844
5   8   2   8   -0.0000192333
5   8   3   5   -0.0000260477
5   8   3   8   -0.0000436228
5   8   4   6   0.0004309837
5   8   4   7   0.0009775080
6   5   1   5   -0.0049548937
6   5   1   8   -0.0005302813
6   5   2   6   -0.0020557558
6   5   3   7   -0.0020557558
6   5   4   5   -0.0068829948
6   5   4   8   -0.0024419028
6   6   1   6   -0.0030963136
6   6   2   5   -0.0020557558
6   6   2   8   -0.0012185359
6   6   4   6   -0.0052183734
6   7   1   7   -0.0030963136
6   7   3   5   -0.0020557558
6   7   3   8   -0.0012185359
6   7   4   7   -0.0052183734
6   8   1   5   -0.0005302813
6   8   1   8   -0.0018900403
6   8   2   6   -0.0012185359
6   8   3   7   -0.0012185359
6   8   4   5   -0.0024419028
6   8   4   8   -0.0042112893

End IABC Block
