Begin IJ Block
1   1   -5.2502750278
1   2   0.0000069328
1   5   -0.0117134434
2   2   -6.7033254658
2   5   -0.0255843678
3   3   -5.7516364559
4   4   -5.7516364559
5   5   -5.3900647567

End IJ Block
Begin IA Block
1   1   0.1112845591
2   1   0.0088202890
3   2   0.0618957302
3   3   0.0586966348
4   2   -0.0586966348
4   3   0.0618957302
5   1   0.0383005443

End IA Block
Begin AB Block
1   1   -1.5039164963
2   2   -1.3104053016
3   3   -1.3104053016

End AB Block
Begin IJKL Block
1   6   1   6   1.6355370905
1   6   1   7   -0.0000571768
1   6   1   10   0.0133135906
1   6   2   6   -0.0000571768
1   6   2   7   0.0000040688
1   6   2   10   -0.0000024781
1   6   3   8   0.0000000396
1   6   3   9   -0.0000000000
1   6   4   8   0.0000000000
1   6   4   9   0.0000000396
1   6   5   6   0.0133135906
1   6   5   7   -0.0000024781
1   6   5   10   -0.0001093561
1   7   1   6   -0.0000571768
1   7   1   7   0.1149781014
1   7   1   10   -0.0081346266
1   7   2   6   0.0000072151
1   7   2   7   0.0000091389
1   7   2   10   -0.0000015031
1   7   3   8   0.0000008526
1   7   4   9   0.0000008526
1   7   5   6   0.0000015379
1   7   5   7   -0.0002441963
1   7   5   10   0.0000289401
1   8   1   8   0.1146217075
1   8   2   8   0.0000091507
1   8   3   6   -0.0000030048
1   8   3   7   0.0000012877
1   8   3   10   0.0000000767
1   8   5   8   -0.0002395361
1   9   1   9   0.1146217075
1   9   2   9   0.0000091507
1   9   4   6   -0.0000030048
1   9   4   7   0.0000012877
1   9   4   10   0.0000000767
1   9   5   9   -0.0002395361
1   10   1   6   0.0133135906
1   10   1   7   -0.0081346266
1   10   1   10   0.1303152162
1   10   2   6   0.0000015379
1   10   2   7   0.0000006346
1   10   2   10   0.0000090960
1   10   3   8   0.0000034615
1   10   3   9   -0.0000000000
1   10   4   8   0.0000000000
1   10   4   9   0.0000034615
1   10   5   6   0.0003769044
1   10   5   7   0.0000294970
1   10   5   10   -0.0001915050
2   6   1   6   -0.0000571768
2   6   1   7   0.0000072151
2   6   1   10   0.0000015379
2   6   2   6   0.1149781014
2   6   2   7   0.0000091389
2   6   2   10   -0.0002441963
2   6   3   8   0.0000008526
2   6   4   9   0.0000008526
2   6   5   6   -0.0081346266
2   6   5   7   -0.0000015031
2   6   5   10   0.0000289401
2   7   1   6   0.0000040688
2   7   1   7   0.0000091389
2   7   1   10   0.0000006346
2   7   2   6   0.0000091389
2   7   2   7   0.8723424676
2   7   2   10   0.0074578850
2   7   3   8   0.1546892480
2   7   3   9   -0.0000000000
2   7   4   8   0.0000000000
2   7   4   9   0.1546892480
2   7   5   6   0.0000006346
2   7   5   7   0.0074578850
2   7   5   10   0.1400230782
2   8   1   8   0.0000091507
2   8   2   8   0.8211033386
2   8   3   6   0.0000012877
2   8   3   7   0.1594767866
2   8   3   10   0.0016312468
2   8   5   8   0.0070842881
2   9   1   9   0.0000091507
2   9   2   9   0.8211033386
2   9   4   6   0.0000012877
2   9   4   7   0.1594767866
2   9   4   10   0.0016312468
2   9   5   9   0.0070842881
2   10   1   6   -0.0000024781
2   10   1   7   -0.0000015031
2   10   1   10   0.0000090960
2   10   2   6   -0.0002441963
2   10   2   7   0.0074578850
2   10   2   10   0.7549254217
2   10   3   8   0.0015256262
2   10   4   9   0.0015256262
2   10   5   6   0.0000294970
2   10   5   7   0.1453824929
2   10   5   10   0.0065155626
3   6   1   8   -0.0000030048
3   6   2   8   0.0000012877
3   6   3   6   0.1146217075
3   6   3   7   0.0000091507
3   6   3   10   -0.0002395361
3   6   5   8   0.0000000767
3   7   1   8   0.0000012877
3   7   2   8   0.1594767866
3   7   3   6   0.0000091507
3   7   3   7   0.8211033386
3   7   3   10   0.0070842881
3   7   5   8   0.0016312468
3   8   1   6   0.0000000396
3   8   1   7   0.0000008526
3   8   1   10   0.0000034615
3   8   2   6   0.0000008526
3   8   2   7   0.1546892480
3   8   2   10   0.0015256262
3   8   3   8   0.8215995961
3   8   3   9   -0.0000000000
3   8   4   8   0.0000000000
3   8   4   9   0.0323782110
3   8   5   6   0.0000034615
3   8   5   7   0.0015256262
3   8   5   10   0.0298886532
3   9   1   6   -0.0000000000
3   9   1   10   -0.0000000000
3   9   2   7   -0.0000000000
3   9   3   8   -0.0000000000
3   9   3   9   0.7507177745
3   9   4   8   0.0385036106
3   9   4   9   -0.0000000000
3   9   5   6   -0.0000000000
3   9   5   10   -0.0000000000
3   10   1   8   0.0000000767
3   10   2   8   0.0016312468
3   10   3   6   -0.0002395361
3   10   3   7   0.0070842881
3   10   3   10   0.6916871123
3   10   5   8   0.0352264679
4   6   1   9   -0.0000030048
4   6   2   9   0.0000012877
4   6   4   6   0.1146217075
4   6   4   7   0.0000091507
4   6   4   10   -0.0002395361
4   6   5   9   0.0000000767
4   7   1   9   0.0000012877
4   7   2   9   0.1594767866
4   7   4   6   0.0000091507
4   7   4   7   0.8211033386
4   7   4   10   0.0070842881
4   7   5   9   0.0016312468
4   8   1   6   0.0000000000
4   8   1   10   0.0000000000
4   8   2   7   0.0000000000
4   8   3   8   0.0000000000
4   8   3   9   0.0385036106
4   8   4   8   0.7507177745
4   8   4   9   0.0000000000
4   8   5   6   0.0000000000
4   8   5   10   0.0000000000
4   9   1   6   0.0000000396
4   9   1   7   0.0000008526
4   9   1   10   0.0000034615
4   9   2   6   0.0000008526
4   9   2   7   0.1546892480
4   9   2   10   0.0015256262
4   9   3   8   0.0323782110
4   9   3   9   -0.0000000000
4   9   4   8   0.0000000000
4   9   4   9   0.8215995961
4   9   5   6   0.0000034615
4   9   5   7   0.0015256262
4   9   5   10   0.0298886532
4   10   1   9   0.0000000767
4   10   2   9   0.0016312468
4   10   4   6   -0.0002395361
4   10   4   7   0.0070842881
4   10   4   10   0.6916871123
4   10   5   9   0.0352264679
5   6   1   6   0.0133135906
5   6   1   7   0.0000015379
5   6   1   10   0.0003769044
5   6   2   6   -0.0081346266
5   6   2   7   0.0000006346
5   6   2   10   0.0000294970
5   6   3   8   0.0000034615
5   6   3   9   -0.0000000000
5   6   4   8   0.0000000000
5   6   4   9   0.0000034615
5   6   5   6   0.1303152162
5   6   5   7   0.0000090960
5   6   5   10   -0.0001915050
5   7   1   6   -0.0000024781
5   7   1   7   -0.0002441963
5   7   1   10   0.0000294970
5   7   2   6   -0.0000015031
5   7   2   7   0.0074578850
5   7   2   10   0.1453824929
5   7   3   8   0.0015256262
5   7   4   9   0.0015256262
5   7   5   6   0.0000090960
5   7   5   7   0.7549254217
5   7   5   10   0.0065155626
5   8   1   8   -0.0002395361
5   8   2   8   0.0070842881
5   8   3   6   0.0000000767
5   8   3   7   0.0016312468
5   8   3   10   0.0352264679
5   8   5   8   0.6916871123
5   9   1   9   -0.0002395361
5   9   2   9   0.0070842881
5   9   4   6   0.0000000767
5   9   4   7   0.0016312468
5   9   4   10   0.0352264679
5   9   5   9   0.6916871123
5   10   1   6   -0.0001093561
5   10   1   7   0.0000289401
5   10   1   10   -0.0001915050
5   10   2   6   0.0000289401
5   10   2   7   0.1400230782
5   10   2   10   0.0065155626
5   10   3   8   0.0298886532
5   10   3   9   -0.0000000000
5   10   4   8   0.0000000000
5   10   4   9   0.0298886532
5   10   5   6   -0.0001915050
5   10   5   7   0.0065155626
5   10   5   10   0.7140481123

End IJKL Block
Begin IJAB Block
1   6   1   4   0.0147584726
1   6   2   5   0.0025245935
1   6   3   6   0.0025245935
1   7   1   4   -0.0000059240
1   7   2   5   0.0000076953
1   7   3   6   0.0000076953
1   8   1   5   -0.0000000829
1   8   1   6   -0.0000000786
1   8   2   4   0.0000184653
1   8   3   4   0.0000175109
1   9   1   5   0.0000000786
1   9   1   6   -0.0000000829
1   9   2   4   -0.0000175109
1   9   3   4   0.0000184653
1   10   1   4   0.0007069249
1   10   2   5   -0.0005141021
1   10   3   6   -0.0005141021
2   6   1   4   -0.0000059240
2   6   2   5   0.0000076953
2   6   3   6   0.0000076953
2   7   1   4   0.0012499259
2   7   2   5   0.0001670353
2   7   3   6   0.0001670353
2   8   1   5   0.0000446176
2   8   1   6   0.0000423115
2   8   2   4   0.0000198955
2   8   3   4   0.0000188671
2   9   1   5   -0.0000423115
2   9   1   6   0.0000446176
2   9   2   4   -0.0000188671
2   9   3   4   0.0000198955
2   10   1   4   -0.0006355276
2   10   2   5   -0.0000156968
2   10   3   6   -0.0000156968
3   6   1   5   0.0000184653
3   6   1   6   0.0000175109
3   6   2   4   -0.0000000829
3   6   3   4   -0.0000000786
3   7   1   5   0.0000198955
3   7   1   6   0.0000188671
3   7   2   4   0.0000446176
3   7   3   4   0.0000423115
3   8   1   4   0.0010793681
3   8   2   5   0.0003129801
3   8   2   6   0.0002306213
3   8   3   5   0.0002306213
3   8   3   6   0.0002884910
3   9   1   4   -0.0000000001
3   9   2   5   -0.0002306213
3   9   2   6   0.0001610686
3   9   3   5   -0.0001365796
3   9   3   6   0.0002306213
3   10   1   5   -0.0003710387
3   10   1   6   -0.0003518615
3   10   2   4   -0.0007141501
3   10   3   4   -0.0006772391
4   6   1   5   -0.0000175109
4   6   1   6   0.0000184653
4   6   2   4   0.0000000786
4   6   3   4   -0.0000000829
4   7   1   5   -0.0000188671
4   7   1   6   0.0000198955
4   7   2   4   -0.0000423115
4   7   3   4   0.0000446176
4   8   1   4   0.0000000001
4   8   2   5   -0.0002306213
4   8   2   6   -0.0001365796
4   8   3   5   0.0001610686
4   8   3   6   0.0002306213
4   9   1   4   0.0010793681
4   9   2   5   0.0002884910
4   9   2   6   -0.0002306213
4   9   3   5   -0.0002306213
4   9   3   6   0.0003129801
4   10   1   5   0.0003518615
4   10   1   6   -0.0003710387
4   10   2   4   0.0006772391
4   10   3   4   -0.0007141501
5   6   1   4   0.0007069249
5   6   2   5   -0.0005141021
5   6   3   6   -0.0005141021
5   7   1   4   -0.0006355276
5   7   2   5   -0.0000156968
5   7   3   6   -0.0000156968
5   8   1   5   -0.0007141501
5   8   1   6   -0.0006772391
5   8   2   4   -0.0003710387
5   8   3   4   -0.0003518615
5   9   1   5   0.0006772391
5   9   1   6   -0.0007141501
5   9   2   4   0.0003518615
5   9   3   4   -0.0003710387
5   10   1   4   0.0096051570
5   10   2   5   0.0002142709
5   10   3   6   0.0002142709

End IJAB Block
Begin ABCD Block
1   4   1   4   0.2334265908
1   4   2   5   0.0392131082
1   4   3   6   0.0392131082
1   5   1   5   0.1945369953
1   5   2   4   0.0392385512
1   6   1   6   0.1945369953
1   6   3   4   0.0392385512
2   4   1   5   0.0392385512
2   4   2   4   0.1945369953
2   5   1   4   0.0392131082
2   5   2   5   0.1868441209
2   5   3   6   0.0099467540
2   6   2   6   0.1669509334
2   6   3   5   0.0099464335
3   4   1   6   0.0392385512
3   4   3   4   0.1945369953
3   5   2   6   0.0099464335
3   5   3   5   0.1669509334
3   6   1   4   0.0392131082
3   6   2   5   0.0099467540
3   6   3   6   0.1868441209

End ABCD Block
Begin AIJB Block
1   6   1   4   0.0112999328
1   6   2   4   -0.0000003490
1   6   3   5   0.0000149189
1   6   3   6   0.0000141478
1   6   4   5   -0.0000141478
1   6   4   6   0.0000149189
1   6   5   4   0.0003317055
1   7   1   4   -0.0000003490
1   7   2   4   0.0017148033
1   7   3   5   0.0000013453
1   7   3   6   0.0000012757
1   7   4   5   -0.0000012757
1   7   4   6   0.0000013453
1   7   5   4   0.0004086045
1   8   1   5   0.0000011150
1   8   1   6   0.0000010574
1   8   2   5   -0.0000215286
1   8   2   6   -0.0000204159
1   8   3   4   -0.0002664342
1   8   5   5   -0.0010947765
1   8   5   6   -0.0010381927
1   9   1   5   -0.0000010574
1   9   1   6   0.0000011150
1   9   2   5   0.0000204159
1   9   2   6   -0.0000215286
1   9   4   4   -0.0002664342
1   9   5   5   0.0010381927
1   9   5   6   -0.0010947765
1   10   1   4   0.0003317055
1   10   2   4   0.0004086045
1   10   3   5   -0.0000797339
1   10   3   6   -0.0000756128
1   10   4   5   0.0000756128
1   10   4   6   -0.0000797339
1   10   5   4   0.0081774370
2   6   1   5   0.0022801164
2   6   2   5   0.0000037374
2   6   3   4   0.0000011150
2   6   4   4   -0.0000010574
2   6   5   5   -0.0003780118
2   7   1   5   0.0000037374
2   7   2   5   0.0001570910
2   7   3   4   -0.0000215286
2   7   4   4   0.0000204159
2   7   5   5   0.0000069721
2   8   1   4   0.0000149189
2   8   2   4   0.0000013453
2   8   3   5   0.0003017738
2   8   3   6   0.0002549990
2   8   4   5   -0.0002549990
2   8   4   6   -0.0001962983
2   8   5   4   -0.0000797339
2   9   1   4   -0.0000141478
2   9   2   4   -0.0000012757
2   9   3   5   -0.0002549990
2   9   3   6   0.0002233760
2   9   4   5   0.0002746962
2   9   4   6   -0.0002549990
2   9   5   4   0.0000756128
2   10   1   5   -0.0003780118
2   10   2   5   0.0000069721
2   10   3   4   -0.0010947765
2   10   4   4   0.0010381927
2   10   5   5   0.0009082970
3   6   1   6   0.0022801164
3   6   2   6   0.0000037374
3   6   3   4   0.0000010574
3   6   4   4   0.0000011150
3   6   5   6   -0.0003780118
3   7   1   6   0.0000037374
3   7   2   6   0.0001570910
3   7   3   4   -0.0000204159
3   7   4   4   -0.0000215286
3   7   5   6   0.0000069721
3   8   1   4   0.0000141478
3   8   2   4   0.0000012757
3   8   3   5   0.0002549990
3   8   3   6   0.0002746962
3   8   4   5   0.0002233760
3   8   4   6   0.0002549990
3   8   5   4   -0.0000756128
3   9   1   4   0.0000149189
3   9   2   4   0.0000013453
3   9   3   5   -0.0001962983
3   9   3   6   0.0002549990
3   9   4   5   -0.0002549990
3   9   4   6   0.0003017738
3   9   5   4   -0.0000797339
3   10   1   6   -0.0003780118
3   10   2   6   0.0000069721
3   10   3   4   -0.0010381927
3   10   4   4   -0.0010947765
3   10   5   6   0.0009082970

1   6   6   1   -0.3013452920
1   6   7   1   0.0000061735
1   6   8   2   -0.0000099666
1   6   8   3   -0.0000094515
1   6   9   2   0.0000094515
1   6   9   3   -0.0000099666
1   6   10   1   -0.0006613528
1   7   6   1   0.0000061735
1   7   7   1   -0.1054063746
1   7   8   2   -0.0010466968
1   7   8   3   -0.0009925980
1   7   9   2   0.0009925980
1   7   9   3   -0.0010466968
1   7   10   1   0.0050256506
1   8   6   2   -0.0000087023
1   8   6   3   -0.0000082526
1   8   7   2   -0.0010415772
1   8   7   3   -0.0009877431
1   8   8   1   -0.1035856581
1   8   10   2   0.0003137869
1   8   10   3   0.0002975687
1   9   6   2   0.0000082526
1   9   6   3   -0.0000087023
1   9   7   2   0.0009877431
1   9   7   3   -0.0010415772
1   9   9   1   -0.1035856581
1   9   10   2   -0.0002975687
1   9   10   3   0.0003137869
1   10   6   1   -0.0006613528
1   10   7   1   0.0050256506
1   10   8   2   0.0003528182
1   10   8   3   0.0003345827
1   10   9   2   -0.0003345827
1   10   9   3   0.0003528182
1   10   10   1   -0.1048287505
2   6   6   2   -0.2417411787
2   6   7   2   0.0000008455
2   6   8   1   -0.0000087023
2   6   9   1   0.0000082526
2   6   10   2   -0.0001773289
2   7   6   2   0.0000008455
2   7   7   2   -0.1005114870
2   7   8   1   -0.0010415772
2   7   9   1   0.0009877431
2   7   10   2   0.0054334418
2   8   6   1   -0.0000099666
2   8   7   1   -0.0010466968
2   8   8   2   -0.1003220981
2   8   8   3   -0.0001396219
2   8   9   2   0.0001396219
2   8   9   3   -0.0000099906
2   8   10   1   0.0003528182
2   9   6   1   0.0000094515
2   9   7   1   0.0009925980
2   9   8   2   0.0001396219
2   9   8   3   -0.0000048355
2   9   9   2   -0.1003072720
2   9   9   3   0.0001396219
2   9   10   1   -0.0003345827
2   10   6   2   -0.0001773289
2   10   7   2   0.0054334418
2   10   8   1   0.0003137869
2   10   9   1   -0.0002975687
2   10   10   2   -0.1075802427
3   6   6   3   -0.2417411787
3   6   7   3   0.0000008455
3   6   8   1   -0.0000082526
3   6   9   1   -0.0000087023
3   6   10   3   -0.0001773289
3   7   6   3   0.0000008455
3   7   7   3   -0.1005114870
3   7   8   1   -0.0009877431
3   7   9   1   -0.0010415772
3   7   10   3   0.0054334418
3   8   6   1   -0.0000094515
3   8   7   1   -0.0009925980
3   8   8   2   -0.0001396219
3   8   8   3   -0.1003072720
3   8   9   2   -0.0000048355
3   8   9   3   -0.0001396219
3   8   10   1   0.0003345827
3   9   6   1   -0.0000099666
3   9   7   1   -0.0010466968
3   9   8   2   -0.0000099906
3   9   8   3   -0.0001396219
3   9   9   2   0.0001396219
3   9   9   3   -0.1003220981
3   9   10   1   0.0003528182
3   10   6   3   -0.0001773289
3   10   7   3   0.0054334418
3   10   8   1   0.0002975687
3   10   9   1   0.0003137869
3   10   10   3   -0.1075802427

End AIJB Block
Begin IJKA Block
1   6   1   4   -0.1104354525
1   6   2   4   0.0000046308
1   6   3   5   0.0000091687
1   6   3   6   0.0000086948
1   6   4   5   -0.0000086948
1   6   4   6   0.0000091687
1   6   5   4   -0.0011077983
1   7   1   4   0.0000128397
1   7   2   4   0.0000132827
1   7   3   5   -0.0000002225
1   7   3   6   -0.0000002110
1   7   4   5   0.0000002110
1   7   4   6   -0.0000002225
1   7   5   4   -0.0000052747
1   8   1   5   0.0003654067
1   8   1   6   0.0003465205
1   8   2   5   -0.0000001421
1   8   2   6   -0.0000001347
1   8   3   4   0.0000054251
1   8   5   5   -0.0000017693
1   8   5   6   -0.0000016779
1   9   1   5   -0.0003465205
1   9   1   6   0.0003654067
1   9   2   5   0.0000001347
1   9   2   6   -0.0000001421
1   9   4   4   0.0000054251
1   9   5   5   0.0000016779
1   9   5   6   -0.0000017693
1   10   1   4   -0.0113126674
1   10   2   4   -0.0000019742
1   10   3   5   -0.0000098944
1   10   3   6   -0.0000093830
1   10   4   5   0.0000093830
1   10   4   6   -0.0000098944
1   10   5   4   0.0001346860
2   6   1   4   0.0000074243
2   6   2   4   -0.0004378730
2   6   3   5   0.0000555710
2   6   3   6   0.0000526988
2   6   4   5   -0.0000526988
2   6   4   6   0.0000555710
2   6   5   4   0.0000518968
2   7   1   4   0.0000048099
2   7   2   4   -0.0018122280
2   7   3   5   -0.0034146555
2   7   3   6   -0.0032381682
2   7   4   5   0.0032381682
2   7   4   6   -0.0034146555
2   7   5   4   0.0124287337
2   8   1   5   0.0000004210
2   8   1   6   0.0000003992
2   8   2   5   -0.0104715506
2   8   2   6   -0.0099303260
2   8   3   4   -0.0002829284
2   8   5   5   -0.0002739376
2   8   5   6   -0.0002597791
2   9   1   5   -0.0000003992
2   9   1   6   0.0000004210
2   9   2   5   0.0099303260
2   9   2   6   -0.0104715506
2   9   4   4   -0.0002829284
2   9   5   5   0.0002597791
2   9   5   6   -0.0002739376
2   10   1   4   -0.0000090341
2   10   2   4   0.0033700248
2   10   3   5   -0.0004738222
2   10   3   6   -0.0004493325
2   10   4   5   0.0004493325
2   10   4   6   -0.0004738222
2   10   5   4   -0.0004110871
3   6   1   5   0.0000015015
3   6   1   6   0.0000014239
3   6   2   5   0.0000530368
3   6   2   6   0.0000502956
3   6   3   4   -0.0004380634
3   6   5   5   -0.0000185815
3   6   5   6   -0.0000176211
3   7   1   5   -0.0000000391
3   7   1   6   -0.0000000371
3   7   2   5   -0.0033728886
3   7   2   6   -0.0031985601
3   7   3   4   -0.0012331833
3   7   5   5   -0.0000438430
3   7   5   6   -0.0000415770
3   8   1   4   0.0000128668
3   8   2   4   -0.0002954157
3   8   3   5   -0.0114393275
3   8   3   6   -0.0108480831
3   8   4   5   0.0010007026
3   8   4   6   -0.0010552431
3   8   5   4   0.0068423645
3   9   1   4   -0.0000000000
3   9   2   4   -0.0000000000
3   9   3   5   0.0088437316
3   9   3   6   -0.0093257344
3   9   4   5   -0.0010583500
3   9   4   6   -0.0010036489
3   9   5   4   0.0000000000
3   10   1   5   -0.0000095028
3   10   1   6   -0.0000090116
3   10   2   5   -0.0003657256
3   10   2   6   -0.0003468230
3   10   3   4   0.0017335881
3   10   5   5   -0.0012090813
3   10   5   6   -0.0011465896
4   6   1   5   -0.0000014239
4   6   1   6   0.0000015015
4   6   2   5   -0.0000502956
4   6   2   6   0.0000530368
4   6   4   4   -0.0004380634
4   6   5   5   0.0000176211
4   6   5   6   -0.0000185815
4   7   1   5   0.0000000371
4   7   1   6   -0.0000000391
4   7   2   5   0.0031985601
4   7   2   6   -0.0033728886
4   7   4   4   -0.0012331833
4   7   5   5   0.0000415770
4   7   5   6   -0.0000438430
4   8   1   4   0.0000000000
4   8   2   4   0.0000000000
4   8   3   5   0.0010036489
4   8   3   6   -0.0010583500
4   8   4   5   -0.0093257344
4   8   4   6   -0.0088437316
4   8   5   4   -0.0000000000
4   9   1   4   0.0000128668
4   9   2   4   -0.0002954157
4   9   3   5   -0.0010552431
4   9   3   6   -0.0010007026
4   9   4   5   0.0108480831
4   9   4   6   -0.0114393275
4   9   5   4   0.0068423645
4   10   1   5   0.0000090116
4   10   1   6   -0.0000095028
4   10   2   5   0.0003468230
4   10   2   6   -0.0003657256
4   10   4   4   0.0017335881
4   10   5   5   0.0011465896
4   10   5   6   -0.0012090813
5   6   1   4   -0.0015967236
5   6   2   4   0.0000479355
5   6   3   5   -0.0000280211
5   6   3   6   -0.0000265729
5   6   4   5   0.0000265729
5   6   4   6   -0.0000280211
5   6   5   4   -0.0005443860
5   7   1   4   -0.0000081094
5   7   2   4   0.0122241833
5   7   3   5   -0.0000702169
5   7   3   6   -0.0000665877
5   7   4   5   0.0000665877
5   7   4   6   -0.0000702169
5   7   5   4   -0.0014352085
5   8   1   5   -0.0000047948
5   8   1   6   -0.0000045470
5   8   2   5   -0.0001757538
5   8   2   6   -0.0001666699
5   8   3   4   0.0055961281
5   8   4   4   -0.0000000000
5   8   5   5   -0.0093424577
5   8   5   6   -0.0088595905
5   9   1   5   0.0000045470
5   9   1   6   -0.0000047948
5   9   2   5   0.0001666699
5   9   2   6   -0.0001757538
5   9   3   4   0.0000000000
5   9   4   4   0.0055961281
5   9   5   5   0.0088595905
5   9   5   6   -0.0093424577
5   10   1   4   0.0002646470
5   10   2   4   -0.0016305854
5   10   3   5   -0.0010818113
5   10   3   6   -0.0010258976
5   10   4   5   0.0010258976
5   10   4   6   -0.0010818113
5   10   5   4   0.0322595480

End IJKA Block
Begin IABC Block
1   4   1   4   -0.0011444510
1   4   2   5   0.0037301678
1   4   3   6   0.0037301678
1   5   1   5   -0.0004330013
1   5   2   4   0.0037549752
1   6   1   6   -0.0004330013
1   6   3   4   0.0037549752
2   4   1   4   -0.0000004900
2   4   2   5   0.0000349548
2   4   3   6   0.0000349548
2   5   1   5   -0.0000029363
2   5   2   4   0.0000371133
2   6   1   6   -0.0000029363
2   6   3   4   0.0000371133
3   4   1   5   0.0001799843
3   4   1   6   0.0001706818
3   4   2   4   0.0001831552
3   4   3   4   0.0001736888
3   5   1   4   0.0001679721
3   5   2   5   0.0005411059
3   5   2   6   0.0001001835
3   5   3   5   0.0003135150
3   5   3   6   0.0001048600
3   6   1   4   0.0001592904
3   6   2   5   0.0000994403
3   6   2   6   0.0003306022
3   6   3   5   0.0001056437
3   6   3   6   0.0005131388
4   4   1   5   -0.0001706818
4   4   1   6   0.0001799843
4   4   2   4   -0.0001736888
4   4   3   4   0.0001831552
4   5   1   4   -0.0001592904
4   5   2   5   -0.0005131388
4   5   2   6   0.0001056437
4   5   3   5   0.0003306022
4   5   3   6   -0.0000994403
4   6   1   4   0.0001679721
4   6   2   5   0.0001048600
4   6   2   6   -0.0003135150
4   6   3   5   -0.0001001835
4   6   3   6   0.0005411059
5   4   1   4   -0.0027815568
5   4   2   5   -0.0026023268
5   4   3   6   -0.0026023268
5   5   1   5   -0.0039850619
5   5   2   4   -0.0027303431
5   6   1   6   -0.0039850619
5   6   3   4   -0.0027303431

End IABC Block
