Begin IJ Block
1   1   -5.3211359244
1   2   0.0000912298
1   5   -0.0088501560
2   2   -6.7473728610
2   5   -0.0081781794
3   3   -5.7778358855
4   4   -5.7778358855
5   5   -5.6525905669

End IJ Block
Begin IA Block
1   1   0.1098936956
1   4   0.0600015157
2   1   0.0141528037
2   4   0.0974534726
3   2   0.1463995604
3   3   0.0123976583
4   2   0.0123976583
4   3   -0.1463995604
5   1   -0.2580754315
5   4   -0.3584079613

End IA Block
Begin AB Block
1   1   -1.4995333482
1   4   -0.2954428703
2   2   -1.3333766361
3   3   -1.3333766361
4   4   -1.5627485832

End AB Block
Begin IJKL Block
1   6   1   6   1.6516296460
1   6   1   7   -0.0001258272
1   6   1   10   0.0095253397
1   6   2   6   -0.0001258272
1   6   2   7   0.0000000230
1   6   2   10   -0.0000010582
1   6   3   8   0.0000001851
1   6   4   9   0.0000001851
1   6   5   6   0.0095253397
1   6   5   7   -0.0000010582
1   6   5   10   0.0000870068
1   7   1   6   -0.0001258272
1   7   1   7   0.1254052270
1   7   1   10   -0.0097867280
1   7   2   6   0.0000000230
1   7   2   7   0.0000082477
1   7   2   10   -0.0000053636
1   7   3   8   0.0000019941
1   7   4   9   0.0000019941
1   7   5   6   -0.0000010582
1   7   5   7   -0.0000991502
1   7   5   10   0.0000155227
1   8   1   8   0.1247298212
1   8   2   8   0.0000075370
1   8   3   6   0.0000001851
1   8   3   7   0.0000019941
1   8   3   10   -0.0000015181
1   8   5   8   -0.0000952236
1   9   1   9   0.1247298212
1   9   2   9   0.0000075370
1   9   4   6   0.0000001851
1   9   4   7   0.0000019941
1   9   4   10   -0.0000015181
1   9   5   9   -0.0000952236
1   10   1   6   0.0095253397
1   10   1   7   -0.0097867280
1   10   1   10   0.1304271670
1   10   2   6   -0.0000010582
1   10   2   7   -0.0000053636
1   10   2   10   0.0000078563
1   10   3   8   -0.0000015181
1   10   4   9   -0.0000015181
1   10   5   6   0.0000870068
1   10   5   7   0.0000155227
1   10   5   10   -0.0001043887
2   6   1   6   -0.0001258272
2   6   1   7   0.0000000230
2   6   1   10   -0.0000010582
2   6   2   6   0.1254052270
2   6   2   7   0.0000082477
2   6   2   10   -0.0000991502
2   6   3   8   0.0000019941
2   6   4   9   0.0000019941
2   6   5   6   -0.0097867280
2   6   5   7   -0.0000053636
2   6   5   10   0.0000155227
2   7   1   6   0.0000000230
2   7   1   7   0.0000082477
2   7   1   10   -0.0000053636
2   7   2   6   0.0000082477
2   7   2   7   0.8832875838
2   7   2   10   0.0050618498
2   7   3   8   0.1659040490
2   7   4   9   0.1659040490
2   7   5   6   -0.0000053636
2   7   5   7   0.0050618498
2   7   5   10   0.1598350001
2   8   1   8   0.0000075370
2   8   2   8   0.8297179443
2   8   3   6   0.0000019941
2   8   3   7   0.1659040490
2   8   3   10   0.0012408393
2   8   5   8   0.0049335513
2   9   1   9   0.0000075370
2   9   2   9   0.8297179443
2   9   4   6   0.0000019941
2   9   4   7   0.1659040490
2   9   4   10   0.0012408393
2   9   5   9   0.0049335513
2   10   1   6   -0.0000010582
2   10   1   7   -0.0000053636
2   10   1   10   0.0000078563
2   10   2   6   -0.0000991502
2   10   2   7   0.0050618498
2   10   2   10   0.8064829094
2   10   3   8   0.0012408393
2   10   4   9   0.0012408393
2   10   5   6   0.0000155227
2   10   5   7   0.1598350001
2   10   5   10   0.0054362008
3   6   1   8   0.0000001851
3   6   2   8   0.0000019941
3   6   3   6   0.1247298212
3   6   3   7   0.0000075370
3   6   3   10   -0.0000952236
3   6   5   8   -0.0000015181
3   7   1   8   0.0000019941
3   7   2   8   0.1659040490
3   7   3   6   0.0000075370
3   7   3   7   0.8297179443
3   7   3   10   0.0049335513
3   7   5   8   0.0012408393
3   8   1   6   0.0000001851
3   8   1   7   0.0000019941
3   8   1   10   -0.0000015181
3   8   2   6   0.0000019941
3   8   2   7   0.1659040490
3   8   2   10   0.0012408393
3   8   3   8   0.8397634510
3   8   4   9   0.0408399153
3   8   5   6   -0.0000015181
3   8   5   7   0.0012408393
3   8   5   10   0.0394046184
3   9   3   9   0.7580836203
3   9   4   8   0.0408399153
3   10   1   8   -0.0000015181
3   10   2   8   0.0012408393
3   10   3   6   -0.0000952236
3   10   3   7   0.0049335513
3   10   3   10   0.7375954311
3   10   5   8   0.0394046184
4   6   1   9   0.0000001851
4   6   2   9   0.0000019941
4   6   4   6   0.1247298212
4   6   4   7   0.0000075370
4   6   4   10   -0.0000952236
4   6   5   9   -0.0000015181
4   7   1   9   0.0000019941
4   7   2   9   0.1659040490
4   7   4   6   0.0000075370
4   7   4   7   0.8297179443
4   7   4   10   0.0049335513
4   7   5   9   0.0012408393
4   8   3   9   0.0408399153
4   8   4   8   0.7580836203
4   9   1   6   0.0000001851
4   9   1   7   0.0000019941
4   9   1   10   -0.0000015181
4   9   2   6   0.0000019941
4   9   2   7   0.1659040490
4   9   2   10   0.0012408393
4   9   3   8   0.0408399153
4   9   4   9   0.8397634510
4   9   5   6   -0.0000015181
4   9   5   7   0.0012408393
4   9   5   10   0.0394046184
4   10   1   9   -0.0000015181
4   10   2   9   0.0012408393
4   10   4   6   -0.0000952236
4   10   4   7   0.0049335513
4   10   4   10   0.7375954311
4   10   5   9   0.0394046184
5   6   1   6   0.0095253397
5   6   1   7   -0.0000010582
5   6   1   10   0.0000870068
5   6   2   6   -0.0097867280
5   6   2   7   -0.0000053636
5   6   2   10   0.0000155227
5   6   3   8   -0.0000015181
5   6   4   9   -0.0000015181
5   6   5   6   0.1304271670
5   6   5   7   0.0000078563
5   6   5   10   -0.0001043887
5   7   1   6   -0.0000010582
5   7   1   7   -0.0000991502
5   7   1   10   0.0000155227
5   7   2   6   -0.0000053636
5   7   2   7   0.0050618498
5   7   2   10   0.1598350001
5   7   3   8   0.0012408393
5   7   4   9   0.0012408393
5   7   5   6   0.0000078563
5   7   5   7   0.8064829094
5   7   5   10   0.0054362008
5   8   1   8   -0.0000952236
5   8   2   8   0.0049335513
5   8   3   6   -0.0000015181
5   8   3   7   0.0012408393
5   8   3   10   0.0394046184
5   8   5   8   0.7375954311
5   9   1   9   -0.0000952236
5   9   2   9   0.0049335513
5   9   4   6   -0.0000015181
5   9   4   7   0.0012408393
5   9   4   10   0.0394046184
5   9   5   9   0.7375954311
5   10   1   6   0.0000870068
5   10   1   7   0.0000155227
5   10   1   10   -0.0001043887
5   10   2   6   0.0000155227
5   10   2   7   0.1598350001
5   10   2   10   0.0054362008
5   10   3   8   0.0394046184
5   10   4   9   0.0394046184
5   10   5   6   -0.0001043887
5   10   5   7   0.0054362008
5   10   5   10   0.7945080866

End IJKL Block
Begin IJAB Block
1   6   1   5   0.0107865986
1   6   1   8   0.0062364767
1   6   2   6   0.0020843825
1   6   3   7   0.0020843825
1   6   4   5   0.0062364767
1   6   4   8   0.0062129176
1   7   1   5   0.0000008488
1   7   1   8   0.0000026591
1   7   2   6   0.0000036591
1   7   3   7   0.0000036591
1   7   4   5   -0.0000073755
1   7   4   8   -0.0000080553
1   8   1   6   -0.0000012266
1   8   1   7   -0.0000001039
1   8   2   5   0.0000459793
1   8   2   8   0.0000597915
1   8   3   5   0.0000038937
1   8   3   8   0.0000050634
1   8   4   6   -0.0000127883
1   8   4   7   -0.0000010830
1   9   1   6   -0.0000001039
1   9   1   7   0.0000012266
1   9   2   5   0.0000038937
1   9   2   8   0.0000050634
1   9   3   5   -0.0000459793
1   9   3   8   -0.0000597915
1   9   4   6   -0.0000010830
1   9   4   7   0.0000127883
1   10   1   5   0.0001654285
1   10   1   8   0.0002714391
1   10   2   6   -0.0002640407
1   10   3   7   -0.0002640407
1   10   4   5   0.0000611818
1   10   4   8   -0.0002294733
2   6   1   5   0.0000008488
2   6   1   8   -0.0000073755
2   6   2   6   0.0000036591
2   6   3   7   0.0000036591
2   6   4   5   0.0000026591
2   6   4   8   -0.0000080553
2   7   1   5   0.0007606402
2   7   1   8   0.0011982866
2   7   2   6   0.0002141927
2   7   3   7   0.0002141927
2   7   4   5   0.0011982866
2   7   4   8   0.0021684628
2   8   1   6   0.0000392554
2   8   1   7   0.0000033243
2   8   2   5   0.0000128854
2   8   2   8   0.0001083989
2   8   3   5   0.0000010912
2   8   3   8   0.0000091796
2   8   4   6   0.0004878244
2   8   4   7   0.0000413108
2   9   1   6   0.0000033243
2   9   1   7   -0.0000392554
2   9   2   5   0.0000010912
2   9   2   8   0.0000091796
2   9   3   5   -0.0000128854
2   9   3   8   -0.0001083989
2   9   4   6   0.0000413108
2   9   4   7   -0.0004878244
2   10   1   5   -0.0001019098
2   10   1   8   -0.0002762592
2   10   2   6   0.0000112439
2   10   3   7   0.0000112439
2   10   4   5   -0.0009410901
2   10   4   8   -0.0016371653
3   6   1   6   0.0000459793
3   6   1   7   0.0000038937
3   6   2   5   -0.0000012266
3   6   2   8   -0.0000127883
3   6   3   5   -0.0000001039
3   6   3   8   -0.0000010830
3   6   4   6   0.0000597915
3   6   4   7   0.0000050634
3   7   1   6   0.0000128854
3   7   1   7   0.0000010912
3   7   2   5   0.0000392554
3   7   2   8   0.0004878244
3   7   3   5   0.0000033243
3   7   3   8   0.0000413108
3   7   4   6   0.0001083989
3   7   4   7   0.0000091796
3   8   1   5   0.0001992108
3   8   1   8   0.0003161283
3   8   2   6   0.0008843376
3   8   2   7   0.0000697475
3   8   3   6   0.0000697475
3   8   3   7   0.0000666204
3   8   4   5   0.0003161283
3   8   4   8   0.0006504147
3   9   2   6   0.0000697475
3   9   2   7   -0.0007629099
3   9   3   6   -0.0000548074
3   9   3   7   -0.0000697475
3   10   1   6   -0.0001435495
3   10   1   7   -0.0000121563
3   10   2   5   -0.0014748787
3   10   2   8   -0.0021611852
3   10   3   5   -0.0001248982
3   10   3   8   -0.0001830172
3   10   4   6   -0.0002563477
3   10   4   7   -0.0000217085
4   6   1   6   0.0000038937
4   6   1   7   -0.0000459793
4   6   2   5   -0.0000001039
4   6   2   8   -0.0000010830
4   6   3   5   0.0000012266
4   6   3   8   0.0000127883
4   6   4   6   0.0000050634
4   6   4   7   -0.0000597915
4   7   1   6   0.0000010912
4   7   1   7   -0.0000128854
4   7   2   5   0.0000033243
4   7   2   8   0.0000413108
4   7   3   5   -0.0000392554
4   7   3   8   -0.0004878244
4   7   4   6   0.0000091796
4   7   4   7   -0.0001083989
4   8   2   6   0.0000697475
4   8   2   7   -0.0000548074
4   8   3   6   -0.0007629099
4   8   3   7   -0.0000697475
4   9   1   5   0.0001992108
4   9   1   8   0.0003161283
4   9   2   6   0.0000666204
4   9   2   7   -0.0000697475
4   9   3   6   -0.0000697475
4   9   3   7   0.0008843376
4   9   4   5   0.0003161283
4   9   4   8   0.0006504147
4   10   1   6   -0.0000121563
4   10   1   7   0.0001435495
4   10   2   5   -0.0001248982
4   10   2   8   -0.0001830172
4   10   3   5   0.0014748787
4   10   3   8   0.0021611852
4   10   4   6   -0.0000217085
4   10   4   7   0.0002563477
5   6   1   5   0.0001654285
5   6   1   8   0.0000611818
5   6   2   6   -0.0002640407
5   6   3   7   -0.0002640407
5   6   4   5   0.0002714391
5   6   4   8   -0.0002294733
5   7   1   5   -0.0001019098
5   7   1   8   -0.0009410901
5   7   2   6   0.0000112439
5   7   3   7   0.0000112439
5   7   4   5   -0.0002762592
5   7   4   8   -0.0016371653
5   8   1   6   -0.0014748787
5   8   1   7   -0.0001248982
5   8   2   5   -0.0001435495
5   8   2   8   -0.0002563477
5   8   3   5   -0.0000121563
5   8   3   8   -0.0000217085
5   8   4   6   -0.0021611852
5   8   4   7   -0.0001830172
5   9   1   6   -0.0001248982
5   9   1   7   0.0014748787
5   9   2   5   -0.0000121563
5   9   2   8   -0.0000217085
5   9   3   5   0.0001435495
5   9   3   8   0.0002563477
5   9   4   6   -0.0001830172
5   9   4   7   0.0021611852
5   10   1   5   0.0033691045
5   10   1   8   0.0049690601
5   10   2   6   0.0003054791
5   10   3   7   0.0003054791
5   10   4   5   0.0049690601
5   10   4   8   0.0078770668

End IJAB Block
Begin ABCD Block
1   5   1   5   0.2354433754
1   5   1   8   -0.0035105379
1   5   2   6   0.0382067850
1   5   3   7   0.0382067850
1   5   4   5   -0.0035105379
1   5   4   8   0.0304885009
1   6   1   6   0.1914965759
1   6   2   5   0.0382067850
1   6   2   8   0.0082930698
1   6   4   6   0.0103384229
1   7   1   7   0.1914965759
1   7   3   5   0.0382067850
1   7   3   8   0.0082930698
1   7   4   7   0.0103384229
1   8   1   5   -0.0035105379
1   8   1   8   0.1907781305
1   8   2   6   0.0082930698
1   8   3   7   0.0082930698
1   8   4   5   0.0304885009
1   8   4   8   0.0148222389
2   5   1   6   0.0382067850
2   5   2   5   0.1914965759
2   5   2   8   0.0103384229
2   5   4   6   0.0082930698
2   6   1   5   0.0382067850
2   6   1   8   0.0082930698
2   6   2   6   0.1816511253
2   6   3   7   0.0096873874
2   6   4   5   0.0082930698
2   6   4   8   0.0122860701
2   7   2   7   0.1622763504
2   7   3   6   0.0096873874
2   8   1   6   0.0082930698
2   8   2   5   0.0103384229
2   8   2   8   0.1675300053
2   8   4   6   0.0122860701
3   5   1   7   0.0382067850
3   5   3   5   0.1914965759
3   5   3   8   0.0103384229
3   5   4   7   0.0082930698
3   6   2   7   0.0096873874
3   6   3   6   0.1622763504
3   7   1   5   0.0382067850
3   7   1   8   0.0082930698
3   7   2   6   0.0096873874
3   7   3   7   0.1816511253
3   7   4   5   0.0082930698
3   7   4   8   0.0122860701
3   8   1   7   0.0082930698
3   8   3   5   0.0103384229
3   8   3   8   0.1675300053
3   8   4   7   0.0122860701
4   5   1   5   -0.0035105379
4   5   1   8   0.0304885009
4   5   2   6   0.0082930698
4   5   3   7   0.0082930698
4   5   4   5   0.1907781305
4   5   4   8   0.0148222389
4   6   1   6   0.0103384229
4   6   2   5   0.0082930698
4   6   2   8   0.0122860701
4   6   4   6   0.1675300053
4   7   1   7   0.0103384229
4   7   3   5   0.0082930698
4   7   3   8   0.0122860701
4   7   4   7   0.1675300053
4   8   1   5   0.0304885009
4   8   1   8   0.0148222389
4   8   2   6   0.0122860701
4   8   3   7   0.0122860701
4   8   4   5   0.0148222389
4   8   4   8   0.1914674762

End ABCD Block
Begin AIJB Block
1   6   1   5   0.0107865986
1   6   1   8   0.0062364767
1   6   2   5   0.0000008488
1   6   2   8   -0.0000073755
1   6   3   6   0.0000459793
1   6   3   7   0.0000038937
1   6   4   6   0.0000038937
1   6   4   7   -0.0000459793
1   6   5   5   0.0001654285
1   6   5   8   0.0000611818
1   7   1   5   0.0000008488
1   7   1   8   0.0000026591
1   7   2   5   0.0007606402
1   7   2   8   0.0011982866
1   7   3   6   0.0000128854
1   7   3   7   0.0000010912
1   7   4   6   0.0000010912
1   7   4   7   -0.0000128854
1   7   5   5   -0.0001019098
1   7   5   8   -0.0009410901
1   8   1   6   -0.0000012266
1   8   1   7   -0.0000001039
1   8   2   6   0.0000392554
1   8   2   7   0.0000033243
1   8   3   5   0.0001992108
1   8   3   8   0.0003161283
1   8   5   6   -0.0014748787
1   8   5   7   -0.0001248982
1   9   1   6   -0.0000001039
1   9   1   7   0.0000012266
1   9   2   6   0.0000033243
1   9   2   7   -0.0000392554
1   9   4   5   0.0001992108
1   9   4   8   0.0003161283
1   9   5   6   -0.0001248982
1   9   5   7   0.0014748787
1   10   1   5   0.0001654285
1   10   1   8   0.0002714391
1   10   2   5   -0.0001019098
1   10   2   8   -0.0002762592
1   10   3   6   -0.0001435495
1   10   3   7   -0.0000121563
1   10   4   6   -0.0000121563
1   10   4   7   0.0001435495
1   10   5   5   0.0033691045
1   10   5   8   0.0049690601
2   6   1   6   0.0020843825
2   6   2   6   0.0000036591
2   6   3   5   -0.0000012266
2   6   3   8   -0.0000127883
2   6   4   5   -0.0000001039
2   6   4   8   -0.0000010830
2   6   5   6   -0.0002640407
2   7   1   6   0.0000036591
2   7   2   6   0.0002141927
2   7   3   5   0.0000392554
2   7   3   8   0.0004878244
2   7   4   5   0.0000033243
2   7   4   8   0.0000413108
2   7   5   6   0.0000112439
2   8   1   5   0.0000459793
2   8   1   8   0.0000597915
2   8   2   5   0.0000128854
2   8   2   8   0.0001083989
2   8   3   6   0.0008843376
2   8   3   7   0.0000697475
2   8   4   6   0.0000697475
2   8   4   7   -0.0000548074
2   8   5   5   -0.0001435495
2   8   5   8   -0.0002563477
2   9   1   5   0.0000038937
2   9   1   8   0.0000050634
2   9   2   5   0.0000010912
2   9   2   8   0.0000091796
2   9   3   6   0.0000697475
2   9   3   7   -0.0007629099
2   9   4   6   0.0000666204
2   9   4   7   -0.0000697475
2   9   5   5   -0.0000121563
2   9   5   8   -0.0000217085
2   10   1   6   -0.0002640407
2   10   2   6   0.0000112439
2   10   3   5   -0.0014748787
2   10   3   8   -0.0021611852
2   10   4   5   -0.0001248982
2   10   4   8   -0.0001830172
2   10   5   6   0.0003054791
3   6   1   7   0.0020843825
3   6   2   7   0.0000036591
3   6   3   5   -0.0000001039
3   6   3   8   -0.0000010830
3   6   4   5   0.0000012266
3   6   4   8   0.0000127883
3   6   5   7   -0.0002640407
3   7   1   7   0.0000036591
3   7   2   7   0.0002141927
3   7   3   5   0.0000033243
3   7   3   8   0.0000413108
3   7   4   5   -0.0000392554
3   7   4   8   -0.0004878244
3   7   5   7   0.0000112439
3   8   1   5   0.0000038937
3   8   1   8   0.0000050634
3   8   2   5   0.0000010912
3   8   2   8   0.0000091796
3   8   3   6   0.0000697475
3   8   3   7   0.0000666204
3   8   4   6   -0.0007629099
3   8   4   7   -0.0000697475
3   8   5   5   -0.0000121563
3   8   5   8   -0.0000217085
3   9   1   5   -0.0000459793
3   9   1   8   -0.0000597915
3   9   2   5   -0.0000128854
3   9   2   8   -0.0001083989
3   9   3   6   -0.0000548074
3   9   3   7   -0.0000697475
3   9   4   6   -0.0000697475
3   9   4   7   0.0008843376
3   9   5   5   0.0001435495
3   9   5   8   0.0002563477
3   10   1   7   -0.0002640407
3   10   2   7   0.0000112439
3   10   3   5   -0.0001248982
3   10   3   8   -0.0001830172
3   10   4   5   0.0014748787
3   10   4   8   0.0021611852
3   10   5   7   0.0003054791
4   6   1   5   0.0062364767
4   6   1   8   0.0062129176
4   6   2   5   0.0000026591
4   6   2   8   -0.0000080553
4   6   3   6   0.0000597915
4   6   3   7   0.0000050634
4   6   4   6   0.0000050634
4   6   4   7   -0.0000597915
4   6   5   5   0.0002714391
4   6   5   8   -0.0002294733
4   7   1   5   -0.0000073755
4   7   1   8   -0.0000080553
4   7   2   5   0.0011982866
4   7   2   8   0.0021684628
4   7   3   6   0.0001083989
4   7   3   7   0.0000091796
4   7   4   6   0.0000091796
4   7   4   7   -0.0001083989
4   7   5   5   -0.0002762592
4   7   5   8   -0.0016371653
4   8   1   6   -0.0000127883
4   8   1   7   -0.0000010830
4   8   2   6   0.0004878244
4   8   2   7   0.0000413108
4   8   3   5   0.0003161283
4   8   3   8   0.0006504147
4   8   5   6   -0.0021611852
4   8   5   7   -0.0001830172
4   9   1   6   -0.0000010830
4   9   1   7   0.0000127883
4   9   2   6   0.0000413108
4   9   2   7   -0.0004878244
4   9   4   5   0.0003161283
4   9   4   8   0.0006504147
4   9   5   6   -0.0001830172
4   9   5   7   0.0021611852
4   10   1   5   0.0000611818
4   10   1   8   -0.0002294733
4   10   2   5   -0.0009410901
4   10   2   8   -0.0016371653
4   10   3   6   -0.0002563477
4   10   3   7   -0.0000217085
4   10   4   6   -0.0000217085
4   10   4   7   0.0002563477
4   10   5   5   0.0049690601
4   10   5   8   0.0078770668

1   6   6   1   -0.2979794655
1   6   6   4   -0.0476485245
1   6   7   1   0.0000049282
1   6   7   4   0.0000001582
1   6   8   2   -0.0000357633
1   6   8   3   -0.0000030286
1   6   9   2   -0.0000030286
1   6   9   3   0.0000357633
1   6   10   1   -0.0003093691
1   6   10   4   0.0000281671
1   7   6   1   0.0000049282
1   7   6   4   0.0000001582
1   7   7   1   -0.1044526591
1   7   7   4   -0.0267567248
1   7   8   2   -0.0017335444
1   7   8   3   -0.0001468030
1   7   9   2   -0.0001468030
1   7   9   3   0.0017335444
1   7   10   1   0.0062007075
1   7   10   4   0.0028007827
1   8   6   2   -0.0000357633
1   8   6   3   -0.0000030286
1   8   7   2   -0.0017335444
1   8   7   3   -0.0001468030
1   8   8   1   -0.1038235186
1   8   8   4   -0.0260259484
1   8   10   2   0.0005461052
1   8   10   3   0.0000462462
1   9   6   2   -0.0000030286
1   9   6   3   0.0000357633
1   9   7   2   -0.0001468030
1   9   7   3   0.0017335444
1   9   9   1   -0.1038235186
1   9   9   4   -0.0260259484
1   9   10   2   0.0000462462
1   9   10   3   -0.0005461052
1   10   6   1   -0.0003093691
1   10   6   4   0.0000281671
1   10   7   1   0.0062007075
1   10   7   4   0.0028007827
1   10   8   2   0.0005461052
1   10   8   3   0.0000462462
1   10   9   2   0.0000462462
1   10   9   3   -0.0005461052
1   10   10   1   -0.1070026436
1   10   10   4   -0.0277823291
2   6   6   2   -0.2347959189
2   6   7   2   0.0000014926
2   6   8   1   -0.0000357633
2   6   8   4   -0.0000161443
2   6   9   1   -0.0000030286
2   6   9   4   -0.0000013672
2   6   10   2   -0.0000930633
2   7   6   2   0.0000014926
2   7   7   2   -0.1061979035
2   7   8   1   -0.0017335444
2   7   8   4   -0.0019924665
2   7   9   1   -0.0001468030
2   7   9   4   -0.0001687295
2   7   10   2   0.0059696604
2   8   6   1   -0.0000357633
2   8   6   4   -0.0000161443
2   8   7   1   -0.0017335444
2   8   7   4   -0.0019924665
2   8   8   2   -0.1061130981
2   8   8   3   -0.0000319984
2   8   9   2   -0.0000319984
2   8   9   3   0.0001875742
2   8   10   1   0.0005461052
2   8   10   4   0.0006304771
2   9   6   1   -0.0000030286
2   9   6   4   -0.0000013672
2   9   7   1   -0.0001468030
2   9   7   4   -0.0001687295
2   9   8   2   -0.0000319984
2   9   8   3   0.0001875742
2   9   9   2   -0.1057379497
2   9   9   3   0.0000319984
2   9   10   1   0.0000462462
2   9   10   4   0.0000533911
2   10   6   2   -0.0000930633
2   10   7   2   0.0059696604
2   10   8   1   0.0005461052
2   10   8   4   0.0006304771
2   10   9   1   0.0000462462
2   10   9   4   0.0000533911
2   10   10   2   -0.1083180735
3   6   6   3   -0.2347959189
3   6   7   3   0.0000014926
3   6   8   1   -0.0000030286
3   6   8   4   -0.0000013672
3   6   9   1   0.0000357633
3   6   9   4   0.0000161443
3   6   10   3   -0.0000930633
3   7   6   3   0.0000014926
3   7   7   3   -0.1061979035
3   7   8   1   -0.0001468030
3   7   8   4   -0.0001687295
3   7   9   1   0.0017335444
3   7   9   4   0.0019924665
3   7   10   3   0.0059696604
3   8   6   1   -0.0000030286
3   8   6   4   -0.0000013672
3   8   7   1   -0.0001468030
3   8   7   4   -0.0001687295
3   8   8   2   -0.0000319984
3   8   8   3   -0.1057379497
3   8   9   2   0.0001875742
3   8   9   3   0.0000319984
3   8   10   1   0.0000462462
3   8   10   4   0.0000533911
3   9   6   1   0.0000357633
3   9   6   4   0.0000161443
3   9   7   1   0.0017335444
3   9   7   4   0.0019924665
3   9   8   2   0.0001875742
3   9   8   3   0.0000319984
3   9   9   2   0.0000319984
3   9   9   3   -0.1061130981
3   9   10   1   -0.0005461052
3   9   10   4   -0.0006304771
3   10   6   3   -0.0000930633
3   10   7   3   0.0059696604
3   10   8   1   0.0000462462
3   10   8   4   0.0000533911
3   10   9   1   -0.0005461052
3   10   9   4   -0.0006304771
3   10   10   3   -0.1083180735
4   6   6   1   -0.0476485245
4   6   6   4   -0.2614374185
4   6   7   1   0.0000001582
4   6   7   4   0.0000036406
4   6   8   2   -0.0000161443
4   6   8   3   -0.0000013672
4   6   9   2   -0.0000013672
4   6   9   3   0.0000161443
4   6   10   1   0.0000281671
4   6   10   4   -0.0000323278
4   7   6   1   0.0000001582
4   7   6   4   0.0000036406
4   7   7   1   -0.0267567248
4   7   7   4   -0.1336074384
4   7   8   2   -0.0019924665
4   7   8   3   -0.0001687295
4   7   9   2   -0.0001687295
4   7   9   3   0.0019924665
4   7   10   1   0.0028007827
4   7   10   4   0.0094370897
4   8   6   2   -0.0000161443
4   8   6   3   -0.0000013672
4   8   7   2   -0.0019924665
4   8   7   3   -0.0001687295
4   8   8   1   -0.0260259484
4   8   8   4   -0.1322166477
4   8   10   2   0.0006304771
4   8   10   3   0.0000533911
4   9   6   2   -0.0000013672
4   9   6   3   0.0000161443
4   9   7   2   -0.0001687295
4   9   7   3   0.0019924665
4   9   9   1   -0.0260259484
4   9   9   4   -0.1322166477
4   9   10   2   0.0000533911
4   9   10   3   -0.0006304771
4   10   6   1   0.0000281671
4   10   6   4   -0.0000323278
4   10   7   1   0.0028007827
4   10   7   4   0.0094370897
4   10   8   2   0.0006304771
4   10   8   3   0.0000533911
4   10   9   2   0.0000533911
4   10   9   3   -0.0006304771
4   10   10   1   -0.0277823291
4   10   10   4   -0.1368460107

End AIJB Block
Begin IJKA Block
1   6   1   5   -0.1054446931
1   6   1   8   -0.0693755500
1   6   2   5   0.0000131684
1   6   2   8   0.0000061828
1   6   3   6   0.0000190058
1   6   3   7   0.0000016095
1   6   4   6   0.0000016095
1   6   4   7   -0.0000190058
1   6   5   5   -0.0009141352
1   6   5   8   -0.0006821493
1   7   1   5   -0.0003695476
1   7   1   8   -0.0003949971
1   7   2   5   -0.0000003908
1   7   2   8   -0.0000007181
1   7   3   6   0.0000000104
1   7   3   7   0.0000000009
1   7   4   6   0.0000000009
1   7   4   7   -0.0000000104
1   7   5   5   0.0000009286
1   7   5   8   0.0000014098
1   8   1   6   0.0016006766
1   8   1   7   0.0001355512
1   8   2   6   -0.0000002456
1   8   2   7   -0.0000000208
1   8   3   5   0.0000004200
1   8   3   8   0.0000004896
1   8   5   6   0.0000020320
1   8   5   7   0.0000001721
1   9   1   6   0.0001355512
1   9   1   7   -0.0016006766
1   9   2   6   -0.0000000208
1   9   2   7   0.0000002456
1   9   4   5   0.0000004200
1   9   4   8   0.0000004896
1   9   5   6   0.0000001721
1   9   5   7   -0.0000020320
1   10   1   5   -0.0114702202
1   10   1   8   -0.0162987714
1   10   2   5   0.0000007577
1   10   2   8   0.0000010386
1   10   3   6   -0.0000026864
1   10   3   7   -0.0000002275
1   10   4   6   -0.0000002275
1   10   4   7   0.0000026864
1   10   5   5   -0.0000140071
1   10   5   8   0.0000037064
2   6   1   5   0.0000131684
2   6   1   8   0.0000061828
2   6   2   5   -0.0005464301
2   6   2   8   0.0011586244
2   6   3   6   0.0001037002
2   6   3   7   0.0000087817
2   6   4   6   0.0000087817
2   6   4   7   -0.0001037002
2   6   5   5   0.0000857058
2   6   5   8   -0.0001797640
2   7   1   5   -0.0000003908
2   7   1   8   -0.0000007181
2   7   2   5   -0.0021314783
2   7   2   8   -0.0161303966
2   7   3   6   -0.0058865836
2   7   3   7   -0.0004984978
2   7   4   6   -0.0004984978
2   7   4   7   0.0058865836
2   7   5   5   0.0109421351
2   7   5   8   0.0164674783
2   8   1   6   -0.0000002456
2   8   1   7   -0.0000000208
2   8   2   6   -0.0242529704
2   8   2   7   -0.0020538316
2   8   3   5   -0.0004286067
2   8   3   8   -0.0026470593
2   8   5   6   -0.0007027228
2   8   5   7   -0.0000595092
2   9   1   6   -0.0000000208
2   9   1   7   0.0000002456
2   9   2   6   -0.0020538316
2   9   2   7   0.0242529704
2   9   4   5   -0.0004286067
2   9   4   8   -0.0026470593
2   9   5   6   -0.0000595092
2   9   5   7   0.0007027228
2   10   1   5   0.0000007577
2   10   1   8   0.0000010386
2   10   2   5   0.0451976631
2   10   2   8   0.0636238087
2   10   3   6   -0.0007534244
2   10   3   7   -0.0000638028
2   10   4   6   -0.0000638028
2   10   4   7   0.0007534244
2   10   5   5   0.0009072533
2   10   5   8   -0.0001525910
3   6   1   6   0.0000190058
3   6   1   7   0.0000016095
3   6   2   6   0.0001037002
3   6   2   7   0.0000087817
3   6   3   5   -0.0005365199
3   6   3   8   0.0011384044
3   6   5   6   -0.0000344450
3   6   5   7   -0.0000029169
3   7   1   6   0.0000000104
3   7   1   7   0.0000000009
3   7   2   6   -0.0058865836
3   7   2   7   -0.0004984978
3   7   3   5   -0.0019518434
3   7   3   8   -0.0146153097
3   7   5   6   -0.0001525841
3   7   5   7   -0.0000129214
3   8   1   5   0.0000004200
3   8   1   8   0.0000004896
3   8   2   5   -0.0004286067
3   8   2   8   -0.0026470593
3   8   3   6   -0.0245388406
3   8   3   7   -0.0020780401
3   8   4   6   -0.0001205450
3   8   4   7   0.0014234738
3   8   5   5   0.0026732683
3   8   5   8   0.0039668276
3   9   3   6   -0.0018369500
3   9   3   7   0.0216918930
3   9   4   6   -0.0014234738
3   9   4   7   -0.0001205450
3   10   1   6   -0.0000026864
3   10   1   7   -0.0000002275
3   10   2   6   -0.0007534244
3   10   2   7   -0.0000638028
3   10   3   5   0.0405090570
3   10   3   8   0.0565176553
3   10   5   6   -0.0012502477
3   10   5   7   -0.0001058756
4   6   1   6   0.0000016095
4   6   1   7   -0.0000190058
4   6   2   6   0.0000087817
4   6   2   7   -0.0001037002
4   6   4   5   -0.0005365199
4   6   4   8   0.0011384044
4   6   5   6   -0.0000029169
4   6   5   7   0.0000344450
4   7   1   6   0.0000000009
4   7   1   7   -0.0000000104
4   7   2   6   -0.0004984978
4   7   2   7   0.0058865836
4   7   4   5   -0.0019518434
4   7   4   8   -0.0146153097
4   7   5   6   -0.0000129214
4   7   5   7   0.0001525841
4   8   3   6   -0.0001205450
4   8   3   7   0.0014234738
4   8   4   6   -0.0216918930
4   8   4   7   -0.0018369500
4   9   1   5   0.0000004200
4   9   1   8   0.0000004896
4   9   2   5   -0.0004286067
4   9   2   8   -0.0026470593
4   9   3   6   -0.0014234738
4   9   3   7   -0.0001205450
4   9   4   6   -0.0020780401
4   9   4   7   0.0245388406
4   9   5   5   0.0026732683
4   9   5   8   0.0039668276
4   10   1   6   -0.0000002275
4   10   1   7   0.0000026864
4   10   2   6   -0.0000638028
4   10   2   7   0.0007534244
4   10   4   5   0.0405090570
4   10   4   8   0.0565176553
4   10   5   6   -0.0001058756
4   10   5   7   0.0012502477
5   6   1   5   -0.0009141352
5   6   1   8   -0.0006821493
5   6   2   5   0.0000857058
5   6   2   8   -0.0001797640
5   6   3   6   -0.0000344450
5   6   3   7   -0.0000029169
5   6   4   6   -0.0000029169
5   6   4   7   0.0000344450
5   6   5   5   -0.0006118104
5   6   5   8   0.0012535676
5   7   1   5   0.0000009286
5   7   1   8   0.0000014098
5   7   2   5   0.0109421351
5   7   2   8   0.0164674783
5   7   3   6   -0.0001525841
5   7   3   7   -0.0000129214
5   7   4   6   -0.0000129214
5   7   4   7   0.0001525841
5   7   5   5   -0.0017058242
5   7   5   8   -0.0137561849
5   8   1   6   0.0000020320
5   8   1   7   0.0000001721
5   8   2   6   -0.0007027228
5   8   2   7   -0.0000595092
5   8   3   5   0.0026732683
5   8   3   8   0.0039668276
5   8   5   6   -0.0208568227
5   8   5   7   -0.0017662332
5   9   1   6   0.0000001721
5   9   1   7   -0.0000020320
5   9   2   6   -0.0000595092
5   9   2   7   0.0007027228
5   9   4   5   0.0026732683
5   9   4   8   0.0039668276
5   9   5   6   -0.0017662332
5   9   5   7   0.0208568227
5   10   1   5   -0.0000140071
5   10   1   8   0.0000037064
5   10   2   5   0.0009072533
5   10   2   8   -0.0001525910
5   10   3   6   -0.0012502477
5   10   3   7   -0.0001058756
5   10   4   6   -0.0001058756
5   10   4   7   0.0012502477
5   10   5   5   0.0439588543
5   10   5   8   0.0614062495

End IJKA Block
Begin IABC Block
1   5   1   5   -0.0008135058
1   5   1   8   -0.0019513245
1   5   2   6   0.0034614677
1   5   3   7   0.0034614677
1   5   4   5   -0.0035221173
1   5   4   8   0.0015275614
1   6   1   6   -0.0004183986
1   6   2   5   0.0034614677
1   6   2   8   0.0016605691
1   6   4   6   -0.0008060564
1   7   1   7   -0.0004183986
1   7   3   5   0.0034614677
1   7   3   8   0.0016605691
1   7   4   7   -0.0008060564
1   8   1   5   -0.0019513245
1   8   1   8   -0.0020339296
1   8   2   6   0.0016605691
1   8   3   7   0.0016605691
1   8   4   5   0.0015275614
1   8   4   8   0.0008046308
2   5   1   5   -0.0002670099
2   5   1   8   -0.0001502666
2   5   2   6   0.0000191233
2   5   3   7   0.0000191233
2   5   4   5   -0.0003616848
2   5   4   8   -0.0002484305
2   6   1   6   -0.0002650828
2   6   2   5   0.0000191233
2   6   2   8   0.0000159552
2   6   4   6   -0.0003026728
2   7   1   7   -0.0002650828
2   7   3   5   0.0000191233
2   7   3   8   0.0000159552
2   7   4   7   -0.0003026728
2   8   1   5   -0.0001502666
2   8   1   8   -0.0004553603
2   8   2   6   0.0000159552
2   8   3   7   0.0000159552
2   8   4   5   -0.0002484305
2   8   4   8   -0.0007201088
3   5   1   6   0.0004819427
3   5   1   7   0.0000408127
3   5   2   5   0.0011847404
3   5   2   8   -0.0001061106
3   5   3   5   0.0001003282
3   5   3   8   -0.0000089858
3   5   4   6   0.0006939224
3   5   4   7   0.0000587639
3   6   1   5   0.0004819427
3   6   1   8   0.0002741639
3   6   2   6   0.0013295241
3   6   2   7   0.0000172408
3   6   3   6   0.0000781074
3   6   3   7   0.0002035908
3   6   4   5   0.0006939224
3   6   4   8   0.0005782715
3   7   1   5   0.0000408127
3   7   1   8   0.0000232172
3   7   2   6   0.0000172408
3   7   2   7   0.0009223425
3   7   3   6   0.0002035908
3   7   3   7   0.0001125890
3   7   4   5   0.0000587639
3   7   4   8   0.0000489702
3   8   1   6   0.0002741639
3   8   1   7   0.0000232172
3   8   2   5   -0.0001061106
3   8   2   8   0.0004710198
3   8   3   5   -0.0000089858
3   8   3   8   0.0000398877
3   8   4   6   0.0005782715
3   8   4   7   0.0000489702
4   5   1   6   0.0000408127
4   5   1   7   -0.0004819427
4   5   2   5   0.0001003282
4   5   2   8   -0.0000089858
4   5   3   5   -0.0011847404
4   5   3   8   0.0001061106
4   5   4   6   0.0000587639
4   5   4   7   -0.0006939224
4   6   1   5   0.0000408127
4   6   1   8   0.0000232172
4   6   2   6   0.0001125890
4   6   2   7   -0.0002035908
4   6   3   6   -0.0009223425
4   6   3   7   0.0000172408
4   6   4   5   0.0000587639
4   6   4   8   0.0000489702
4   7   1   5   -0.0004819427
4   7   1   8   -0.0002741639
4   7   2   6   -0.0002035908
4   7   2   7   0.0000781074
4   7   3   6   0.0000172408
4   7   3   7   -0.0013295241
4   7   4   5   -0.0006939224
4   7   4   8   -0.0005782715
4   8   1   6   0.0000232172
4   8   1   7   -0.0002741639
4   8   2   5   -0.0000089858
4   8   2   8   0.0000398877
4   8   3   5   0.0001061106
4   8   3   8   -0.0004710198
4   8   4   6   0.0000489702
4   8   4   7   -0.0005782715
5   5   1   5   -0.0061079321
5   5   1   8   -0.0003180692
5   5   2   6   -0.0023110082
5   5   3   7   -0.0023110082
5   5   4   5   -0.0071150091
5   5   4   8   -0.0028560175
5   6   1   6   -0.0047834299
5   6   2   5   -0.0023110082
5   6   2   8   -0.0013711255
5   6   4   6   -0.0066434389
5   7   1   7   -0.0047834299
5   7   3   5   -0.0023110082
5   7   3   8   -0.0013711255
5   7   4   7   -0.0066434389
5   8   1   5   -0.0003180692
5   8   1   8   -0.0044384676
5   8   2   6   -0.0013711255
5   8   3   7   -0.0013711255
5   8   4   5   -0.0028560175
5   8   4   8   -0.0078770721

End IABC Block
