Begin IJ Block
1   1   -5.2620583264
1   2   -0.0001806236
1   5   -0.0049448051
2   2   -6.7095103002
2   5   -0.0134631336
3   3   -5.7536697917
3   4   -0.0000000000
4   4   -5.7536697917
5   5   -5.5710074794

End IJ Block
Begin IA Block
1   1   0.1107967718
1   4   0.0546165012
2   1   0.0097281612
2   4   0.0673523464
3   2   0.0916886880
3   3   0.0315382559
4   2   0.0315382559
4   3   -0.0916886880
5   1   -0.0664551446
5   4   -0.1994049100

End IA Block
Begin AB Block
1   1   -1.4935204411
1   4   -0.2847552706
2   2   -1.3147908455
3   3   -1.3147908455
4   4   -1.5481197536

End AB Block
Begin IJKL Block
1   6   1   6   1.6357984972
1   6   1   7   0.0000981588
1   6   1   10   0.0056751046
1   6   2   6   0.0000981588
1   6   2   7   0.0000103712
1   6   2   10   -0.0000206488
1   6   3   8   0.0000217076
1   6   3   9   0.0000000000
1   6   4   8   -0.0000000000
1   6   4   9   0.0000217076
1   6   5   6   0.0056751046
1   6   5   7   -0.0000206488
1   6   5   10   0.0002222979
1   7   1   6   0.0000981588
1   7   1   7   0.1169307397
1   7   1   10   -0.0084630929
1   7   2   6   0.0000061458
1   7   2   7   0.0000159891
1   7   2   10   -0.0000224942
1   7   3   8   0.0000029492
1   7   4   9   0.0000029492
1   7   5   6   0.0000018865
1   7   5   7   -0.0001385792
1   7   5   10   0.0000126936
1   8   1   8   0.1165229408
1   8   2   8   0.0000144770
1   8   3   6   -0.0000025244
1   8   3   7   0.0000032228
1   8   3   10   -0.0000055453
1   8   5   8   -0.0001285509
1   9   1   9   0.1165229408
1   9   2   9   0.0000144770
1   9   4   6   -0.0000025244
1   9   4   7   0.0000032228
1   9   4   10   -0.0000055453
1   9   5   9   -0.0001285509
1   10   1   6   0.0056751046
1   10   1   7   -0.0084630929
1   10   1   10   0.1238532113
1   10   2   6   0.0000018865
1   10   2   7   -0.0000211383
1   10   2   10   0.0000158808
1   10   3   8   -0.0000050068
1   10   3   9   0.0000000000
1   10   4   8   -0.0000000000
1   10   4   9   -0.0000050068
1   10   5   6   0.0001392082
1   10   5   7   0.0000143780
1   10   5   10   -0.0001648783
2   6   1   6   0.0000981588
2   6   1   7   0.0000061458
2   6   1   10   0.0000018865
2   6   2   6   0.1169307397
2   6   2   7   0.0000159891
2   6   2   10   -0.0001385792
2   6   3   8   0.0000029492
2   6   4   9   0.0000029492
2   6   5   6   -0.0084630929
2   6   5   7   -0.0000224942
2   6   5   10   0.0000126936
2   7   1   6   0.0000103712
2   7   1   7   0.0000159891
2   7   1   10   -0.0000211383
2   7   2   6   0.0000159891
2   7   2   7   0.8716784543
2   7   2   10   0.0054600886
2   7   3   8   0.1543057006
2   7   3   9   0.0000000000
2   7   4   8   -0.0000000000
2   7   4   9   0.1543057006
2   7   5   6   -0.0000211383
2   7   5   7   0.0054600886
2   7   5   10   0.1473263861
2   8   1   8   0.0000144770
2   8   2   8   0.8198897836
2   8   3   6   0.0000032228
2   8   3   7   0.1592112160
2   8   3   10   0.0013016145
2   8   5   8   0.0053250117
2   9   1   9   0.0000144770
2   9   2   9   0.8198897836
2   9   4   6   0.0000032228
2   9   4   7   0.1592112160
2   9   4   10   0.0013016145
2   9   5   9   0.0053250117
2   10   1   6   -0.0000206488
2   10   1   7   -0.0000224942
2   10   1   10   0.0000158808
2   10   2   6   -0.0001385792
2   10   2   7   0.0054600886
2   10   2   10   0.7864832138
2   10   3   8   0.0012111163
2   10   3   9   -0.0000000000
2   10   4   8   0.0000000000
2   10   4   9   0.0012111163
2   10   5   6   0.0000143780
2   10   5   7   0.1522742659
2   10   5   10   0.0051845636
3   6   1   8   -0.0000025244
3   6   2   8   0.0000032228
3   6   3   6   0.1165229408
3   6   3   7   0.0000144770
3   6   3   10   -0.0001285509
3   6   5   8   -0.0000055453
3   7   1   8   0.0000032228
3   7   2   8   0.1592112160
3   7   3   6   0.0000144770
3   7   3   7   0.8198897836
3   7   3   10   0.0053250117
3   7   5   8   0.0013016145
3   8   1   6   0.0000217076
3   8   1   7   0.0000029492
3   8   1   10   -0.0000050068
3   8   2   6   0.0000029492
3   8   2   7   0.1543057006
3   8   2   10   0.0012111163
3   8   3   8   0.8194423413
3   8   3   9   0.0000000000
3   8   4   8   -0.0000000000
3   8   4   9   0.0321959646
3   8   5   6   -0.0000050068
3   8   5   7   0.0012111163
3   8   5   10   0.0312392953
3   9   1   6   0.0000000000
3   9   1   10   0.0000000000
3   9   2   7   0.0000000000
3   9   2   10   -0.0000000000
3   9   3   8   0.0000000000
3   9   3   9   0.7488849282
3   9   4   8   0.0383614486
3   9   4   9   0.0000000000
3   9   5   6   0.0000000000
3   9   5   7   -0.0000000000
3   9   5   10   0.0000000001
3   10   1   8   -0.0000055453
3   10   2   8   0.0013016145
3   10   3   6   -0.0001285509
3   10   3   7   0.0053250117
3   10   3   10   0.7200398978
3   10   5   8   0.0371020112
4   6   1   9   -0.0000025244
4   6   2   9   0.0000032228
4   6   4   6   0.1165229408
4   6   4   7   0.0000144770
4   6   4   10   -0.0001285509
4   6   5   9   -0.0000055453
4   7   1   9   0.0000032228
4   7   2   9   0.1592112160
4   7   4   6   0.0000144770
4   7   4   7   0.8198897836
4   7   4   10   0.0053250117
4   7   5   9   0.0013016145
4   8   1   6   -0.0000000000
4   8   1   10   -0.0000000000
4   8   2   7   -0.0000000000
4   8   2   10   0.0000000000
4   8   3   8   -0.0000000000
4   8   3   9   0.0383614486
4   8   4   8   0.7488849282
4   8   4   9   -0.0000000000
4   8   5   6   -0.0000000000
4   8   5   7   0.0000000000
4   8   5   10   -0.0000000001
4   9   1   6   0.0000217076
4   9   1   7   0.0000029492
4   9   1   10   -0.0000050068
4   9   2   6   0.0000029492
4   9   2   7   0.1543057006
4   9   2   10   0.0012111163
4   9   3   8   0.0321959646
4   9   3   9   0.0000000000
4   9   4   8   -0.0000000000
4   9   4   9   0.8194423413
4   9   5   6   -0.0000050068
4   9   5   7   0.0012111163
4   9   5   10   0.0312392953
4   10   1   9   -0.0000055453
4   10   2   9   0.0013016145
4   10   4   6   -0.0001285509
4   10   4   7   0.0053250117
4   10   4   10   0.7200398978
4   10   5   9   0.0371020112
5   6   1   6   0.0056751046
5   6   1   7   0.0000018865
5   6   1   10   0.0001392082
5   6   2   6   -0.0084630929
5   6   2   7   -0.0000211383
5   6   2   10   0.0000143780
5   6   3   8   -0.0000050068
5   6   3   9   0.0000000000
5   6   4   8   -0.0000000000
5   6   4   9   -0.0000050068
5   6   5   6   0.1238532113
5   6   5   7   0.0000158808
5   6   5   10   -0.0001648783
5   7   1   6   -0.0000206488
5   7   1   7   -0.0001385792
5   7   1   10   0.0000143780
5   7   2   6   -0.0000224942
5   7   2   7   0.0054600886
5   7   2   10   0.1522742659
5   7   3   8   0.0012111163
5   7   3   9   -0.0000000000
5   7   4   8   0.0000000000
5   7   4   9   0.0012111163
5   7   5   6   0.0000158808
5   7   5   7   0.7864832138
5   7   5   10   0.0051845636
5   8   1   8   -0.0001285509
5   8   2   8   0.0053250117
5   8   3   6   -0.0000055453
5   8   3   7   0.0013016145
5   8   3   10   0.0371020112
5   8   5   8   0.7200398978
5   9   1   9   -0.0001285509
5   9   2   9   0.0053250117
5   9   4   6   -0.0000055453
5   9   4   7   0.0013016145
5   9   4   10   0.0371020112
5   9   5   9   0.7200398978
5   10   1   6   0.0002222979
5   10   1   7   0.0000126936
5   10   1   10   -0.0001648783
5   10   2   6   0.0000126936
5   10   2   7   0.1473263861
5   10   2   10   0.0051845636
5   10   3   8   0.0312392953
5   10   3   9   0.0000000001
5   10   4   8   -0.0000000001
5   10   4   9   0.0312392953
5   10   5   6   -0.0001648783
5   10   5   7   0.0051845636
5   10   5   10   0.7656094718

End IJKL Block
Begin IJAB Block
1   6   1   5   0.0144793586
1   6   1   8   0.0076087423
1   6   2   6   0.0025239086
1   6   3   7   0.0025239086
1   6   4   5   0.0076087423
1   6   4   8   0.0071911287
1   7   1   5   0.0000012681
1   7   1   8   0.0000011714
1   7   2   6   0.0000034576
1   7   3   7   0.0000034576
1   7   4   5   -0.0000041042
1   7   4   8   -0.0000005932
1   8   1   6   -0.0000079034
1   8   1   7   -0.0000027185
1   8   2   5   0.0000252752
1   8   2   8   0.0000473581
1   8   3   5   0.0000086939
1   8   3   8   0.0000162898
1   8   4   6   -0.0000074248
1   8   4   7   -0.0000025539
1   9   1   6   -0.0000027185
1   9   1   7   0.0000079034
1   9   2   5   0.0000086939
1   9   2   8   0.0000162898
1   9   3   5   -0.0000252752
1   9   3   8   -0.0000473581
1   9   4   6   -0.0000025539
1   9   4   7   0.0000074248
1   10   1   5   0.0004052861
1   10   1   8   0.0005004009
1   10   2   6   -0.0003048660
1   10   3   7   -0.0003048660
1   10   4   5   0.0002387580
1   10   4   8   -0.0003107891
2   6   1   5   0.0000012681
2   6   1   8   -0.0000041042
2   6   2   6   0.0000034576
2   6   3   7   0.0000034576
2   6   4   5   0.0000011714
2   6   4   8   -0.0000005932
2   7   1   5   0.0011038168
2   7   1   8   0.0016257768
2   7   2   6   0.0002254327
2   7   3   7   0.0002254327
2   7   4   5   0.0016257768
2   7   4   8   0.0024622207
2   8   1   6   0.0000342008
2   8   1   7   0.0000117641
2   8   2   5   0.0000171669
2   8   2   8   0.0001719984
2   8   3   5   0.0000059049
2   8   3   8   0.0000591625
2   8   4   6   0.0004002226
2   8   4   7   0.0001376650
2   9   1   6   0.0000117641
2   9   1   7   -0.0000342008
2   9   2   5   0.0000059049
2   9   2   8   0.0000591625
2   9   3   5   -0.0000171669
2   9   3   8   -0.0001719984
2   9   4   6   0.0001376650
2   9   4   7   -0.0004002226
2   10   1   5   -0.0002394829
2   10   1   8   -0.0009873630
2   10   2   6   -0.0000495352
2   10   3   7   -0.0000495352
2   10   4   5   -0.0014804709
2   10   4   8   -0.0022949515
3   6   1   6   0.0000252752
3   6   1   7   0.0000086939
3   6   2   5   -0.0000079034
3   6   2   8   -0.0000074248
3   6   3   5   -0.0000027185
3   6   3   8   -0.0000025539
3   6   4   6   0.0000473581
3   6   4   7   0.0000162898
3   7   1   6   0.0000171669
3   7   1   7   0.0000059049
3   7   2   5   0.0000342008
3   7   2   8   0.0004002226
3   7   3   5   0.0000117641
3   7   3   8   0.0001376650
3   7   4   6   0.0001719984
3   7   4   7   0.0000591625
3   8   1   5   0.0008042024
3   8   1   8   0.0010363915
3   8   2   6   0.0006539443
3   8   2   7   0.0001793479
3   8   3   6   0.0001793479
3   8   3   7   0.0001942308
3   8   4   5   0.0010363915
3   8   4   8   0.0013347267
3   9   1   5   0.0000000003
3   9   1   8   0.0000000000
3   9   2   6   0.0001793480
3   9   2   7   -0.0004319489
3   9   3   6   -0.0000277646
3   9   3   7   -0.0001793478
3   9   4   5   0.0000000000
3   9   4   8   0.0000000001
3   10   1   6   -0.0004205144
3   10   1   7   -0.0001446448
3   10   2   5   -0.0010663454
3   10   2   8   -0.0015005021
3   10   3   5   -0.0003667920
3   10   3   8   -0.0005161293
3   10   4   6   -0.0003518567
3   10   4   7   -0.0001210285
4   6   1   6   0.0000086939
4   6   1   7   -0.0000252752
4   6   2   5   -0.0000027185
4   6   2   8   -0.0000025539
4   6   3   5   0.0000079034
4   6   3   8   0.0000074248
4   6   4   6   0.0000162898
4   6   4   7   -0.0000473581
4   7   1   6   0.0000059049
4   7   1   7   -0.0000171669
4   7   2   5   0.0000117641
4   7   2   8   0.0001376650
4   7   3   5   -0.0000342008
4   7   3   8   -0.0004002226
4   7   4   6   0.0000591625
4   7   4   7   -0.0001719984
4   8   1   5   -0.0000000003
4   8   1   8   -0.0000000000
4   8   2   6   0.0001793478
4   8   2   7   -0.0000277646
4   8   3   6   -0.0004319489
4   8   3   7   -0.0001793480
4   8   4   5   -0.0000000000
4   8   4   8   -0.0000000001
4   9   1   5   0.0008042024
4   9   1   8   0.0010363915
4   9   2   6   0.0001942308
4   9   2   7   -0.0001793479
4   9   3   6   -0.0001793479
4   9   3   7   0.0006539443
4   9   4   5   0.0010363915
4   9   4   8   0.0013347267
4   10   1   6   -0.0001446448
4   10   1   7   0.0004205144
4   10   2   5   -0.0003667920
4   10   2   8   -0.0005161293
4   10   3   5   0.0010663454
4   10   3   8   0.0015005021
4   10   4   6   -0.0001210285
4   10   4   7   0.0003518567
5   6   1   5   0.0004052861
5   6   1   8   0.0002387580
5   6   2   6   -0.0003048660
5   6   3   7   -0.0003048660
5   6   4   5   0.0005004009
5   6   4   8   -0.0003107891
5   7   1   5   -0.0002394829
5   7   1   8   -0.0014804709
5   7   2   6   -0.0000495352
5   7   3   7   -0.0000495352
5   7   4   5   -0.0009873630
5   7   4   8   -0.0022949515
5   8   1   6   -0.0010663454
5   8   1   7   -0.0003667920
5   8   2   5   -0.0004205144
5   8   2   8   -0.0003518567
5   8   3   5   -0.0001446448
5   8   3   8   -0.0001210285
5   8   4   6   -0.0015005021
5   8   4   7   -0.0005161293
5   9   1   6   -0.0003667920
5   9   1   7   0.0010663454
5   9   2   5   -0.0001446448
5   9   2   8   -0.0001210285
5   9   3   5   0.0004205144
5   9   3   8   0.0003518567
5   9   4   6   -0.0005161293
5   9   4   7   0.0015005021
5   10   1   5   0.0044507516
5   10   1   8   0.0068642339
5   10   2   6   0.0008954805
5   10   3   7   0.0008954805
5   10   4   5   0.0068642339
5   10   4   8   0.0086845331

End IJAB Block
Begin ABCD Block
1   5   1   5   0.2344017933
1   5   1   8   -0.0056050813
1   5   2   6   0.0391069073
1   5   3   7   0.0391069073
1   5   4   5   -0.0056050813
1   5   4   8   0.0326284768
1   6   1   6   0.1942947565
1   6   2   5   0.0391126634
1   6   2   8   0.0078835564
1   6   4   6   0.0089007196
1   7   1   7   0.1942947565
1   7   3   5   0.0391126634
1   7   3   8   0.0078835564
1   7   4   7   0.0089007196
1   8   1   5   -0.0056050813
1   8   1   8   0.1952761293
1   8   2   6   0.0078797569
1   8   3   7   0.0078797569
1   8   4   5   0.0326610280
1   8   4   8   0.0150694117
2   5   1   6   0.0391126634
2   5   2   5   0.1942947565
2   5   2   8   0.0089007196
2   5   4   6   0.0078835564
2   6   1   5   0.0391069073
2   6   1   8   0.0078797569
2   6   2   6   0.1859204664
2   6   3   7   0.0098998698
2   6   4   5   0.0078797569
2   6   4   8   0.0122954694
2   7   2   7   0.1661210492
2   7   3   6   0.0098995473
2   8   1   6   0.0078835564
2   8   2   5   0.0089007196
2   8   2   8   0.1723309822
2   8   4   6   0.0122975369
3   5   1   7   0.0391126634
3   5   3   5   0.1942947565
3   5   3   8   0.0089007196
3   5   4   7   0.0078835564
3   6   2   7   0.0098995473
3   6   3   6   0.1661210492
3   7   1   5   0.0391069073
3   7   1   8   0.0078797569
3   7   2   6   0.0098998698
3   7   3   7   0.1859204664
3   7   4   5   0.0078797569
3   7   4   8   0.0122954694
3   8   1   7   0.0078835564
3   8   3   5   0.0089007196
3   8   3   8   0.1723309822
3   8   4   7   0.0122975369
4   5   1   5   -0.0056050813
4   5   1   8   0.0326610280
4   5   2   6   0.0078797569
4   5   3   7   0.0078797569
4   5   4   5   0.1952761293
4   5   4   8   0.0150694117
4   6   1   6   0.0089007196
4   6   2   5   0.0078835564
4   6   2   8   0.0122975369
4   6   4   6   0.1723309822
4   7   1   7   0.0089007196
4   7   3   5   0.0078835564
4   7   3   8   0.0122975369
4   7   4   7   0.1723309822
4   8   1   5   0.0326284768
4   8   1   8   0.0150694117
4   8   2   6   0.0122954694
4   8   3   7   0.0122954694
4   8   4   5   0.0150694117
4   8   4   8   0.1997874968

End ABCD Block
Begin AIJB Block
1   6   1   5   0.0112184879
1   6   1   8   0.0058035977
1   6   2   5   0.0000027700
1   6   2   8   -0.0000048555
1   6   3   6   0.0000215245
1   6   3   7   0.0000074038
1   6   4   6   0.0000074038
1   6   4   7   -0.0000215245
1   6   5   5   0.0001272310
1   6   5   8   -0.0000296050
1   7   1   5   0.0000027700
1   7   1   8   0.0000035519
1   7   2   5   0.0015605138
1   7   2   8   0.0015531101
1   7   3   6   0.0000032116
1   7   3   7   0.0000011047
1   7   4   6   0.0000011047
1   7   4   7   -0.0000032116
1   7   5   5   0.0002019972
1   7   5   8   -0.0004207389
1   8   1   6   -0.0000025729
1   8   1   7   -0.0000008850
1   8   2   6   -0.0000144164
1   8   2   7   -0.0000049588
1   8   3   5   -0.0001497554
1   8   3   8   0.0001258378
1   8   5   6   -0.0013181789
1   8   5   7   -0.0004534154
1   9   1   6   -0.0000008850
1   9   1   7   0.0000025729
1   9   2   6   -0.0000049588
1   9   2   7   0.0000144164
1   9   4   5   -0.0001497554
1   9   4   8   0.0001258378
1   9   5   6   -0.0004534154
1   9   5   7   0.0013181789
1   10   1   5   0.0001272310
1   10   1   8   0.0002276075
1   10   2   5   0.0002019972
1   10   2   8   0.0000415989
1   10   3   6   -0.0000921057
1   10   3   7   -0.0000316817
1   10   4   6   -0.0000316817
1   10   4   7   0.0000921057
1   10   5   5   0.0065972686
1   10   5   8   0.0058643279
2   6   1   6   0.0022437001
2   6   2   6   -0.0000003328
2   6   3   5   -0.0000025729
2   6   3   8   0.0000020507
2   6   4   5   -0.0000008850
2   6   4   8   0.0000007054
2   6   5   6   -0.0001802931
2   7   1   6   -0.0000003328
2   7   2   6   0.0001690182
2   7   3   5   -0.0000144164
2   7   3   8   0.0002494325
2   7   4   5   -0.0000049588
2   7   4   8   0.0000857976
2   7   5   6   0.0000124419
2   8   1   5   0.0000215245
2   8   1   8   0.0000438516
2   8   2   5   0.0000032116
2   8   2   8   0.0000723665
2   8   3   6   0.0005369458
2   8   3   7   0.0001711828
2   8   4   6   0.0001711828
2   8   4   7   0.0000091848
2   8   5   5   -0.0000921057
2   8   5   8   -0.0002059940
2   9   1   5   0.0000074038
2   9   1   8   0.0000150837
2   9   2   5   0.0000011047
2   9   2   8   0.0000248920
2   9   3   6   0.0001711828
2   9   3   7   -0.0004479692
2   9   4   6   0.0000981614
2   9   4   7   -0.0001711828
2   9   5   5   -0.0000316817
2   9   5   8   -0.0000708560
2   10   1   6   -0.0001802931
2   10   2   6   0.0000124419
2   10   3   5   -0.0013181789
2   10   3   8   -0.0015819358
2   10   4   5   -0.0004534154
2   10   4   8   -0.0005441401
2   10   5   6   0.0003696406
3   6   1   7   0.0022437001
3   6   2   7   -0.0000003328
3   6   3   5   -0.0000008850
3   6   3   8   0.0000007054
3   6   4   5   0.0000025729
3   6   4   8   -0.0000020507
3   6   5   7   -0.0001802931
3   7   1   7   -0.0000003328
3   7   2   7   0.0001690182
3   7   3   5   -0.0000049588
3   7   3   8   0.0000857976
3   7   4   5   0.0000144164
3   7   4   8   -0.0002494325
3   7   5   7   0.0000124419
3   8   1   5   0.0000074038
3   8   1   8   0.0000150837
3   8   2   5   0.0000011047
3   8   2   8   0.0000248920
3   8   3   6   0.0001711828
3   8   3   7   0.0000981614
3   8   4   6   -0.0004479692
3   8   4   7   -0.0001711828
3   8   5   5   -0.0000316817
3   8   5   8   -0.0000708560
3   9   1   5   -0.0000215245
3   9   1   8   -0.0000438516
3   9   2   5   -0.0000032116
3   9   2   8   -0.0000723665
3   9   3   6   0.0000091848
3   9   3   7   -0.0001711828
3   9   4   6   -0.0001711828
3   9   4   7   0.0005369458
3   9   5   5   0.0000921057
3   9   5   8   0.0002059940
3   10   1   7   -0.0001802931
3   10   2   7   0.0000124419
3   10   3   5   -0.0004534154
3   10   3   8   -0.0005441401
3   10   4   5   0.0013181789
3   10   4   8   0.0015819358
3   10   5   7   0.0003696406
4   6   1   5   0.0058035977
4   6   1   8   0.0058797028
4   6   2   5   0.0000035519
4   6   2   8   -0.0000046975
4   6   3   6   0.0000438516
4   6   3   7   0.0000150837
4   6   4   6   0.0000150837
4   6   4   7   -0.0000438516
4   6   5   5   0.0002276075
4   6   5   8   -0.0003360440
4   7   1   5   -0.0000048555
4   7   1   8   -0.0000046975
4   7   2   5   0.0015531101
4   7   2   8   0.0020987402
4   7   3   6   0.0000723665
4   7   3   7   0.0000248920
4   7   4   6   0.0000248920
4   7   4   7   -0.0000723665
4   7   5   5   0.0000415989
4   7   5   8   -0.0009430983
4   8   1   6   0.0000020507
4   8   1   7   0.0000007054
4   8   2   6   0.0002494325
4   8   2   7   0.0000857976
4   8   3   5   0.0001258378
4   8   3   8   0.0004948643
4   8   5   6   -0.0015819358
4   8   5   7   -0.0005441401
4   9   1   6   0.0000007054
4   9   1   7   -0.0000020507
4   9   2   6   0.0000857976
4   9   2   7   -0.0002494325
4   9   4   5   0.0001258378
4   9   4   8   0.0004948643
4   9   5   6   -0.0005441401
4   9   5   7   0.0015819358
4   10   1   5   -0.0000296050
4   10   1   8   -0.0003360440
4   10   2   5   -0.0004207389
4   10   2   8   -0.0009430983
4   10   3   6   -0.0002059940
4   10   3   7   -0.0000708560
4   10   4   6   -0.0000708560
4   10   4   7   0.0002059940
4   10   5   5   0.0058643279
4   10   5   8   0.0077056905

1   6   6   1   -0.3014272021
1   6   6   4   -0.0424728225
1   6   7   1   -0.0000011457
1   6   7   4   0.0000004550
1   6   8   2   -0.0000144155
1   6   8   3   -0.0000049585
1   6   9   2   -0.0000049585
1   6   9   3   0.0000144155
1   6   10   1   -0.0002621867
1   6   10   4   0.0000634700
1   7   6   1   -0.0000011457
1   7   6   4   0.0000015236
1   7   7   1   -0.1032496932
1   7   7   4   -0.0274156001
1   7   8   2   -0.0014171819
1   7   8   3   -0.0004874696
1   7   9   2   -0.0004874696
1   7   9   3   0.0014171819
1   7   10   1   0.0054630499
1   7   10   4   0.0023362372
1   8   6   2   -0.0000119825
1   8   6   3   -0.0000041216
1   8   7   2   -0.0014116876
1   8   7   3   -0.0004855797
1   8   8   1   -0.1017010823
1   8   8   4   -0.0260846194
1   8   9   4   0.0000000000
1   8   10   2   0.0004101670
1   8   10   3   0.0001410856
1   9   6   2   -0.0000041216
1   9   6   3   0.0000119825
1   9   7   2   -0.0004855797
1   9   7   3   0.0014116876
1   9   8   4   -0.0000000000
1   9   9   1   -0.1017010823
1   9   9   4   -0.0260846194
1   9   10   2   0.0001410856
1   9   10   3   -0.0004101670
1   10   6   1   -0.0002621867
1   10   6   4   0.0000654499
1   10   7   1   0.0054630499
1   10   7   4   0.0023390564
1   10   8   2   0.0004258474
1   10   8   3   0.0001464792
1   10   9   2   0.0001464792
1   10   9   3   -0.0004258474
1   10   10   1   -0.1035249960
1   10   10   4   -0.0263515735
2   6   6   2   -0.2405115862
2   6   7   2   -0.0000015045
2   6   8   1   -0.0000119825
2   6   8   4   -0.0000049032
2   6   9   1   -0.0000041216
2   6   9   4   -0.0000016866
2   6   10   2   -0.0000772447
2   7   6   2   -0.0000015045
2   7   7   2   -0.1016425125
2   7   8   1   -0.0014116876
2   7   8   4   -0.0015415940
2   7   9   1   -0.0004855797
2   7   9   4   -0.0005302637
2   7   10   2   0.0055873425
2   8   6   1   -0.0000144155
2   8   6   4   -0.0000062262
2   8   7   1   -0.0014171819
2   8   7   4   -0.0015443964
2   8   8   2   -0.1015525261
2   8   8   3   -0.0000928695
2   8   9   2   -0.0000928695
2   8   9   3   0.0001215006
2   8   10   1   0.0004258474
2   8   10   4   0.0005139973
2   9   6   1   -0.0000049585
2   9   6   4   -0.0000021416
2   9   7   1   -0.0004874696
2   9   7   4   -0.0005312277
2   9   8   2   -0.0000928695
2   9   8   3   0.0001165471
2   9   9   2   -0.1013144785
2   9   9   3   0.0000928695
2   9   10   1   0.0001464792
2   9   10   4   0.0001768002
2   10   6   2   -0.0000772447
2   10   7   2   0.0055873425
2   10   8   1   0.0004101670
2   10   8   4   0.0004932833
2   10   9   1   0.0001410856
2   10   9   4   0.0001696752
2   10   10   2   -0.1049294753
3   6   6   3   -0.2405115862
3   6   7   3   -0.0000015045
3   6   8   1   -0.0000041216
3   6   8   4   -0.0000016866
3   6   9   1   0.0000119825
3   6   9   4   0.0000049032
3   6   10   3   -0.0000772447
3   7   6   3   -0.0000015045
3   7   7   3   -0.1016425125
3   7   8   1   -0.0004855797
3   7   8   4   -0.0005302637
3   7   9   1   0.0014116876
3   7   9   4   0.0015415940
3   7   10   3   0.0055873425
3   8   6   1   -0.0000049585
3   8   6   4   -0.0000021416
3   8   7   1   -0.0004874696
3   8   7   4   -0.0005312277
3   8   8   2   -0.0000928695
3   8   8   3   -0.1013144785
3   8   9   2   0.0001165471
3   8   9   3   0.0000928695
3   8   10   1   0.0001464792
3   8   10   4   0.0001768002
3   9   6   1   0.0000144155
3   9   6   4   0.0000062262
3   9   7   1   0.0014171819
3   9   7   4   0.0015443964
3   9   8   2   0.0001215006
3   9   8   3   0.0000928695
3   9   9   2   0.0000928695
3   9   9   3   -0.1015525261
3   9   10   1   -0.0004258474
3   9   10   4   -0.0005139973
3   10   6   3   -0.0000772447
3   10   7   3   0.0055873425
3   10   8   1   0.0001410856
3   10   8   4   0.0001696752
3   10   9   1   -0.0004101670
3   10   9   4   -0.0004932833
3   10   10   3   -0.1049294753
4   6   6   1   -0.0424728225
4   6   6   4   -0.2684102688
4   6   7   1   0.0000015236
4   6   7   4   0.0000018470
4   6   8   2   -0.0000062262
4   6   8   3   -0.0000021416
4   6   9   2   -0.0000021416
4   6   9   3   0.0000062262
4   6   10   1   0.0000654499
4   6   10   4   0.0000070095
4   7   6   1   0.0000004550
4   7   6   4   0.0000018470
4   7   7   1   -0.0274156001
4   7   7   4   -0.1291606777
4   7   8   2   -0.0015443964
4   7   8   3   -0.0005312277
4   7   9   2   -0.0005312277
4   7   9   3   0.0015443964
4   7   10   1   0.0023390564
4   7   10   4   0.0087596160
4   8   6   2   -0.0000049032
4   8   6   3   -0.0000016866
4   8   7   2   -0.0015415940
4   8   7   3   -0.0005302637
4   8   8   1   -0.0260846194
4   8   8   4   -0.1275089765
4   8   9   1   -0.0000000000
4   8   10   2   0.0004932833
4   8   10   3   0.0001696752
4   9   6   2   -0.0000016866
4   9   6   3   0.0000049032
4   9   7   2   -0.0005302637
4   9   7   3   0.0015415940
4   9   8   1   0.0000000000
4   9   9   1   -0.0260846194
4   9   9   4   -0.1275089765
4   9   10   2   0.0001696752
4   9   10   3   -0.0004932833
4   10   6   1   0.0000634700
4   10   6   4   0.0000070095
4   10   7   1   0.0023362372
4   10   7   4   0.0087596160
4   10   8   2   0.0005139973
4   10   8   3   0.0001768002
4   10   9   2   0.0001768002
4   10   9   3   -0.0005139973
4   10   10   1   -0.0263515735
4   10   10   4   -0.1324776435

End AIJB Block
Begin IJKA Block
1   6   1   5   -0.1099742502
1   6   1   8   -0.0651507666
1   6   2   5   -0.0000004977
1   6   2   8   -0.0000027995
1   6   3   6   0.0000139364
1   6   3   7   0.0000047937
1   6   4   6   0.0000047937
1   6   4   7   -0.0000139364
1   6   5   5   -0.0007265346
1   6   5   8   -0.0004878766
1   7   1   5   -0.0001599088
1   7   1   8   -0.0003368199
1   7   2   5   -0.0000055464
1   7   2   8   -0.0000034875
1   7   3   6   -0.0000003449
1   7   3   7   -0.0000001186
1   7   4   6   -0.0000001186
1   7   4   7   0.0000003449
1   7   5   5   0.0000005054
1   7   5   8   0.0000018809
1   8   1   6   0.0008264376
1   8   1   7   0.0002842706
1   8   2   6   -0.0000006621
1   8   2   7   -0.0000002277
1   8   3   5   0.0000000677
1   8   3   8   0.0000000109
1   8   5   6   0.0000023545
1   8   5   7   0.0000008099
1   9   1   6   0.0002842706
1   9   1   7   -0.0008264376
1   9   2   6   -0.0000002277
1   9   2   7   0.0000006621
1   9   4   5   0.0000000677
1   9   4   8   0.0000000109
1   9   5   6   0.0000008099
1   9   5   7   -0.0000023545
1   10   1   5   -0.0081736775
1   10   1   8   -0.0141850016
1   10   2   5   0.0000063791
1   10   2   8   -0.0000010490
1   10   3   6   -0.0000108974
1   10   3   7   -0.0000037484
1   10   4   6   -0.0000037484
1   10   4   7   0.0000108974
1   10   5   5   -0.0000388189
1   10   5   8   -0.0000212700
2   6   1   5   -0.0000075895
2   6   1   8   -0.0000083284
2   6   2   5   -0.0004278981
2   6   2   8   0.0011203085
2   6   3   6   0.0000746310
2   6   3   7   0.0000256709
2   6   4   6   0.0000256709
2   6   4   7   -0.0000746310
2   6   5   5   0.0000579943
2   6   5   8   -0.0001488960
2   7   1   5   -0.0000014321
2   7   1   8   -0.0000010887
2   7   2   5   -0.0017218612
2   7   2   8   -0.0117128627
2   7   3   6   -0.0047433673
2   7   3   7   -0.0016315811
2   7   4   6   -0.0016315811
2   7   4   7   0.0047433673
2   7   5   5   0.0118006098
2   7   5   8   0.0163415368
2   8   1   6   -0.0000007793
2   8   1   7   -0.0000002680
2   8   2   6   -0.0155853376
2   8   2   7   -0.0053609052
2   8   3   5   -0.0002846736
2   8   3   8   -0.0024910631
2   8   5   6   -0.0004131624
2   8   5   7   -0.0001421159
2   9   1   6   -0.0000002680
2   9   1   7   0.0000007793
2   9   2   6   -0.0053609052
2   9   2   7   0.0155853376
2   9   4   5   -0.0002846736
2   9   4   8   -0.0024910631
2   9   5   6   -0.0001421159
2   9   5   7   0.0004131624
2   10   1   5   0.0000088483
2   10   1   8   -0.0000001070
2   10   2   5   0.0176629440
2   10   2   8   0.0404269179
2   10   3   6   -0.0004755130
2   10   3   7   -0.0001635627
2   10   4   6   -0.0001635627
2   10   4   7   0.0004755130
2   10   5   5   0.0000417763
2   10   5   8   -0.0008779184
3   6   1   6   0.0000034669
3   6   1   7   0.0000011925
3   6   2   6   0.0000715221
3   6   2   7   0.0000246015
3   6   3   5   -0.0004206814
3   6   3   8   0.0011050910
3   6   5   6   -0.0000263178
3   6   5   7   -0.0000090526
3   7   1   6   0.0000000486
3   7   1   7   0.0000000167
3   7   2   6   -0.0046542668
3   7   2   7   -0.0016009331
3   7   3   5   -0.0013228735
3   7   3   8   -0.0104796829
3   7   5   6   -0.0000780865
3   7   5   7   -0.0000268595
3   8   1   5   0.0000005988
3   8   1   8   0.0000008751
3   8   2   5   -0.0002847540
3   8   2   8   -0.0024329887
3   8   3   6   -0.0168960141
3   8   3   7   -0.0058117400
3   8   4   6   -0.0004999126
3   8   4   7   0.0014533565
3   8   5   5   0.0058369173
3   8   5   8   0.0058900035
3   9   1   5   0.0000000000
3   9   1   8   -0.0000000000
3   9   2   5   -0.0000000000
3   9   2   8   -0.0000000000
3   9   3   6   -0.0048124597
3   9   3   7   0.0139908851
3   9   4   6   -0.0014517725
3   9   4   7   -0.0004993677
3   9   5   5   0.0000000001
3   9   5   8   -0.0000000000
3   10   1   6   -0.0000168037
3   10   1   7   -0.0000057800
3   10   2   6   -0.0003458234
3   10   2   7   -0.0001189532
3   10   3   5   0.0161075351
3   10   3   8   0.0357528926
3   10   4   5   0.0000000000
3   10   5   6   -0.0015025146
3   10   5   7   -0.0005168216
4   6   1   6   0.0000011925
4   6   1   7   -0.0000034669
4   6   2   6   0.0000246015
4   6   2   7   -0.0000715221
4   6   4   5   -0.0004206814
4   6   4   8   0.0011050910
4   6   5   6   -0.0000090526
4   6   5   7   0.0000263178
4   7   1   6   0.0000000167
4   7   1   7   -0.0000000486
4   7   2   6   -0.0016009331
4   7   2   7   0.0046542668
4   7   4   5   -0.0013228735
4   7   4   8   -0.0104796829
4   7   5   6   -0.0000268595
4   7   5   7   0.0000780865
4   8   1   5   -0.0000000000
4   8   1   8   0.0000000000
4   8   2   5   0.0000000000
4   8   2   8   0.0000000000
4   8   3   6   -0.0004993677
4   8   3   7   0.0014517725
4   8   4   6   -0.0139908851
4   8   4   7   -0.0048124597
4   8   5   5   -0.0000000001
4   8   5   8   0.0000000000
4   9   1   5   0.0000005988
4   9   1   8   0.0000008751
4   9   2   5   -0.0002847540
4   9   2   8   -0.0024329887
4   9   3   6   -0.0014533565
4   9   3   7   -0.0004999126
4   9   4   6   -0.0058117400
4   9   4   7   0.0168960141
4   9   5   5   0.0058369173
4   9   5   8   0.0058900035
4   10   1   6   -0.0000057800
4   10   1   7   0.0000168037
4   10   2   6   -0.0001189532
4   10   2   7   0.0003458234
4   10   3   5   -0.0000000000
4   10   4   5   0.0161075351
4   10   4   8   0.0357528926
4   10   5   6   -0.0005168216
4   10   5   7   0.0015025146
5   6   1   5   -0.0008048760
5   6   1   8   -0.0005310091
5   6   2   5   0.0000601997
5   6   2   8   -0.0001428492
5   6   3   6   -0.0000307951
5   6   3   7   -0.0000105926
5   6   4   6   -0.0000105926
5   6   4   7   0.0000307951
5   6   5   5   -0.0005121370
5   6   5   8   0.0011761962
5   7   1   5   0.0000046552
5   7   1   8   0.0000049489
5   7   2   5   0.0112125282
5   7   2   8   0.0160872365
5   7   3   6   -0.0001043340
5   7   3   7   -0.0000358879
5   7   4   6   -0.0000358879
5   7   4   7   0.0001043340
5   7   5   5   -0.0012201136
5   7   5   8   -0.0098370927
5   8   1   6   0.0000043872
5   8   1   7   0.0000015091
5   8   2   6   -0.0003166599
5   8   2   7   -0.0001089219
5   8   3   5   0.0050196034
5   8   3   8   0.0055750513
5   8   4   5   0.0000000000
5   8   5   6   -0.0136491682
5   8   5   7   -0.0046949189
5   9   1   6   0.0000015091
5   9   1   7   -0.0000043872
5   9   2   6   -0.0001089219
5   9   2   7   0.0003166599
5   9   3   5   -0.0000000000
5   9   4   5   0.0050196034
5   9   4   8   0.0055750513
5   9   5   6   -0.0046949189
5   9   5   7   0.0136491682
5   10   1   5   -0.0000679685
5   10   1   8   -0.0000412160
5   10   2   5   -0.0007513367
5   10   2   8   -0.0014773789
5   10   3   6   -0.0014563799
5   10   3   7   -0.0005009526
5   10   4   6   -0.0005009526
5   10   4   7   0.0014563799
5   10   5   5   0.0312489584
5   10   5   8   0.0488073926

End IJKA Block
Begin IABC Block
1   5   1   5   -0.0011082690
1   5   1   8   -0.0020104342
1   5   2   6   0.0036726238
1   5   3   7   0.0036726238
1   5   4   5   -0.0035960536
1   5   4   8   0.0021183155
1   6   1   6   -0.0004338569
1   6   2   5   0.0036990541
1   6   2   8   0.0016220160
1   6   4   6   -0.0007880841
1   7   1   7   -0.0004338569
1   7   3   5   0.0036990541
1   7   3   8   0.0016220160
1   7   4   7   -0.0007880841
1   8   1   5   -0.0020264429
1   8   1   8   -0.0019865100
1   8   2   6   0.0016106655
1   8   3   7   0.0016106655
1   8   4   5   0.0021433849
1   8   4   8   0.0011495282
2   5   1   5   -0.0000548604
2   5   1   8   -0.0000809777
2   5   2   6   0.0000115088
2   5   3   7   0.0000115088
2   5   4   5   -0.0003767577
2   5   4   8   -0.0001753347
2   6   1   6   -0.0000762003
2   6   2   5   0.0000099112
2   6   2   8   0.0000146356
2   6   4   6   -0.0002160246
2   7   1   7   -0.0000762003
2   7   3   5   0.0000099112
2   7   3   8   0.0000146356
2   7   4   7   -0.0002160246
2   8   1   5   -0.0000974585
2   8   1   8   -0.0001413421
2   8   2   6   0.0000163704
2   8   3   7   0.0000163704
2   8   4   5   -0.0001948859
2   8   4   8   -0.0005391802
3   5   1   6   0.0002417372
3   5   1   7   0.0000831506
3   5   2   5   0.0005042599
3   5   2   8   -0.0001257771
3   5   3   5   0.0001734508
3   5   3   8   -0.0000432637
3   5   4   6   0.0005714367
3   5   4   7   0.0001965577
3   6   1   5   0.0002343680
3   6   1   8   0.0002153296
3   6   2   6   0.0008743210
3   6   2   7   0.0000503718
3   6   3   6   0.0001998678
3   6   3   7   0.0001468190
3   6   4   5   0.0005709743
3   6   4   8   0.0004248995
3   7   1   5   0.0000806158
3   7   1   8   0.0000740671
3   7   2   6   0.0000505015
3   7   2   7   0.0005810600
3   7   3   6   0.0001464420
3   7   3   7   0.0003007411
3   7   4   5   0.0001963986
3   7   4   8   0.0001461531
3   8   1   6   0.0002184228
3   8   1   7   0.0000751311
3   8   2   5   -0.0001170982
3   8   2   8   0.0002118482
3   8   3   5   -0.0000402784
3   8   3   8   0.0000728697
3   8   4   6   0.0004257977
3   8   4   7   0.0001464621
4   5   1   6   0.0000831506
4   5   1   7   -0.0002417372
4   5   2   5   0.0001734508
4   5   2   8   -0.0000432637
4   5   3   5   -0.0005042599
4   5   3   8   0.0001257771
4   5   4   6   0.0001965577
4   5   4   7   -0.0005714367
4   6   1   5   0.0000806158
4   6   1   8   0.0000740671
4   6   2   6   0.0003007411
4   6   2   7   -0.0001464420
4   6   3   6   -0.0005810600
4   6   3   7   0.0000505015
4   6   4   5   0.0001963986
4   6   4   8   0.0001461531
4   7   1   5   -0.0002343680
4   7   1   8   -0.0002153296
4   7   2   6   -0.0001468190
4   7   2   7   0.0001998678
4   7   3   6   0.0000503718
4   7   3   7   -0.0008743210
4   7   4   5   -0.0005709743
4   7   4   8   -0.0004248995
4   8   1   6   0.0000751311
4   8   1   7   -0.0002184228
4   8   2   5   -0.0000402784
4   8   2   8   0.0000728697
4   8   3   5   0.0001170982
4   8   3   8   -0.0002118482
4   8   4   6   0.0001464621
4   8   4   7   -0.0004257977
5   5   1   5   -0.0045601373
5   5   1   8   0.0002002775
5   5   2   6   -0.0017095738
5   5   3   7   -0.0017095738
5   5   4   5   -0.0056500088
5   5   4   8   -0.0034975420
5   6   1   6   -0.0037756359
5   6   2   5   -0.0017178129
5   6   2   8   -0.0011045349
5   6   4   6   -0.0061131497
5   7   1   7   -0.0037756359
5   7   3   5   -0.0017178129
5   7   3   8   -0.0011045349
5   7   4   7   -0.0061131497
5   8   1   5   0.0001824458
5   8   1   8   -0.0041939880
5   8   2   6   -0.0011046450
5   8   3   7   -0.0011046450
5   8   4   5   -0.0035967466
5   8   4   8   -0.0080774554

End IABC Block
