Begin IJ Block
1   1   -5.8779732375
1   2   0.0004996307
1   5   -0.0178091412
2   2   -6.9836171587
2   5   -0.0089400546
3   3   -5.9785917291
3   4   -0.0000000000
4   4   -5.9785917292
5   5   -5.8533599700

End IJ Block
Begin IA Block
1   1   0.0965414677
2   1   0.0344987059
3   2   0.1598458729
3   3   -0.0680111385
4   2   0.0680111385
4   3   0.1598458729
5   1   -0.1461411285

End IA Block
Begin AB Block
1   1   -1.6017606833
2   2   -1.3630134233
2   3   0.0000000000
3   3   -1.3630134233

End AB Block
Begin IJKL Block
1   6   1   6   1.6346589020
1   6   1   7   -0.0045343097
1   6   1   10   0.0296862755
1   6   2   6   -0.0045343097
1   6   2   7   -0.0000170259
1   6   2   10   -0.0000864809
1   6   3   8   -0.0000316839
1   6   4   9   -0.0000316839
1   6   5   6   0.0296862755
1   6   5   7   -0.0000864809
1   6   5   10   0.0004648054
1   7   1   6   -0.0045343097
1   7   1   7   0.2058214940
1   7   1   10   -0.0272608521
1   7   2   6   0.0000262554
1   7   2   7   0.0007287095
1   7   2   10   -0.0001398209
1   7   3   8   0.0001715335
1   7   4   9   0.0001715335
1   7   5   6   -0.0001485676
1   7   5   7   -0.0017977103
1   7   5   10   0.0004554642
1   8   1   8   0.2038061710
1   8   2   8   0.0006759524
1   8   3   6   0.0000143783
1   8   3   7   0.0001818160
1   8   3   10   -0.0000632683
1   8   5   8   -0.0016752890
1   9   1   9   0.2038061710
1   9   2   9   0.0006759524
1   9   4   6   0.0000143783
1   9   4   7   0.0001818160
1   9   4   10   -0.0000632683
1   9   5   9   -0.0016752890
1   10   1   6   0.0296862755
1   10   1   7   -0.0272608521
1   10   1   10   0.2263459301
1   10   2   6   -0.0001485676
1   10   2   7   -0.0001209733
1   10   2   10   0.0006875529
1   10   3   8   -0.0000468790
1   10   4   9   -0.0000468790
1   10   5   6   0.0011234906
1   10   5   7   0.0004576623
1   10   5   10   -0.0018757656
2   6   1   6   -0.0045343097
2   6   1   7   0.0000262554
2   6   1   10   -0.0001485676
2   6   2   6   0.2058214940
2   6   2   7   0.0007287095
2   6   2   10   -0.0017977103
2   6   3   8   0.0001715335
2   6   4   9   0.0001715335
2   6   5   6   -0.0272608521
2   6   5   7   -0.0001398209
2   6   5   10   0.0004554642
2   7   1   6   -0.0000170259
2   7   1   7   0.0007287095
2   7   1   10   -0.0001209733
2   7   2   6   0.0007287095
2   7   2   7   0.8707730147
2   7   2   10   0.0115844813
2   7   3   8   0.1513116644
2   7   4   9   0.1513116644
2   7   5   6   -0.0001209733
2   7   5   7   0.0115844813
2   7   5   10   0.1432435112
2   8   1   8   0.0006759524
2   8   2   8   0.8112805099
2   8   3   6   0.0001818160
2   8   3   7   0.1560124152
2   8   3   10   0.0025439016
2   8   5   8   0.0104912600
2   9   1   9   0.0006759524
2   9   2   9   0.8112805099
2   9   4   6   0.0001818160
2   9   4   7   0.1560124152
2   9   4   10   0.0025439016
2   9   5   9   0.0104912600
2   10   1   6   -0.0000864809
2   10   1   7   -0.0001398209
2   10   1   10   0.0006875529
2   10   2   6   -0.0017977103
2   10   2   7   0.0115844813
2   10   2   10   0.7808898252
2   10   3   8   0.0023889042
2   10   4   9   0.0023889042
2   10   5   6   0.0004576623
2   10   5   7   0.1486333887
2   10   5   10   0.0123572499
3   6   1   8   0.0000143783
3   6   2   8   0.0001818160
3   6   3   6   0.2038061710
3   6   3   7   0.0006759524
3   6   3   10   -0.0016752890
3   6   5   8   -0.0000632683
3   7   1   8   0.0001818160
3   7   2   8   0.1560124152
3   7   3   6   0.0006759524
3   7   3   7   0.8112805099
3   7   3   10   0.0104912600
3   7   5   8   0.0025439016
3   8   1   6   -0.0000316839
3   8   1   7   0.0001715335
3   8   1   10   -0.0000468790
3   8   2   6   0.0001715335
3   8   2   7   0.1513116644
3   8   2   10   0.0023889042
3   8   3   8   0.8032734903
3   8   3   9   0.0000000000
3   8   4   8   0.0000000000
3   8   4   9   0.0309938582
3   8   5   6   -0.0000468790
3   8   5   7   0.0023889042
3   8   5   10   0.0293598935
3   9   3   8   0.0000000000
3   9   3   9   0.7352982397
3   9   4   8   0.0369813924
3   9   4   9   0.0000000000
3   10   1   8   -0.0000632683
3   10   2   8   0.0025439016
3   10   3   6   -0.0016752890
3   10   3   7   0.0104912600
3   10   3   10   0.7089768241
3   10   4   10   0.0000000000
3   10   5   8   0.0352662462
4   6   1   9   0.0000143783
4   6   2   9   0.0001818160
4   6   4   6   0.2038061710
4   6   4   7   0.0006759524
4   6   4   10   -0.0016752890
4   6   5   9   -0.0000632683
4   7   1   9   0.0001818160
4   7   2   9   0.1560124152
4   7   4   6   0.0006759524
4   7   4   7   0.8112805099
4   7   4   10   0.0104912600
4   7   5   9   0.0025439016
4   8   3   8   0.0000000000
4   8   3   9   0.0369813924
4   8   4   8   0.7352982397
4   8   4   9   0.0000000000
4   9   1   6   -0.0000316839
4   9   1   7   0.0001715335
4   9   1   10   -0.0000468790
4   9   2   6   0.0001715335
4   9   2   7   0.1513116644
4   9   2   10   0.0023889042
4   9   3   8   0.0309938582
4   9   3   9   0.0000000000
4   9   4   8   0.0000000000
4   9   4   9   0.8032734903
4   9   5   6   -0.0000468790
4   9   5   7   0.0023889042
4   9   5   10   0.0293598935
4   10   1   9   -0.0000632683
4   10   2   9   0.0025439016
4   10   3   10   0.0000000000
4   10   4   6   -0.0016752890
4   10   4   7   0.0104912600
4   10   4   10   0.7089768241
4   10   5   9   0.0352662462
5   6   1   6   0.0296862755
5   6   1   7   -0.0001485676
5   6   1   10   0.0011234906
5   6   2   6   -0.0272608521
5   6   2   7   -0.0001209733
5   6   2   10   0.0004576623
5   6   3   8   -0.0000468790
5   6   4   9   -0.0000468790
5   6   5   6   0.2263459301
5   6   5   7   0.0006875529
5   6   5   10   -0.0018757656
5   7   1   6   -0.0000864809
5   7   1   7   -0.0017977103
5   7   1   10   0.0004576623
5   7   2   6   -0.0001398209
5   7   2   7   0.0115844813
5   7   2   10   0.1486333887
5   7   3   8   0.0023889042
5   7   4   9   0.0023889042
5   7   5   6   0.0006875529
5   7   5   7   0.7808898252
5   7   5   10   0.0123572499
5   8   1   8   -0.0016752890
5   8   2   8   0.0104912600
5   8   3   6   -0.0000632683
5   8   3   7   0.0025439016
5   8   3   10   0.0352662462
5   8   5   8   0.7089768241
5   8   5   9   0.0000000000
5   9   1   9   -0.0016752890
5   9   2   9   0.0104912600
5   9   4   6   -0.0000632683
5   9   4   7   0.0025439016
5   9   4   10   0.0352662462
5   9   5   8   0.0000000000
5   9   5   9   0.7089768241
5   10   1   6   0.0004648054
5   10   1   7   0.0004554642
5   10   1   10   -0.0018757656
5   10   2   6   0.0004554642
5   10   2   7   0.1432435112
5   10   2   10   0.0123572499
5   10   3   8   0.0293598935
5   10   4   9   0.0293598935
5   10   5   6   -0.0018757656
5   10   5   7   0.0123572499
5   10   5   10   0.7458659194

End IJKL Block
Begin IJAB Block
1   6   1   4   0.0088011646
1   6   2   5   0.0009424401
1   6   3   6   0.0009424401
1   7   1   4   -0.0000236403
1   7   2   5   0.0000192892
1   7   3   6   0.0000192892
1   8   1   5   0.0000346622
1   8   1   6   -0.0000147481
1   8   2   4   0.0001211574
1   8   3   4   -0.0000515500
1   9   1   5   0.0000147481
1   9   1   6   0.0000346622
1   9   2   4   0.0000515500
1   9   3   4   0.0001211574
1   10   1   4   0.0003266617
1   10   2   5   -0.0002718776
1   10   3   6   -0.0002718776
2   6   1   4   -0.0000236403
2   6   2   5   0.0000192892
2   6   3   6   0.0000192892
2   7   1   4   0.0009976196
2   7   2   5   0.0008843951
2   7   3   6   0.0008843951
2   8   1   5   0.0004580570
2   8   1   6   -0.0001948938
2   8   2   4   0.0002230259
2   8   3   4   -0.0000948929
2   9   1   5   0.0001948938
2   9   1   6   0.0004580570
2   9   2   4   0.0000948929
2   9   3   4   0.0002230259
2   10   1   4   -0.0007360468
2   10   2   5   -0.0000067940
2   10   3   6   -0.0000067940
3   6   1   5   0.0001211574
3   6   1   6   -0.0000515500
3   6   2   4   0.0000346622
3   6   3   4   -0.0000147481
3   7   1   5   0.0002230259
3   7   1   6   -0.0000948929
3   7   2   4   0.0004580570
3   7   3   4   -0.0001948938
3   8   1   4   0.0006260725
3   8   2   5   0.0024909783
3   8   2   6   -0.0008943706
3   8   3   5   -0.0008943706
3   8   3   6   0.0007694847
3   9   2   5   0.0008943706
3   9   2   6   0.0016452054
3   9   3   5   0.0000762882
3   9   3   6   -0.0008943706
3   10   1   5   -0.0005901502
3   10   1   6   0.0002510968
3   10   2   4   -0.0020323669
3   10   3   4   0.0008647304
4   6   1   5   0.0000515500
4   6   1   6   0.0001211574
4   6   2   4   0.0000147481
4   6   3   4   0.0000346622
4   7   1   5   0.0000948929
4   7   1   6   0.0002230259
4   7   2   4   0.0001948938
4   7   3   4   0.0004580570
4   8   2   5   0.0008943706
4   8   2   6   0.0000762882
4   8   3   5   0.0016452054
4   8   3   6   -0.0008943706
4   9   1   4   0.0006260725
4   9   2   5   0.0007694847
4   9   2   6   0.0008943706
4   9   3   5   0.0008943706
4   9   3   6   0.0024909783
4   10   1   5   -0.0002510968
4   10   1   6   -0.0005901502
4   10   2   4   -0.0008647304
4   10   3   4   -0.0020323669
5   6   1   4   0.0003266617
5   6   2   5   -0.0002718776
5   6   3   6   -0.0002718776
5   7   1   4   -0.0007360468
5   7   2   5   -0.0000067940
5   7   3   6   -0.0000067940
5   8   1   5   -0.0020323669
5   8   1   6   0.0008647304
5   8   2   4   -0.0005901502
5   8   3   4   0.0002510968
5   9   1   5   -0.0008647304
5   9   1   6   -0.0020323669
5   9   2   4   -0.0002510968
5   9   3   4   -0.0005901502
5   10   1   4   0.0036667834
5   10   2   5   0.0006240057
5   10   3   6   0.0006240057

End IJAB Block
Begin ABCD Block
1   4   1   4   0.2241869367
1   4   2   5   0.0274971978
1   4   3   6   0.0274971978
1   5   1   5   0.1582922090
1   5   2   4   0.0274973820
1   6   1   6   0.1582922090
1   6   3   4   0.0274973820
2   4   1   5   0.0274973820
2   4   2   4   0.1582922090
2   5   1   4   0.0274971978
2   5   2   5   0.1448309108
2   5   3   6   0.0081134023
2   6   2   6   0.1286041158
2   6   3   5   0.0081133926
3   4   1   6   0.0274973820
3   4   3   4   0.1582922090
3   5   2   6   0.0081133926
3   5   3   5   0.1286041158
3   6   1   4   0.0274971978
3   6   2   5   0.0081134023
3   6   3   6   0.1448309108

End ABCD Block
Begin AIJB Block
1   6   1   4   0.0066680624
1   6   2   4   -0.0000084261
1   6   3   5   0.0000984522
1   6   3   6   -0.0000418894
1   6   4   5   0.0000418894
1   6   4   6   0.0000984522
1   6   5   4   0.0001945702
1   7   1   4   -0.0000084261
1   7   2   4   0.0007638629
1   7   3   5   0.0000924040
1   7   3   6   -0.0000393160
1   7   4   5   0.0000393160
1   7   4   6   0.0000924040
1   7   5   4   -0.0003297954
1   8   1   5   0.0000266965
1   8   1   6   -0.0000113588
1   8   2   5   0.0002598739
1   8   2   6   -0.0001105710
1   8   3   4   0.0003127659
1   8   5   5   -0.0017002181
1   8   5   6   0.0007234079
1   9   1   5   0.0000113588
1   9   1   6   0.0000266965
1   9   2   5   0.0001105710
1   9   2   6   0.0002598739
1   9   4   4   0.0003127659
1   9   5   5   -0.0007234079
1   9   5   6   -0.0017002181
1   10   1   4   0.0001945702
1   10   2   4   -0.0003297954
1   10   3   5   -0.0003218907
1   10   3   6   0.0001369579
1   10   4   5   -0.0001369579
1   10   4   6   -0.0003218907
1   10   5   4   0.0023896272
2   6   1   5   0.0008363309
2   6   2   5   0.0000106785
2   6   3   4   0.0000266965
2   6   4   4   0.0000113588
2   6   5   5   -0.0002195501
2   7   1   5   0.0000106785
2   7   2   5   0.0007037170
2   7   3   4   0.0002598739
2   7   4   4   0.0001105710
2   7   5   5   0.0000286463
2   8   1   4   0.0000984522
2   8   2   4   0.0000924040
2   8   3   5   0.0019551532
2   8   3   6   -0.0007331139
2   8   4   5   0.0007331139
2   8   4   6   -0.0000782586
2   8   5   4   -0.0003218907
2   9   1   4   0.0000418894
2   9   2   4   0.0000393160
2   9   3   5   0.0007331139
2   9   3   6   0.0014893637
2   9   4   5   0.0005440481
2   9   4   6   0.0007331139
2   9   5   4   -0.0001369579
2   10   1   5   -0.0002195501
2   10   2   5   0.0000286463
2   10   3   4   -0.0017002181
2   10   4   4   -0.0007234079
2   10   5   5   0.0005010870
3   6   1   6   0.0008363309
3   6   2   6   0.0000106785
3   6   3   4   -0.0000113588
3   6   4   4   0.0000266965
3   6   5   6   -0.0002195501
3   7   1   6   0.0000106785
3   7   2   6   0.0007037170
3   7   3   4   -0.0001105710
3   7   4   4   0.0002598739
3   7   5   6   0.0000286463
3   8   1   4   -0.0000418894
3   8   2   4   -0.0000393160
3   8   3   5   -0.0007331139
3   8   3   6   0.0005440481
3   8   4   5   0.0014893637
3   8   4   6   -0.0007331139
3   8   5   4   0.0001369579
3   9   1   4   0.0000984522
3   9   2   4   0.0000924040
3   9   3   5   -0.0000782586
3   9   3   6   -0.0007331139
3   9   4   5   0.0007331139
3   9   4   6   0.0019551532
3   9   5   4   -0.0003218907
3   10   1   6   -0.0002195501
3   10   2   6   0.0000286463
3   10   3   4   0.0007234079
3   10   4   4   -0.0017002181
3   10   5   6   0.0005010870

1   6   6   1   -0.2620899981
1   6   7   1   0.0002945425
1   6   8   2   -0.0001838451
1   6   8   3   0.0000782223
1   6   9   2   -0.0000782223
1   6   9   3   -0.0001838451
1   6   10   1   -0.0014977764
1   7   6   1   0.0002945425
1   7   7   1   -0.1310062787
1   7   8   2   -0.0032045246
1   7   8   3   0.0013634594
1   7   9   2   -0.0013634594
1   7   9   3   -0.0032045246
1   7   10   1   0.0096107808
1   8   6   2   -0.0001846620
1   8   6   3   0.0000785699
1   8   7   2   -0.0032054158
1   8   7   3   0.0013638386
1   8   8   1   -0.1306656972
1   8   10   2   0.0013044256
1   8   10   3   -0.0005550063
1   9   6   2   -0.0000785699
1   9   6   3   -0.0001846620
1   9   7   2   -0.0013638386
1   9   7   3   -0.0032054158
1   9   9   1   -0.1306656972
1   9   10   2   0.0005550063
1   9   10   3   0.0013044256
1   10   6   1   -0.0014977764
1   10   7   1   0.0096107808
1   10   8   2   0.0013262808
1   10   8   3   -0.0005643053
1   10   9   2   0.0005643053
1   10   9   3   0.0013262808
1   10   10   1   -0.1360043105
2   6   6   2   -0.1803914408
2   6   7   2   0.0000813664
2   6   8   1   -0.0001846620
2   6   9   1   -0.0000785699
2   6   10   2   -0.0003059675
2   7   6   2   0.0000813664
2   7   7   2   -0.1283600175
2   7   8   1   -0.0032054158
2   7   9   1   -0.0013638386
2   7   10   2   0.0062453296
2   8   6   1   -0.0001838451
2   8   7   1   -0.0032045246
2   8   8   2   -0.1288612172
2   8   8   3   0.0004777046
2   8   9   2   -0.0004777046
2   8   9   3   -0.0004700480
2   8   10   1   0.0013262808
2   9   6   1   -0.0000782223
2   9   7   1   -0.0013634594
2   9   8   2   -0.0004777046
2   9   8   3   -0.0004494427
2   9   9   2   -0.1279417265
2   9   9   3   -0.0004777046
2   9   10   1   0.0005643053
2   10   6   2   -0.0003059675
2   10   7   2   0.0062453296
2   10   8   1   0.0013044256
2   10   9   1   0.0005550063
2   10   10   2   -0.1305666990
3   6   6   3   -0.1803914408
3   6   7   3   0.0000813664
3   6   8   1   0.0000785699
3   6   9   1   -0.0001846620
3   6   10   3   -0.0003059675
3   7   6   3   0.0000813664
3   7   7   3   -0.1283600175
3   7   8   1   0.0013638386
3   7   9   1   -0.0032054158
3   7   10   3   0.0062453296
3   8   6   1   0.0000782223
3   8   7   1   0.0013634594
3   8   8   2   0.0004777046
3   8   8   3   -0.1279417265
3   8   9   2   -0.0004494427
3   8   9   3   0.0004777046
3   8   10   1   -0.0005643053
3   9   6   1   -0.0001838451
3   9   7   1   -0.0032045246
3   9   8   2   -0.0004700480
3   9   8   3   0.0004777046
3   9   9   2   -0.0004777046
3   9   9   3   -0.1288612172
3   9   10   1   0.0013262808
3   10   6   3   -0.0003059675
3   10   7   3   0.0062453296
3   10   8   1   -0.0005550063
3   10   9   1   0.0013044256
3   10   10   3   -0.1305666990

End AIJB Block
Begin IJKA Block
1   6   1   4   -0.0825518511
1   6   2   4   0.0002857649
1   6   3   5   0.0000879909
1   6   3   6   -0.0000374383
1   6   4   5   0.0000374383
1   6   4   6   0.0000879909
1   6   5   4   -0.0019870481
1   7   1   4   -0.0002064621
1   7   2   4   -0.0000029187
1   7   3   5   -0.0000038359
1   7   3   6   0.0000016321
1   7   4   5   -0.0000016321
1   7   4   6   -0.0000038359
1   7   5   4   0.0000319361
1   8   1   5   0.0013784783
1   8   1   6   -0.0005865142
1   8   2   5   -0.0000278634
1   8   2   6   0.0000118553
1   8   3   4   0.0000162013
1   8   5   5   0.0000528128
1   8   5   6   -0.0000224707
1   9   1   5   0.0005865142
1   9   1   6   0.0013784783
1   9   2   5   -0.0000118553
1   9   2   6   -0.0000278634
1   9   4   4   0.0000162013
1   9   5   5   0.0000224707
1   9   5   6   0.0000528128
1   10   1   4   -0.0089766583
1   10   2   4   0.0000403298
1   10   3   5   -0.0000310248
1   10   3   6   0.0000132004
1   10   4   5   -0.0000132004
1   10   4   6   -0.0000310248
1   10   5   4   -0.0001032728
2   6   1   4   0.0002938879
2   6   2   4   -0.0019920089
2   6   3   5   0.0002416380
2   6   3   6   -0.0001028120
2   6   4   5   0.0001028120
2   6   4   6   0.0002416380
2   6   5   4   0.0004945160
2   7   1   4   -0.0000031240
2   7   2   4   -0.0060050742
2   7   3   5   -0.0096167268
2   7   3   6   0.0040917199
2   7   4   5   -0.0040917199
2   7   4   6   -0.0096167268
2   7   5   4   0.0102903856
2   8   1   5   -0.0000083073
2   8   1   6   0.0000035346
2   8   2   5   -0.0279086665
2   8   2   6   0.0118745648
2   8   3   4   -0.0010919497
2   8   5   5   -0.0010548916
2   8   5   6   0.0004488347
2   9   1   5   -0.0000035346
2   9   1   6   -0.0000083073
2   9   2   5   -0.0118745648
2   9   2   6   -0.0279086665
2   9   4   4   -0.0010919497
2   9   5   5   -0.0004488347
2   9   5   6   -0.0010548916
2   10   1   4   0.0000061853
2   10   2   4   0.0281207821
2   10   3   5   -0.0009507933
2   10   3   6   0.0004045431
2   10   4   5   -0.0004045431
2   10   4   6   -0.0009507933
2   10   5   4   0.0002504433
3   6   1   5   0.0000851515
3   6   1   6   -0.0000362302
3   6   2   5   0.0002287749
3   6   2   6   -0.0000973390
3   6   3   4   -0.0019174735
3   6   5   5   -0.0001472214
3   6   5   6   0.0000626397
3   7   1   5   0.0000013497
3   7   1   6   -0.0000005743
3   7   2   5   -0.0096003843
3   7   2   6   0.0040847665
3   7   3   4   -0.0051743442
3   7   5   5   -0.0002157556
3   7   5   6   0.0000917996
3   8   1   4   0.0000190126
3   8   2   4   -0.0011088079
3   8   3   5   -0.0301295815
3   8   3   6   0.0128195186
3   8   4   5   -0.0011960323
3   8   4   6   -0.0028110224
3   8   5   4   0.0031960672
3   9   3   5   -0.0103820381
3   9   3   6   -0.0244007964
3   9   4   5   -0.0029177627
3   9   4   6   0.0012414482
3   10   1   5   -0.0000292517
3   10   1   6   0.0000124460
3   10   2   5   -0.0007594421
3   10   2   6   0.0003231270
3   10   3   4   0.0244487669
3   10   5   5   -0.0029029383
3   10   5   6   0.0012351407
4   6   1   5   0.0000362302
4   6   1   6   0.0000851515
4   6   2   5   0.0000973390
4   6   2   6   0.0002287749
4   6   4   4   -0.0019174735
4   6   5   5   -0.0000626397
4   6   5   6   -0.0001472214
4   7   1   5   0.0000005743
4   7   1   6   0.0000013497
4   7   2   5   -0.0040847665
4   7   2   6   -0.0096003843
4   7   4   4   -0.0051743442
4   7   5   5   -0.0000917996
4   7   5   6   -0.0002157556
4   8   3   5   -0.0012414482
4   8   3   6   -0.0029177627
4   8   4   5   -0.0244007964
4   8   4   6   0.0103820381
4   9   1   4   0.0000190126
4   9   2   4   -0.0011088079
4   9   3   5   -0.0028110224
4   9   3   6   0.0011960323
4   9   4   5   -0.0128195186
4   9   4   6   -0.0301295815
4   9   5   4   0.0031960672
4   10   1   5   -0.0000124460
4   10   1   6   -0.0000292517
4   10   2   5   -0.0003231270
4   10   2   6   -0.0007594421
4   10   4   4   0.0244487669
4   10   5   5   -0.0012351407
4   10   5   6   -0.0029029383
5   6   1   4   -0.0021507991
5   6   2   4   0.0004627527
5   6   3   5   -0.0001460488
5   6   3   6   0.0000621408
5   6   4   5   -0.0000621408
5   6   4   6   -0.0001460488
5   6   5   4   -0.0024814740
5   7   1   4   0.0000098830
5   7   2   4   0.0104402735
5   7   3   5   -0.0002594257
5   7   3   6   0.0001103803
5   7   4   5   -0.0001103803
5   7   4   6   -0.0002594257
5   7   5   4   -0.0046692838
5   8   1   5   -0.0000034767
5   8   1   6   0.0000014793
5   8   2   5   -0.0006905889
5   8   2   6   0.0002938314
5   8   3   4   0.0032000323
5   8   5   5   -0.0238580507
5   8   5   6   0.0101511109
5   9   1   5   -0.0000014793
5   9   1   6   -0.0000034767
5   9   2   5   -0.0002938314
5   9   2   6   -0.0006905889
5   9   4   4   0.0032000323
5   9   5   5   -0.0101511109
5   9   5   6   -0.0238580507
5   10   1   4   0.0000291288
5   10   2   4   -0.0003109511
5   10   3   5   -0.0026789903
5   10   3   6   0.0011398554
5   10   4   5   -0.0011398554
5   10   4   6   -0.0026789903
5   10   5   4   0.0308048181

End IJKA Block
Begin IABC Block
1   4   1   4   0.0007581371
1   4   2   5   0.0014460362
1   4   3   6   0.0014460362
1   5   1   5   0.0001251870
1   5   2   4   0.0014545235
1   6   1   6   0.0001251870
1   6   3   4   0.0014545235
2   4   1   4   -0.0002383804
2   4   2   5   0.0000343874
2   4   3   6   0.0000343874
2   5   1   5   -0.0001652437
2   5   2   4   0.0000336485
2   6   1   6   -0.0001652437
2   6   3   4   0.0000336485
3   4   1   5   0.0007924225
3   4   1   6   -0.0003371595
3   4   2   4   0.0008775716
3   4   3   4   -0.0003733887
3   5   1   4   0.0007909049
3   5   2   5   0.0009439147
3   5   2   6   -0.0001258955
3   5   3   5   -0.0001505534
3   5   3   6   0.0002941797
3   6   1   4   -0.0003365138
3   6   2   5   -0.0001251674
3   6   2   6   0.0003538442
3   6   3   5   0.0002958908
3   6   3   6   -0.0004016163
4   4   1   5   0.0003371595
4   4   1   6   0.0007924225
4   4   2   4   0.0003733887
4   4   3   4   0.0008775716
4   5   1   4   0.0003365138
4   5   2   5   0.0004016163
4   5   2   6   0.0002958908
4   5   3   5   0.0003538442
4   5   3   6   0.0001251674
4   6   1   4   0.0007909049
4   6   2   5   0.0002941797
4   6   2   6   0.0001505534
4   6   3   5   0.0001258955
4   6   3   6   0.0009439147
5   4   1   4   -0.0029958265
5   4   2   5   -0.0016671772
5   4   3   6   -0.0016671772
5   5   1   5   -0.0018276839
5   5   2   4   -0.0016750653
5   6   1   6   -0.0018276839
5   6   3   4   -0.0016750653

End IABC Block
