Begin IJ Block
1   1   -5.9701915532
1   2   -0.0003822456
1   5   -0.0157736701
2   2   -7.0236332839
2   5   0.0016377299
3   3   -6.0101834114
3   4   0.0000000000
4   4   -6.0101834114
5   5   -5.9184670403

End IJ Block
Begin IA Block
1   1   0.0958072250
1   4   0.0672899650
2   1   0.0385247513
2   4   0.1203536606
3   2   0.1780343915
3   3   0.0014868765
4   2   -0.0014868765
4   3   0.1780343915
5   1   -0.1467109692
5   4   -0.0489106521

End IA Block
Begin AB Block
1   1   -1.6084276605
1   4   -0.3491851104
2   2   -1.3550766501
2   3   0.0000000000
3   3   -1.3550766501
4   4   -1.4188593642

End AB Block
Begin IJKL Block
1   6   1   6   1.6346296003
1   6   1   7   -0.0063968221
1   6   1   10   0.0318446912
1   6   2   6   -0.0063968221
1   6   2   7   -0.0000033484
1   6   2   10   -0.0001513331
1   6   3   8   -0.0000316671
1   6   3   9   -0.0000000000
1   6   4   8   -0.0000000000
1   6   4   9   -0.0000316671
1   6   5   6   0.0318446912
1   6   5   7   -0.0001513331
1   6   5   10   0.0006178385
1   7   1   6   -0.0063968221
1   7   1   7   0.2193140624
1   7   1   10   -0.0309715770
1   7   2   6   0.0000493753
1   7   2   7   0.0012156234
1   7   2   10   -0.0002351545
1   7   3   8   0.0002810681
1   7   4   9   0.0002810681
1   7   5   6   -0.0002299428
1   7   5   7   -0.0024579668
1   7   5   10   0.0006590520
1   8   1   8   0.2166164199
1   8   2   8   0.0011173961
1   8   3   6   0.0000250567
1   8   3   7   0.0002970882
1   8   3   10   -0.0001005539
1   8   5   8   -0.0022608433
1   9   1   9   0.2166164199
1   9   2   9   0.0011173961
1   9   4   6   0.0000250567
1   9   4   7   0.0002970882
1   9   4   10   -0.0001005539
1   9   5   9   -0.0022608433
1   10   1   6   0.0318446912
1   10   1   7   -0.0309715770
1   10   1   10   0.2401998184
1   10   2   6   -0.0002299428
1   10   2   7   -0.0002083180
1   10   2   10   0.0011396299
1   10   3   8   -0.0000752933
1   10   4   9   -0.0000752933
1   10   5   6   0.0013199800
1   10   5   7   0.0006627389
1   10   5   10   -0.0025432809
2   6   1   6   -0.0063968221
2   6   1   7   0.0000493753
2   6   1   10   -0.0002299428
2   6   2   6   0.2193140624
2   6   2   7   0.0012156234
2   6   2   10   -0.0024579668
2   6   3   8   0.0002810681
2   6   4   9   0.0002810681
2   6   5   6   -0.0309715770
2   6   5   7   -0.0002351545
2   6   5   10   0.0006590520
2   7   1   6   -0.0000033484
2   7   1   7   0.0012156234
2   7   1   10   -0.0002083180
2   7   2   6   0.0012156234
2   7   2   7   0.8706788862
2   7   2   10   0.0105907173
2   7   3   8   0.1509122586
2   7   4   9   0.1509122586
2   7   5   6   -0.0002083180
2   7   5   7   0.0105907173
2   7   5   10   0.1444731467
2   8   1   8   0.0011173961
2   8   2   8   0.8100618083
2   8   3   6   0.0002970882
2   8   3   7   0.1556295298
2   8   3   10   0.0026270322
2   8   5   8   0.0100428533
2   9   1   9   0.0011173961
2   9   2   9   0.8100618083
2   9   4   6   0.0002970882
2   9   4   7   0.1556295298
2   9   4   10   0.0026270322
2   9   5   9   0.0100428533
2   10   1   6   -0.0001513331
2   10   1   7   -0.0002351545
2   10   1   10   0.0011396299
2   10   2   6   -0.0024579668
2   10   2   7   0.0105907173
2   10   2   10   0.7847543507
2   10   3   8   0.0024699490
2   10   4   9   0.0024699490
2   10   5   6   0.0006627389
2   10   5   7   0.1497723693
2   10   5   10   0.0124206011
3   6   1   8   0.0000250567
3   6   2   8   0.0002970882
3   6   3   6   0.2166164199
3   6   3   7   0.0011173961
3   6   3   10   -0.0022608433
3   6   5   8   -0.0001005539
3   7   1   8   0.0002970882
3   7   2   8   0.1556295298
3   7   3   6   0.0011173961
3   7   3   7   0.8100618083
3   7   3   10   0.0100428533
3   7   5   8   0.0026270322
3   8   1   6   -0.0000316671
3   8   1   7   0.0002810681
3   8   1   10   -0.0000752933
3   8   2   6   0.0002810681
3   8   2   7   0.1509122586
3   8   2   10   0.0024699490
3   8   3   8   0.8009258059
3   8   3   9   -0.0000000000
3   8   4   8   -0.0000000000
3   8   4   9   0.0308425181
3   8   5   6   -0.0000752933
3   8   5   7   0.0024699490
3   8   5   10   0.0295645442
3   9   1   6   -0.0000000000
3   9   3   8   -0.0000000000
3   9   3   9   0.7332736664
3   9   4   8   0.0368096214
3   9   4   9   -0.0000000000
3   10   1   8   -0.0001005539
3   10   2   8   0.0026270322
3   10   3   6   -0.0022608433
3   10   3   7   0.0100428533
3   10   3   10   0.7114299743
3   10   4   10   -0.0000000000
3   10   5   8   0.0354803956
4   6   1   9   0.0000250567
4   6   2   9   0.0002970882
4   6   4   6   0.2166164199
4   6   4   7   0.0011173961
4   6   4   10   -0.0022608433
4   6   5   9   -0.0001005539
4   7   1   9   0.0002970882
4   7   2   9   0.1556295298
4   7   4   6   0.0011173961
4   7   4   7   0.8100618083
4   7   4   10   0.0100428533
4   7   5   9   0.0026270322
4   8   1   6   -0.0000000000
4   8   3   8   -0.0000000000
4   8   3   9   0.0368096214
4   8   4   8   0.7332736664
4   8   4   9   -0.0000000000
4   9   1   6   -0.0000316671
4   9   1   7   0.0002810681
4   9   1   10   -0.0000752933
4   9   2   6   0.0002810681
4   9   2   7   0.1509122586
4   9   2   10   0.0024699490
4   9   3   8   0.0308425181
4   9   3   9   -0.0000000000
4   9   4   8   -0.0000000000
4   9   4   9   0.8009258059
4   9   5   6   -0.0000752933
4   9   5   7   0.0024699490
4   9   5   10   0.0295645442
4   10   1   9   -0.0001005539
4   10   2   9   0.0026270322
4   10   3   10   -0.0000000000
4   10   4   6   -0.0022608433
4   10   4   7   0.0100428533
4   10   4   10   0.7114299743
4   10   5   9   0.0354803956
5   6   1   6   0.0318446912
5   6   1   7   -0.0002299428
5   6   1   10   0.0013199800
5   6   2   6   -0.0309715770
5   6   2   7   -0.0002083180
5   6   2   10   0.0006627389
5   6   3   8   -0.0000752933
5   6   4   9   -0.0000752933
5   6   5   6   0.2401998184
5   6   5   7   0.0011396299
5   6   5   10   -0.0025432809
5   7   1   6   -0.0001513331
5   7   1   7   -0.0024579668
5   7   1   10   0.0006627389
5   7   2   6   -0.0002351545
5   7   2   7   0.0105907173
5   7   2   10   0.1497723693
5   7   3   8   0.0024699490
5   7   4   9   0.0024699490
5   7   5   6   0.0011396299
5   7   5   7   0.7847543507
5   7   5   10   0.0124206011
5   8   1   8   -0.0022608433
5   8   2   8   0.0100428533
5   8   3   6   -0.0001005539
5   8   3   7   0.0026270322
5   8   3   10   0.0354803956
5   8   5   8   0.7114299743
5   8   5   9   -0.0000000000
5   9   1   9   -0.0022608433
5   9   2   9   0.0100428533
5   9   4   6   -0.0001005539
5   9   4   7   0.0026270322
5   9   4   10   0.0354803956
5   9   5   8   -0.0000000000
5   9   5   9   0.7114299743
5   10   1   6   0.0006178385
5   10   1   7   0.0006590520
5   10   1   10   -0.0025432809
5   10   2   6   0.0006590520
5   10   2   7   0.1444731467
5   10   2   10   0.0124206011
5   10   3   8   0.0295645442
5   10   4   9   0.0295645442
5   10   5   6   -0.0025432809
5   10   5   7   0.0124206011
5   10   5   10   0.7533500641

End IJKL Block
Begin IJAB Block
1   6   1   5   0.0079635851
1   6   1   8   0.0062403502
1   6   2   6   0.0008211079
1   6   3   7   0.0008211079
1   6   4   5   0.0062403502
1   6   4   8   0.0052659968
1   7   1   5   -0.0000244933
1   7   1   8   -0.0000320773
1   7   2   6   0.0000168304
1   7   3   7   0.0000168304
1   7   4   5   -0.0000349151
1   7   4   8   -0.0000321206
1   8   1   6   0.0000524444
1   8   1   7   0.0000004380
1   8   2   5   0.0001334820
1   8   2   8   0.0001920179
1   8   3   5   0.0000011148
1   8   3   8   0.0000016037
1   8   4   6   -0.0000044421
1   8   4   7   -0.0000000371
1   9   1   6   -0.0000004380
1   9   1   7   0.0000524444
1   9   2   5   -0.0000011148
1   9   2   8   -0.0000016037
1   9   3   5   0.0001334820
1   9   3   8   0.0001920179
1   9   4   6   0.0000000371
1   9   4   7   -0.0000044421
1   10   1   5   0.0002702752
1   10   1   8   0.0004963454
1   10   2   6   -0.0002247027
1   10   3   7   -0.0002247027
1   10   4   5   0.0002432632
1   10   4   8   0.0002838015
2   6   1   5   -0.0000244933
2   6   1   8   -0.0000349151
2   6   2   6   0.0000168304
2   6   3   7   0.0000168304
2   6   4   5   -0.0000320773
2   6   4   8   -0.0000321206
2   7   1   5   0.0008992141
2   7   1   8   0.0009207228
2   7   2   6   0.0009283027
2   7   3   7   0.0009283027
2   7   4   5   0.0009207228
2   7   4   8   0.0017472234
2   8   1   6   0.0005014523
2   8   1   7   0.0000041879
2   8   2   5   0.0002469398
2   8   2   8   0.0008283680
2   8   3   5   0.0000020623
2   8   3   8   0.0000069182
2   8   4   6   0.0017663967
2   8   4   7   0.0000147523
2   9   1   6   -0.0000041879
2   9   1   7   0.0005014523
2   9   2   5   -0.0000020623
2   9   2   8   -0.0000069182
2   9   3   5   0.0002469398
2   9   3   8   0.0008283680
2   9   4   6   -0.0000147523
2   9   4   7   0.0017663967
2   10   1   5   -0.0006709206
2   10   1   8   -0.0009967824
2   10   2   6   -0.0000013146
2   10   3   7   -0.0000013146
2   10   4   5   -0.0017215847
2   10   4   8   -0.0016056877
3   6   1   6   0.0001334820
3   6   1   7   0.0000011148
3   6   2   5   0.0000524444
3   6   2   8   -0.0000044421
3   6   3   5   0.0000004380
3   6   3   8   -0.0000000371
3   6   4   6   0.0001920179
3   6   4   7   0.0000016037
3   7   1   6   0.0002469398
3   7   1   7   0.0000020623
3   7   2   5   0.0005014523
3   7   2   8   0.0017663967
3   7   3   5   0.0000041879
3   7   3   8   0.0000147523
3   7   4   6   0.0008283680
3   7   4   7   0.0000069182
3   8   1   5   0.0005737738
3   8   1   8   0.0006062401
3   8   2   6   0.0030481498
3   8   2   7   0.0000219192
3   8   3   6   0.0000219192
3   8   3   7   0.0004237863
3   8   4   5   0.0006062401
3   8   4   8   0.0012862027
3   9   2   6   -0.0000219192
3   9   2   7   0.0021438822
3   9   3   6   0.0004804813
3   9   3   7   0.0000219192
3   10   1   6   -0.0005870214
3   10   1   7   -0.0000049026
3   10   2   5   -0.0020417578
3   10   2   8   -0.0015092041
3   10   3   5   -0.0000170520
3   10   3   8   -0.0000126043
3   10   4   6   -0.0005286946
3   10   4   7   -0.0000044155
4   6   1   6   -0.0000011148
4   6   1   7   0.0001334820
4   6   2   5   -0.0000004380
4   6   2   8   0.0000000371
4   6   3   5   0.0000524444
4   6   3   8   -0.0000044421
4   6   4   6   -0.0000016037
4   6   4   7   0.0001920179
4   7   1   6   -0.0000020623
4   7   1   7   0.0002469398
4   7   2   5   -0.0000041879
4   7   2   8   -0.0000147523
4   7   3   5   0.0005014523
4   7   3   8   0.0017663967
4   7   4   6   -0.0000069182
4   7   4   7   0.0008283680
4   8   2   6   -0.0000219192
4   8   2   7   0.0004804813
4   8   3   6   0.0021438822
4   8   3   7   0.0000219192
4   9   1   5   0.0005737738
4   9   1   8   0.0006062401
4   9   2   6   0.0004237863
4   9   2   7   -0.0000219192
4   9   3   6   -0.0000219192
4   9   3   7   0.0030481498
4   9   4   5   0.0006062401
4   9   4   8   0.0012862027
4   10   1   6   0.0000049026
4   10   1   7   -0.0005870214
4   10   2   5   0.0000170520
4   10   2   8   0.0000126043
4   10   3   5   -0.0020417578
4   10   3   8   -0.0015092041
4   10   4   6   0.0000044155
4   10   4   7   -0.0005286946
5   6   1   5   0.0002702752
5   6   1   8   0.0002432632
5   6   2   6   -0.0002247027
5   6   3   7   -0.0002247027
5   6   4   5   0.0004963454
5   6   4   8   0.0002838015
5   7   1   5   -0.0006709206
5   7   1   8   -0.0017215847
5   7   2   6   -0.0000013146
5   7   3   7   -0.0000013146
5   7   4   5   -0.0009967824
5   7   4   8   -0.0016056877
5   8   1   6   -0.0020417578
5   8   1   7   -0.0000170520
5   8   2   5   -0.0005870214
5   8   2   8   -0.0005286946
5   8   3   5   -0.0000049026
5   8   3   8   -0.0000044155
5   8   4   6   -0.0015092041
5   8   4   7   -0.0000126043
5   9   1   6   0.0000170520
5   9   1   7   -0.0020417578
5   9   2   5   0.0000049026
5   9   2   8   0.0000044155
5   9   3   5   -0.0005870214
5   9   3   8   -0.0005286946
5   9   4   6   0.0000126043
5   9   4   7   -0.0015092041
5   10   1   5   0.0029586721
5   10   1   8   0.0023733105
5   10   2   6   0.0006359427
5   10   3   7   0.0006359427
5   10   4   5   0.0023733105
5   10   4   8   0.0029886066

End IJAB Block
Begin ABCD Block
1   5   1   5   0.2216230480
1   5   1   8   0.0150777772
1   5   2   6   0.0262110429
1   5   3   7   0.0262110429
1   5   4   5   0.0150777772
1   5   4   8   0.0172220171
1   6   1   6   0.1540898468
1   6   2   5   0.0262112096
1   6   2   8   0.0050055695
1   6   4   6   0.0127028895
1   7   1   7   0.1540898468
1   7   3   5   0.0262112096
1   7   3   8   0.0050055695
1   7   4   7   0.0127028895
1   8   1   5   0.0150777772
1   8   1   8   0.1429726950
1   8   2   6   0.0050056074
1   8   3   7   0.0050056074
1   8   4   5   0.0172233038
1   8   4   8   0.0071590464
2   5   1   6   0.0262112096
2   5   2   5   0.1540898468
2   5   2   8   0.0127028895
2   5   4   6   0.0050055695
2   6   1   5   0.0262110429
2   6   1   8   0.0050056074
2   6   2   6   0.1410970706
2   6   3   7   0.0080092891
2   6   4   5   0.0050056074
2   6   4   8   0.0084168186
2   7   2   7   0.1250785341
2   7   3   6   0.0080092473
2   8   1   6   0.0050055695
2   8   2   5   0.0127028895
2   8   2   8   0.1199576977
2   8   4   6   0.0084171296
3   5   1   7   0.0262112096
3   5   3   5   0.1540898468
3   5   3   8   0.0127028895
3   5   4   7   0.0050055695
3   6   2   7   0.0080092473
3   6   3   6   0.1250785341
3   7   1   5   0.0262110429
3   7   1   8   0.0050056074
3   7   2   6   0.0080092891
3   7   3   7   0.1410970706
3   7   4   5   0.0050056074
3   7   4   8   0.0084168186
3   8   1   7   0.0050055695
3   8   3   5   0.0127028895
3   8   3   8   0.1199576977
3   8   4   7   0.0084171296
4   5   1   5   0.0150777772
4   5   1   8   0.0172233038
4   5   2   6   0.0050056074
4   5   3   7   0.0050056074
4   5   4   5   0.1429726950
4   5   4   8   0.0071590464
4   6   1   6   0.0127028895
4   6   2   5   0.0050055695
4   6   2   8   0.0084171296
4   6   4   6   0.1199576977
4   7   1   7   0.0127028895
4   7   3   5   0.0050055695
4   7   3   8   0.0084171296
4   7   4   7   0.1199576977
4   8   1   5   0.0172220171
4   8   1   8   0.0071590464
4   8   2   6   0.0084168186
4   8   3   7   0.0084168186
4   8   4   5   0.0071590464
4   8   4   8   0.1239560807

End ABCD Block
Begin AIJB Block
1   6   1   5   0.0061820989
1   6   1   8   0.0047395304
1   6   2   5   -0.0000092950
1   6   2   8   -0.0000202524
1   6   3   6   0.0001124560
1   6   3   7   0.0000009392
1   6   4   6   -0.0000009392
1   6   4   7   0.0001124560
1   6   5   5   0.0001659470
1   6   5   8   0.0001366992
1   7   1   5   -0.0000092950
1   7   1   8   -0.0000195167
1   7   2   5   0.0007026804
1   7   2   8   0.0007093930
1   7   3   6   0.0001083398
1   7   3   7   0.0000009048
1   7   4   6   -0.0000009048
1   7   4   7   0.0001083398
1   7   5   5   -0.0003598167
1   7   5   8   -0.0010902900
1   8   1   6   0.0000405955
1   8   1   7   0.0000003390
1   8   2   6   0.0003236004
1   8   2   7   0.0000027026
1   8   3   5   0.0003217331
1   8   3   8   0.0004335373
1   8   5   6   -0.0017566890
1   8   5   7   -0.0000146712
1   9   1   6   -0.0000003390
1   9   1   7   0.0000405955
1   9   2   6   -0.0000027026
1   9   2   7   0.0003236004
1   9   4   5   0.0003217331
1   9   4   8   0.0004335373
1   9   5   6   0.0000146712
1   9   5   7   -0.0017566890
1   10   1   5   0.0001659470
1   10   1   8   0.0003507964
1   10   2   5   -0.0003598167
1   10   2   8   -0.0004169774
1   10   3   6   -0.0003323607
1   10   3   7   -0.0000027758
1   10   4   6   0.0000027758
1   10   4   7   -0.0003323607
1   10   5   5   0.0020860057
1   10   5   8   0.0017528388
2   6   1   6   0.0007115554
2   6   2   6   0.0000085766
2   6   3   5   0.0000405955
2   6   3   8   0.0000040306
2   6   4   5   -0.0000003390
2   6   4   8   -0.0000000337
2   6   5   6   -0.0001791079
2   7   1   6   0.0000085766
2   7   2   6   0.0007372456
2   7   3   5   0.0003236004
2   7   3   8   0.0012093881
2   7   4   5   -0.0000027026
2   7   4   8   -0.0000101004
2   7   5   6   0.0000350818
2   8   1   5   0.0001124560
2   8   1   8   0.0001587785
2   8   2   5   0.0001083398
2   8   2   8   0.0003879417
2   8   3   6   0.0023560823
2   8   3   7   0.0000176284
2   8   4   6   -0.0000176284
2   8   4   7   0.0002461995
2   8   5   5   -0.0003323607
2   8   5   8   -0.0003686014
2   9   1   5   -0.0000009392
2   9   1   8   -0.0000013261
2   9   2   5   -0.0000009048
2   9   2   8   -0.0000032399
2   9   3   6   -0.0000176284
2   9   3   7   0.0018644268
2   9   4   6   0.0002454560
2   9   4   7   -0.0000176284
2   9   5   5   0.0000027758
2   9   5   8   0.0000030784
2   10   1   6   -0.0001791079
2   10   2   6   0.0000350818
2   10   3   5   -0.0017566890
2   10   3   8   -0.0013065194
2   10   4   5   0.0000146712
2   10   4   8   0.0000109116
2   10   5   6   0.0004393984
3   6   1   7   0.0007115554
3   6   2   7   0.0000085766
3   6   3   5   0.0000003390
3   6   3   8   0.0000000337
3   6   4   5   0.0000405955
3   6   4   8   0.0000040306
3   6   5   7   -0.0001791079
3   7   1   7   0.0000085766
3   7   2   7   0.0007372456
3   7   3   5   0.0000027026
3   7   3   8   0.0000101004
3   7   4   5   0.0003236004
3   7   4   8   0.0012093881
3   7   5   7   0.0000350818
3   8   1   5   0.0000009392
3   8   1   8   0.0000013261
3   8   2   5   0.0000009048
3   8   2   8   0.0000032399
3   8   3   6   0.0000176284
3   8   3   7   0.0002454560
3   8   4   6   0.0018644268
3   8   4   7   0.0000176284
3   8   5   5   -0.0000027758
3   8   5   8   -0.0000030784
3   9   1   5   0.0001124560
3   9   1   8   0.0001587785
3   9   2   5   0.0001083398
3   9   2   8   0.0003879417
3   9   3   6   0.0002461995
3   9   3   7   0.0000176284
3   9   4   6   -0.0000176284
3   9   4   7   0.0023560823
3   9   5   5   -0.0003323607
3   9   5   8   -0.0003686014
3   10   1   7   -0.0001791079
3   10   2   7   0.0000350818
3   10   3   5   -0.0000146712
3   10   3   8   -0.0000109116
3   10   4   5   -0.0017566890
3   10   4   8   -0.0013065194
3   10   5   7   0.0004393984
4   6   1   5   0.0047395304
4   6   1   8   0.0039378869
4   6   2   5   -0.0000195167
4   6   2   8   -0.0000213024
4   6   3   6   0.0001587785
4   6   3   7   0.0000013261
4   6   4   6   -0.0000013261
4   6   4   7   0.0001587785
4   6   5   5   0.0003507964
4   6   5   8   0.0001803440
4   7   1   5   -0.0000202524
4   7   1   8   -0.0000213024
4   7   2   5   0.0007093930
4   7   2   8   0.0012557593
4   7   3   6   0.0003879417
4   7   3   7   0.0000032399
4   7   4   6   -0.0000032399
4   7   4   7   0.0003879417
4   7   5   5   -0.0004169774
4   7   5   8   -0.0008755160
4   8   1   6   0.0000040306
4   8   1   7   0.0000000337
4   8   2   6   0.0012093881
4   8   2   7   0.0000101004
4   8   3   5   0.0004335373
4   8   3   8   0.0008872727
4   8   5   6   -0.0013065194
4   8   5   7   -0.0000109116
4   9   1   6   -0.0000000337
4   9   1   7   0.0000040306
4   9   2   6   -0.0000101004
4   9   2   7   0.0012093881
4   9   4   5   0.0004335373
4   9   4   8   0.0008872727
4   9   5   6   0.0000109116
4   9   5   7   -0.0013065194
4   10   1   5   0.0001366992
4   10   1   8   0.0001803440
4   10   2   5   -0.0010902900
4   10   2   8   -0.0008755160
4   10   3   6   -0.0003686014
4   10   3   7   -0.0000030784
4   10   4   6   0.0000030784
4   10   4   7   -0.0003686014
4   10   5   5   0.0017528388
4   10   5   8   0.0022623472

1   6   6   1   -0.2570889996
1   6   6   4   -0.0627926248
1   6   7   1   0.0004205374
1   6   7   4   0.0001017177
1   6   8   2   -0.0002362780
1   6   8   3   -0.0000019733
1   6   9   2   0.0000019733
1   6   9   3   -0.0002362780
1   6   10   1   -0.0016628526
1   6   10   4   -0.0003902682
1   7   6   1   0.0004205374
1   7   6   4   0.0001019049
1   7   7   1   -0.1336204245
1   7   7   4   -0.0289749432
1   7   8   2   -0.0036701395
1   7   8   3   -0.0000306516
1   7   9   2   0.0000306516
1   7   9   3   -0.0036701395
1   7   10   1   0.0100043716
1   7   10   4   0.0037662511
1   8   6   2   -0.0002371509
1   8   6   3   -0.0000019806
1   8   7   2   -0.0036706962
1   8   7   3   -0.0000306563
1   8   8   1   -0.1333091927
1   8   8   4   -0.0286284083
1   8   10   2   0.0014077515
1   8   10   3   0.0000117570
1   9   6   2   0.0000019806
1   9   6   3   -0.0002371509
1   9   7   2   0.0000306563
1   9   7   3   -0.0036706962
1   9   9   1   -0.1333091927
1   9   9   4   -0.0286284083
1   9   10   2   -0.0000117570
1   9   10   3   0.0014077515
1   10   6   1   -0.0016628526
1   10   6   4   -0.0003894984
1   10   7   1   0.0100043716
1   10   7   4   0.0037768088
1   10   8   2   0.0014293663
1   10   8   3   0.0000119375
1   10   9   2   -0.0000119375
1   10   9   3   0.0014293663
1   10   10   1   -0.1381117715
1   10   10   4   -0.0302340632
2   6   6   2   -0.1739769942
2   6   7   2   0.0001085480
2   6   8   1   -0.0002371509
2   6   8   4   -0.0001526384
2   6   9   1   0.0000019806
2   6   9   4   0.0000012748
2   6   10   2   -0.0003260465
2   7   6   2   0.0001085480
2   7   7   2   -0.1294425484
2   7   8   1   -0.0036706962
2   7   8   4   -0.0044536183
2   7   9   1   0.0000306563
2   7   9   4   0.0000371950
2   7   10   2   0.0059855369
2   8   6   1   -0.0002362780
2   8   6   4   -0.0001514674
2   8   7   1   -0.0036701395
2   8   7   4   -0.0044567529
2   8   8   2   -0.1301924094
2   8   8   3   -0.0000118599
2   8   9   2   0.0000118599
2   8   9   3   -0.0007206473
2   8   10   1   0.0014293663
2   8   10   4   0.0009289499
2   9   6   1   0.0000019733
2   9   6   4   0.0000012650
2   9   7   1   0.0000306516
2   9   7   4   0.0000372211
2   9   8   2   0.0000118599
2   9   8   3   -0.0006993295
2   9   9   2   -0.1287724326
2   9   9   3   0.0000118599
2   9   10   1   -0.0000119375
2   9   10   4   -0.0000077582
2   10   6   2   -0.0003260465
2   10   7   2   0.0059855369
2   10   8   1   0.0014077515
2   10   8   4   0.0009147294
2   10   9   1   -0.0000117570
2   10   9   4   -0.0000076395
2   10   10   2   -0.1310574946
3   6   6   3   -0.1739769942
3   6   7   3   0.0001085480
3   6   8   1   -0.0000019806
3   6   8   4   -0.0000012748
3   6   9   1   -0.0002371509
3   6   9   4   -0.0001526384
3   6   10   3   -0.0003260465
3   7   6   3   0.0001085480
3   7   7   3   -0.1294425484
3   7   8   1   -0.0000306563
3   7   8   4   -0.0000371950
3   7   9   1   -0.0036706962
3   7   9   4   -0.0044536183
3   7   10   3   0.0059855369
3   8   6   1   -0.0000019733
3   8   6   4   -0.0000012650
3   8   7   1   -0.0000306516
3   8   7   4   -0.0000372211
3   8   8   2   -0.0000118599
3   8   8   3   -0.1287724326
3   8   9   2   -0.0006993295
3   8   9   3   -0.0000118599
3   8   10   1   0.0000119375
3   8   10   4   0.0000077582
3   9   6   1   -0.0002362780
3   9   6   4   -0.0001514674
3   9   7   1   -0.0036701395
3   9   7   4   -0.0044567529
3   9   8   2   -0.0007206473
3   9   8   3   -0.0000118599
3   9   9   2   0.0000118599
3   9   9   3   -0.1301924094
3   9   10   1   0.0014293663
3   9   10   4   0.0009289499
3   10   6   3   -0.0003260465
3   10   7   3   0.0059855369
3   10   8   1   0.0000117570
3   10   8   4   0.0000076395
3   10   9   1   0.0014077515
3   10   9   4   0.0009147294
3   10   10   3   -0.1310574946
4   6   6   1   -0.0627926248
4   6   6   4   -0.1736630927
4   6   7   1   0.0001019049
4   6   7   4   0.0000834346
4   6   8   2   -0.0001514674
4   6   8   3   -0.0000012650
4   6   9   2   0.0000012650
4   6   9   3   -0.0001514674
4   6   10   1   -0.0003894984
4   6   10   4   -0.0002979901
4   7   6   1   0.0001017177
4   7   6   4   0.0000834346
4   7   7   1   -0.0289749432
4   7   7   4   -0.1425686764
4   7   8   2   -0.0044567529
4   7   8   3   -0.0000372211
4   7   9   2   0.0000372211
4   7   9   3   -0.0044567529
4   7   10   1   0.0037768088
4   7   10   4   0.0037557251
4   8   6   2   -0.0001526384
4   8   6   3   -0.0000012748
4   8   7   2   -0.0044536183
4   8   7   3   -0.0000371950
4   8   8   1   -0.0286284083
4   8   8   4   -0.1419798226
4   8   10   2   0.0009147294
4   8   10   3   0.0000076395
4   9   6   2   0.0000012748
4   9   6   3   -0.0001526384
4   9   7   2   0.0000371950
4   9   7   3   -0.0044536183
4   9   9   1   -0.0286284083
4   9   9   4   -0.1419798226
4   9   10   2   -0.0000076395
4   9   10   3   0.0009147294
4   10   6   1   -0.0003902682
4   10   6   4   -0.0002979901
4   10   7   1   0.0037662511
4   10   7   4   0.0037557251
4   10   8   2   0.0009289499
4   10   8   3   0.0000077582
4   10   9   2   -0.0000077582
4   10   9   3   0.0009289499
4   10   10   1   -0.0302340632
4   10   10   4   -0.1438416314

End AIJB Block
Begin IJKA Block
1   6   1   5   -0.0791940175
1   6   1   8   -0.0656693996
1   6   2   5   0.0003904306
1   6   2   8   0.0003717787
1   6   3   6   0.0001177499
1   6   3   7   0.0000009834
1   6   4   6   -0.0000009834
1   6   4   7   0.0001177499
1   6   5   5   -0.0020390092
1   6   5   8   -0.0019925333
1   7   1   5   -0.0003917505
1   7   1   8   0.0002032398
1   7   2   5   -0.0000139192
1   7   2   8   -0.0000408647
1   7   3   6   -0.0000089251
1   7   3   7   -0.0000000745
1   7   4   6   0.0000000745
1   7   4   7   -0.0000089251
1   7   5   5   0.0000499204
1   7   5   8   0.0000526918
1   8   1   6   0.0014326352
1   8   1   7   0.0000119648
1   8   2   6   -0.0000531349
1   8   2   7   -0.0000004438
1   8   3   5   0.0000203751
1   8   3   8   0.0000264781
1   8   5   6   0.0000884283
1   8   5   7   0.0000007385
1   9   1   6   -0.0000119648
1   9   1   7   0.0014326352
1   9   2   6   0.0000004438
1   9   2   7   -0.0000531349
1   9   4   5   0.0000203751
1   9   4   8   0.0000264781
1   9   5   6   -0.0000007385
1   9   5   7   0.0000884283
1   10   1   5   -0.0069816985
1   10   1   8   -0.0173585446
1   10   2   5   0.0000660263
1   10   2   8   0.0000482937
1   10   3   6   -0.0000365078
1   10   3   7   -0.0000003049
1   10   4   6   0.0000003049
1   10   4   7   -0.0000365078
1   10   5   5   -0.0001403527
1   10   5   8   -0.0000559610
2   6   1   5   0.0003887245
2   6   1   8   0.0003725722
2   6   2   5   -0.0023034517
2   6   2   8   -0.0004068381
2   6   3   6   0.0002818027
2   6   3   7   0.0000023535
2   6   4   6   -0.0000023535
2   6   4   7   0.0002818027
2   6   5   5   0.0006111019
2   6   5   8   0.0001149625
2   7   1   5   -0.0000102921
2   7   1   8   -0.0000238819
2   7   2   5   -0.0066063308
2   7   2   8   -0.0213730506
2   7   3   6   -0.0107057271
2   7   3   7   -0.0000894102
2   7   4   6   0.0000894102
2   7   4   7   -0.0107057271
2   7   5   5   0.0097055066
2   7   5   8   0.0064266726
2   8   1   6   -0.0000217843
2   8   1   7   -0.0000001819
2   8   2   6   -0.0310365302
2   8   2   7   -0.0002592055
2   8   3   5   -0.0011121632
2   8   3   8   -0.0045080410
2   8   5   6   -0.0012490846
2   8   5   7   -0.0000104319
2   9   1   6   0.0000001819
2   9   1   7   -0.0000217843
2   9   2   6   0.0002592055
2   9   2   7   -0.0310365302
2   9   4   5   -0.0011121632
2   9   4   8   -0.0045080410
2   9   5   6   0.0000104319
2   9   5   7   -0.0012490846
2   10   1   5   0.0000216577
2   10   1   8   0.0000059735
2   10   2   5   0.0272583253
2   10   2   8   0.0149982633
2   10   3   6   -0.0010010189
2   10   3   7   -0.0000083601
2   10   4   6   0.0000083601
2   10   4   7   -0.0010010189
2   10   5   5   0.0000158013
2   10   5   8   -0.0020016208
3   6   1   6   0.0001153166
3   6   1   7   0.0000009631
3   6   2   6   0.0002677892
3   6   2   7   0.0000022365
3   6   3   5   -0.0021985434
3   6   3   8   -0.0003865311
3   6   5   6   -0.0001766558
3   6   5   7   -0.0000014754
3   7   1   6   0.0000007610
3   7   1   7   0.0000000064
3   7   2   6   -0.0106812377
3   7   2   7   -0.0000892057
3   7   3   5   -0.0057017876
3   7   3   8   -0.0191015403
3   7   5   6   -0.0002893215
3   7   5   7   -0.0000024163
3   8   1   5   0.0000221590
3   8   1   8   0.0000234964
3   8   2   5   -0.0011238323
3   8   2   8   -0.0044242642
3   8   3   6   -0.0334819362
3   8   3   7   -0.0002796286
3   8   4   6   0.0000259891
3   8   4   7   -0.0031118670
3   8   5   5   0.0029232252
3   8   5   8   0.0019601728
3   9   3   6   0.0002265980
3   9   3   7   -0.0271322038
3   9   4   6   -0.0032378654
3   9   4   7   -0.0000270414
3   10   1   6   -0.0000391248
3   10   1   7   -0.0000003268
3   10   2   6   -0.0008117111
3   10   2   7   -0.0000067791
3   10   3   5   0.0237551838
3   10   3   8   0.0125956192
3   10   5   6   -0.0031650708
3   10   5   7   -0.0000264335
4   6   1   6   -0.0000009631
4   6   1   7   0.0001153166
4   6   2   6   -0.0000022365
4   6   2   7   0.0002677892
4   6   4   5   -0.0021985434
4   6   4   8   -0.0003865311
4   6   5   6   0.0000014754
4   6   5   7   -0.0001766558
4   7   1   6   -0.0000000064
4   7   1   7   0.0000007610
4   7   2   6   0.0000892057
4   7   2   7   -0.0106812377
4   7   4   5   -0.0057017876
4   7   4   8   -0.0191015403
4   7   5   6   0.0000024163
4   7   5   7   -0.0002893215
4   8   3   6   0.0000270414
4   8   3   7   -0.0032378654
4   8   4   6   -0.0271322038
4   8   4   7   -0.0002265980
4   9   1   5   0.0000221590
4   9   1   8   0.0000234964
4   9   2   5   -0.0011238323
4   9   2   8   -0.0044242642
4   9   3   6   -0.0031118670
4   9   3   7   -0.0000259891
4   9   4   6   0.0002796286
4   9   4   7   -0.0334819362
4   9   5   5   0.0029232252
4   9   5   8   0.0019601728
4   10   1   6   0.0000003268
4   10   1   7   -0.0000391248
4   10   2   6   0.0000067791
4   10   2   7   -0.0008117111
4   10   4   5   0.0237551838
4   10   4   8   0.0125956192
4   10   5   6   0.0000264335
4   10   5   7   -0.0031650708
5   6   1   5   -0.0021564663
5   6   1   8   -0.0020782959
5   6   2   5   0.0005763920
5   6   2   8   0.0001109965
5   6   3   6   -0.0001715553
5   6   3   7   -0.0000014328
5   6   4   6   0.0000014328
5   6   4   7   -0.0001715553
5   6   5   5   -0.0028467308
5   6   5   8   -0.0006275173
5   7   1   5   0.0000223208
5   7   1   8   0.0000133681
5   7   2   5   0.0098188325
5   7   2   8   0.0066859453
5   7   3   6   -0.0003267045
5   7   3   7   -0.0000027285
5   7   4   6   0.0000027285
5   7   4   7   -0.0003267045
5   7   5   5   -0.0051815160
5   7   5   8   -0.0177545441
5   8   1   6   0.0000104538
5   8   1   7   0.0000000873
5   8   2   6   -0.0008819729
5   8   2   7   -0.0000073659
5   8   3   5   0.0029625189
5   8   3   8   0.0019724384
5   8   5   6   -0.0264668234
5   8   5   7   -0.0002210410
5   9   1   6   -0.0000000873
5   9   1   7   0.0000104538
5   9   2   6   0.0000073659
5   9   2   7   -0.0008819729
5   9   4   5   0.0029625189
5   9   4   8   0.0019724384
5   9   5   6   0.0002210410
5   9   5   7   -0.0264668234
5   10   1   5   0.0000018271
5   10   1   8   0.0000438264
5   10   2   5   -0.0004134501
5   10   2   8   -0.0023075170
5   10   3   6   -0.0029489931
5   10   3   7   -0.0000246289
5   10   4   6   0.0000246289
5   10   4   7   -0.0029489931
5   10   5   5   0.0294534894
5   10   5   8   0.0160072537

End IJKA Block
Begin IABC Block
1   5   1   5   0.0008464598
1   5   1   8   -0.0004866082
1   5   2   6   0.0012457102
1   5   3   7   0.0012457102
1   5   4   5   -0.0004431437
1   5   4   8   -0.0004688766
1   6   1   6   0.0001308704
1   6   2   5   0.0012522251
1   6   2   8   0.0007047681
1   6   4   6   -0.0000199795
1   7   1   7   0.0001308704
1   7   3   5   0.0012522251
1   7   3   8   0.0007047681
1   7   4   7   -0.0000199795
1   8   1   5   -0.0004908543
1   8   1   8   -0.0004430454
1   8   2   6   0.0007002868
1   8   3   7   0.0007002868
1   8   4   5   -0.0004695950
1   8   4   8   -0.0003747022
2   5   1   5   -0.0002767593
2   5   1   8   -0.0001440588
2   5   2   6   0.0000183249
2   5   3   7   0.0000183249
2   5   4   5   -0.0002349062
2   5   4   8   -0.0001029948
2   6   1   6   -0.0001852322
2   6   2   5   0.0000173664
2   6   2   8   -0.0000293150
2   6   4   6   -0.0001793548
2   7   1   7   -0.0001852322
2   7   3   5   0.0000173664
2   7   3   8   -0.0000293150
2   7   4   7   -0.0001793548
2   8   1   5   -0.0001448982
2   8   1   8   -0.0001467964
2   8   2   6   -0.0000266218
2   8   3   7   -0.0000266218
2   8   4   5   -0.0001034765
2   8   4   8   -0.0001771173
3   5   1   6   0.0009565883
3   5   1   7   0.0000079891
3   5   2   5   0.0010247900
3   5   2   8   0.0002595132
3   5   3   5   0.0000085587
3   5   3   8   0.0000021674
3   5   4   6   0.0017473105
3   5   4   7   0.0000145929
3   6   1   5   0.0009549458
3   6   1   8   0.0007863366
3   6   2   6   0.0009943595
3   6   2   7   0.0000026984
3   6   3   6   0.0000029181
3   6   3   7   0.0003218556
3   6   4   5   0.0017440164
3   6   4   8   0.0012782557
3   7   1   5   0.0000079753
3   7   1   8   0.0000065672
3   7   2   6   0.0000026880
3   7   2   7   0.0003494080
3   7   3   6   0.0003230959
3   7   3   7   0.0000083045
3   7   4   5   0.0000145654
3   7   4   8   0.0000106755
3   8   1   6   0.0007934717
3   8   1   7   0.0000066268
3   8   2   5   0.0002604926
3   8   2   8   -0.0001814364
3   8   3   5   0.0000021755
3   8   3   8   -0.0000015153
3   8   4   6   0.0013024108
3   8   4   7   0.0000108772
4   5   1   6   -0.0000079891
4   5   1   7   0.0009565883
4   5   2   5   -0.0000085587
4   5   2   8   -0.0000021674
4   5   3   5   0.0010247900
4   5   3   8   0.0002595132
4   5   4   6   -0.0000145929
4   5   4   7   0.0017473105
4   6   1   5   -0.0000079753
4   6   1   8   -0.0000065672
4   6   2   6   -0.0000083045
4   6   2   7   0.0003230959
4   6   3   6   0.0003494080
4   6   3   7   -0.0000026880
4   6   4   5   -0.0000145654
4   6   4   8   -0.0000106755
4   7   1   5   0.0009549458
4   7   1   8   0.0007863366
4   7   2   6   0.0003218556
4   7   2   7   -0.0000029181
4   7   3   6   -0.0000026984
4   7   3   7   0.0009943595
4   7   4   5   0.0017440164
4   7   4   8   0.0012782557
4   8   1   6   -0.0000066268
4   8   1   7   0.0007934717
4   8   2   5   -0.0000021755
4   8   2   8   0.0000015153
4   8   3   5   0.0002604926
4   8   3   8   -0.0001814364
4   8   4   6   -0.0000108772
4   8   4   7   0.0013024108
5   5   1   5   -0.0024717925
5   5   1   8   -0.0005932204
5   5   2   6   -0.0013988116
5   5   3   7   -0.0013988116
5   5   4   5   -0.0058123614
5   5   4   8   -0.0019057620
5   6   1   6   -0.0013381421
5   6   2   5   -0.0014034141
5   6   2   8   -0.0007779129
5   6   4   6   -0.0034998355
5   7   1   7   -0.0013381421
5   7   3   5   -0.0014034141
5   7   3   8   -0.0007779129
5   7   4   7   -0.0034998355
5   8   1   5   -0.0005976268
5   8   1   8   -0.0004017855
5   8   2   6   -0.0007783103
5   8   3   7   -0.0007783103
5   8   4   5   -0.0019427242
5   8   4   8   -0.0021124046

End IABC Block
