Begin IJ Block
1   1   -5.7235885952
1   2   0.0005923140
1   5   -0.0142498829
2   2   -6.9221891807
2   5   -0.0047914558
3   3   -5.9334288691
3   4   0.0000000000
4   4   -5.9334288691
5   5   -5.8152089120

End IJ Block
Begin IA Block
1   1   0.0996576367
1   4   0.0730043155
2   1   0.0359774329
2   4   0.1485236618
3   2   0.2306770892
3   3   0.0086320825
4   2   -0.0086320826
4   3   0.2306770892
5   1   -0.2459476194
5   4   -0.1898745597

End IA Block
Begin AB Block
1   1   -1.5831211747
1   4   -0.3559757761
2   2   -1.3711529706
3   3   -1.3711529706
4   4   -1.4499969947

End AB Block
Begin IJKL Block
1   6   1   6   1.6513602915
1   6   1   7   -0.0021609570
1   6   1   10   0.0206103180
1   6   2   6   -0.0021609570
1   6   2   7   0.0000045936
1   6   2   10   -0.0000456844
1   6   3   8   0.0000036697
1   6   4   9   0.0000036697
1   6   5   6   0.0206103180
1   6   5   7   -0.0000456844
1   6   5   10   0.0004765960
1   7   1   6   -0.0021609570
1   7   1   7   0.1833031464
1   7   1   10   -0.0212915970
1   7   2   6   0.0000045936
1   7   2   7   0.0002889179
1   7   2   10   -0.0000796927
1   7   3   8   0.0000725499
1   7   4   9   0.0000725499
1   7   5   6   -0.0000456844
1   7   5   7   -0.0009501902
1   7   5   10   0.0002011030
1   8   1   8   0.1815381857
1   8   2   8   0.0002687141
1   8   3   6   0.0000036697
1   8   3   7   0.0000725499
1   8   3   10   -0.0000299416
1   8   5   8   -0.0008950415
1   9   1   9   0.1815381857
1   9   2   9   0.0002687141
1   9   4   6   0.0000036697
1   9   4   7   0.0000725499
1   9   4   10   -0.0000299416
1   9   5   9   -0.0008950415
1   10   1   6   0.0206103180
1   10   1   7   -0.0212915970
1   10   1   10   0.1959829655
1   10   2   6   -0.0000456844
1   10   2   7   -0.0000796927
1   10   2   10   0.0002755356
1   10   3   8   -0.0000299416
1   10   4   9   -0.0000299416
1   10   5   6   0.0004765960
1   10   5   7   0.0002011030
1   10   5   10   -0.0010194646
2   6   1   6   -0.0021609570
2   6   1   7   0.0000045936
2   6   1   10   -0.0000456844
2   6   2   6   0.1833031464
2   6   2   7   0.0002889179
2   6   2   10   -0.0009501902
2   6   3   8   0.0000725499
2   6   4   9   0.0000725499
2   6   5   6   -0.0212915970
2   6   5   7   -0.0000796927
2   6   5   10   0.0002011030
2   7   1   6   0.0000045936
2   7   1   7   0.0002889179
2   7   1   10   -0.0000796927
2   7   2   6   0.0002889179
2   7   2   7   0.8836053639
2   7   2   10   0.0087981393
2   7   3   8   0.1650367670
2   7   4   9   0.1650367670
2   7   5   6   -0.0000796927
2   7   5   7   0.0087981393
2   7   5   10   0.1583660406
2   8   1   8   0.0002687141
2   8   2   8   0.8272074490
2   8   3   6   0.0000725499
2   8   3   7   0.1650367670
2   8   3   10   0.0019890841
2   8   5   8   0.0082313468
2   9   1   9   0.0002687141
2   9   2   9   0.8272074490
2   9   4   6   0.0000725499
2   9   4   7   0.1650367670
2   9   4   10   0.0019890841
2   9   5   9   0.0082313468
2   10   1   6   -0.0000456844
2   10   1   7   -0.0000796927
2   10   1   10   0.0002755356
2   10   2   6   -0.0009501902
2   10   2   7   0.0087981393
2   10   2   10   0.8011931511
2   10   3   8   0.0019890841
2   10   4   9   0.0019890841
2   10   5   6   0.0002011030
2   10   5   7   0.1583660406
2   10   5   10   0.0095836073
3   6   1   8   0.0000036697
3   6   2   8   0.0000725499
3   6   3   6   0.1815381857
3   6   3   7   0.0002687141
3   6   3   10   -0.0008950415
3   6   5   8   -0.0000299416
3   7   1   8   0.0000725499
3   7   2   8   0.1650367670
3   7   3   6   0.0002687141
3   7   3   7   0.8272074490
3   7   3   10   0.0082313468
3   7   5   8   0.0019890841
3   8   1   6   0.0000036697
3   8   1   7   0.0000725499
3   8   1   10   -0.0000299416
3   8   2   6   0.0000725499
3   8   2   7   0.1650367670
3   8   2   10   0.0019890841
3   8   3   8   0.8342793143
3   8   3   9   -0.0000000000
3   8   4   8   -0.0000000000
3   8   4   9   0.0404219451
3   8   5   6   -0.0000299416
3   8   5   7   0.0019890841
3   8   5   10   0.0389313948
3   9   3   8   -0.0000000000
3   9   3   9   0.7534354241
3   9   4   8   0.0404219451
3   9   4   9   -0.0000000000
3   10   1   8   -0.0000299416
3   10   2   8   0.0019890841
3   10   3   6   -0.0008950415
3   10   3   7   0.0082313468
3   10   3   10   0.7307699390
3   10   4   10   -0.0000000000
3   10   5   8   0.0389313948
4   6   1   9   0.0000036697
4   6   2   9   0.0000725499
4   6   4   6   0.1815381857
4   6   4   7   0.0002687141
4   6   4   10   -0.0008950415
4   6   5   9   -0.0000299416
4   7   1   9   0.0000725499
4   7   2   9   0.1650367670
4   7   4   6   0.0002687141
4   7   4   7   0.8272074490
4   7   4   10   0.0082313468
4   7   5   9   0.0019890841
4   8   3   8   -0.0000000000
4   8   3   9   0.0404219451
4   8   4   8   0.7534354241
4   8   4   9   -0.0000000000
4   9   1   6   0.0000036697
4   9   1   7   0.0000725499
4   9   1   10   -0.0000299416
4   9   2   6   0.0000725499
4   9   2   7   0.1650367670
4   9   2   10   0.0019890841
4   9   3   8   0.0404219451
4   9   3   9   -0.0000000000
4   9   4   8   -0.0000000000
4   9   4   9   0.8342793143
4   9   5   6   -0.0000299416
4   9   5   7   0.0019890841
4   9   5   10   0.0389313948
4   10   1   9   -0.0000299416
4   10   2   9   0.0019890841
4   10   3   10   -0.0000000000
4   10   4   6   -0.0008950415
4   10   4   7   0.0082313468
4   10   4   10   0.7307699390
4   10   5   9   0.0389313948
5   6   1   6   0.0206103180
5   6   1   7   -0.0000456844
5   6   1   10   0.0004765960
5   6   2   6   -0.0212915970
5   6   2   7   -0.0000796927
5   6   2   10   0.0002011030
5   6   3   8   -0.0000299416
5   6   4   9   -0.0000299416
5   6   5   6   0.1959829655
5   6   5   7   0.0002755356
5   6   5   10   -0.0010194646
5   7   1   6   -0.0000456844
5   7   1   7   -0.0009501902
5   7   1   10   0.0002011030
5   7   2   6   -0.0000796927
5   7   2   7   0.0087981393
5   7   2   10   0.1583660406
5   7   3   8   0.0019890841
5   7   4   9   0.0019890841
5   7   5   6   0.0002755356
5   7   5   7   0.8011931511
5   7   5   10   0.0095836073
5   8   1   8   -0.0008950415
5   8   2   8   0.0082313468
5   8   3   6   -0.0000299416
5   8   3   7   0.0019890841
5   8   3   10   0.0389313948
5   8   5   8   0.7307699390
5   8   5   9   -0.0000000000
5   9   1   9   -0.0008950415
5   9   2   9   0.0082313468
5   9   4   6   -0.0000299416
5   9   4   7   0.0019890841
5   9   4   10   0.0389313948
5   9   5   8   -0.0000000000
5   9   5   9   0.7307699390
5   10   1   6   0.0004765960
5   10   1   7   0.0002011030
5   10   1   10   -0.0010194646
5   10   2   6   0.0002011030
5   10   2   7   0.1583660406
5   10   2   10   0.0095836073
5   10   3   8   0.0389313948
5   10   4   9   0.0389313948
5   10   5   6   -0.0010194646
5   10   5   7   0.0095836073
5   10   5   10   0.7847748817

End IJKL Block
Begin IJAB Block
1   6   1   5   0.0076346368
1   6   1   8   0.0060502063
1   6   2   6   0.0010953253
1   6   3   7   0.0010953253
1   6   4   5   0.0060502063
1   6   4   8   0.0054795919
1   7   1   5   -0.0000003563
1   7   1   8   -0.0000092831
1   7   2   6   0.0000076816
1   7   3   7   0.0000076816
1   7   4   5   -0.0000152275
1   7   4   8   -0.0000157307
1   8   1   6   0.0000167761
1   8   1   7   0.0000006278
1   8   2   5   0.0000854494
1   8   2   8   0.0001299188
1   8   3   5   0.0000031976
1   8   3   8   0.0000048616
1   8   4   6   -0.0000154129
1   8   4   7   -0.0000005768
1   9   1   6   -0.0000006278
1   9   1   7   0.0000167761
1   9   2   5   -0.0000031976
1   9   2   8   -0.0000048616
1   9   3   5   0.0000854494
1   9   3   8   0.0001299188
1   9   4   6   0.0000005768
1   9   4   7   -0.0000154129
1   10   1   5   0.0001550363
1   10   1   8   0.0003676328
1   10   2   6   -0.0002247221
1   10   3   7   -0.0002247221
1   10   4   5   0.0001486443
1   10   4   8   0.0001397667
2   6   1   5   -0.0000003563
2   6   1   8   -0.0000152275
2   6   2   6   0.0000076816
2   6   3   7   0.0000076816
2   6   4   5   -0.0000092831
2   6   4   8   -0.0000157307
2   7   1   5   0.0008551681
2   7   1   8   0.0010225288
2   7   2   6   0.0006106905
2   7   3   7   0.0006106905
2   7   4   5   0.0010225288
2   7   4   8   0.0018510279
2   8   1   6   0.0002815954
2   8   1   7   0.0000105375
2   8   2   5   0.0000765816
2   8   2   8   0.0003233395
2   8   3   5   0.0000028657
2   8   3   8   0.0000120996
2   8   4   6   0.0013686065
2   8   4   7   0.0000512141
2   9   1   6   -0.0000105375
2   9   1   7   0.0002815954
2   9   2   5   -0.0000028657
2   9   2   8   -0.0000120996
2   9   3   5   0.0000765816
2   9   3   8   0.0003233395
2   9   4   6   -0.0000512141
2   9   4   7   0.0013686065
2   10   1   5   -0.0003556342
2   10   1   8   -0.0005410783
2   10   2   6   0.0000282969
2   10   3   7   0.0000282969
2   10   4   5   -0.0015518761
2   10   4   8   -0.0017125720
3   6   1   6   0.0000854494
3   6   1   7   0.0000031976
3   6   2   5   0.0000167761
3   6   2   8   -0.0000154129
3   6   3   5   0.0000006278
3   6   3   8   -0.0000005768
3   6   4   6   0.0001299188
3   6   4   7   0.0000048616
3   7   1   6   0.0000765816
3   7   1   7   0.0000028657
3   7   2   5   0.0002815954
3   7   2   8   0.0013686065
3   7   3   5   0.0000105375
3   7   3   8   0.0000512141
3   7   4   6   0.0003233395
3   7   4   7   0.0000120996
3   8   1   5   0.0002637338
3   8   1   8   0.0003705711
3   8   2   6   0.0023480004
3   8   2   7   0.0000813026
3   8   3   6   0.0000813026
3   8   3   7   0.0001783739
3   8   4   5   0.0003705711
3   8   4   8   0.0008285291
3   9   2   6   -0.0000813026
3   9   2   7   0.0019973373
3   9   3   6   0.0001722891
3   9   3   7   0.0000813026
3   10   1   6   -0.0002715714
3   10   1   7   -0.0000101624
3   10   2   5   -0.0023246624
3   10   2   8   -0.0022598239
3   10   3   5   -0.0000869903
3   10   3   8   -0.0000845640
3   10   4   6   -0.0003662490
3   10   4   7   -0.0000137053
4   6   1   6   -0.0000031976
4   6   1   7   0.0000854494
4   6   2   5   -0.0000006278
4   6   2   8   0.0000005768
4   6   3   5   0.0000167761
4   6   3   8   -0.0000154129
4   6   4   6   -0.0000048616
4   6   4   7   0.0001299188
4   7   1   6   -0.0000028657
4   7   1   7   0.0000765816
4   7   2   5   -0.0000105375
4   7   2   8   -0.0000512141
4   7   3   5   0.0002815954
4   7   3   8   0.0013686065
4   7   4   6   -0.0000120996
4   7   4   7   0.0003233395
4   8   2   6   -0.0000813026
4   8   2   7   0.0001722891
4   8   3   6   0.0019973373
4   8   3   7   0.0000813026
4   9   1   5   0.0002637338
4   9   1   8   0.0003705711
4   9   2   6   0.0001783739
4   9   2   7   -0.0000813026
4   9   3   6   -0.0000813026
4   9   3   7   0.0023480004
4   9   4   5   0.0003705711
4   9   4   8   0.0008285291
4   10   1   6   0.0000101624
4   10   1   7   -0.0002715714
4   10   2   5   0.0000869903
4   10   2   8   0.0000845640
4   10   3   5   -0.0023246624
4   10   3   8   -0.0022598239
4   10   4   6   0.0000137053
4   10   4   7   -0.0003662490
5   6   1   5   0.0001550363
5   6   1   8   0.0001486443
5   6   2   6   -0.0002247221
5   6   3   7   -0.0002247221
5   6   4   5   0.0003676328
5   6   4   8   0.0001397667
5   7   1   5   -0.0003556342
5   7   1   8   -0.0015518761
5   7   2   6   0.0000282969
5   7   3   7   0.0000282969
5   7   4   5   -0.0005410783
5   7   4   8   -0.0017125720
5   8   1   6   -0.0023246624
5   8   1   7   -0.0000869903
5   8   2   5   -0.0002715714
5   8   2   8   -0.0003662490
5   8   3   5   -0.0000101624
5   8   3   8   -0.0000137053
5   8   4   6   -0.0022598239
5   8   4   7   -0.0000845640
5   9   1   6   0.0000869903
5   9   1   7   -0.0023246624
5   9   2   5   0.0000101624
5   9   2   8   0.0000137053
5   9   3   5   -0.0002715714
5   9   3   8   -0.0003662490
5   9   4   6   0.0000845640
5   9   4   7   -0.0022598239
5   10   1   5   0.0032139055
5   10   1   8   0.0032993001
5   10   2   6   0.0003987074
5   10   3   7   0.0003987074
5   10   4   5   0.0032993001
5   10   4   8   0.0040564962

End IJAB Block
Begin ABCD Block
1   5   1   5   0.2284535488
1   5   1   8   0.0128497134
1   5   2   6   0.0301000466
1   5   3   7   0.0301000466
1   5   4   5   0.0128497134
1   5   4   8   0.0203627158
1   6   1   6   0.1665930314
1   6   2   5   0.0301000466
1   6   2   8   0.0062657824
1   6   4   6   0.0142674561
1   7   1   7   0.1665930314
1   7   3   5   0.0301000466
1   7   3   8   0.0062657824
1   7   4   7   0.0142674561
1   8   1   5   0.0128497134
1   8   1   8   0.1559166528
1   8   2   6   0.0062657824
1   8   3   7   0.0062657824
1   8   4   5   0.0203627158
1   8   4   8   0.0078141637
2   5   1   6   0.0301000466
2   5   2   5   0.1665930314
2   5   2   8   0.0142674561
2   5   4   6   0.0062657824
2   6   1   5   0.0301000466
2   6   1   8   0.0062657824
2   6   2   6   0.1528394554
2   6   3   7   0.0083917810
2   6   4   5   0.0062657824
2   6   4   8   0.0093866889
2   7   2   7   0.1360558935
2   7   3   6   0.0083917810
2   8   1   6   0.0062657824
2   8   2   5   0.0142674561
2   8   2   8   0.1313693152
2   8   4   6   0.0093866889
3   5   1   7   0.0301000466
3   5   3   5   0.1665930314
3   5   3   8   0.0142674561
3   5   4   7   0.0062657824
3   6   2   7   0.0083917810
3   6   3   6   0.1360558935
3   7   1   5   0.0301000466
3   7   1   8   0.0062657824
3   7   2   6   0.0083917810
3   7   3   7   0.1528394554
3   7   4   5   0.0062657824
3   7   4   8   0.0093866889
3   8   1   7   0.0062657824
3   8   3   5   0.0142674561
3   8   3   8   0.1313693152
3   8   4   7   0.0093866889
4   5   1   5   0.0128497134
4   5   1   8   0.0203627158
4   5   2   6   0.0062657824
4   5   3   7   0.0062657824
4   5   4   5   0.1559166528
4   5   4   8   0.0078141637
4   6   1   6   0.0142674561
4   6   2   5   0.0062657824
4   6   2   8   0.0093866889
4   6   4   6   0.1313693152
4   7   1   7   0.0142674561
4   7   3   5   0.0062657824
4   7   3   8   0.0093866889
4   7   4   7   0.1313693152
4   8   1   5   0.0203627158
4   8   1   8   0.0078141637
4   8   2   6   0.0093866889
4   8   3   7   0.0093866889
4   8   4   5   0.0078141637
4   8   4   8   0.1353840124

End ABCD Block
Begin AIJB Block
1   6   1   5   0.0076346368
1   6   1   8   0.0060502063
1   6   2   5   -0.0000003563
1   6   2   8   -0.0000152275
1   6   3   6   0.0000854494
1   6   3   7   0.0000031976
1   6   4   6   -0.0000031976
1   6   4   7   0.0000854494
1   6   5   5   0.0001550363
1   6   5   8   0.0001486443
1   7   1   5   -0.0000003563
1   7   1   8   -0.0000092831
1   7   2   5   0.0008551681
1   7   2   8   0.0010225288
1   7   3   6   0.0000765816
1   7   3   7   0.0000028657
1   7   4   6   -0.0000028657
1   7   4   7   0.0000765816
1   7   5   5   -0.0003556342
1   7   5   8   -0.0015518761
1   8   1   6   0.0000167761
1   8   1   7   0.0000006278
1   8   2   6   0.0002815954
1   8   2   7   0.0000105375
1   8   3   5   0.0002637338
1   8   3   8   0.0003705711
1   8   5   6   -0.0023246624
1   8   5   7   -0.0000869903
1   9   1   6   -0.0000006278
1   9   1   7   0.0000167761
1   9   2   6   -0.0000105375
1   9   2   7   0.0002815954
1   9   4   5   0.0002637338
1   9   4   8   0.0003705711
1   9   5   6   0.0000869903
1   9   5   7   -0.0023246624
1   10   1   5   0.0001550363
1   10   1   8   0.0003676328
1   10   2   5   -0.0003556342
1   10   2   8   -0.0005410783
1   10   3   6   -0.0002715714
1   10   3   7   -0.0000101624
1   10   4   6   0.0000101624
1   10   4   7   -0.0002715714
1   10   5   5   0.0032139055
1   10   5   8   0.0032993001
2   6   1   6   0.0010953253
2   6   2   6   0.0000076816
2   6   3   5   0.0000167761
2   6   3   8   -0.0000154129
2   6   4   5   -0.0000006278
2   6   4   8   0.0000005768
2   6   5   6   -0.0002247221
2   7   1   6   0.0000076816
2   7   2   6   0.0006106905
2   7   3   5   0.0002815954
2   7   3   8   0.0013686065
2   7   4   5   -0.0000105375
2   7   4   8   -0.0000512141
2   7   5   6   0.0000282969
2   8   1   5   0.0000854494
2   8   1   8   0.0001299188
2   8   2   5   0.0000765816
2   8   2   8   0.0003233395
2   8   3   6   0.0023480004
2   8   3   7   0.0000813026
2   8   4   6   -0.0000813026
2   8   4   7   0.0001722891
2   8   5   5   -0.0002715714
2   8   5   8   -0.0003662490
2   9   1   5   -0.0000031976
2   9   1   8   -0.0000048616
2   9   2   5   -0.0000028657
2   9   2   8   -0.0000120996
2   9   3   6   -0.0000813026
2   9   3   7   0.0019973373
2   9   4   6   0.0001783739
2   9   4   7   -0.0000813026
2   9   5   5   0.0000101624
2   9   5   8   0.0000137053
2   10   1   6   -0.0002247221
2   10   2   6   0.0000282969
2   10   3   5   -0.0023246624
2   10   3   8   -0.0022598239
2   10   4   5   0.0000869903
2   10   4   8   0.0000845640
2   10   5   6   0.0003987074
3   6   1   7   0.0010953253
3   6   2   7   0.0000076816
3   6   3   5   0.0000006278
3   6   3   8   -0.0000005768
3   6   4   5   0.0000167761
3   6   4   8   -0.0000154129
3   6   5   7   -0.0002247221
3   7   1   7   0.0000076816
3   7   2   7   0.0006106905
3   7   3   5   0.0000105375
3   7   3   8   0.0000512141
3   7   4   5   0.0002815954
3   7   4   8   0.0013686065
3   7   5   7   0.0000282969
3   8   1   5   0.0000031976
3   8   1   8   0.0000048616
3   8   2   5   0.0000028657
3   8   2   8   0.0000120996
3   8   3   6   0.0000813026
3   8   3   7   0.0001783739
3   8   4   6   0.0019973373
3   8   4   7   0.0000813026
3   8   5   5   -0.0000101624
3   8   5   8   -0.0000137053
3   9   1   5   0.0000854494
3   9   1   8   0.0001299188
3   9   2   5   0.0000765816
3   9   2   8   0.0003233395
3   9   3   6   0.0001722891
3   9   3   7   0.0000813026
3   9   4   6   -0.0000813026
3   9   4   7   0.0023480004
3   9   5   5   -0.0002715714
3   9   5   8   -0.0003662490
3   10   1   7   -0.0002247221
3   10   2   7   0.0000282969
3   10   3   5   -0.0000869903
3   10   3   8   -0.0000845640
3   10   4   5   -0.0023246624
3   10   4   8   -0.0022598239
3   10   5   7   0.0003987074
4   6   1   5   0.0060502063
4   6   1   8   0.0054795919
4   6   2   5   -0.0000092831
4   6   2   8   -0.0000157307
4   6   3   6   0.0001299188
4   6   3   7   0.0000048616
4   6   4   6   -0.0000048616
4   6   4   7   0.0001299188
4   6   5   5   0.0003676328
4   6   5   8   0.0001397667
4   7   1   5   -0.0000152275
4   7   1   8   -0.0000157307
4   7   2   5   0.0010225288
4   7   2   8   0.0018510279
4   7   3   6   0.0003233395
4   7   3   7   0.0000120996
4   7   4   6   -0.0000120996
4   7   4   7   0.0003233395
4   7   5   5   -0.0005410783
4   7   5   8   -0.0017125720
4   8   1   6   -0.0000154129
4   8   1   7   -0.0000005768
4   8   2   6   0.0013686065
4   8   2   7   0.0000512141
4   8   3   5   0.0003705711
4   8   3   8   0.0008285291
4   8   5   6   -0.0022598239
4   8   5   7   -0.0000845640
4   9   1   6   0.0000005768
4   9   1   7   -0.0000154129
4   9   2   6   -0.0000512141
4   9   2   7   0.0013686065
4   9   4   5   0.0003705711
4   9   4   8   0.0008285291
4   9   5   6   0.0000845640
4   9   5   7   -0.0022598239
4   10   1   5   0.0001486443
4   10   1   8   0.0001397667
4   10   2   5   -0.0015518761
4   10   2   8   -0.0017125720
4   10   3   6   -0.0003662490
4   10   3   7   -0.0000137053
4   10   4   6   0.0000137053
4   10   4   7   -0.0003662490
4   10   5   5   0.0032993001
4   10   5   8   0.0040564962

1   6   6   1   -0.2710821422
1   6   6   4   -0.0665212952
1   6   7   1   0.0001360858
1   6   7   4   0.0000263134
1   6   8   2   -0.0001132127
1   6   8   3   -0.0000042365
1   6   9   2   0.0000042365
1   6   9   3   -0.0001132127
1   6   10   1   -0.0009663554
1   6   10   4   -0.0001794359
1   7   6   1   0.0001360858
1   7   6   4   0.0000263134
1   7   7   1   -0.1253404292
1   7   7   4   -0.0292329320
1   7   8   2   -0.0030746977
1   7   8   3   -0.0001150571
1   7   9   2   0.0001150571
1   7   9   3   -0.0030746977
1   7   10   1   0.0088052491
1   7   10   4   0.0036303312
1   8   6   2   -0.0001132127
1   8   6   3   -0.0000042365
1   8   7   2   -0.0030746977
1   8   7   3   -0.0001150571
1   8   8   1   -0.1247322330
1   8   8   4   -0.0286809788
1   8   10   2   0.0011014209
1   8   10   3   0.0000412159
1   9   6   2   0.0000042365
1   9   6   3   -0.0001132127
1   9   7   2   0.0001150571
1   9   7   3   -0.0030746977
1   9   9   1   -0.1247322330
1   9   9   4   -0.0286809788
1   9   10   2   -0.0000412159
1   9   10   3   0.0011014209
1   10   6   1   -0.0009663554
1   10   6   4   -0.0001794359
1   10   7   1   0.0088052491
1   10   7   4   0.0036303312
1   10   8   2   0.0011014209
1   10   8   3   0.0000412159
1   10   9   2   -0.0000412159
1   10   9   3   0.0011014209
1   10   10   1   -0.1289850860
1   10   10   4   -0.0304282920
2   6   6   2   -0.1933784722
2   6   7   2   0.0000431772
2   6   8   1   -0.0001132127
2   6   8   4   -0.0000743470
2   6   9   1   0.0000042365
2   6   9   4   0.0000027821
2   6   10   2   -0.0002328027
2   7   6   2   0.0000431772
2   7   7   2   -0.1251274266
2   7   8   1   -0.0030746977
2   7   8   4   -0.0038073499
2   7   9   1   0.0001150571
2   7   9   4   0.0001424734
2   7   10   2   0.0065805353
2   8   6   1   -0.0001132127
2   8   6   4   -0.0000743470
2   8   7   1   -0.0030746977
2   8   7   4   -0.0038073499
2   8   8   2   -0.1254997778
2   8   8   3   -0.0000388067
2   8   9   2   0.0000388067
2   8   9   3   -0.0005177943
2   8   10   1   0.0011014209
2   8   10   4   0.0008911578
2   9   6   1   0.0000042365
2   9   6   4   0.0000027821
2   9   7   1   0.0001150571
2   9   7   4   0.0001424734
2   9   8   2   0.0000388067
2   9   8   3   -0.0005177943
2   9   9   2   -0.1244641892
2   9   9   3   0.0000388067
2   9   10   1   -0.0000412159
2   9   10   4   -0.0000333477
2   10   6   2   -0.0002328027
2   10   7   2   0.0065805353
2   10   8   1   0.0011014209
2   10   8   4   0.0008911578
2   10   9   1   -0.0000412159
2   10   9   4   -0.0000333477
2   10   10   2   -0.1270395362
3   6   6   3   -0.1933784722
3   6   7   3   0.0000431772
3   6   8   1   -0.0000042365
3   6   8   4   -0.0000027821
3   6   9   1   -0.0001132127
3   6   9   4   -0.0000743470
3   6   10   3   -0.0002328027
3   7   6   3   0.0000431772
3   7   7   3   -0.1251274266
3   7   8   1   -0.0001150571
3   7   8   4   -0.0001424734
3   7   9   1   -0.0030746977
3   7   9   4   -0.0038073499
3   7   10   3   0.0065805353
3   8   6   1   -0.0000042365
3   8   6   4   -0.0000027821
3   8   7   1   -0.0001150571
3   8   7   4   -0.0001424734
3   8   8   2   -0.0000388067
3   8   8   3   -0.1244641892
3   8   9   2   -0.0005177943
3   8   9   3   -0.0000388067
3   8   10   1   0.0000412159
3   8   10   4   0.0000333477
3   9   6   1   -0.0001132127
3   9   6   4   -0.0000743470
3   9   7   1   -0.0030746977
3   9   7   4   -0.0038073499
3   9   8   2   -0.0005177943
3   9   8   3   -0.0000388067
3   9   9   2   0.0000388067
3   9   9   3   -0.1254997778
3   9   10   1   0.0011014209
3   9   10   4   0.0008911578
3   10   6   3   -0.0002328027
3   10   7   3   0.0065805353
3   10   8   1   0.0000412159
3   10   8   4   0.0000333477
3   10   9   1   0.0011014209
3   10   9   4   0.0008911578
3   10   10   3   -0.1270395362
4   6   6   1   -0.0665212952
4   6   6   4   -0.1952508727
4   6   7   1   0.0000263134
4   6   7   4   0.0000303952
4   6   8   2   -0.0000743470
4   6   8   3   -0.0000027821
4   6   9   2   0.0000027821
4   6   9   3   -0.0000743470
4   6   10   1   -0.0001794359
4   6   10   4   -0.0001724503
4   7   6   1   0.0000263134
4   7   6   4   0.0000303952
4   7   7   1   -0.0292329320
4   7   7   4   -0.1403499304
4   7   8   2   -0.0038073499
4   7   8   3   -0.0001424734
4   7   9   2   0.0001424734
4   7   9   3   -0.0038073499
4   7   10   1   0.0036303312
4   7   10   4   0.0062580580
4   8   6   2   -0.0000743470
4   8   6   3   -0.0000027821
4   8   7   2   -0.0038073499
4   8   7   3   -0.0001424734
4   8   8   1   -0.0286809788
4   8   8   4   -0.1395645372
4   8   10   2   0.0008911578
4   8   10   3   0.0000333477
4   9   6   2   0.0000027821
4   9   6   3   -0.0000743470
4   9   7   2   0.0001424734
4   9   7   3   -0.0038073499
4   9   9   1   -0.0286809788
4   9   9   4   -0.1395645372
4   9   10   2   -0.0000333477
4   9   10   3   0.0008911578
4   10   6   1   -0.0001794359
4   10   6   4   -0.0001724503
4   10   7   1   0.0036303312
4   10   7   4   0.0062580580
4   10   8   2   0.0008911578
4   10   8   3   0.0000333477
4   10   9   2   -0.0000333477
4   10   9   3   0.0008911578
4   10   10   1   -0.0304282920
4   10   10   4   -0.1422543316

End AIJB Block
Begin IJKA Block
1   6   1   5   -0.0871370305
1   6   1   8   -0.0754778283
1   6   2   5   0.0001426068
1   6   2   8   0.0001455605
1   6   3   6   0.0000610313
1   6   3   7   0.0000022838
1   6   4   6   -0.0000022838
1   6   4   7   0.0000610313
1   6   5   5   -0.0014523247
1   6   5   8   -0.0015166599
1   7   1   5   -0.0004472382
1   7   1   8   -0.0000577331
1   7   2   5   -0.0000075805
1   7   2   8   -0.0000126641
1   7   3   6   -0.0000022165
1   7   3   7   -0.0000000829
1   7   4   6   0.0000000829
1   7   4   7   -0.0000022165
1   7   5   5   0.0000165669
1   7   5   8   0.0000216027
1   8   1   6   0.0016468108
1   8   1   7   0.0000616247
1   8   2   6   -0.0000139693
1   8   2   7   -0.0000005227
1   8   3   5   0.0000047016
1   8   3   8   0.0000088927
1   8   5   6   0.0000351899
1   8   5   7   0.0000013168
1   9   1   6   -0.0000616247
1   9   1   7   0.0016468108
1   9   2   6   0.0000005227
1   9   2   7   -0.0000139693
1   9   4   5   0.0000047016
1   9   4   8   0.0000088927
1   9   5   6   -0.0000013168
1   9   5   7   0.0000351899
1   10   1   5   -0.0097431278
1   10   1   8   -0.0184446216
1   10   2   5   0.0000219475
1   10   2   8   0.0000161511
1   10   3   6   -0.0000159858
1   10   3   7   -0.0000005982
1   10   4   6   0.0000005982
1   10   4   7   -0.0000159858
1   10   5   5   -0.0000784977
1   10   5   8   -0.0000155970
2   6   1   5   0.0001426068
2   6   1   8   0.0001455605
2   6   2   5   -0.0015289501
2   6   2   8   0.0003154887
2   6   3   6   0.0002315995
2   6   3   7   0.0000086666
2   6   4   6   -0.0000086666
2   6   4   7   0.0002315995
2   6   5   5   0.0003604667
2   6   5   8   -0.0000602348
2   7   1   5   -0.0000075805
2   7   1   8   -0.0000126641
2   7   2   5   -0.0057412786
2   7   2   8   -0.0249943175
2   7   3   6   -0.0098925652
2   7   3   7   -0.0003701860
2   7   4   6   0.0003701860
2   7   4   7   -0.0098925652
2   7   5   5   0.0110992880
2   7   5   8   0.0104349505
2   8   1   6   -0.0000139693
2   8   1   7   -0.0000005227
2   8   2   6   -0.0384399758
2   8   2   7   -0.0014384482
2   8   3   5   -0.0009469049
2   8   3   8   -0.0039531422
2   8   5   6   -0.0013244638
2   8   5   7   -0.0000495623
2   9   1   6   0.0000005227
2   9   1   7   -0.0000139693
2   9   2   6   0.0014384482
2   9   2   7   -0.0384399758
2   9   4   5   -0.0009469049
2   9   4   8   -0.0039531422
2   9   5   6   0.0000495623
2   9   5   7   -0.0013244638
2   10   1   5   0.0000219475
2   10   1   8   0.0000161511
2   10   2   5   0.0431680371
2   10   2   8   0.0374518355
2   10   3   6   -0.0010440304
2   10   3   7   -0.0000390683
2   10   4   6   0.0000390683
2   10   4   7   -0.0010440304
2   10   5   5   0.0010848846
2   10   5   8   -0.0008322961
3   6   1   6   0.0000610313
3   6   1   7   0.0000022838
3   6   2   6   0.0002315995
3   6   2   7   0.0000086666
3   6   3   5   -0.0014729191
3   6   3   8   0.0003101057
3   6   5   6   -0.0001154871
3   6   5   7   -0.0000043216
3   7   1   6   -0.0000022165
3   7   1   7   -0.0000000829
3   7   2   6   -0.0098925652
3   7   2   7   -0.0003701860
3   7   3   5   -0.0052102329
3   7   3   8   -0.0225481142
3   7   5   6   -0.0002707664
3   7   5   7   -0.0000101322
3   8   1   5   0.0000047016
3   8   1   8   0.0000088927
3   8   2   5   -0.0009469049
3   8   2   8   -0.0039531422
3   8   3   6   -0.0386404477
3   8   3   7   -0.0014459500
3   8   4   6   0.0000874219
3   8   4   7   -0.0023361956
3   8   5   5   0.0025926547
3   8   5   8   0.0023865129
3   9   3   6   0.0012711062
3   9   3   7   -0.0339680564
3   9   4   6   -0.0023361956
3   9   4   7   -0.0000874219
3   10   1   6   -0.0000159858
3   10   1   7   -0.0000005982
3   10   2   6   -0.0010440304
3   10   2   7   -0.0000390683
3   10   3   5   0.0381715600
3   10   3   8   0.0327026509
3   10   5   6   -0.0020230786
3   10   5   7   -0.0000757049
4   6   1   6   -0.0000022838
4   6   1   7   0.0000610313
4   6   2   6   -0.0000086666
4   6   2   7   0.0002315995
4   6   4   5   -0.0014729191
4   6   4   8   0.0003101057
4   6   5   6   0.0000043216
4   6   5   7   -0.0001154871
4   7   1   6   0.0000000829
4   7   1   7   -0.0000022165
4   7   2   6   0.0003701860
4   7   2   7   -0.0098925652
4   7   4   5   -0.0052102329
4   7   4   8   -0.0225481142
4   7   5   6   0.0000101322
4   7   5   7   -0.0002707664
4   8   3   6   0.0000874219
4   8   3   7   -0.0023361956
4   8   4   6   -0.0339680564
4   8   4   7   -0.0012711061
4   9   1   5   0.0000047016
4   9   1   8   0.0000088927
4   9   2   5   -0.0009469049
4   9   2   8   -0.0039531422
4   9   3   6   -0.0023361956
4   9   3   7   -0.0000874219
4   9   4   6   0.0014459500
4   9   4   7   -0.0386404477
4   9   5   5   0.0025926547
4   9   5   8   0.0023865129
4   10   1   6   0.0000005982
4   10   1   7   -0.0000159858
4   10   2   6   0.0000390683
4   10   2   7   -0.0010440304
4   10   4   5   0.0381715600
4   10   4   8   0.0327026509
4   10   5   6   0.0000757049
4   10   5   7   -0.0020230786
5   6   1   5   -0.0014523247
5   6   1   8   -0.0015166599
5   6   2   5   0.0003604667
5   6   2   8   -0.0000602348
5   6   3   6   -0.0001154871
5   6   3   7   -0.0000043216
5   6   4   6   0.0000043216
5   6   4   7   -0.0001154871
5   6   5   5   -0.0018238522
5   6   5   8   0.0002958185
5   7   1   5   0.0000165669
5   7   1   8   0.0000216027
5   7   2   5   0.0110992880
5   7   2   8   0.0104349505
5   7   3   6   -0.0002707664
5   7   3   7   -0.0000101322
5   7   4   6   0.0000101322
5   7   4   7   -0.0002707664
5   7   5   5   -0.0045835324
5   7   5   8   -0.0209072206
5   8   1   6   0.0000351899
5   8   1   7   0.0000013168
5   8   2   6   -0.0013244638
5   8   2   7   -0.0000495623
5   8   3   5   0.0025926547
5   8   3   8   0.0023865129
5   8   5   6   -0.0323525034
5   8   5   7   -0.0012106511
5   9   1   6   -0.0000013168
5   9   1   7   0.0000351899
5   9   2   6   0.0000495623
5   9   2   7   -0.0013244638
5   9   4   5   0.0025926547
5   9   4   8   0.0023865129
5   9   5   6   0.0012106511
5   9   5   7   -0.0323525034
5   10   1   5   -0.0000784977
5   10   1   8   -0.0000155970
5   10   2   5   0.0010848846
5   10   2   8   -0.0008322961
5   10   3   6   -0.0020230786
5   10   3   7   -0.0000757049
5   10   4   6   0.0000757049
5   10   4   7   -0.0020230786
5   10   5   5   0.0412438337
5   10   5   8   0.0347408444

End IJKA Block
Begin IABC Block
1   5   1   5   0.0004769358
1   5   1   8   -0.0009616356
1   5   2   6   0.0018879818
1   5   3   7   0.0018879818
1   5   4   5   -0.0013772281
1   5   4   8   -0.0006502212
1   6   1   6   0.0000076358
1   6   2   5   0.0018879818
1   6   2   8   0.0010942535
1   6   4   6   -0.0002632679
1   7   1   7   0.0000076358
1   7   3   5   0.0018879818
1   7   3   8   0.0010942535
1   7   4   7   -0.0002632679
1   8   1   5   -0.0009616356
1   8   1   8   -0.0009023161
1   8   2   6   0.0010942535
1   8   3   7   0.0010942535
1   8   4   5   -0.0006502212
1   8   4   8   -0.0006150919
2   5   1   5   -0.0002859488
2   5   1   8   -0.0001710000
2   5   2   6   0.0000091940
2   5   3   7   0.0000091940
2   5   4   5   -0.0002816485
2   5   4   8   -0.0002307884
2   6   1   6   -0.0002442891
2   6   2   5   0.0000091940
2   6   2   8   -0.0000339041
2   6   4   6   -0.0002393962
2   7   1   7   -0.0002442891
2   7   3   5   0.0000091940
2   7   3   8   -0.0000339041
2   7   4   7   -0.0002393962
2   8   1   5   -0.0001710000
2   8   1   8   -0.0002915236
2   8   2   6   -0.0000339041
2   8   3   7   -0.0000339041
2   8   4   5   -0.0002307884
2   8   4   8   -0.0004206789
3   5   1   6   0.0008149827
3   5   1   7   0.0000304972
3   5   2   5   0.0011900244
3   5   2   8   -0.0000072383
3   5   3   5   0.0000445315
3   5   3   8   -0.0000002709
3   5   4   6   0.0013489910
3   5   4   7   0.0000504801
3   6   1   5   0.0008149827
3   6   1   8   0.0005500373
3   6   2   6   0.0011846902
3   6   2   7   0.0000119895
3   6   3   6   0.0000203528
3   6   3   7   0.0003203985
3   6   4   5   0.0013489910
3   6   4   8   0.0011023522
3   7   1   5   0.0000304972
3   7   1   8   0.0000205827
3   7   2   6   0.0000119895
3   7   2   7   0.0005438932
3   7   3   6   0.0003203985
3   7   3   7   0.0000443319
3   7   4   5   0.0000504801
3   7   4   8   0.0000412507
3   8   1   6   0.0005500373
3   8   1   7   0.0000205827
3   8   2   5   -0.0000072383
3   8   2   8   -0.0001807697
3   8   3   5   -0.0000002709
3   8   3   8   -0.0000067645
3   8   4   6   0.0011023522
3   8   4   7   0.0000412507
4   5   1   6   -0.0000304972
4   5   1   7   0.0008149827
4   5   2   5   -0.0000445315
4   5   2   8   0.0000002709
4   5   3   5   0.0011900244
4   5   3   8   -0.0000072383
4   5   4   6   -0.0000504801
4   5   4   7   0.0013489910
4   6   1   5   -0.0000304972
4   6   1   8   -0.0000205827
4   6   2   6   -0.0000443319
4   6   2   7   0.0003203985
4   6   3   6   0.0005438932
4   6   3   7   -0.0000119895
4   6   4   5   -0.0000504801
4   6   4   8   -0.0000412507
4   7   1   5   0.0008149827
4   7   1   8   0.0005500373
4   7   2   6   0.0003203985
4   7   2   7   -0.0000203528
4   7   3   6   -0.0000119895
4   7   3   7   0.0011846902
4   7   4   5   0.0013489910
4   7   4   8   0.0011023522
4   8   1   6   -0.0000205827
4   8   1   7   0.0005500373
4   8   2   5   0.0000002709
4   8   2   8   0.0000067645
4   8   3   5   -0.0000072383
4   8   3   8   -0.0001807697
4   8   4   6   -0.0000412507
4   8   4   7   0.0011023522
5   5   1   5   -0.0045056619
5   5   1   8   -0.0005650747
5   5   2   6   -0.0019030727
5   5   3   7   -0.0019030727
5   5   4   5   -0.0064626174
5   5   4   8   -0.0022273240
5   6   1   6   -0.0025940912
5   6   2   5   -0.0019030727
5   6   2   8   -0.0010862109
5   6   4   6   -0.0045417349
5   7   1   7   -0.0025940912
5   7   3   5   -0.0019030727
5   7   3   8   -0.0010862109
5   7   4   7   -0.0045417349
5   8   1   5   -0.0005650747
5   8   1   8   -0.0013485592
5   8   2   6   -0.0010862109
5   8   3   7   -0.0010862109
5   8   4   5   -0.0022273240
5   8   4   8   -0.0032571208

End IABC Block
