Begin IJ Block
1   1   -5.3548495779
1   2   0.0001393858
1   5   -0.0095339052
2   2   -6.7621756308
2   5   -0.0090720528
3   3   -5.7921372676
4   4   -5.7921372676
5   5   -5.6603578264

End IJ Block
Begin IA Block
1   1   0.1088517917
1   4   0.0625639551
2   1   0.0158961560
2   4   0.1058253023
3   2   0.0807430006
3   3   0.1345505551
4   2   0.1345505551
4   3   -0.0807430006
5   1   -0.2602160970
5   4   -0.3542418791

End IA Block
Begin AB Block
1   1   -1.5101859946
1   4   -0.3064256804
2   2   -1.3425747658
3   3   -1.3425747658
4   4   -1.5689570009

End AB Block
Begin IJKL Block
1   6   1   6   1.6516204049
1   6   1   7   -0.0001892643
1   6   1   10   0.0103963261
1   6   2   6   -0.0001892643
1   6   2   7   0.0000000411
1   6   2   10   -0.0000017001
1   6   3   8   0.0000002088
1   6   4   9   0.0000002088
1   6   5   6   0.0103963261
1   6   5   7   -0.0000017001
1   6   5   10   0.0001043983
1   7   1   6   -0.0001892643
1   7   1   7   0.1302361939
1   7   1   10   -0.0105738879
1   7   2   6   0.0000000411
1   7   2   7   0.0000115408
1   7   2   10   -0.0000070319
1   7   3   8   0.0000028834
1   7   4   9   0.0000028834
1   7   5   6   -0.0000017001
1   7   5   7   -0.0001266996
1   7   5   10   0.0000202823
1   8   1   8   0.1295013575
1   8   2   8   0.0000106106
1   8   3   6   0.0000002088
1   8   3   7   0.0000028834
1   8   3   10   -0.0000020668
1   8   5   8   -0.0001215724
1   9   1   9   0.1295013575
1   9   2   9   0.0000106106
1   9   4   6   0.0000002088
1   9   4   7   0.0000028834
1   9   4   10   -0.0000020668
1   9   5   9   -0.0001215724
1   10   1   6   0.0103963261
1   10   1   7   -0.0105738879
1   10   1   10   0.1358840355
1   10   2   6   -0.0000017001
1   10   2   7   -0.0000070319
1   10   2   10   0.0000109722
1   10   3   8   -0.0000020668
1   10   4   9   -0.0000020668
1   10   5   6   0.0001043983
1   10   5   7   0.0000202823
1   10   5   10   -0.0001338976
2   6   1   6   -0.0001892643
2   6   1   7   0.0000000411
2   6   1   10   -0.0000017001
2   6   2   6   0.1302361939
2   6   2   7   0.0000115408
2   6   2   10   -0.0001266996
2   6   3   8   0.0000028834
2   6   4   9   0.0000028834
2   6   5   6   -0.0105738879
2   6   5   7   -0.0000070319
2   6   5   10   0.0000202823
2   7   1   6   0.0000000411
2   7   1   7   0.0000115408
2   7   1   10   -0.0000070319
2   7   2   6   0.0000115408
2   7   2   7   0.8833857920
2   7   2   10   0.0055964238
2   7   3   8   0.1658972578
2   7   4   9   0.1658972578
2   7   5   6   -0.0000070319
2   7   5   7   0.0055964238
2   7   5   10   0.1594437448
2   8   1   8   0.0000106106
2   8   2   8   0.8297495798
2   8   3   6   0.0000028834
2   8   3   7   0.1658972578
2   8   3   10   0.0013294848
2   8   5   8   0.0053666025
2   9   1   9   0.0000106106
2   9   2   9   0.8297495798
2   9   4   6   0.0000028834
2   9   4   7   0.1658972578
2   9   4   10   0.0013294848
2   9   5   9   0.0053666025
2   10   1   6   -0.0000017001
2   10   1   7   -0.0000070319
2   10   1   10   0.0000109722
2   10   2   6   -0.0001266996
2   10   2   7   0.0055964238
2   10   2   10   0.8051024804
2   10   3   8   0.0013294848
2   10   4   9   0.0013294848
2   10   5   6   0.0000202823
2   10   5   7   0.1594437448
2   10   5   10   0.0058142644
3   6   1   8   0.0000002088
3   6   2   8   0.0000028834
3   6   3   6   0.1295013575
3   6   3   7   0.0000106106
3   6   3   10   -0.0001215724
3   6   5   8   -0.0000020668
3   7   1   8   0.0000028834
3   7   2   8   0.1658972578
3   7   3   6   0.0000106106
3   7   3   7   0.8297495798
3   7   3   10   0.0053666025
3   7   5   8   0.0013294848
3   8   1   6   0.0000002088
3   8   1   7   0.0000028834
3   8   1   10   -0.0000020668
3   8   2   6   0.0000028834
3   8   2   7   0.1658972578
3   8   2   10   0.0013294848
3   8   3   8   0.8397166460
3   8   4   9   0.0408309472
3   8   5   6   -0.0000020668
3   8   5   7   0.0013294848
3   8   5   10   0.0393090630
3   9   3   9   0.7580547516
3   9   4   8   0.0408309472
3   10   1   8   -0.0000020668
3   10   2   8   0.0013294848
3   10   3   6   -0.0001215724
3   10   3   7   0.0053666025
3   10   3   10   0.7363410309
3   10   5   8   0.0393090630
4   6   1   9   0.0000002088
4   6   2   9   0.0000028834
4   6   4   6   0.1295013575
4   6   4   7   0.0000106106
4   6   4   10   -0.0001215724
4   6   5   9   -0.0000020668
4   7   1   9   0.0000028834
4   7   2   9   0.1658972578
4   7   4   6   0.0000106106
4   7   4   7   0.8297495798
4   7   4   10   0.0053666025
4   7   5   9   0.0013294848
4   8   3   9   0.0408309472
4   8   4   8   0.7580547516
4   9   1   6   0.0000002088
4   9   1   7   0.0000028834
4   9   1   10   -0.0000020668
4   9   2   6   0.0000028834
4   9   2   7   0.1658972578
4   9   2   10   0.0013294848
4   9   3   8   0.0408309472
4   9   4   9   0.8397166460
4   9   5   6   -0.0000020668
4   9   5   7   0.0013294848
4   9   5   10   0.0393090630
4   10   1   9   -0.0000020668
4   10   2   9   0.0013294848
4   10   4   6   -0.0001215724
4   10   4   7   0.0053666025
4   10   4   10   0.7363410309
4   10   5   9   0.0393090630
5   6   1   6   0.0103963261
5   6   1   7   -0.0000017001
5   6   1   10   0.0001043983
5   6   2   6   -0.0105738879
5   6   2   7   -0.0000070319
5   6   2   10   0.0000202823
5   6   3   8   -0.0000020668
5   6   4   9   -0.0000020668
5   6   5   6   0.1358840355
5   6   5   7   0.0000109722
5   6   5   10   -0.0001338976
5   7   1   6   -0.0000017001
5   7   1   7   -0.0001266996
5   7   1   10   0.0000202823
5   7   2   6   -0.0000070319
5   7   2   7   0.0055964238
5   7   2   10   0.1594437448
5   7   3   8   0.0013294848
5   7   4   9   0.0013294848
5   7   5   6   0.0000109722
5   7   5   7   0.8051024804
5   7   5   10   0.0058142644
5   8   1   8   -0.0001215724
5   8   2   8   0.0053666025
5   8   3   6   -0.0000020668
5   8   3   7   0.0013294848
5   8   3   10   0.0393090630
5   8   5   8   0.7363410309
5   9   1   9   -0.0001215724
5   9   2   9   0.0053666025
5   9   4   6   -0.0000020668
5   9   4   7   0.0013294848
5   9   4   10   0.0393090630
5   9   5   9   0.7363410309
5   10   1   6   0.0001043983
5   10   1   7   0.0000202823
5   10   1   10   -0.0001338976
5   10   2   6   0.0000202823
5   10   2   7   0.1594437448
5   10   2   10   0.0058142644
5   10   3   8   0.0393090630
5   10   4   9   0.0393090630
5   10   5   6   -0.0001338976
5   10   5   7   0.0058142644
5   10   5   10   0.7918396050

End IJKL Block
Begin IJAB Block
1   6   1   5   0.0104942992
1   6   1   8   0.0064064661
1   6   2   6   0.0019954010
1   6   3   7   0.0019954010
1   6   4   5   0.0064064661
1   6   4   8   0.0063427528
1   7   1   5   0.0000005532
1   7   1   8   0.0000022222
1   7   2   6   0.0000041790
1   7   3   7   0.0000041790
1   7   4   5   -0.0000083160
1   7   4   8   -0.0000080676
1   8   1   6   -0.0000003726
1   8   1   7   -0.0000006209
1   8   2   5   0.0000259110
1   8   2   8   0.0000358268
1   8   3   5   0.0000431782
1   8   3   8   0.0000597019
1   8   4   6   -0.0000068237
1   8   4   7   -0.0000113710
1   9   1   6   -0.0000006209
1   9   1   7   0.0000003726
1   9   2   5   0.0000431782
1   9   2   8   0.0000597019
1   9   3   5   -0.0000259110
1   9   3   8   -0.0000358268
1   9   4   6   -0.0000113710
1   9   4   7   0.0000068237
1   10   1   5   0.0001712391
1   10   1   8   0.0002968040
1   10   2   6   -0.0002665436
1   10   3   7   -0.0002665436
1   10   4   5   0.0000757935
1   10   4   8   -0.0002028347
2   6   1   5   0.0000005532
2   6   1   8   -0.0000083160
2   6   2   6   0.0000041790
2   6   3   7   0.0000041790
2   6   4   5   0.0000022222
2   6   4   8   -0.0000080676
2   7   1   5   0.0007900647
2   7   1   8   0.0012404168
2   7   2   6   0.0002484140
2   7   3   7   0.0002484140
2   7   4   5   0.0012404168
2   7   4   8   0.0022755553
2   8   1   6   0.0000269973
2   8   1   7   0.0000449885
2   8   2   5   0.0000086330
2   8   2   8   0.0000660567
2   8   3   5   0.0000143861
2   8   3   8   0.0001100773
2   8   4   6   0.0002975178
2   8   4   7   0.0004957852
2   9   1   6   0.0000449885
2   9   1   7   -0.0000269973
2   9   2   5   0.0000143861
2   9   2   8   0.0001100773
2   9   3   5   -0.0000086330
2   9   3   8   -0.0000660567
2   9   4   6   0.0004957852
2   9   4   7   -0.0002975178
2   10   1   5   -0.0001209902
2   10   1   8   -0.0003212380
2   10   2   6   0.0000133566
2   10   3   7   0.0000133566
2   10   4   5   -0.0010455755
2   10   4   8   -0.0018050249
3   6   1   6   0.0000259110
3   6   1   7   0.0000431782
3   6   2   5   -0.0000003726
3   6   2   8   -0.0000068237
3   6   3   5   -0.0000006209
3   6   3   8   -0.0000113710
3   6   4   6   0.0000358268
3   6   4   7   0.0000597019
3   7   1   6   0.0000086330
3   7   1   7   0.0000143861
3   7   2   5   0.0000269973
3   7   2   8   0.0002975178
3   7   3   5   0.0000449885
3   7   3   8   0.0004957852
3   7   4   6   0.0000660567
3   7   4   7   0.0001100773
3   8   1   5   0.0002089899
3   8   1   8   0.0003331479
3   8   2   6   0.0003230893
3   8   2   7   0.0004207479
3   8   3   6   0.0004207479
3   8   3   7   0.0007717374
3   8   4   5   0.0003331479
3   8   4   8   0.0007071632
3   9   2   6   0.0004207479
3   9   2   7   -0.0001818874
3   9   3   6   0.0006305355
3   9   3   7   -0.0004207479
3   10   1   6   -0.0000818643
3   10   1   7   -0.0001364190
3   10   2   5   -0.0008254643
3   10   2   8   -0.0011999024
3   10   3   5   -0.0013755580
3   10   3   8   -0.0019995236
3   10   4   6   -0.0001477373
3   10   4   7   -0.0002461902
4   6   1   6   0.0000431782
4   6   1   7   -0.0000259110
4   6   2   5   -0.0000006209
4   6   2   8   -0.0000113710
4   6   3   5   0.0000003726
4   6   3   8   0.0000068237
4   6   4   6   0.0000597019
4   6   4   7   -0.0000358268
4   7   1   6   0.0000143861
4   7   1   7   -0.0000086330
4   7   2   5   0.0000449885
4   7   2   8   0.0004957852
4   7   3   5   -0.0000269973
4   7   3   8   -0.0002975178
4   7   4   6   0.0001100773
4   7   4   7   -0.0000660567
4   8   2   6   0.0004207479
4   8   2   7   0.0006305355
4   8   3   6   -0.0001818874
4   8   3   7   -0.0004207479
4   9   1   5   0.0002089899
4   9   1   8   0.0003331479
4   9   2   6   0.0007717374
4   9   2   7   -0.0004207479
4   9   3   6   -0.0004207479
4   9   3   7   0.0003230893
4   9   4   5   0.0003331479
4   9   4   8   0.0007071632
4   10   1   6   -0.0001364190
4   10   1   7   0.0000818643
4   10   2   5   -0.0013755580
4   10   2   8   -0.0019995236
4   10   3   5   0.0008254643
4   10   3   8   0.0011999024
4   10   4   6   -0.0002461902
4   10   4   7   0.0001477373
5   6   1   5   0.0001712391
5   6   1   8   0.0000757935
5   6   2   6   -0.0002665436
5   6   3   7   -0.0002665436
5   6   4   5   0.0002968040
5   6   4   8   -0.0002028347
5   7   1   5   -0.0001209902
5   7   1   8   -0.0010455755
5   7   2   6   0.0000133566
5   7   3   7   0.0000133566
5   7   4   5   -0.0003212380
5   7   4   8   -0.0018050249
5   8   1   6   -0.0008254643
5   8   1   7   -0.0013755580
5   8   2   5   -0.0000818643
5   8   2   8   -0.0001477373
5   8   3   5   -0.0001364190
5   8   3   8   -0.0002461902
5   8   4   6   -0.0011999024
5   8   4   7   -0.0019995236
5   9   1   6   -0.0013755580
5   9   1   7   0.0008254643
5   9   2   5   -0.0001364190
5   9   2   8   -0.0002461902
5   9   3   5   0.0000818643
5   9   3   8   0.0001477373
5   9   4   6   -0.0019995236
5   9   4   7   0.0011999024
5   10   1   5   0.0034458648
5   10   1   8   0.0050531845
5   10   2   6   0.0003202122
5   10   3   7   0.0003202122
5   10   4   5   0.0050531845
5   10   4   8   0.0079925643

End IJAB Block
Begin ABCD Block
1   5   1   5   0.2352157671
1   5   1   8   -0.0022271204
1   5   2   6   0.0375537814
1   5   3   7   0.0375537814
1   5   4   5   -0.0022271204
1   5   4   8   0.0292677938
1   6   1   6   0.1895380001
1   6   2   5   0.0375537814
1   6   2   8   0.0083634214
1   6   4   6   0.0109722147
1   7   1   7   0.1895380001
1   7   3   5   0.0375537814
1   7   3   8   0.0083634214
1   7   4   7   0.0109722147
1   8   1   5   -0.0022271204
1   8   1   8   0.1876691065
1   8   2   6   0.0083634214
1   8   3   7   0.0083634214
1   8   4   5   0.0292677938
1   8   4   8   0.0143107116
2   5   1   6   0.0375537814
2   5   2   5   0.1895380001
2   5   2   8   0.0109722147
2   5   4   6   0.0083634214
2   6   1   5   0.0375537814
2   6   1   8   0.0083634214
2   6   2   6   0.1791459593
2   6   3   7   0.0095641820
2   6   4   5   0.0083634214
2   6   4   8   0.0121808045
2   7   2   7   0.1600175953
2   7   3   6   0.0095641820
2   8   1   6   0.0083634214
2   8   2   5   0.0109722147
2   8   2   8   0.1643960305
2   8   4   6   0.0121808045
3   5   1   7   0.0375537814
3   5   3   5   0.1895380001
3   5   3   8   0.0109722147
3   5   4   7   0.0083634214
3   6   2   7   0.0095641820
3   6   3   6   0.1600175953
3   7   1   5   0.0375537814
3   7   1   8   0.0083634214
3   7   2   6   0.0095641820
3   7   3   7   0.1791459593
3   7   4   5   0.0083634214
3   7   4   8   0.0121808045
3   8   1   7   0.0083634214
3   8   3   5   0.0109722147
3   8   3   8   0.1643960305
3   8   4   7   0.0121808045
4   5   1   5   -0.0022271204
4   5   1   8   0.0292677938
4   5   2   6   0.0083634214
4   5   3   7   0.0083634214
4   5   4   5   0.1876691065
4   5   4   8   0.0143107116
4   6   1   6   0.0109722147
4   6   2   5   0.0083634214
4   6   2   8   0.0121808045
4   6   4   6   0.1643960305
4   7   1   7   0.0109722147
4   7   3   5   0.0083634214
4   7   3   8   0.0121808045
4   7   4   7   0.1643960305
4   8   1   5   0.0292677938
4   8   1   8   0.0143107116
4   8   2   6   0.0121808045
4   8   3   7   0.0121808045
4   8   4   5   0.0143107116
4   8   4   8   0.1859032562

End ABCD Block
Begin AIJB Block
1   6   1   5   0.0104942992
1   6   1   8   0.0064064661
1   6   2   5   0.0000005532
1   6   2   8   -0.0000083160
1   6   3   6   0.0000259110
1   6   3   7   0.0000431782
1   6   4   6   0.0000431782
1   6   4   7   -0.0000259110
1   6   5   5   0.0001712391
1   6   5   8   0.0000757935
1   7   1   5   0.0000005532
1   7   1   8   0.0000022222
1   7   2   5   0.0007900647
1   7   2   8   0.0012404168
1   7   3   6   0.0000086330
1   7   3   7   0.0000143861
1   7   4   6   0.0000143861
1   7   4   7   -0.0000086330
1   7   5   5   -0.0001209902
1   7   5   8   -0.0010455755
1   8   1   6   -0.0000003726
1   8   1   7   -0.0000006209
1   8   2   6   0.0000269973
1   8   2   7   0.0000449885
1   8   3   5   0.0002089899
1   8   3   8   0.0003331479
1   8   5   6   -0.0008254643
1   8   5   7   -0.0013755580
1   9   1   6   -0.0000006209
1   9   1   7   0.0000003726
1   9   2   6   0.0000449885
1   9   2   7   -0.0000269973
1   9   4   5   0.0002089899
1   9   4   8   0.0003331479
1   9   5   6   -0.0013755580
1   9   5   7   0.0008254643
1   10   1   5   0.0001712391
1   10   1   8   0.0002968040
1   10   2   5   -0.0001209902
1   10   2   8   -0.0003212380
1   10   3   6   -0.0000818643
1   10   3   7   -0.0001364190
1   10   4   6   -0.0001364190
1   10   4   7   0.0000818643
1   10   5   5   0.0034458648
1   10   5   8   0.0050531845
2   6   1   6   0.0019954010
2   6   2   6   0.0000041790
2   6   3   5   -0.0000003726
2   6   3   8   -0.0000068237
2   6   4   5   -0.0000006209
2   6   4   8   -0.0000113710
2   6   5   6   -0.0002665436
2   7   1   6   0.0000041790
2   7   2   6   0.0002484140
2   7   3   5   0.0000269973
2   7   3   8   0.0002975178
2   7   4   5   0.0000449885
2   7   4   8   0.0004957852
2   7   5   6   0.0000133566
2   8   1   5   0.0000259110
2   8   1   8   0.0000358268
2   8   2   5   0.0000086330
2   8   2   8   0.0000660567
2   8   3   6   0.0003230893
2   8   3   7   0.0004207479
2   8   4   6   0.0004207479
2   8   4   7   0.0006305355
2   8   5   5   -0.0000818643
2   8   5   8   -0.0001477373
2   9   1   5   0.0000431782
2   9   1   8   0.0000597019
2   9   2   5   0.0000143861
2   9   2   8   0.0001100773
2   9   3   6   0.0004207479
2   9   3   7   -0.0001818874
2   9   4   6   0.0007717374
2   9   4   7   -0.0004207479
2   9   5   5   -0.0001364190
2   9   5   8   -0.0002461902
2   10   1   6   -0.0002665436
2   10   2   6   0.0000133566
2   10   3   5   -0.0008254643
2   10   3   8   -0.0011999024
2   10   4   5   -0.0013755580
2   10   4   8   -0.0019995236
2   10   5   6   0.0003202122
3   6   1   7   0.0019954010
3   6   2   7   0.0000041790
3   6   3   5   -0.0000006209
3   6   3   8   -0.0000113710
3   6   4   5   0.0000003726
3   6   4   8   0.0000068237
3   6   5   7   -0.0002665436
3   7   1   7   0.0000041790
3   7   2   7   0.0002484140
3   7   3   5   0.0000449885
3   7   3   8   0.0004957852
3   7   4   5   -0.0000269973
3   7   4   8   -0.0002975178
3   7   5   7   0.0000133566
3   8   1   5   0.0000431782
3   8   1   8   0.0000597019
3   8   2   5   0.0000143861
3   8   2   8   0.0001100773
3   8   3   6   0.0004207479
3   8   3   7   0.0007717374
3   8   4   6   -0.0001818874
3   8   4   7   -0.0004207479
3   8   5   5   -0.0001364190
3   8   5   8   -0.0002461902
3   9   1   5   -0.0000259110
3   9   1   8   -0.0000358268
3   9   2   5   -0.0000086330
3   9   2   8   -0.0000660567
3   9   3   6   0.0006305355
3   9   3   7   -0.0004207479
3   9   4   6   -0.0004207479
3   9   4   7   0.0003230893
3   9   5   5   0.0000818643
3   9   5   8   0.0001477373
3   10   1   7   -0.0002665436
3   10   2   7   0.0000133566
3   10   3   5   -0.0013755580
3   10   3   8   -0.0019995236
3   10   4   5   0.0008254643
3   10   4   8   0.0011999024
3   10   5   7   0.0003202122
4   6   1   5   0.0064064661
4   6   1   8   0.0063427528
4   6   2   5   0.0000022222
4   6   2   8   -0.0000080676
4   6   3   6   0.0000358268
4   6   3   7   0.0000597019
4   6   4   6   0.0000597019
4   6   4   7   -0.0000358268
4   6   5   5   0.0002968040
4   6   5   8   -0.0002028347
4   7   1   5   -0.0000083160
4   7   1   8   -0.0000080676
4   7   2   5   0.0012404168
4   7   2   8   0.0022755553
4   7   3   6   0.0000660567
4   7   3   7   0.0001100773
4   7   4   6   0.0001100773
4   7   4   7   -0.0000660567
4   7   5   5   -0.0003212380
4   7   5   8   -0.0018050249
4   8   1   6   -0.0000068237
4   8   1   7   -0.0000113710
4   8   2   6   0.0002975178
4   8   2   7   0.0004957852
4   8   3   5   0.0003331479
4   8   3   8   0.0007071632
4   8   5   6   -0.0011999024
4   8   5   7   -0.0019995236
4   9   1   6   -0.0000113710
4   9   1   7   0.0000068237
4   9   2   6   0.0004957852
4   9   2   7   -0.0002975178
4   9   4   5   0.0003331479
4   9   4   8   0.0007071632
4   9   5   6   -0.0019995236
4   9   5   7   0.0011999024
4   10   1   5   0.0000757935
4   10   1   8   -0.0002028347
4   10   2   5   -0.0010455755
4   10   2   8   -0.0018050249
4   10   3   6   -0.0001477373
4   10   3   7   -0.0002461902
4   10   4   6   -0.0002461902
4   10   4   7   0.0001477373
4   10   5   5   0.0050531845
4   10   5   8   0.0079925643

1   6   6   1   -0.2956876593
1   6   6   4   -0.0502943947
1   6   7   1   0.0000074051
1   6   7   4   0.0000004983
1   6   8   2   -0.0000200159
1   6   8   3   -0.0000333546
1   6   9   2   -0.0000333546
1   6   9   3   0.0000200159
1   6   10   1   -0.0003502733
1   6   10   4   0.0000250861
1   7   6   1   0.0000074051
1   7   6   4   0.0000004983
1   7   7   1   -0.1067428266
1   7   7   4   -0.0275043815
1   7   8   2   -0.0009590837
1   7   8   3   -0.0015982221
1   7   9   2   -0.0015982221
1   7   9   3   0.0009590837
1   7   10   1   0.0064605828
1   7   10   4   0.0029337347
1   8   6   2   -0.0000200159
1   8   6   3   -0.0000333546
1   8   7   2   -0.0009590837
1   8   7   3   -0.0015982221
1   8   8   1   -0.1061010394
1   8   8   4   -0.0267553372
1   8   10   2   0.0003114736
1   8   10   3   0.0005190412
1   9   6   2   -0.0000333546
1   9   6   3   0.0000200159
1   9   7   2   -0.0015982221
1   9   7   3   0.0009590837
1   9   9   1   -0.1061010394
1   9   9   4   -0.0267553372
1   9   10   2   0.0005190412
1   9   10   3   -0.0003114736
1   10   6   1   -0.0003502733
1   10   6   4   0.0000250861
1   10   7   1   0.0064605828
1   10   7   4   0.0029337347
1   10   8   2   0.0003114736
1   10   8   3   0.0005190412
1   10   9   2   0.0005190412
1   10   9   3   -0.0003114736
1   10   10   1   -0.1094717278
1   10   10   4   -0.0285865712
2   6   6   2   -0.2314042704
2   6   7   2   0.0000026805
2   6   8   1   -0.0000200159
2   6   8   4   -0.0000096989
2   6   9   1   -0.0000333546
2   6   9   4   -0.0000161622
2   6   10   2   -0.0001042653
2   7   6   2   0.0000026805
2   7   7   2   -0.1085943607
2   7   8   1   -0.0009590837
2   7   8   4   -0.0011333094
2   7   9   1   -0.0015982221
2   7   9   4   -0.0018885527
2   7   10   2   0.0061421881
2   8   6   1   -0.0000200159
2   8   6   4   -0.0000096989
2   8   7   1   -0.0009590837
2   8   7   4   -0.0011333094
2   8   8   2   -0.1082241605
2   8   8   3   -0.0001917397
2   8   9   2   -0.0001917397
2   8   9   3   -0.0001022271
2   8   10   1   0.0003114736
2   8   10   4   0.0003570281
2   9   6   1   -0.0000333546
2   9   6   4   -0.0000161622
2   9   7   1   -0.0015982221
2   9   7   4   -0.0018885527
2   9   8   2   -0.0001917397
2   9   8   3   -0.0001022271
2   9   9   2   -0.1084286147
2   9   9   3   0.0001917397
2   9   10   1   0.0005190412
2   9   10   4   0.0005949536
2   10   6   2   -0.0001042653
2   10   7   2   0.0061421881
2   10   8   1   0.0003114736
2   10   8   4   0.0003570281
2   10   9   1   0.0005190412
2   10   9   4   0.0005949536
2   10   10   2   -0.1108125895
3   6   6   3   -0.2314042704
3   6   7   3   0.0000026805
3   6   8   1   -0.0000333546
3   6   8   4   -0.0000161622
3   6   9   1   0.0000200159
3   6   9   4   0.0000096989
3   6   10   3   -0.0001042653
3   7   6   3   0.0000026805
3   7   7   3   -0.1085943607
3   7   8   1   -0.0015982221
3   7   8   4   -0.0018885527
3   7   9   1   0.0009590837
3   7   9   4   0.0011333094
3   7   10   3   0.0061421881
3   8   6   1   -0.0000333546
3   8   6   4   -0.0000161622
3   8   7   1   -0.0015982221
3   8   7   4   -0.0018885527
3   8   8   2   -0.0001917397
3   8   8   3   -0.1084286147
3   8   9   2   -0.0001022271
3   8   9   3   0.0001917397
3   8   10   1   0.0005190412
3   8   10   4   0.0005949536
3   9   6   1   0.0000200159
3   9   6   4   0.0000096989
3   9   7   1   0.0009590837
3   9   7   4   0.0011333094
3   9   8   2   -0.0001022271
3   9   8   3   0.0001917397
3   9   9   2   0.0001917397
3   9   9   3   -0.1082241605
3   9   10   1   -0.0003114736
3   9   10   4   -0.0003570281
3   10   6   3   -0.0001042653
3   10   7   3   0.0061421881
3   10   8   1   0.0005190412
3   10   8   4   0.0005949536
3   10   9   1   -0.0003114736
3   10   9   4   -0.0003570281
3   10   10   3   -0.1108125895
4   6   6   1   -0.0502943947
4   6   6   4   -0.2564017986
4   6   7   1   0.0000004983
4   6   7   4   0.0000043136
4   6   8   2   -0.0000096989
4   6   8   3   -0.0000161622
4   6   9   2   -0.0000161622
4   6   9   3   0.0000096989
4   6   10   1   0.0000250861
4   6   10   4   -0.0000301923
4   7   6   1   0.0000004983
4   7   6   4   0.0000043136
4   7   7   1   -0.0275043815
4   7   7   4   -0.1363135489
4   7   8   2   -0.0011333094
4   7   8   3   -0.0018885527
4   7   9   2   -0.0018885527
4   7   9   3   0.0011333094
4   7   10   1   0.0029337347
4   7   10   4   0.0096089383
4   8   6   2   -0.0000096989
4   8   6   3   -0.0000161622
4   8   7   2   -0.0011333094
4   8   7   3   -0.0018885527
4   8   8   1   -0.0267553372
4   8   8   4   -0.1349127802
4   8   10   2   0.0003570281
4   8   10   3   0.0005949536
4   9   6   2   -0.0000161622
4   9   6   3   0.0000096989
4   9   7   2   -0.0018885527
4   9   7   3   0.0011333094
4   9   9   1   -0.0267553372
4   9   9   4   -0.1349127802
4   9   10   2   0.0005949536
4   9   10   3   -0.0003570281
4   10   6   1   0.0000250861
4   10   6   4   -0.0000301923
4   10   7   1   0.0029337347
4   10   7   4   0.0096089383
4   10   8   2   0.0003570281
4   10   8   3   0.0005949536
4   10   9   2   0.0005949536
4   10   9   3   -0.0003570281
4   10   10   1   -0.0285865712
4   10   10   4   -0.1396346163

End AIJB Block
Begin IJKA Block
1   6   1   5   -0.1038558451
1   6   1   8   -0.0719367725
1   6   2   5   0.0000187789
1   6   2   8   0.0000103950
1   6   3   6   0.0000101509
1   6   3   7   0.0000169155
1   6   4   6   0.0000169155
1   6   4   7   -0.0000101509
1   6   5   5   -0.0009750696
1   6   5   8   -0.0007746640
1   7   1   5   -0.0003734705
1   7   1   8   -0.0003946168
1   7   2   5   -0.0000005287
1   7   2   8   -0.0000009729
1   7   3   6   0.0000000018
1   7   3   7   0.0000000030
1   7   4   6   0.0000000030
1   7   4   7   -0.0000000018
1   7   5   5   0.0000012826
1   7   5   8   0.0000018966
1   8   1   6   0.0008614342
1   8   1   7   0.0014354985
1   8   2   6   -0.0000001915
1   8   2   7   -0.0000003191
1   8   3   5   0.0000005185
1   8   3   8   0.0000006847
1   8   5   6   0.0000013797
1   8   5   7   0.0000022991
1   9   1   6   0.0014354985
1   9   1   7   -0.0008614342
1   9   2   6   -0.0000003191
1   9   2   7   0.0000001915
1   9   4   5   0.0000005185
1   9   4   8   0.0000006847
1   9   5   6   0.0000022991
1   9   5   7   -0.0000013797
1   10   1   5   -0.0115601139
1   10   1   8   -0.0171469946
1   10   2   5   0.0000010897
1   10   2   8   0.0000013907
1   10   3   6   -0.0000016114
1   10   3   7   -0.0000026852
1   10   4   6   -0.0000026852
1   10   4   7   0.0000016114
1   10   5   5   -0.0000166988
1   10   5   8   0.0000042970
2   6   1   5   0.0000187789
2   6   1   8   0.0000103950
2   6   2   5   -0.0006127106
2   6   2   8   0.0011576667
2   6   3   6   0.0000586881
2   6   3   7   0.0000977981
2   6   4   6   0.0000977981
2   6   4   7   -0.0000586881
2   6   5   5   0.0001001109
2   6   5   8   -0.0001864897
2   7   1   5   -0.0000005287
2   7   1   8   -0.0000009729
2   7   2   5   -0.0024106048
2   7   2   8   -0.0175387804
2   7   3   6   -0.0032724067
2   7   3   7   -0.0054531556
2   7   4   6   -0.0054531556
2   7   4   7   0.0032724067
2   7   5   5   0.0111178467
2   7   5   8   0.0165307304
2   8   1   6   -0.0000001915
2   8   1   7   -0.0000003191
2   8   2   6   -0.0133916313
2   8   2   7   -0.0223158839
2   8   3   5   -0.0004810263
2   8   3   8   -0.0028344476
2   8   5   6   -0.0004000536
2   8   5   7   -0.0006666515
2   9   1   6   -0.0000003191
2   9   1   7   0.0000001915
2   9   2   6   -0.0223158839
2   9   2   7   0.0133916313
2   9   4   5   -0.0004810263
2   9   4   8   -0.0028344476
2   9   5   6   -0.0006666515
2   9   5   7   0.0004000536
2   10   1   5   0.0000010897
2   10   1   8   0.0000013907
2   10   2   5   0.0456248039
2   10   2   8   0.0633275471
2   10   3   6   -0.0004146718
2   10   3   7   -0.0006910112
2   10   4   6   -0.0006910112
2   10   4   7   0.0004146718
2   10   5   5   0.0009693597
2   10   5   8   -0.0002507265
3   6   1   6   0.0000101509
3   6   1   7   0.0000169155
3   6   2   6   0.0000586881
3   6   2   7   0.0000977981
3   6   3   5   -0.0006008702
3   6   3   8   0.0011363716
3   6   5   6   -0.0000205729
3   6   5   7   -0.0000342828
3   7   1   6   0.0000000018
3   7   1   7   0.0000000030
3   7   2   6   -0.0032724067
3   7   2   7   -0.0054531556
3   7   3   5   -0.0022118117
3   7   3   8   -0.0158840202
3   7   5   6   -0.0000858595
3   7   5   7   -0.0001430767
3   8   1   5   0.0000005185
3   8   1   8   0.0000006847
3   8   2   5   -0.0004810263
3   8   2   8   -0.0028344476
3   8   3   6   -0.0135453073
3   8   3   7   -0.0225719703
3   8   4   6   -0.0013159656
3   8   4   7   0.0007897032
3   8   5   5   0.0027111676
3   8   5   8   0.0039677857
3   9   3   6   -0.0199400392
3   9   3   7   0.0119659008
3   9   4   6   -0.0007897032
3   9   4   7   -0.0013159656
3   10   1   6   -0.0000016114
3   10   1   7   -0.0000026852
3   10   2   6   -0.0004146718
3   10   2   7   -0.0006910112
3   10   3   5   0.0408562356
3   10   3   8   0.0561802896
3   10   5   6   -0.0006914989
3   10   5   7   -0.0011523174
4   6   1   6   0.0000169155
4   6   1   7   -0.0000101509
4   6   2   6   0.0000977981
4   6   2   7   -0.0000586881
4   6   4   5   -0.0006008702
4   6   4   8   0.0011363716
4   6   5   6   -0.0000342828
4   6   5   7   0.0000205729
4   7   1   6   0.0000000030
4   7   1   7   -0.0000000018
4   7   2   6   -0.0054531556
4   7   2   7   0.0032724067
4   7   4   5   -0.0022118117
4   7   4   8   -0.0158840202
4   7   5   6   -0.0001430767
4   7   5   7   0.0000858595
4   8   3   6   -0.0013159656
4   8   3   7   0.0007897032
4   8   4   6   -0.0119659008
4   8   4   7   -0.0199400392
4   9   1   5   0.0000005185
4   9   1   8   0.0000006847
4   9   2   5   -0.0004810263
4   9   2   8   -0.0028344476
4   9   3   6   -0.0007897032
4   9   3   7   -0.0013159656
4   9   4   6   -0.0225719703
4   9   4   7   0.0135453073
4   9   5   5   0.0027111676
4   9   5   8   0.0039677857
4   10   1   6   -0.0000026852
4   10   1   7   0.0000016114
4   10   2   6   -0.0006910112
4   10   2   7   0.0004146718
4   10   4   5   0.0408562356
4   10   4   8   0.0561802896
4   10   5   6   -0.0011523174
4   10   5   7   0.0006914989
5   6   1   5   -0.0009750696
5   6   1   8   -0.0007746640
5   6   2   5   0.0001001109
5   6   2   8   -0.0001864897
5   6   3   6   -0.0000205729
5   6   3   7   -0.0000342828
5   6   4   6   -0.0000342828
5   6   4   7   0.0000205729
5   6   5   5   -0.0006916176
5   6   5   8   0.0012583455
5   7   1   5   0.0000012826
5   7   1   8   0.0000018966
5   7   2   5   0.0111178467
5   7   2   8   0.0165307304
5   7   3   6   -0.0000858595
5   7   3   7   -0.0001430767
5   7   4   6   -0.0001430767
5   7   4   7   0.0000858595
5   7   5   5   -0.0019326387
5   7   5   8   -0.0149352172
5   8   1   6   0.0000013797
5   8   1   7   0.0000022991
5   8   2   6   -0.0004000536
5   8   2   7   -0.0006666515
5   8   3   5   0.0027111676
5   8   3   8   0.0039677857
5   8   5   6   -0.0114744778
5   8   5   7   -0.0191211293
5   9   1   6   0.0000022991
5   9   1   7   -0.0000013797
5   9   2   6   -0.0006666515
5   9   2   7   0.0004000536
5   9   4   5   0.0027111676
5   9   4   8   0.0039677857
5   9   5   6   -0.0191211293
5   9   5   7   0.0114744778
5   10   1   5   -0.0000166988
5   10   1   8   0.0000042970
5   10   2   5   0.0009693597
5   10   2   8   -0.0002507265
5   10   3   6   -0.0006914989
5   10   3   7   -0.0011523174
5   10   4   6   -0.0011523174
5   10   4   7   0.0006914989
5   10   5   5   0.0442268868
5   10   5   8   0.0608512537

End IJKA Block
Begin IABC Block
1   5   1   5   -0.0006659324
1   5   1   8   -0.0019186137
1   5   2   6   0.0033166929
1   5   3   7   0.0033166929
1   5   4   5   -0.0034362980
1   5   4   8   0.0011657738
1   6   1   6   -0.0003687876
1   6   2   5   0.0033166929
1   6   2   8   0.0016612504
1   6   4   6   -0.0007829674
1   7   1   7   -0.0003687876
1   7   3   5   0.0033166929
1   7   3   8   0.0016612504
1   7   4   7   -0.0007829674
1   8   1   5   -0.0019186137
1   8   1   8   -0.0020025812
1   8   2   6   0.0016612504
1   8   3   7   0.0016612504
1   8   4   5   0.0011657738
1   8   4   8   0.0005926605
2   5   1   5   -0.0002746819
2   5   1   8   -0.0001588148
2   5   2   6   0.0000178180
2   5   3   7   0.0000178180
2   5   4   5   -0.0003750313
2   5   4   8   -0.0002679801
2   6   1   6   -0.0002712621
2   6   2   5   0.0000178180
2   6   2   8   0.0000132231
2   6   4   6   -0.0003106428
2   7   1   7   -0.0002712621
2   7   3   5   0.0000178180
2   7   3   8   0.0000132231
2   7   4   7   -0.0003106428
2   8   1   5   -0.0001588148
2   8   1   8   -0.0004674604
2   8   2   6   0.0000132231
2   8   3   7   0.0000132231
2   8   4   5   -0.0002679801
2   8   4   8   -0.0007522852
3   5   1   6   0.0002647412
3   5   1   7   0.0004411662
3   5   2   5   0.0006250628
3   5   2   8   -0.0000496825
3   5   3   5   0.0010416079
3   5   3   8   -0.0000827911
3   5   4   6   0.0004106459
3   5   4   7   0.0006843025
3   6   1   5   0.0002647412
3   6   1   8   0.0001600614
3   6   2   6   0.0007020799
3   6   2   7   0.0001875948
3   6   3   6   0.0007947599
3   6   3   7   0.0001125746
3   6   4   5   0.0004106459
3   6   4   8   0.0003435864
3   7   1   5   0.0004411662
3   7   1   8   0.0002667272
3   7   2   6   0.0001875948
3   7   2   7   0.0004769308
3   7   3   6   0.0001125746
3   7   3   7   0.0011699496
3   7   4   5   0.0006843025
3   7   4   8   0.0005725541
3   8   1   6   0.0001600614
3   8   1   7   0.0002667272
3   8   2   5   -0.0000496825
3   8   2   8   0.0002200206
3   8   3   5   -0.0000827911
3   8   3   8   0.0003666435
3   8   4   6   0.0003435864
3   8   4   7   0.0005725541
4   5   1   6   0.0004411662
4   5   1   7   -0.0002647412
4   5   2   5   0.0010416079
4   5   2   8   -0.0000827911
4   5   3   5   -0.0006250628
4   5   3   8   0.0000496825
4   5   4   6   0.0006843025
4   5   4   7   -0.0004106459
4   6   1   5   0.0004411662
4   6   1   8   0.0002667272
4   6   2   6   0.0011699496
4   6   2   7   -0.0001125746
4   6   3   6   -0.0004769308
4   6   3   7   0.0001875948
4   6   4   5   0.0006843025
4   6   4   8   0.0005725541
4   7   1   5   -0.0002647412
4   7   1   8   -0.0001600614
4   7   2   6   -0.0001125746
4   7   2   7   0.0007947599
4   7   3   6   0.0001875948
4   7   3   7   -0.0007020799
4   7   4   5   -0.0004106459
4   7   4   8   -0.0003435864
4   8   1   6   0.0002667272
4   8   1   7   -0.0001600614
4   8   2   5   -0.0000827911
4   8   2   8   0.0003666435
4   8   3   5   0.0000496825
4   8   3   8   -0.0002200206
4   8   4   6   0.0005725541
4   8   4   7   -0.0003435864
5   5   1   5   -0.0060097410
5   5   1   8   -0.0003212562
5   5   2   6   -0.0023000543
5   5   3   7   -0.0023000543
5   5   4   5   -0.0072355146
5   5   4   8   -0.0028495593
5   6   1   6   -0.0046126958
5   6   2   5   -0.0023000543
5   6   2   8   -0.0013918428
5   6   4   6   -0.0066448294
5   7   1   7   -0.0046126958
5   7   3   5   -0.0023000543
5   7   3   8   -0.0013918428
5   7   4   7   -0.0066448294
5   8   1   5   -0.0003212562
5   8   1   8   -0.0041410635
5   8   2   6   -0.0013918428
5   8   3   7   -0.0013918428
5   8   4   5   -0.0028495593
5   8   4   8   -0.0076695474

End IABC Block
