Begin IJ Block
1   1   -41.4251874209
1   2   0.0203942297
1   3   0.7499416434
1   4   0.0599663293
2   2   -7.4822154646
2   3   -0.1091786057
2   4   0.0800762233
3   3   -9.8248735206
3   4   0.0806899591
4   4   -8.7741817054
5   5   -8.5634440608
6   6   -8.5634440608

End IJ Block
Begin IA Block
1   1   -0.0157622005
1   4   -0.0400658844
2   1   0.1116202921
2   4   0.0613054818
3   1   0.0771725558
3   4   0.1793839794
4   1   -0.0768837827
4   4   0.0613071300
5   2   -0.2182825057
5   3   0.1540035654
6   2   0.1540035654
6   3   0.2182825057

End IA Block
Begin AB Block
1   1   -1.9373800639
1   4   -0.3806706872
2   2   -1.5647564411
3   3   -1.5647564411
4   4   -1.7369137741

End AB Block
Begin IJKL Block
1   7   1   7   5.3476026530
1   7   1   8   -0.0138966609
1   7   1   9   -0.5300405984
1   7   1   10   -0.0340983795
1   7   2   7   -0.0138966609
1   7   2   8   0.0000064967
1   7   2   9   0.0021162721
1   7   2   10   -0.0003140113
1   7   3   7   -0.5300405984
1   7   3   8   0.0021162721
1   7   3   9   0.0808709493
1   7   3   10   0.0043229024
1   7   4   7   -0.0340983795
1   7   4   8   -0.0003140113
1   7   4   9   0.0043229024
1   7   4   10   0.0316185072
1   7   5   11   0.0303915842
1   7   6   12   0.0303915842
1   8   1   7   -0.0138966609
1   8   1   8   0.3388536923
1   8   1   9   0.0313095950
1   8   1   10   -0.0231872298
1   8   2   7   0.0000676489
1   8   2   8   0.0001171817
1   8   2   9   -0.0000038726
1   8   2   10   -0.0000147061
1   8   3   7   0.0022374627
1   8   3   8   0.0002009043
1   8   3   9   -0.0005837373
1   8   3   10   0.0001403051
1   8   4   7   -0.0003956080
1   8   4   8   -0.0059446155
1   8   4   9   -0.0008088178
1   8   4   10   0.0013409090
1   8   5   11   0.0010295209
1   8   6   12   0.0010295209
1   9   1   7   -0.5300405984
1   9   1   8   0.0313095950
1   9   1   9   1.2598506858
1   9   1   10   0.0216627514
1   9   2   7   0.0022374627
1   9   2   8   -0.0000213585
1   9   2   9   -0.0005983242
1   9   2   10   -0.0006032093
1   9   3   7   0.0853857127
1   9   3   8   -0.0005995049
1   9   3   9   -0.0233781003
1   9   3   10   -0.0022648944
1   9   4   7   0.0042733834
1   9   4   8   -0.0007878987
1   9   4   9   -0.0043575887
1   9   4   10   0.0357967258
1   9   5   11   0.0347698864
1   9   6   12   0.0347698864
1   10   1   7   -0.0340983795
1   10   1   8   -0.0231872298
1   10   1   9   0.0216627514
1   10   1   10   1.1690741088
1   10   2   7   -0.0003956080
1   10   2   8   -0.0000146682
1   10   2   9   -0.0006235171
1   10   2   10   -0.0004470585
1   10   3   7   0.0042733834
1   10   3   8   0.0001426505
1   10   3   9   -0.0023252377
1   10   3   10   -0.0155161220
1   10   4   7   0.0367311400
1   10   4   8   0.0013477604
1   10   4   9   0.0364133965
1   10   4   10   0.0023471529
1   10   5   11   0.0016979767
1   10   6   12   0.0016979767
1   11   1   11   1.1453638069
1   11   2   11   -0.0004071637
1   11   3   11   -0.0150136009
1   11   4   11   -0.0017023445
1   11   5   7   0.0355824286
1   11   5   8   0.0010512284
1   11   5   9   0.0355051561
1   11   5   10   0.0018152347
1   12   1   12   1.1453638069
1   12   2   12   -0.0004071637
1   12   3   12   -0.0150136009
1   12   4   12   -0.0017023445
1   12   6   7   0.0355824286
1   12   6   8   0.0010512284
1   12   6   9   0.0355051561
1   12   6   10   0.0018152347
2   7   1   7   -0.0138966609
2   7   1   8   0.0000676489
2   7   1   9   0.0022374627
2   7   1   10   -0.0003956080
2   7   2   7   0.3388536923
2   7   2   8   0.0001171817
2   7   2   9   0.0002009043
2   7   2   10   -0.0059446155
2   7   3   7   0.0313095950
2   7   3   8   -0.0000038726
2   7   3   9   -0.0005837373
2   7   3   10   -0.0008088178
2   7   4   7   -0.0231872298
2   7   4   8   -0.0000147061
2   7   4   9   0.0001403051
2   7   4   10   0.0013409090
2   7   5   11   0.0010295209
2   7   6   12   0.0010295209
2   8   1   7   0.0000064967
2   8   1   8   0.0001171817
2   8   1   9   -0.0000213585
2   8   1   10   -0.0000146682
2   8   2   7   0.0001171817
2   8   2   8   1.6227759636
2   8   2   9   -0.0646809018
2   8   2   10   0.0752229154
2   8   3   7   -0.0000213585
2   8   3   8   -0.0646809018
2   8   3   9   0.0044886136
2   8   3   10   -0.0056166616
2   8   4   7   -0.0000146682
2   8   4   8   0.0752229154
2   8   4   9   -0.0056166616
2   8   4   10   0.0070085079
2   8   5   11   0.0002754528
2   8   6   12   0.0002754528
2   9   1   7   0.0021162721
2   9   1   8   -0.0000038726
2   9   1   9   -0.0005983242
2   9   1   10   -0.0006235171
2   9   2   7   0.0002009043
2   9   2   8   -0.0646809018
2   9   2   9   0.3484116917
2   9   2   10   -0.0751515706
2   9   3   7   -0.0005995049
2   9   3   8   0.0048830598
2   9   3   9   0.0205344101
2   9   3   10   -0.0026933083
2   9   4   7   0.0001426505
2   9   4   8   -0.0060839233
2   9   4   9   -0.0179129375
2   9   4   10   0.0064879127
2   9   5   11   0.0054255828
2   9   6   12   0.0054255828
2   10   1   7   -0.0003140113
2   10   1   8   -0.0000147061
2   10   1   9   -0.0006032093
2   10   1   10   -0.0004470585
2   10   2   7   -0.0059446155
2   10   2   8   0.0752229154
2   10   2   9   -0.0751515706
2   10   2   10   0.3653816100
2   10   3   7   -0.0007878987
2   10   3   8   -0.0060839233
2   10   3   9   -0.0025044300
2   10   3   10   0.0184301357
2   10   4   7   0.0013477604
2   10   4   8   0.0083044017
2   10   4   9   0.0066406428
2   10   4   10   -0.0169829800
2   10   5   11   -0.0011357272
2   10   6   12   -0.0011357272
2   11   1   11   -0.0004071637
2   11   2   11   0.3293319134
2   11   3   11   0.0181922346
2   11   4   11   -0.0151870435
2   11   5   7   0.0010512284
2   11   5   8   0.0006961917
2   11   5   9   0.0056418990
2   11   5   10   -0.0013581959
2   12   1   12   -0.0004071637
2   12   2   12   0.3293319134
2   12   3   12   0.0181922346
2   12   4   12   -0.0151870435
2   12   6   7   0.0010512284
2   12   6   8   0.0006961917
2   12   6   9   0.0056418990
2   12   6   10   -0.0013581959
3   7   1   7   -0.5300405984
3   7   1   8   0.0022374627
3   7   1   9   0.0853857127
3   7   1   10   0.0042733834
3   7   2   7   0.0313095950
3   7   2   8   -0.0000213585
3   7   2   9   -0.0005995049
3   7   2   10   -0.0007878987
3   7   3   7   1.2598506858
3   7   3   8   -0.0005983242
3   7   3   9   -0.0233781003
3   7   3   10   -0.0043575887
3   7   4   7   0.0216627514
3   7   4   8   -0.0006032093
3   7   4   9   -0.0022648944
3   7   4   10   0.0357967258
3   7   5   11   0.0347698864
3   7   6   12   0.0347698864
3   8   1   7   0.0021162721
3   8   1   8   0.0002009043
3   8   1   9   -0.0005995049
3   8   1   10   0.0001426505
3   8   2   7   -0.0000038726
3   8   2   8   -0.0646809018
3   8   2   9   0.0048830598
3   8   2   10   -0.0060839233
3   8   3   7   -0.0005983242
3   8   3   8   0.3484116917
3   8   3   9   0.0205344101
3   8   3   10   -0.0179129375
3   8   4   7   -0.0006235171
3   8   4   8   -0.0751515706
3   8   4   9   -0.0026933083
3   8   4   10   0.0064879127
3   8   5   11   0.0054255828
3   8   6   12   0.0054255828
3   9   1   7   0.0808709493
3   9   1   8   -0.0005837373
3   9   1   9   -0.0233781003
3   9   1   10   -0.0023252377
3   9   2   7   -0.0005837373
3   9   2   8   0.0044886136
3   9   2   9   0.0205344101
3   9   2   10   -0.0025044300
3   9   3   7   -0.0233781003
3   9   3   8   0.0205344101
3   9   3   9   0.8691874664
3   9   3   10   -0.0035864529
3   9   4   7   -0.0023252377
3   9   4   8   -0.0025044300
3   9   4   9   -0.0035864529
3   9   4   10   0.1542182033
3   9   5   11   0.1483929486
3   9   6   12   0.1483929486
3   10   1   7   0.0043229024
3   10   1   8   0.0001403051
3   10   1   9   -0.0022648944
3   10   1   10   -0.0155161220
3   10   2   7   -0.0008088178
3   10   2   8   -0.0056166616
3   10   2   9   -0.0026933083
3   10   2   10   0.0184301357
3   10   3   7   -0.0043575887
3   10   3   8   -0.0179129375
3   10   3   9   -0.0035864529
3   10   3   10   0.8167125089
3   10   4   7   0.0364133965
3   10   4   8   0.0066406428
3   10   4   9   0.1588519880
3   10   4   10   0.0167675216
3   10   5   11   0.0034928250
3   10   6   12   0.0034928250
3   11   1   11   -0.0150136009
3   11   2   11   0.0181922346
3   11   3   11   0.8026724876
3   11   4   11   0.0044601941
3   11   5   7   0.0355051561
3   11   5   8   0.0056418990
3   11   5   9   0.1532213279
3   11   5   10   0.0035947396
3   12   1   12   -0.0150136009
3   12   2   12   0.0181922346
3   12   3   12   0.8026724876
3   12   4   12   0.0044601941
3   12   6   7   0.0355051561
3   12   6   8   0.0056418990
3   12   6   9   0.1532213279
3   12   6   10   0.0035947396
4   7   1   7   -0.0340983795
4   7   1   8   -0.0003956080
4   7   1   9   0.0042733834
4   7   1   10   0.0367311400
4   7   2   7   -0.0231872298
4   7   2   8   -0.0000146682
4   7   2   9   0.0001426505
4   7   2   10   0.0013477604
4   7   3   7   0.0216627514
4   7   3   8   -0.0006235171
4   7   3   9   -0.0023252377
4   7   3   10   0.0364133965
4   7   4   7   1.1690741088
4   7   4   8   -0.0004470585
4   7   4   9   -0.0155161220
4   7   4   10   0.0023471529
4   7   5   11   0.0016979767
4   7   6   12   0.0016979767
4   8   1   7   -0.0003140113
4   8   1   8   -0.0059446155
4   8   1   9   -0.0007878987
4   8   1   10   0.0013477604
4   8   2   7   -0.0000147061
4   8   2   8   0.0752229154
4   8   2   9   -0.0060839233
4   8   2   10   0.0083044017
4   8   3   7   -0.0006032093
4   8   3   8   -0.0751515706
4   8   3   9   -0.0025044300
4   8   3   10   0.0066406428
4   8   4   7   -0.0004470585
4   8   4   8   0.3653816100
4   8   4   9   0.0184301357
4   8   4   10   -0.0169829800
4   8   5   11   -0.0011357272
4   8   6   12   -0.0011357272
4   9   1   7   0.0043229024
4   9   1   8   -0.0008088178
4   9   1   9   -0.0043575887
4   9   1   10   0.0364133965
4   9   2   7   0.0001403051
4   9   2   8   -0.0056166616
4   9   2   9   -0.0179129375
4   9   2   10   0.0066406428
4   9   3   7   -0.0022648944
4   9   3   8   -0.0026933083
4   9   3   9   -0.0035864529
4   9   3   10   0.1588519880
4   9   4   7   -0.0155161220
4   9   4   8   0.0184301357
4   9   4   9   0.8167125089
4   9   4   10   0.0167675216
4   9   5   11   0.0034928250
4   9   6   12   0.0034928250
4   10   1   7   0.0316185072
4   10   1   8   0.0013409090
4   10   1   9   0.0357967258
4   10   1   10   0.0023471529
4   10   2   7   0.0013409090
4   10   2   8   0.0070085079
4   10   2   9   0.0064879127
4   10   2   10   -0.0169829800
4   10   3   7   0.0357967258
4   10   3   8   0.0064879127
4   10   3   9   0.1542182033
4   10   3   10   0.0167675216
4   10   4   7   0.0023471529
4   10   4   8   -0.0169829800
4   10   4   9   0.0167675216
4   10   4   10   0.8172701529
4   10   5   11   0.0314249833
4   10   6   12   0.0314249833
4   11   1   11   -0.0017023445
4   11   2   11   -0.0151870435
4   11   3   11   0.0044601941
4   11   4   11   0.7345075109
4   11   5   7   0.0018152347
4   11   5   8   -0.0013581959
4   11   5   9   0.0035947396
4   11   5   10   0.0375111009
4   12   1   12   -0.0017023445
4   12   2   12   -0.0151870435
4   12   3   12   0.0044601941
4   12   4   12   0.7345075109
4   12   6   7   0.0018152347
4   12   6   8   -0.0013581959
4   12   6   9   0.0035947396
4   12   6   10   0.0375111009
5   7   1   11   0.0355824286
5   7   2   11   0.0010512284
5   7   3   11   0.0355051561
5   7   4   11   0.0018152347
5   7   5   7   1.1453638069
5   7   5   8   -0.0004071637
5   7   5   9   -0.0150136009
5   7   5   10   -0.0017023445
5   8   1   11   0.0010512284
5   8   2   11   0.0006961917
5   8   3   11   0.0056418990
5   8   4   11   -0.0013581959
5   8   5   7   -0.0004071637
5   8   5   8   0.3293319134
5   8   5   9   0.0181922346
5   8   5   10   -0.0151870435
5   9   1   11   0.0355051561
5   9   2   11   0.0056418990
5   9   3   11   0.1532213279
5   9   4   11   0.0035947396
5   9   5   7   -0.0150136009
5   9   5   8   0.0181922346
5   9   5   9   0.8026724876
5   9   5   10   0.0044601941
5   10   1   11   0.0018152347
5   10   2   11   -0.0013581959
5   10   3   11   0.0035947396
5   10   4   11   0.0375111009
5   10   5   7   -0.0017023445
5   10   5   8   -0.0151870435
5   10   5   9   0.0044601941
5   10   5   10   0.7345075109
5   11   1   7   0.0303915842
5   11   1   8   0.0010295209
5   11   1   9   0.0347698864
5   11   1   10   0.0016979767
5   11   2   7   0.0010295209
5   11   2   8   0.0002754528
5   11   2   9   0.0054255828
5   11   2   10   -0.0011357272
5   11   3   7   0.0347698864
5   11   3   8   0.0054255828
5   11   3   9   0.1483929486
5   11   3   10   0.0034928250
5   11   4   7   0.0016979767
5   11   4   8   -0.0011357272
5   11   4   9   0.0034928250
5   11   4   10   0.0314249833
5   11   5   11   0.7880194307
5   11   6   12   0.0300042510
5   12   5   12   0.7221447150
5   12   6   11   0.0358704648
6   7   1   12   0.0355824286
6   7   2   12   0.0010512284
6   7   3   12   0.0355051561
6   7   4   12   0.0018152347
6   7   6   7   1.1453638069
6   7   6   8   -0.0004071637
6   7   6   9   -0.0150136009
6   7   6   10   -0.0017023445
6   8   1   12   0.0010512284
6   8   2   12   0.0006961917
6   8   3   12   0.0056418990
6   8   4   12   -0.0013581959
6   8   6   7   -0.0004071637
6   8   6   8   0.3293319134
6   8   6   9   0.0181922346
6   8   6   10   -0.0151870435
6   9   1   12   0.0355051561
6   9   2   12   0.0056418990
6   9   3   12   0.1532213279
6   9   4   12   0.0035947396
6   9   6   7   -0.0150136009
6   9   6   8   0.0181922346
6   9   6   9   0.8026724876
6   9   6   10   0.0044601941
6   10   1   12   0.0018152347
6   10   2   12   -0.0013581959
6   10   3   12   0.0035947396
6   10   4   12   0.0375111009
6   10   6   7   -0.0017023445
6   10   6   8   -0.0151870435
6   10   6   9   0.0044601941
6   10   6   10   0.7345075109
6   11   5   12   0.0358704648
6   11   6   11   0.7221447150
6   12   1   7   0.0303915842
6   12   1   8   0.0010295209
6   12   1   9   0.0347698864
6   12   1   10   0.0016979767
6   12   2   7   0.0010295209
6   12   2   8   0.0002754528
6   12   2   9   0.0054255828
6   12   2   10   -0.0011357272
6   12   3   7   0.0347698864
6   12   3   8   0.0054255828
6   12   3   9   0.1483929486
6   12   3   10   0.0034928250
6   12   4   7   0.0016979767
6   12   4   8   -0.0011357272
6   12   4   9   0.0034928250
6   12   4   10   0.0314249833
6   12   5   11   0.0300042510
6   12   6   12   0.7880194307

End IJKL Block
Begin IJAB Block
1   7   1   5   0.0000787907
1   7   1   8   0.0001223081
1   7   2   6   0.0002285796
1   7   3   7   0.0002285796
1   7   4   5   0.0001223081
1   7   4   8   0.0003206519
1   8   1   5   0.0000060430
1   8   1   8   0.0000022536
1   8   2   6   0.0000022413
1   8   3   7   0.0000022413
1   8   4   5   -0.0000009961
1   8   4   8   -0.0000011137
1   9   1   5   0.0000250394
1   9   1   8   -0.0000148121
1   9   2   6   0.0002249636
1   9   3   7   0.0002249636
1   9   4   5   -0.0000173842
1   9   4   8   -0.0000269449
1   10   1   5   -0.0000315852
1   10   1   8   -0.0000572301
1   10   2   6   0.0000173247
1   10   3   7   0.0000173247
1   10   4   5   -0.0000095006
1   10   4   8   0.0000093057
1   11   1   6   -0.0000102005
1   11   1   7   0.0000071967
1   11   2   5   -0.0000454634
1   11   2   8   -0.0001259847
1   11   3   5   0.0000320755
1   11   3   8   0.0000888852
1   11   4   6   -0.0000272445
1   11   4   7   0.0000192216
1   12   1   6   0.0000071967
1   12   1   7   0.0000102005
1   12   2   5   0.0000320755
1   12   2   8   0.0000888852
1   12   3   5   0.0000454634
1   12   3   8   0.0001259847
1   12   4   6   0.0000192216
1   12   4   7   0.0000272445
2   7   1   5   0.0000060430
2   7   1   8   -0.0000009961
2   7   2   6   0.0000022413
2   7   3   7   0.0000022413
2   7   4   5   0.0000022536
2   7   4   8   -0.0000011137
2   8   1   5   0.0048982526
2   8   1   8   0.0030442040
2   8   2   6   0.0002337791
2   8   3   7   0.0002337791
2   8   4   5   0.0030442040
2   8   4   8   0.0020057608
2   9   1   5   -0.0001720839
2   9   1   8   -0.0000814263
2   9   2   6   0.0000163601
2   9   3   7   0.0000163601
2   9   4   5   -0.0001181066
2   9   4   8   -0.0000564324
2   10   1   5   0.0002593761
2   10   1   8   0.0003624361
2   10   2   6   -0.0000559162
2   10   3   7   -0.0000559162
2   10   4   5   0.0001667192
2   10   4   8   0.0002096063
2   11   1   6   -0.0002033688
2   11   1   7   0.0001434816
2   11   2   5   -0.0001384830
2   11   2   8   -0.0001504698
2   11   3   5   0.0000977031
2   11   3   8   0.0001061601
2   11   4   6   -0.0000961262
2   11   4   7   0.0000678194
2   12   1   6   0.0001434816
2   12   1   7   0.0002033688
2   12   2   5   0.0000977031
2   12   2   8   0.0001061601
2   12   3   5   0.0001384830
2   12   3   8   0.0001504698
2   12   4   6   0.0000678194
2   12   4   7   0.0000961262
3   7   1   5   0.0000250394
3   7   1   8   -0.0000173842
3   7   2   6   0.0002249636
3   7   3   7   0.0002249636
3   7   4   5   -0.0000148121
3   7   4   8   -0.0000269449
3   8   1   5   -0.0001720839
3   8   1   8   -0.0001181066
3   8   2   6   0.0000163601
3   8   3   7   0.0000163601
3   8   4   5   -0.0000814263
3   8   4   8   -0.0000564324
3   9   1   5   0.0003864048
3   9   1   8   0.0005263302
3   9   2   6   0.0009518563
3   9   3   7   0.0009518563
3   9   4   5   0.0005263302
3   9   4   8   0.0012779435
3   10   1   5   -0.0004528206
3   10   1   8   -0.0002517431
3   10   2   6   0.0000653803
3   10   3   7   0.0000653803
3   10   4   5   -0.0006006832
3   10   4   8   0.0002138654
3   11   1   6   -0.0005856944
3   11   1   7   0.0004132215
3   11   2   5   -0.0002572941
3   11   2   8   -0.0006377389
3   11   3   5   0.0001815272
3   11   3   8   0.0004499401
3   11   4   6   -0.0013977253
3   11   4   7   0.0009861289
3   12   1   6   0.0004132215
3   12   1   7   0.0005856944
3   12   2   5   0.0001815272
3   12   2   8   0.0004499401
3   12   3   5   0.0002572941
3   12   3   8   0.0006377389
3   12   4   6   0.0009861289
3   12   4   7   0.0013977253
4   7   1   5   -0.0000315852
4   7   1   8   -0.0000095006
4   7   2   6   0.0000173247
4   7   3   7   0.0000173247
4   7   4   5   -0.0000572301
4   7   4   8   0.0000093057
4   8   1   5   0.0002593761
4   8   1   8   0.0001667192
4   8   2   6   -0.0000559162
4   8   3   7   -0.0000559162
4   8   4   5   0.0003624361
4   8   4   8   0.0002096063
4   9   1   5   -0.0004528206
4   9   1   8   -0.0006006832
4   9   2   6   0.0000653803
4   9   3   7   0.0000653803
4   9   4   5   -0.0002517431
4   9   4   8   0.0002138654
4   10   1   5   0.0005823500
4   10   1   8   0.0002278524
4   10   2   6   0.0004419037
4   10   3   7   0.0004419037
4   10   4   5   0.0002278524
4   10   4   8   0.0010496199
4   11   1   6   0.0006508286
4   11   1   7   -0.0004591752
4   11   2   5   0.0002179965
4   11   2   8   0.0000369232
4   11   3   5   -0.0001538017
4   11   3   8   -0.0000260502
4   11   4   6   -0.0001019961
4   11   4   7   0.0000719607
4   12   1   6   -0.0004591752
4   12   1   7   -0.0006508286
4   12   2   5   -0.0001538017
4   12   2   8   -0.0000260502
4   12   3   5   -0.0002179965
4   12   3   8   -0.0000369232
4   12   4   6   0.0000719607
4   12   4   7   0.0001019961
5   7   1   6   -0.0000454634
5   7   1   7   0.0000320755
5   7   2   5   -0.0000102005
5   7   2   8   -0.0000272445
5   7   3   5   0.0000071967
5   7   3   8   0.0000192216
5   7   4   6   -0.0001259847
5   7   4   7   0.0000888852
5   8   1   6   -0.0001384830
5   8   1   7   0.0000977031
5   8   2   5   -0.0002033688
5   8   2   8   -0.0000961262
5   8   3   5   0.0001434816
5   8   3   8   0.0000678194
5   8   4   6   -0.0001504698
5   8   4   7   0.0001061601
5   9   1   6   -0.0002572941
5   9   1   7   0.0001815272
5   9   2   5   -0.0005856944
5   9   2   8   -0.0013977253
5   9   3   5   0.0004132215
5   9   3   8   0.0009861289
5   9   4   6   -0.0006377389
5   9   4   7   0.0004499401
5   10   1   6   0.0002179965
5   10   1   7   -0.0001538017
5   10   2   5   0.0006508286
5   10   2   8   -0.0001019961
5   10   3   5   -0.0004591752
5   10   3   8   0.0000719607
5   10   4   6   0.0000369232
5   10   4   7   -0.0000260502
5   11   1   5   0.0004765627
5   11   1   8   0.0005973401
5   11   2   6   0.0022648231
5   11   2   7   -0.0012874578
5   11   3   6   -0.0012874578
5   11   3   7   0.0013483309
5   11   4   5   0.0005973401
5   11   4   8   0.0011438490
5   12   2   6   -0.0012874578
5   12   2   7   -0.0013246379
5   12   3   6   0.0004081457
5   12   3   7   0.0012874578
6   7   1   6   0.0000320755
6   7   1   7   0.0000454634
6   7   2   5   0.0000071967
6   7   2   8   0.0000192216
6   7   3   5   0.0000102005
6   7   3   8   0.0000272445
6   7   4   6   0.0000888852
6   7   4   7   0.0001259847
6   8   1   6   0.0000977031
6   8   1   7   0.0001384830
6   8   2   5   0.0001434816
6   8   2   8   0.0000678194
6   8   3   5   0.0002033688
6   8   3   8   0.0000961262
6   8   4   6   0.0001061601
6   8   4   7   0.0001504698
6   9   1   6   0.0001815272
6   9   1   7   0.0002572941
6   9   2   5   0.0004132215
6   9   2   8   0.0009861289
6   9   3   5   0.0005856944
6   9   3   8   0.0013977253
6   9   4   6   0.0004499401
6   9   4   7   0.0006377389
6   10   1   6   -0.0001538017
6   10   1   7   -0.0002179965
6   10   2   5   -0.0004591752
6   10   2   8   0.0000719607
6   10   3   5   -0.0006508286
6   10   3   8   0.0001019961
6   10   4   6   -0.0000260502
6   10   4   7   -0.0000369232
6   11   2   6   -0.0012874578
6   11   2   7   0.0004081457
6   11   3   6   -0.0013246379
6   11   3   7   0.0012874578
6   12   1   5   0.0004765627
6   12   1   8   0.0005973401
6   12   2   6   0.0013483309
6   12   2   7   0.0012874578
6   12   3   6   0.0012874578
6   12   3   7   0.0022648231
6   12   4   5   0.0005973401
6   12   4   8   0.0011438490

End IJAB Block
Begin ABCD Block
1   5   1   5   0.2012927344
1   5   1   8   0.0113727939
1   5   2   6   0.0202699355
1   5   3   7   0.0202699355
1   5   4   5   0.0113727939
1   5   4   8   0.0117467469
1   6   1   6   0.1333453051
1   6   2   5   0.0202701975
1   6   2   8   0.0048144727
1   6   4   6   0.0094372880
1   7   1   7   0.1333453051
1   7   3   5   0.0202701975
1   7   3   8   0.0048144727
1   7   4   7   0.0094372880
1   8   1   5   0.0113727939
1   8   1   8   0.1229354441
1   8   2   6   0.0048142484
1   8   3   7   0.0048142484
1   8   4   5   0.0117468399
1   8   4   8   0.0075290236
2   5   1   6   0.0202701975
2   5   2   5   0.1333453051
2   5   2   8   0.0094372880
2   5   4   6   0.0048144727
2   6   1   5   0.0202699355
2   6   1   8   0.0048142484
2   6   2   6   0.1262399481
2   6   3   7   0.0078443403
2   6   4   5   0.0048142484
2   6   4   8   0.0091811078
2   7   2   7   0.1105513182
2   7   3   6   0.0078442896
2   8   1   6   0.0048144727
2   8   2   5   0.0094372880
2   8   2   8   0.1087371935
2   8   4   6   0.0091814410
3   5   1   7   0.0202701975
3   5   3   5   0.1333453051
3   5   3   8   0.0094372880
3   5   4   7   0.0048144727
3   6   2   7   0.0078442896
3   6   3   6   0.1105513182
3   7   1   5   0.0202699355
3   7   1   8   0.0048142484
3   7   2   6   0.0078443403
3   7   3   7   0.1262399481
3   7   4   5   0.0048142484
3   7   4   8   0.0091811078
3   8   1   7   0.0048144727
3   8   3   5   0.0094372880
3   8   3   8   0.1087371935
3   8   4   7   0.0091814410
4   5   1   5   0.0113727939
4   5   1   8   0.0117468399
4   5   2   6   0.0048142484
4   5   3   7   0.0048142484
4   5   4   5   0.1229354441
4   5   4   8   0.0075290236
4   6   1   6   0.0094372880
4   6   2   5   0.0048144727
4   6   2   8   0.0091814410
4   6   4   6   0.1087371935
4   7   1   7   0.0094372880
4   7   3   5   0.0048144727
4   7   3   8   0.0091814410
4   7   4   7   0.1087371935
4   8   1   5   0.0117467469
4   8   1   8   0.0075290236
4   8   2   6   0.0091811078
4   8   3   7   0.0091811078
4   8   4   5   0.0075290236
4   8   4   8   0.1199487455

End ABCD Block
Begin AIJB Block
1   7   1   5   0.0000761978
1   7   1   8   0.0001152854
1   7   2   5   0.0000051444
1   7   2   8   -0.0000019166
1   7   3   5   0.0000170639
1   7   3   8   -0.0000275498
1   7   4   5   -0.0000178615
1   7   4   8   0.0000094556
1   7   5   6   -0.0000328503
1   7   5   7   0.0000231766
1   7   6   6   0.0000231766
1   7   6   7   0.0000328503
1   8   1   5   0.0000051444
1   8   1   8   0.0000017033
1   8   2   5   0.0037211311
1   8   2   8   0.0022781607
1   8   3   5   -0.0001100328
1   8   3   8   -0.0000779998
1   8   4   5   0.0001527225
1   8   4   8   0.0000954285
1   8   5   6   -0.0001042665
1   8   5   7   0.0000735626
1   8   6   6   0.0000735626
1   8   6   7   0.0001042665
1   9   1   5   0.0000170639
1   9   1   8   -0.0000255289
1   9   2   5   -0.0001100328
1   9   2   8   -0.0000510434
1   9   3   5   0.0002879587
1   9   3   8   0.0003771869
1   9   4   5   -0.0002931524
1   9   4   8   -0.0004136422
1   9   5   6   -0.0000997440
1   9   5   7   0.0000703718
1   9   6   6   0.0000703718
1   9   6   7   0.0000997440
1   10   1   5   -0.0000178615
1   10   1   8   -0.0000453271
1   10   2   5   0.0001527225
1   10   2   8   0.0002496887
1   10   3   5   -0.0002931524
1   10   3   8   -0.0001068922
1   10   4   5   0.0004385587
1   10   4   8   0.0002050308
1   10   5   6   0.0001342486
1   10   5   7   -0.0000947156
1   10   6   6   -0.0000947156
1   10   6   7   -0.0001342486
1   11   1   6   0.0000090205
1   11   1   7   -0.0000063641
1   11   2   6   -0.0001660379
1   11   2   7   0.0001171437
1   11   3   6   -0.0003980866
1   11   3   7   0.0002808597
1   11   4   6   0.0004938527
1   11   4   7   -0.0003484249
1   11   5   5   0.0004646977
1   11   5   8   0.0005819960
1   12   1   6   -0.0000063641
1   12   1   7   -0.0000090205
1   12   2   6   0.0001171437
1   12   2   7   0.0001660379
1   12   3   6   0.0002808597
1   12   3   7   0.0003980866
1   12   4   6   -0.0003484249
1   12   4   7   -0.0004938527
1   12   6   5   0.0004646977
1   12   6   8   0.0005819960
2   7   1   6   0.0002221418
2   7   2   6   0.0000021715
2   7   3   6   0.0002018827
2   7   4   6   0.0000185949
2   7   5   5   0.0000090205
2   7   5   8   0.0000160359
2   7   6   5   -0.0000063641
2   7   6   8   -0.0000113137
2   8   1   6   0.0000021715
2   8   2   6   0.0002080629
2   8   3   6   0.0000094984
2   8   4   6   -0.0000399170
2   8   5   5   -0.0001660379
2   8   5   8   -0.0000775630
2   8   6   5   0.0001171437
2   8   6   8   0.0000547226
2   9   1   6   0.0002018827
2   9   2   6   0.0000094984
2   9   3   6   0.0007363897
2   9   4   6   0.0000607243
2   9   5   5   -0.0003980866
2   9   5   8   -0.0009734342
2   9   6   5   0.0002808597
2   9   6   8   0.0006867813
2   10   1   6   0.0000185949
2   10   2   6   -0.0000399170
2   10   3   6   0.0000607243
2   10   4   6   0.0002659825
2   10   5   5   0.0004938527
2   10   5   8   -0.0000670803
2   10   6   5   -0.0003484249
2   10   6   8   0.0000473268
2   11   1   5   -0.0000328503
2   11   1   8   -0.0000967433
2   11   2   5   -0.0001042665
2   11   2   8   -0.0001109304
2   11   3   5   -0.0000997440
2   11   3   8   -0.0002970500
2   11   4   5   0.0001342486
2   11   4   8   0.0000490959
2   11   5   6   0.0015837500
2   11   5   7   -0.0009396116
2   11   6   6   -0.0009396116
2   11   6   7   0.0004126648
2   12   1   5   0.0000231766
2   12   1   8   0.0000682547
2   12   2   5   0.0000735626
2   12   2   8   0.0000782641
2   12   3   5   0.0000703718
2   12   3   8   0.0002095760
2   12   4   5   -0.0000947156
2   12   4   8   -0.0000346383
2   12   5   6   -0.0009396116
2   12   5   7   -0.0010815385
2   12   6   6   0.0009148763
2   12   6   7   0.0009396116
3   7   1   7   0.0002221418
3   7   2   7   0.0000021715
3   7   3   7   0.0002018827
3   7   4   7   0.0000185949
3   7   5   5   -0.0000063641
3   7   5   8   -0.0000113137
3   7   6   5   -0.0000090205
3   7   6   8   -0.0000160359
3   8   1   7   0.0000021715
3   8   2   7   0.0002080629
3   8   3   7   0.0000094984
3   8   4   7   -0.0000399170
3   8   5   5   0.0001171437
3   8   5   8   0.0000547226
3   8   6   5   0.0001660379
3   8   6   8   0.0000775630
3   9   1   7   0.0002018827
3   9   2   7   0.0000094984
3   9   3   7   0.0007363897
3   9   4   7   0.0000607243
3   9   5   5   0.0002808597
3   9   5   8   0.0006867813
3   9   6   5   0.0003980866
3   9   6   8   0.0009734342
3   10   1   7   0.0000185949
3   10   2   7   -0.0000399170
3   10   3   7   0.0000607243
3   10   4   7   0.0002659825
3   10   5   5   -0.0003484249
3   10   5   8   0.0000473268
3   10   6   5   -0.0004938527
3   10   6   8   0.0000670803
3   11   1   5   0.0000231766
3   11   1   8   0.0000682547
3   11   2   5   0.0000735626
3   11   2   8   0.0000782641
3   11   3   5   0.0000703718
3   11   3   8   0.0002095760
3   11   4   5   -0.0000947156
3   11   4   8   -0.0000346383
3   11   5   6   -0.0009396116
3   11   5   7   0.0009148763
3   11   6   6   -0.0010815385
3   11   6   7   0.0009396116
3   12   1   5   0.0000328503
3   12   1   8   0.0000967433
3   12   2   5   0.0001042665
3   12   2   8   0.0001109304
3   12   3   5   0.0000997440
3   12   3   8   0.0002970500
3   12   4   5   -0.0001342486
3   12   4   8   -0.0000490959
3   12   5   6   0.0004126648
3   12   5   7   0.0009396116
3   12   6   6   0.0009396116
3   12   6   7   0.0015837500
4   7   1   5   0.0001152854
4   7   1   8   0.0003012583
4   7   2   5   0.0000017033
4   7   2   8   -0.0000019756
4   7   3   5   -0.0000255289
4   7   3   8   -0.0000519356
4   7   4   5   -0.0000453271
4   7   4   8   0.0000038260
4   7   5   6   -0.0000967433
4   7   5   7   0.0000682547
4   7   6   6   0.0000682547
4   7   6   7   0.0000967433
4   8   1   5   -0.0000019166
4   8   1   8   -0.0000019756
4   8   2   5   0.0022781607
4   8   2   8   0.0014865941
4   8   3   5   -0.0000510434
4   8   3   8   -0.0000378603
4   8   4   5   0.0002496887
4   8   4   8   0.0001365089
4   8   5   6   -0.0001109304
4   8   5   7   0.0000782641
4   8   6   6   0.0000782641
4   8   6   7   0.0001109304
4   9   1   5   -0.0000275498
4   9   1   8   -0.0000519356
4   9   2   5   -0.0000779998
4   9   2   8   -0.0000378603
4   9   3   5   0.0003771869
4   9   3   8   0.0009002977
4   9   4   5   -0.0001068922
4   9   4   8   0.0001552573
4   9   5   6   -0.0002970500
4   9   5   7   0.0002095760
4   9   6   6   0.0002095760
4   9   6   7   0.0002970500
4   10   1   5   0.0000094556
4   10   1   8   0.0000038260
4   10   2   5   0.0000954285
4   10   2   8   0.0001365089
4   10   3   5   -0.0004136422
4   10   3   8   0.0001552573
4   10   4   5   0.0002050308
4   10   4   8   0.0007998107
4   10   5   6   0.0000490959
4   10   5   7   -0.0000346383
4   10   6   6   -0.0000346383
4   10   6   7   -0.0000490959
4   11   1   6   0.0000160359
4   11   1   7   -0.0000113137
4   11   2   6   -0.0000775630
4   11   2   7   0.0000547226
4   11   3   6   -0.0009734342
4   11   3   7   0.0006867813
4   11   4   6   -0.0000670803
4   11   4   7   0.0000473268
4   11   5   5   0.0005819960
4   11   5   8   0.0009313975
4   12   1   6   -0.0000113137
4   12   1   7   -0.0000160359
4   12   2   6   0.0000547226
4   12   2   7   0.0000775630
4   12   3   6   0.0006867813
4   12   3   7   0.0009734342
4   12   4   6   0.0000473268
4   12   4   7   0.0000670803
4   12   6   5   0.0005819960
4   12   6   8   0.0009313975

1   7   7   1   -0.1484362236
1   7   7   4   -0.0294071947
1   7   8   1   -0.0000183183
1   7   8   4   -0.0000048553
1   7   9   1   -0.0000134879
1   7   9   4   0.0000175659
1   7   10   1   0.0010071571
1   7   10   4   0.0003182934
1   7   11   2   0.0003448236
1   7   11   3   -0.0002432814
1   7   12   2   -0.0002432814
1   7   12   3   -0.0003448236
1   8   7   1   -0.0000183183
1   8   7   4   -0.0000048567
1   8   8   1   -0.2256923100
1   8   8   4   -0.0465135886
1   8   9   1   0.0033306618
1   8   9   4   0.0006997276
1   8   10   1   -0.0034810865
1   8   10   4   -0.0006744884
1   8   11   2   0.0005846390
1   8   11   3   -0.0004124769
1   8   12   2   -0.0004124769
1   8   12   3   -0.0005846390
1   9   7   1   -0.0000134879
1   9   7   4   0.0000179040
1   9   8   1   0.0033306618
1   9   8   4   0.0006992291
1   9   9   1   -0.1492465512
1   9   9   4   -0.0292828247
1   9   10   1   0.0119411768
1   9   10   4   0.0034043215
1   9   11   2   0.0038227046
1   9   11   3   -0.0026970102
1   9   12   2   -0.0026970102
1   9   12   3   -0.0038227046
1   10   7   1   0.0010071571
1   10   7   4   0.0003169888
1   10   8   1   -0.0034810865
1   10   8   4   -0.0006729187
1   10   9   1   0.0119411768
1   10   9   4   0.0034050311
1   10   10   1   -0.1496260725
1   10   10   4   -0.0290531009
1   10   11   2   -0.0008488166
1   10   11   3   0.0005988606
1   10   12   2   0.0005988606
1   10   12   3   0.0008488166
1   11   7   2   0.0003452538
1   11   7   3   -0.0002435849
1   11   8   2   0.0005879851
1   11   8   3   -0.0004148377
1   11   9   2   0.0038196351
1   11   9   3   -0.0026948445
1   11   10   2   -0.0008447109
1   11   10   3   0.0005959639
1   11   11   1   -0.1486992819
1   11   11   4   -0.0291383940
1   12   7   2   -0.0002435849
1   12   7   3   -0.0003452538
1   12   8   2   -0.0004148377
1   12   8   3   -0.0005879851
1   12   9   2   -0.0026948445
1   12   9   3   -0.0038196351
1   12   10   2   0.0005959639
1   12   10   3   0.0008447109
1   12   12   1   -0.1486992819
1   12   12   4   -0.0291383940
2   7   7   2   -0.1333366250
2   7   8   2   -0.0000030877
2   7   9   2   0.0000758515
2   7   10   2   0.0003306175
2   7   11   1   0.0003452538
2   7   11   4   0.0004464484
2   7   12   1   -0.0002435849
2   7   12   4   -0.0003149801
2   8   7   2   -0.0000030877
2   8   8   2   -0.1452145327
2   8   9   2   0.0004865394
2   8   10   2   -0.0004010237
2   8   11   1   0.0005879851
2   8   11   4   0.0004148327
2   8   12   1   -0.0004148377
2   8   12   4   -0.0002926744
2   9   7   2   0.0000758515
2   9   8   2   0.0004865394
2   9   9   2   -0.1316108557
2   9   10   2   0.0038906327
2   9   11   1   0.0038196351
2   9   11   4   0.0043232699
2   9   12   1   -0.0026948445
2   9   12   4   -0.0030501710
2   10   7   2   0.0003306175
2   10   8   2   -0.0004010237
2   10   9   2   0.0038906327
2   10   10   2   -0.1308234078
2   10   11   1   -0.0008447109
2   10   11   4   -0.0001847458
2   10   12   1   0.0005959639
2   10   12   4   0.0001303426
2   11   7   1   0.0003448236
2   11   7   4   0.0004447819
2   11   8   1   0.0005846390
2   11   8   4   0.0004108290
2   11   9   1   0.0038227046
2   11   9   4   0.0043287833
2   11   10   1   -0.0008488166
2   11   10   4   -0.0001827871
2   11   11   2   -0.1318447132
2   11   11   3   0.0008076687
2   11   12   2   0.0008076687
2   11   12   3   0.0002961915
2   12   7   1   -0.0002432814
2   12   7   4   -0.0003138044
2   12   8   1   -0.0004124769
2   12   8   4   -0.0002898497
2   12   9   1   -0.0026970102
2   12   9   4   -0.0030540609
2   12   10   1   0.0005988606
2   12   10   4   0.0001289607
2   12   11   2   0.0008076687
2   12   11   3   0.0002787571
2   12   12   2   -0.1312697646
2   12   12   3   -0.0008076687
3   7   7   3   -0.1333366250
3   7   8   3   -0.0000030877
3   7   9   3   0.0000758515
3   7   10   3   0.0003306175
3   7   11   1   -0.0002435849
3   7   11   4   -0.0003149801
3   7   12   1   -0.0003452538
3   7   12   4   -0.0004464484
3   8   7   3   -0.0000030877
3   8   8   3   -0.1452145327
3   8   9   3   0.0004865394
3   8   10   3   -0.0004010237
3   8   11   1   -0.0004148377
3   8   11   4   -0.0002926744
3   8   12   1   -0.0005879851
3   8   12   4   -0.0004148327
3   9   7   3   0.0000758515
3   9   8   3   0.0004865394
3   9   9   3   -0.1316108557
3   9   10   3   0.0038906327
3   9   11   1   -0.0026948445
3   9   11   4   -0.0030501710
3   9   12   1   -0.0038196351
3   9   12   4   -0.0043232699
3   10   7   3   0.0003306175
3   10   8   3   -0.0004010237
3   10   9   3   0.0038906327
3   10   10   3   -0.1308234078
3   10   11   1   0.0005959639
3   10   11   4   0.0001303426
3   10   12   1   0.0008447109
3   10   12   4   0.0001847458
3   11   7   1   -0.0002432814
3   11   7   4   -0.0003138044
3   11   8   1   -0.0004124769
3   11   8   4   -0.0002898497
3   11   9   1   -0.0026970102
3   11   9   4   -0.0030540609
3   11   10   1   0.0005988606
3   11   10   4   0.0001289607
3   11   11   2   0.0008076687
3   11   11   3   -0.1312697646
3   11   12   2   0.0002787571
3   11   12   3   -0.0008076687
3   12   7   1   -0.0003448236
3   12   7   4   -0.0004447819
3   12   8   1   -0.0005846390
3   12   8   4   -0.0004108290
3   12   9   1   -0.0038227046
3   12   9   4   -0.0043287833
3   12   10   1   0.0008488166
3   12   10   4   0.0001827871
3   12   11   2   0.0002961915
3   12   11   3   -0.0008076687
3   12   12   2   -0.0008076687
3   12   12   3   -0.1318447132
4   7   7   1   -0.0294071947
4   7   7   4   -0.1519630876
4   7   8   1   -0.0000048567
4   7   8   4   0.0000032971
4   7   9   1   0.0000179040
4   7   9   4   0.0000812799
4   7   10   1   0.0003169888
4   7   10   4   -0.0000680943
4   7   11   2   0.0004447819
4   7   11   3   -0.0003138044
4   7   12   2   -0.0003138044
4   7   12   3   -0.0004447819
4   8   7   1   -0.0000048553
4   8   7   4   0.0000032971
4   8   8   1   -0.0465135886
4   8   8   4   -0.1498409237
4   8   9   1   0.0006992291
4   8   9   4   0.0000092483
4   8   10   1   -0.0006729187
4   8   10   4   -0.0000413220
4   8   11   2   0.0004108290
4   8   11   3   -0.0002898497
4   8   12   2   -0.0002898497
4   8   12   3   -0.0004108290
4   9   7   1   0.0000175659
4   9   7   4   0.0000812799
4   9   8   1   0.0006997276
4   9   8   4   0.0000092483
4   9   9   1   -0.0292828247
4   9   9   4   -0.1505631774
4   9   10   1   0.0034050311
4   9   10   4   -0.0006811927
4   9   11   2   0.0043287833
4   9   11   3   -0.0030540609
4   9   12   2   -0.0030540609
4   9   12   3   -0.0043287833
4   10   7   1   0.0003182934
4   10   7   4   -0.0000680943
4   10   8   1   -0.0006744884
4   10   8   4   -0.0000413220
4   10   9   1   0.0034043215
4   10   9   4   -0.0006811927
4   10   10   1   -0.0290531009
4   10   10   4   -0.1507814197
4   10   11   2   -0.0001827871
4   10   11   3   0.0001289607
4   10   12   2   0.0001289607
4   10   12   3   0.0001827871
4   11   7   2   0.0004464484
4   11   7   3   -0.0003149801
4   11   8   2   0.0004148327
4   11   8   3   -0.0002926744
4   11   9   2   0.0043232699
4   11   9   3   -0.0030501710
4   11   10   2   -0.0001847458
4   11   10   3   0.0001303426
4   11   11   1   -0.0291383940
4   11   11   4   -0.1500188540
4   12   7   2   -0.0003149801
4   12   7   3   -0.0004464484
4   12   8   2   -0.0002926744
4   12   8   3   -0.0004148327
4   12   9   2   -0.0030501710
4   12   9   3   -0.0043232699
4   12   10   2   0.0001303426
4   12   10   3   0.0001847458
4   12   12   1   -0.0291383940
4   12   12   4   -0.1500188540

End AIJB Block
Begin IJKA Block
1   7   1   5   0.0124297938
1   7   1   8   0.0307262022
1   7   2   5   -0.0000691005
1   7   2   8   -0.0001304818
1   7   3   5   -0.0021076466
1   7   3   8   -0.0051029311
1   7   4   5   0.0008293324
1   7   4   8   -0.0005588545
1   7   5   6   0.0022528682
1   7   5   7   -0.0015894528
1   7   6   6   -0.0015894528
1   7   6   7   -0.0022528682
1   8   1   5   -0.0056853604
1   8   1   8   -0.0026906812
1   8   2   5   -0.0000042228
1   8   2   8   -0.0000012942
1   8   3   5   0.0000030750
1   8   3   8   0.0000208729
1   8   4   5   0.0002134328
1   8   4   8   0.0000901759
1   8   5   6   0.0000173168
1   8   5   7   -0.0000122174
1   8   6   6   -0.0000122174
1   8   6   7   -0.0000173168
1   9   1   5   -0.0145193834
1   9   1   8   -0.0347558877
1   9   2   5   -0.0000055335
1   9   2   8   0.0000283322
1   9   3   5   0.0002928666
1   9   3   8   0.0008204144
1   9   4   5   0.0009762587
1   9   4   8   -0.0001021164
1   9   5   6   0.0021264086
1   9   5   7   -0.0015002325
1   9   6   6   -0.0015002325
1   9   6   7   -0.0021264086
1   10   1   5   0.0130189101
1   10   1   8   -0.0070154632
1   10   2   5   0.0000099475
1   10   2   8   0.0000265536
1   10   3   5   0.0000603429
1   10   3   8   0.0001420292
1   10   4   5   -0.0007158487
1   10   4   8   -0.0015782450
1   10   5   6   0.0001842070
1   10   5   7   -0.0001299625
1   10   6   6   -0.0001299625
1   10   6   7   -0.0001842070
1   11   1   6   0.0352673538
1   11   1   7   -0.0248819676
1   11   2   6   -0.0000102837
1   11   2   7   0.0000072554
1   11   3   6   -0.0000322633
1   11   3   7   0.0000227625
1   11   4   6   0.0000836354
1   11   4   7   -0.0000590068
1   11   5   5   -0.0005060976
1   11   5   8   -0.0015079369
1   12   1   6   -0.0248819676
1   12   1   7   -0.0352673538
1   12   2   6   0.0000072554
1   12   2   7   0.0000102837
1   12   3   6   0.0000227625
1   12   3   7   0.0000322633
1   12   4   6   -0.0000590068
1   12   4   7   -0.0000836354
1   12   6   5   -0.0005060976
1   12   6   8   -0.0015079369
2   7   1   5   -0.0000695269
2   7   1   8   -0.0001388531
2   7   2   5   -0.0001506197
2   7   2   8   0.0000329051
2   7   3   5   -0.0000118299
2   7   3   8   0.0000288621
2   7   4   5   0.0000340135
2   7   4   8   -0.0000166442
2   7   5   6   0.0000667525
2   7   5   7   -0.0000470955
2   7   6   6   -0.0000470955
2   7   6   7   -0.0000667525
2   8   1   5   -0.0000062570
2   8   1   8   -0.0000031615
2   8   2   5   -0.0593842206
2   8   2   8   -0.0398020950
2   8   3   5   0.0028474434
2   8   3   8   0.0021597448
2   8   4   5   -0.0033836442
2   8   4   8   -0.0027565194
2   8   5   6   -0.0002241072
2   8   5   7   0.0001581130
2   8   6   6   0.0001581130
2   8   6   7   0.0002241072
2   9   1   5   -0.0000123346
2   9   1   8   0.0000076519
2   9   2   5   0.0009403877
2   9   2   8   0.0008862290
2   9   3   5   -0.0005278187
2   9   3   8   -0.0007628606
2   9   4   5   0.0005823695
2   9   4   8   0.0005840090
2   9   5   6   0.0002474009
2   9   5   7   -0.0001745473
2   9   6   6   -0.0001745473
2   9   6   7   -0.0002474009
2   10   1   5   0.0000149165
2   10   1   8   0.0000221805
2   10   2   5   -0.0023645157
2   10   2   8   -0.0105413636
2   10   3   5   0.0005954255
2   10   3   8   0.0003277639
2   10   4   5   -0.0006682377
2   10   4   8   -0.0003649242
2   10   5   6   0.0000337287
2   10   5   7   -0.0000237964
2   10   6   6   -0.0000237964
2   10   6   7   -0.0000337287
2   11   1   6   0.0000077479
2   11   1   7   -0.0000054664
2   11   2   6   0.0014351407
2   11   2   7   -0.0010125263
2   11   3   6   0.0008408148
2   11   3   7   -0.0005932151
2   11   4   6   -0.0006487856
2   11   4   7   0.0004577338
2   11   5   5   0.0001177245
2   11   5   8   0.0000933226
2   12   1   6   -0.0000054664
2   12   1   7   -0.0000077479
2   12   2   6   -0.0010125263
2   12   2   7   -0.0014351407
2   12   3   6   -0.0005932151
2   12   3   7   -0.0008408148
2   12   4   6   0.0004577338
2   12   4   7   0.0006487856
2   12   6   5   0.0001177245
2   12   6   8   0.0000933226
3   7   1   5   -0.0022928689
3   7   1   8   -0.0055222632
3   7   2   5   -0.0000097569
3   7   2   8   0.0000345518
3   7   3   5   0.0003558762
3   7   3   8   0.0011242154
3   7   4   5   0.0010663042
3   7   4   8   -0.0001918538
3   7   5   6   0.0024131715
3   7   5   7   -0.0017025506
3   7   6   6   -0.0017025506
3   7   6   7   -0.0024131715
3   8   1   5   0.0000015879
3   8   1   8   0.0000130052
3   8   2   5   0.0028370448
3   8   2   8   0.0021539207
3   8   3   5   -0.0057708970
3   8   3   8   -0.0024769727
3   8   4   5   0.0022596300
3   8   4   8   0.0009602248
3   8   5   6   -0.0001632373
3   8   5   7   0.0001151679
3   8   6   6   0.0001151679
3   8   6   7   0.0001632373
3   9   1   5   0.0001213314
3   9   1   8   0.0004447289
3   9   2   5   -0.0004881925
3   9   2   8   -0.0006863652
3   9   3   5   -0.0088249481
3   9   3   8   -0.0200794737
3   9   4   5   0.0037102247
3   9   4   8   -0.0011271541
3   9   5   6   0.0086960501
3   9   5   7   -0.0061352728
3   9   6   6   -0.0061352728
3   9   6   7   -0.0086960501
3   10   1   5   0.0001726377
3   10   1   8   0.0000968195
3   10   2   5   0.0005388802
3   10   2   8   0.0002901767
3   10   3   5   0.0094446934
3   10   3   8   -0.0045268160
3   10   4   5   -0.0023831401
3   10   4   8   -0.0040085718
3   10   5   6   0.0008876830
3   10   5   7   -0.0006262818
3   10   6   6   -0.0006262818
3   10   6   7   -0.0008876830
3   11   1   6   0.0002414460
3   11   1   7   -0.0001703460
3   11   2   6   0.0007231425
3   11   2   7   -0.0005101944
3   11   3   6   0.0250522927
3   11   3   7   -0.0176749959
3   11   4   6   0.0012025470
3   11   4   7   -0.0008484259
3   11   5   5   -0.0006303270
3   11   5   8   -0.0035644372
3   12   1   6   -0.0001703460
3   12   1   7   -0.0002414460
3   12   2   6   -0.0005101944
3   12   2   7   -0.0007231425
3   12   3   6   -0.0176749959
3   12   3   7   -0.0250522927
3   12   4   6   -0.0008484259
3   12   4   7   -0.0012025470
3   12   6   5   -0.0006303270
3   12   6   8   -0.0035644372
4   7   1   5   0.0010101078
4   7   1   8   -0.0005949693
4   7   2   5   0.0000338269
4   7   2   8   -0.0000169104
4   7   3   5   0.0011106213
4   7   3   8   -0.0001827991
4   7   4   5   0.0003489777
4   7   4   8   0.0006295279
4   7   5   6   0.0001247073
4   7   5   7   -0.0000879840
4   7   6   6   -0.0000879840
4   7   6   7   -0.0001247073
4   8   1   5   0.0001928385
4   8   1   8   0.0000803758
4   8   2   5   -0.0034279774
4   8   2   8   -0.0027489556
4   8   3   5   0.0021694815
4   8   3   8   0.0009266632
4   8   4   5   -0.0064983405
4   8   4   8   -0.0028394079
4   8   5   6   0.0001756979
4   8   5   7   -0.0001239591
4   8   6   6   -0.0001239591
4   8   6   7   -0.0001756979
4   9   1   5   0.0010215849
4   9   1   8   -0.0001125755
4   9   2   5   0.0005307263
4   9   2   8   0.0005030424
4   9   3   5   0.0037654241
4   9   3   8   -0.0009990973
4   9   4   5   -0.0077393656
4   9   4   8   -0.0182680249
4   9   5   6   0.0004704493
4   9   5   7   -0.0003319133
4   9   6   6   -0.0003319133
4   9   6   7   -0.0004704493
4   10   1   5   -0.0006584650
4   10   1   8   -0.0014982270
4   10   2   5   -0.0005964766
4   10   2   8   -0.0003339755
4   10   3   5   -0.0023375930
4   10   3   8   -0.0039648238
4   10   4   5   0.0101392709
4   10   4   8   -0.0051583508
4   10   5   6   0.0023991552
4   10   5   7   -0.0016926618
4   10   6   6   -0.0016926618
4   10   6   7   -0.0023991552
4   11   1   6   0.0000805600
4   11   1   7   -0.0000568370
4   11   2   6   -0.0005134901
4   11   2   7   0.0003622796
4   11   3   6   0.0010019701
4   11   3   7   -0.0007069140
4   11   4   6   0.0218904819
4   11   4   7   -0.0154442622
4   11   5   5   0.0008506145
4   11   5   8   -0.0006769821
4   12   1   6   -0.0000568370
4   12   1   7   -0.0000805600
4   12   2   6   0.0003622796
4   12   2   7   0.0005134901
4   12   3   6   -0.0007069140
4   12   3   7   -0.0010019701
4   12   4   6   -0.0154442622
4   12   4   7   -0.0218904819
4   12   6   5   0.0008506145
4   12   6   8   -0.0006769821
5   7   1   6   0.0026433021
5   7   1   7   -0.0018649133
5   7   2   6   0.0000692659
5   7   2   7   -0.0000488688
5   7   3   6   0.0024970937
5   7   3   7   -0.0017617597
5   7   4   6   0.0001418214
5   7   4   7   -0.0001000584
5   7   5   5   0.0002425871
5   7   5   8   0.0006324247
5   8   1   6   0.0000270793
5   8   1   7   -0.0000191051
5   8   2   6   -0.0002312702
5   8   2   7   0.0001631667
5   8   3   6   -0.0001412038
5   8   3   7   0.0000996227
5   8   4   6   0.0001797211
5   8   4   7   -0.0001267975
5   8   5   5   -0.0048677915
5   8   5   8   -0.0020255402
5   9   1   6   0.0022277286
5   9   1   7   -0.0015717162
5   9   2   6   0.0002002263
5   9   2   7   -0.0001412645
5   9   3   6   0.0086798738
5   9   3   7   -0.0061238600
5   9   4   6   0.0004556378
5   9   4   7   -0.0003214634
5   9   5   5   -0.0073457705
5   9   5   8   -0.0178532151
5   10   1   6   0.0001830317
5   10   1   7   -0.0001291333
5   10   2   6   0.0000507851
5   10   2   7   -0.0000358301
5   10   3   6   0.0007912677
5   10   3   7   -0.0005582584
5   10   4   6   0.0024659425
5   10   4   7   -0.0017397818
5   10   5   5   0.0077892519
5   10   5   8   -0.0044416612
5   11   1   5   -0.0004770040
5   11   1   8   -0.0014244757
5   11   2   5   0.0000931812
5   11   2   8   0.0000818511
5   11   3   5   -0.0007318767
5   11   3   8   -0.0035513420
5   11   4   5   0.0007919266
5   11   4   8   -0.0006304638
5   11   5   6   0.0267821826
5   11   5   7   -0.0188954749
5   11   6   6   -0.0017279432
5   11   6   7   -0.0024491627
5   12   5   6   -0.0153541774
5   12   5   7   -0.0217627968
5   12   6   6   0.0025702231
5   12   6   7   -0.0018133543
6   7   1   6   -0.0018649133
6   7   1   7   -0.0026433021
6   7   2   6   -0.0000488688
6   7   2   7   -0.0000692659
6   7   3   6   -0.0017617597
6   7   3   7   -0.0024970937
6   7   4   6   -0.0001000584
6   7   4   7   -0.0001418214
6   7   6   5   0.0002425871
6   7   6   8   0.0006324247
6   8   1   6   -0.0000191051
6   8   1   7   -0.0000270793
6   8   2   6   0.0001631667
6   8   2   7   0.0002312702
6   8   3   6   0.0000996227
6   8   3   7   0.0001412038
6   8   4   6   -0.0001267975
6   8   4   7   -0.0001797211
6   8   6   5   -0.0048677915
6   8   6   8   -0.0020255402
6   9   1   6   -0.0015717162
6   9   1   7   -0.0022277286
6   9   2   6   -0.0001412645
6   9   2   7   -0.0002002263
6   9   3   6   -0.0061238600
6   9   3   7   -0.0086798738
6   9   4   6   -0.0003214634
6   9   4   7   -0.0004556378
6   9   6   5   -0.0073457705
6   9   6   8   -0.0178532151
6   10   1   6   -0.0001291333
6   10   1   7   -0.0001830317
6   10   2   6   -0.0000358301
6   10   2   7   -0.0000507851
6   10   3   6   -0.0005582584
6   10   3   7   -0.0007912677
6   10   4   6   -0.0017397818
6   10   4   7   -0.0024659425
6   10   6   5   0.0077892519
6   10   6   8   -0.0044416612
6   11   5   6   -0.0018133543
6   11   5   7   -0.0025702231
6   11   6   6   0.0217627968
6   11   6   7   -0.0153541774
6   12   1   5   -0.0004770040
6   12   1   8   -0.0014244757
6   12   2   5   0.0000931812
6   12   2   8   0.0000818511
6   12   3   5   -0.0007318767
6   12   3   8   -0.0035513420
6   12   4   5   0.0007919266
6   12   4   8   -0.0006304638
6   12   5   6   0.0024491627
6   12   5   7   -0.0017279432
6   12   6   6   -0.0188954749
6   12   6   7   -0.0267821826

End IJKA Block
Begin IABC Block
1   5   1   5   -0.0000259417
1   5   1   8   -0.0000072894
1   5   2   6   -0.0000299067
1   5   3   7   -0.0000299067
1   5   4   5   0.0000054605
1   5   4   8   0.0000027388
1   6   1   6   -0.0000061244
1   6   2   5   -0.0000300219
1   6   2   8   -0.0000406346
1   6   4   6   0.0000044183
1   7   1   7   -0.0000061244
1   7   3   5   -0.0000300219
1   7   3   8   -0.0000406346
1   7   4   7   0.0000044183
1   8   1   5   -0.0000072685
1   8   1   8   0.0000030078
1   8   2   6   -0.0000403622
1   8   3   7   -0.0000403622
1   8   4   5   0.0000027122
1   8   4   8   0.0000016012
2   5   1   5   0.0010207453
2   5   1   8   -0.0000651623
2   5   2   6   0.0004432586
2   5   3   7   0.0004432586
2   5   4   5   0.0001940227
2   5   4   8   -0.0000744458
2   6   1   6   0.0001109877
2   6   2   5   0.0004447879
2   6   2   8   0.0002406205
2   6   4   6   0.0000614092
2   7   1   7   0.0001109877
2   7   3   5   0.0004447879
2   7   3   8   0.0002406205
2   7   4   7   0.0000614092
2   8   1   5   -0.0000685921
2   8   1   8   -0.0002131554
2   8   2   6   0.0002398525
2   8   3   7   0.0002398525
2   8   4   5   -0.0000759681
2   8   4   8   -0.0000953391
3   5   1   5   -0.0002459303
3   5   1   8   -0.0000222426
3   5   2   6   -0.0000413603
3   5   3   7   -0.0000413603
3   5   4   5   -0.0000757116
3   5   4   8   -0.0000253919
3   6   1   6   -0.0000434879
3   6   2   5   -0.0000424520
3   6   2   8   -0.0000811953
3   6   4   6   -0.0000893036
3   7   1   7   -0.0000434879
3   7   3   5   -0.0000424520
3   7   3   8   -0.0000811953
3   7   4   7   -0.0000893036
3   8   1   5   -0.0000236325
3   8   1   8   -0.0000244465
3   8   2   6   -0.0000791149
3   8   3   7   -0.0000791149
3   8   4   5   -0.0000271066
3   8   4   8   -0.0000642146
4   5   1   5   -0.0002474011
4   5   1   8   -0.0002857742
4   5   2   6   -0.0003836272
4   5   3   7   -0.0003836272
4   5   4   5   -0.0028563707
4   5   4   8   -0.0006194804
4   6   1   6   -0.0003757700
4   6   2   5   -0.0003817897
4   6   2   8   -0.0001090970
4   6   4   6   -0.0011578365
4   7   1   7   -0.0003757700
4   7   3   5   -0.0003817897
4   7   3   8   -0.0001090970
4   7   4   7   -0.0011578365
4   8   1   5   -0.0002881139
4   8   1   8   0.0000265288
4   8   2   6   -0.0001115965
4   8   3   7   -0.0001115965
4   8   4   5   -0.0006283732
4   8   4   8   0.0000724452
5   5   1   6   -0.0013031581
5   5   1   7   0.0009194095
5   5   2   5   -0.0007982905
5   5   2   8   -0.0001187023
5   5   3   5   0.0005632132
5   5   3   8   0.0000837473
5   5   4   6   -0.0014908325
5   5   4   7   0.0010518182
5   6   1   5   -0.0012932606
5   6   1   8   -0.0009016731
5   6   2   6   -0.0004959279
5   6   2   7   0.0001612059
5   6   3   6   0.0000280026
5   6   3   7   -0.0002277465
5   6   4   5   -0.0014766600
5   6   4   8   -0.0012186779
5   7   1   5   0.0009124265
5   7   1   8   0.0006361521
5   7   2   6   0.0001606806
5   7   2   7   -0.0000396904
5   7   3   6   -0.0002284910
5   7   3   7   0.0003498891
5   7   4   5   0.0010418192
5   7   4   8   0.0008598066
5   8   1   6   -0.0009157744
5   8   1   7   0.0006461009
5   8   2   5   -0.0001173863
5   8   2   8   0.0003412667
5   8   3   5   0.0000828189
5   8   3   8   -0.0002407719
5   8   4   6   -0.0012419978
5   8   4   7   0.0008762593
6   5   1   6   0.0009194095
6   5   1   7   0.0013031581
6   5   2   5   0.0005632132
6   5   2   8   0.0000837473
6   5   3   5   0.0007982905
6   5   3   8   0.0001187023
6   5   4   6   0.0010518182
6   5   4   7   0.0014908325
6   6   1   5   0.0009124265
6   6   1   8   0.0006361521
6   6   2   6   0.0003498891
6   6   2   7   0.0002284910
6   6   3   6   0.0000396904
6   6   3   7   0.0001606806
6   6   4   5   0.0010418192
6   6   4   8   0.0008598066
6   7   1   5   0.0012932606
6   7   1   8   0.0009016731
6   7   2   6   0.0002277465
6   7   2   7   0.0000280026
6   7   3   6   0.0001612059
6   7   3   7   0.0004959279
6   7   4   5   0.0014766600
6   7   4   8   0.0012186779
6   8   1   6   0.0006461009
6   8   1   7   0.0009157744
6   8   2   5   0.0000828189
6   8   2   8   -0.0002407719
6   8   3   5   0.0001173863
6   8   3   8   -0.0003412667
6   8   4   6   0.0008762593
6   8   4   7   0.0012419978

End IABC Block
