Begin IJ Block
1   1   -5.9230197071
1   2   0.0000108804
1   5   -0.0142043044
2   2   -7.0082604632
2   5   0.0063633497
3   3   -6.0083151111
3   4   0.0000000000
4   4   -6.0083151111
5   5   -5.9242925287

End IJ Block
Begin IA Block
1   1   0.0968887295
2   1   0.0452194574
3   2   -0.1957011785
3   3   0.1506074825
4   2   0.1506074825
4   3   0.1957011785
5   1   -0.2198942959

End IA Block
Begin AB Block
1   1   -1.6023321925
2   2   -1.3571225140
3   3   -1.3571225140

End AB Block
Begin IJKL Block
1   6   1   6   1.6510512154
1   6   1   7   -0.0053130286
1   6   1   10   0.0276483368
1   6   2   6   -0.0053130286
1   6   2   7   0.0000288713
1   6   2   10   -0.0001567618
1   6   3   8   0.0000133525
1   6   4   9   0.0000133525
1   6   5   6   0.0276483368
1   6   5   7   -0.0001567618
1   6   5   10   0.0009000252
1   7   1   6   -0.0053130286
1   7   1   7   0.2123159145
1   7   1   10   -0.0287488869
1   7   2   6   0.0000288713
1   7   2   7   0.0009570389
1   7   2   10   -0.0002211119
1   7   3   8   0.0002300033
1   7   4   9   0.0002300033
1   7   5   6   -0.0001567618
1   7   5   7   -0.0020460572
1   7   5   10   0.0005229632
1   8   1   8   0.2093186067
1   8   2   8   0.0008784056
1   8   3   6   0.0000133525
1   8   3   7   0.0002300033
1   8   3   10   -0.0000815097
1   8   5   8   -0.0018891566
1   9   1   9   0.2093186067
1   9   2   9   0.0008784056
1   9   4   6   0.0000133525
1   9   4   7   0.0002300033
1   9   4   10   -0.0000815097
1   9   5   9   -0.0018891566
1   10   1   6   0.0276483368
1   10   1   7   -0.0287488869
1   10   1   10   0.2284618118
1   10   2   6   -0.0001567618
1   10   2   7   -0.0002211119
1   10   2   10   0.0009072284
1   10   3   8   -0.0000815097
1   10   4   9   -0.0000815097
1   10   5   6   0.0009000252
1   10   5   7   0.0005229632
1   10   5   10   -0.0021794229
2   6   1   6   -0.0053130286
2   6   1   7   0.0000288713
2   6   1   10   -0.0001567618
2   6   2   6   0.2123159145
2   6   2   7   0.0009570389
2   6   2   10   -0.0020460572
2   6   3   8   0.0002300033
2   6   4   9   0.0002300033
2   6   5   6   -0.0287488869
2   6   5   7   -0.0002211119
2   6   5   10   0.0005229632
2   7   1   6   0.0000288713
2   7   1   7   0.0009570389
2   7   1   10   -0.0002211119
2   7   2   6   0.0009570389
2   7   2   7   0.8833002757
2   7   2   10   0.0088288125
2   7   3   8   0.1644902087
2   7   4   9   0.1644902087
2   7   5   6   -0.0002211119
2   7   5   7   0.0088288125
2   7   5   10   0.1590550758
2   8   1   8   0.0008784056
2   8   2   8   0.8255587421
2   8   3   6   0.0002300033
2   8   3   7   0.1644902087
2   8   3   10   0.0024583344
2   8   5   8   0.0089685355
2   9   1   9   0.0008784056
2   9   2   9   0.8255587421
2   9   4   6   0.0002300033
2   9   4   7   0.1644902087
2   9   4   10   0.0024583344
2   9   5   9   0.0089685355
2   10   1   6   -0.0001567618
2   10   1   7   -0.0002211119
2   10   1   10   0.0009072284
2   10   2   6   -0.0020460572
2   10   2   7   0.0088288125
2   10   2   10   0.8032246845
2   10   3   8   0.0024583344
2   10   4   9   0.0024583344
2   10   5   6   0.0005229632
2   10   5   7   0.1590550758
2   10   5   10   0.0111913765
3   6   1   8   0.0000133525
3   6   2   8   0.0002300033
3   6   3   6   0.2093186067
3   6   3   7   0.0008784056
3   6   3   10   -0.0018891566
3   6   5   8   -0.0000815097
3   7   1   8   0.0002300033
3   7   2   8   0.1644902087
3   7   3   6   0.0008784056
3   7   3   7   0.8255587421
3   7   3   10   0.0089685355
3   7   5   8   0.0024583344
3   8   1   6   0.0000133525
3   8   1   7   0.0002300033
3   8   1   10   -0.0000815097
3   8   2   6   0.0002300033
3   8   2   7   0.1644902087
3   8   2   10   0.0024583344
3   8   3   8   0.8312776730
3   8   3   9   -0.0000000000
3   8   4   8   -0.0000000000
3   8   4   9   0.0402102499
3   8   5   6   -0.0000815097
3   8   5   7   0.0024583344
3   8   5   10   0.0390087298
3   9   3   8   -0.0000000000
3   9   3   9   0.7508571733
3   9   4   8   0.0402102499
3   9   4   9   -0.0000000000
3   10   1   8   -0.0000815097
3   10   2   8   0.0024583344
3   10   3   6   -0.0018891566
3   10   3   7   0.0089685355
3   10   3   10   0.7314586164
3   10   4   10   -0.0000000000
3   10   5   8   0.0390087298
4   6   1   9   0.0000133525
4   6   2   9   0.0002300033
4   6   4   6   0.2093186067
4   6   4   7   0.0008784056
4   6   4   10   -0.0018891566
4   6   5   9   -0.0000815097
4   7   1   9   0.0002300033
4   7   2   9   0.1644902087
4   7   4   6   0.0008784056
4   7   4   7   0.8255587421
4   7   4   10   0.0089685355
4   7   5   9   0.0024583344
4   8   3   8   -0.0000000000
4   8   3   9   0.0402102499
4   8   4   8   0.7508571733
4   8   4   9   -0.0000000000
4   9   1   6   0.0000133525
4   9   1   7   0.0002300033
4   9   1   10   -0.0000815097
4   9   2   6   0.0002300033
4   9   2   7   0.1644902087
4   9   2   10   0.0024583344
4   9   3   8   0.0402102499
4   9   3   9   -0.0000000000
4   9   4   8   -0.0000000000
4   9   4   9   0.8312776730
4   9   5   6   -0.0000815097
4   9   5   7   0.0024583344
4   9   5   10   0.0390087298
4   10   1   9   -0.0000815097
4   10   2   9   0.0024583344
4   10   3   10   -0.0000000000
4   10   4   6   -0.0018891566
4   10   4   7   0.0089685355
4   10   4   10   0.7314586164
4   10   5   9   0.0390087298
5   6   1   6   0.0276483368
5   6   1   7   -0.0001567618
5   6   1   10   0.0009000252
5   6   2   6   -0.0287488869
5   6   2   7   -0.0002211119
5   6   2   10   0.0005229632
5   6   3   8   -0.0000815097
5   6   4   9   -0.0000815097
5   6   5   6   0.2284618118
5   6   5   7   0.0009072284
5   6   5   10   -0.0021794229
5   7   1   6   -0.0001567618
5   7   1   7   -0.0020460572
5   7   1   10   0.0005229632
5   7   2   6   -0.0002211119
5   7   2   7   0.0088288125
5   7   2   10   0.1590550758
5   7   3   8   0.0024583344
5   7   4   9   0.0024583344
5   7   5   6   0.0009072284
5   7   5   7   0.8032246845
5   7   5   10   0.0111913765
5   8   1   8   -0.0018891566
5   8   2   8   0.0089685355
5   8   3   6   -0.0000815097
5   8   3   7   0.0024583344
5   8   3   10   0.0390087298
5   8   5   8   0.7314586164
5   8   5   9   -0.0000000000
5   9   1   9   -0.0018891566
5   9   2   9   0.0089685355
5   9   4   6   -0.0000815097
5   9   4   7   0.0024583344
5   9   4   10   0.0390087298
5   9   5   8   -0.0000000000
5   9   5   9   0.7314586164
5   10   1   6   0.0009000252
5   10   1   7   0.0005229632
5   10   1   10   -0.0021794229
5   10   2   6   0.0005229632
5   10   2   7   0.1590550758
5   10   2   10   0.0111913765
5   10   3   8   0.0390087298
5   10   4   9   0.0390087298
5   10   5   6   -0.0021794229
5   10   5   7   0.0111913765
5   10   5   10   0.7890641648

End IJKL Block
Begin IJAB Block
1   6   1   4   0.0064497854
1   6   2   5   0.0007695342
1   6   3   6   0.0007695342
1   7   1   4   -0.0000018254
1   7   2   5   0.0000074079
1   7   3   6   0.0000074079
1   8   1   5   -0.0000312904
1   8   1   6   0.0000240804
1   8   2   4   -0.0000765513
1   8   3   4   0.0000589123
1   9   1   5   0.0000240804
1   9   1   6   0.0000312904
1   9   2   4   0.0000589123
1   9   3   4   0.0000765513
1   10   1   4   0.0001272965
1   10   2   5   -0.0001776993
1   10   3   6   -0.0001776993
2   6   1   4   -0.0000018254
2   6   2   5   0.0000074079
2   6   3   6   0.0000074079
2   7   1   4   0.0007544261
2   7   2   5   0.0007255617
2   7   3   6   0.0007255617
2   8   1   5   -0.0003204211
2   8   1   6   0.0002465893
2   8   2   4   -0.0000810562
2   8   3   4   0.0000623791
2   9   1   5   0.0002465893
2   9   1   6   0.0003204211
2   9   2   4   0.0000623791
2   9   3   4   0.0000810562
2   10   1   4   -0.0004436304
2   10   2   5   0.0000370036
2   10   3   6   0.0000370036
3   6   1   5   -0.0000765513
3   6   1   6   0.0000589123
3   6   2   4   -0.0000312904
3   6   3   4   0.0000240804
3   7   1   5   -0.0000810562
3   7   1   6   0.0000623791
3   7   2   4   -0.0003204211
3   7   3   4   0.0002465893
3   8   1   4   0.0002704570
3   8   2   5   0.0017941113
3   8   2   6   -0.0012196913
3   8   3   5   -0.0012196913
3   8   3   6   0.0011478783
3   9   2   5   -0.0012196913
3   9   2   6   -0.0013756519
3   9   3   5   0.0007294189
3   9   3   6   0.0012196913
3   10   1   5   0.0002224431
3   10   1   6   -0.0001711875
3   10   2   4   0.0017761903
3   10   3   4   -0.0013669184
4   6   1   5   0.0000589123
4   6   1   6   0.0000765513
4   6   2   4   0.0000240804
4   6   3   4   0.0000312904
4   7   1   5   0.0000623791
4   7   1   6   0.0000810562
4   7   2   4   0.0002465893
4   7   3   4   0.0003204211
4   8   2   5   -0.0012196913
4   8   2   6   0.0007294189
4   8   3   5   -0.0013756519
4   8   3   6   0.0012196913
4   9   1   4   0.0002704570
4   9   2   5   0.0011478783
4   9   2   6   0.0012196913
4   9   3   5   0.0012196913
4   9   3   6   0.0017941113
4   10   1   5   -0.0001711875
4   10   1   6   -0.0002224431
4   10   2   4   -0.0013669184
4   10   3   4   -0.0017761903
5   6   1   4   0.0001272965
5   6   2   5   -0.0001776993
5   6   3   6   -0.0001776993
5   7   1   4   -0.0004436304
5   7   2   5   0.0000370036
5   7   3   6   0.0000370036
5   8   1   5   0.0017761903
5   8   1   6   -0.0013669184
5   8   2   4   0.0002224431
5   8   3   4   -0.0001711875
5   9   1   5   -0.0013669184
5   9   1   6   -0.0017761903
5   9   2   4   -0.0001711875
5   9   3   4   -0.0002224431
5   10   1   4   0.0025965870
5   10   2   5   0.0003794836
5   10   3   6   0.0003794836

End IJAB Block
Begin ABCD Block
1   4   1   4   0.2230121603
1   4   2   5   0.0268710760
1   4   3   6   0.0268710760
1   5   1   5   0.1562172904
1   5   2   4   0.0268710760
1   6   1   6   0.1562172904
1   6   3   4   0.0268710760
2   4   1   5   0.0268710760
2   4   2   4   0.1562172904
2   5   1   4   0.0268710760
2   5   2   5   0.1429504091
2   5   3   6   0.0080625458
2   6   2   6   0.1268253175
2   6   3   5   0.0080625458
3   4   1   6   0.0268710760
3   4   3   4   0.1562172904
3   5   2   6   0.0080625458
3   5   3   5   0.1268253175
3   6   1   4   0.0268710760
3   6   2   5   0.0080625458
3   6   3   6   0.1429504091

End ABCD Block
Begin AIJB Block
1   6   1   4   0.0064497854
1   6   2   4   -0.0000018254
1   6   3   5   -0.0000765513
1   6   3   6   0.0000589123
1   6   4   5   0.0000589123
1   6   4   6   0.0000765513
1   6   5   4   0.0001272965
1   7   1   4   -0.0000018254
1   7   2   4   0.0007544261
1   7   3   5   -0.0000810562
1   7   3   6   0.0000623791
1   7   4   5   0.0000623791
1   7   4   6   0.0000810562
1   7   5   4   -0.0004436304
1   8   1   5   -0.0000312904
1   8   1   6   0.0000240804
1   8   2   5   -0.0003204211
1   8   2   6   0.0002465893
1   8   3   4   0.0002704570
1   8   5   5   0.0017761903
1   8   5   6   -0.0013669184
1   9   1   5   0.0000240804
1   9   1   6   0.0000312904
1   9   2   5   0.0002465893
1   9   2   6   0.0003204211
1   9   4   4   0.0002704570
1   9   5   5   -0.0013669184
1   9   5   6   -0.0017761903
1   10   1   4   0.0001272965
1   10   2   4   -0.0004436304
1   10   3   5   0.0002224431
1   10   3   6   -0.0001711875
1   10   4   5   -0.0001711875
1   10   4   6   -0.0002224431
1   10   5   4   0.0025965870
2   6   1   5   0.0007695342
2   6   2   5   0.0000074079
2   6   3   4   -0.0000312904
2   6   4   4   0.0000240804
2   6   5   5   -0.0001776993
2   7   1   5   0.0000074079
2   7   2   5   0.0007255617
2   7   3   4   -0.0003204211
2   7   4   4   0.0002465893
2   7   5   5   0.0000370036
2   8   1   4   -0.0000765513
2   8   2   4   -0.0000810562
2   8   3   5   0.0017941113
2   8   3   6   -0.0012196913
2   8   4   5   -0.0012196913
2   8   4   6   0.0007294189
2   8   5   4   0.0002224431
2   9   1   4   0.0000589123
2   9   2   4   0.0000623791
2   9   3   5   -0.0012196913
2   9   3   6   -0.0013756519
2   9   4   5   0.0011478783
2   9   4   6   0.0012196913
2   9   5   4   -0.0001711875
2   10   1   5   -0.0001776993
2   10   2   5   0.0000370036
2   10   3   4   0.0017761903
2   10   4   4   -0.0013669184
2   10   5   5   0.0003794836
3   6   1   6   0.0007695342
3   6   2   6   0.0000074079
3   6   3   4   0.0000240804
3   6   4   4   0.0000312904
3   6   5   6   -0.0001776993
3   7   1   6   0.0000074079
3   7   2   6   0.0007255617
3   7   3   4   0.0002465893
3   7   4   4   0.0003204211
3   7   5   6   0.0000370036
3   8   1   4   0.0000589123
3   8   2   4   0.0000623791
3   8   3   5   -0.0012196913
3   8   3   6   0.0011478783
3   8   4   5   -0.0013756519
3   8   4   6   0.0012196913
3   8   5   4   -0.0001711875
3   9   1   4   0.0000765513
3   9   2   4   0.0000810562
3   9   3   5   0.0007294189
3   9   3   6   0.0012196913
3   9   4   5   0.0012196913
3   9   4   6   0.0017941113
3   9   5   4   -0.0002224431
3   10   1   6   -0.0001776993
3   10   2   6   0.0000370036
3   10   3   4   -0.0013669184
3   10   4   4   -0.0017761903
3   10   5   6   0.0003794836

1   6   6   1   -0.2594381649
1   6   7   1   0.0003370917
1   6   8   2   0.0001385356
1   6   8   3   -0.0001066140
1   6   9   2   -0.0001066140
1   6   9   3   -0.0001385356
1   6   10   1   -0.0013704890
1   7   6   1   0.0003370917
1   7   7   1   -0.1319530251
1   7   8   2   0.0028116304
1   7   8   3   -0.0021637712
1   7   9   2   -0.0021637712
1   7   9   3   -0.0028116304
1   7   10   1   0.0097548169
1   8   6   2   0.0001385356
1   8   6   3   -0.0001066140
1   8   7   2   0.0028116304
1   8   7   3   -0.0021637712
1   8   8   1   -0.1313654260
1   8   10   2   -0.0009536878
1   8   10   3   0.0007339379
1   9   6   2   -0.0001066140
1   9   6   3   -0.0001385356
1   9   7   2   -0.0021637712
1   9   7   3   -0.0028116304
1   9   9   1   -0.1313654260
1   9   10   2   0.0007339379
1   9   10   3   0.0009536878
1   10   6   1   -0.0013704890
1   10   7   1   0.0097548169
1   10   8   2   -0.0009536878
1   10   8   3   0.0007339379
1   10   9   2   0.0007339379
1   10   9   3   0.0009536878
1   10   10   1   -0.1355108367
2   6   6   2   -0.1771909876
2   6   7   2   0.0000919463
2   6   8   1   0.0001385356
2   6   9   1   -0.0001066140
2   6   10   2   -0.0002915329
2   7   6   2   0.0000919463
2   7   7   2   -0.1286338362
2   7   8   1   0.0028116304
2   7   9   1   -0.0021637712
2   7   10   2   0.0061197221
2   8   6   1   0.0001385356
2   8   7   1   0.0028116304
2   8   8   2   -0.1286730592
2   8   8   3   0.0006133069
2   8   9   2   0.0006133069
2   8   9   3   0.0001624752
2   8   10   1   -0.0009536878
2   9   6   1   -0.0001066140
2   9   7   1   -0.0021637712
2   9   8   2   0.0006133069
2   9   8   3   0.0001624752
2   9   9   2   -0.1283481088
2   9   9   3   -0.0006133069
2   9   10   1   0.0007339379
2   10   6   2   -0.0002915329
2   10   7   2   0.0061197221
2   10   8   1   -0.0009536878
2   10   9   1   0.0007339379
2   10   10   2   -0.1299281130
3   6   6   3   -0.1771909876
3   6   7   3   0.0000919463
3   6   8   1   -0.0001066140
3   6   9   1   -0.0001385356
3   6   10   3   -0.0002915329
3   7   6   3   0.0000919463
3   7   7   3   -0.1286338362
3   7   8   1   -0.0021637712
3   7   9   1   -0.0028116304
3   7   10   3   0.0061197221
3   8   6   1   -0.0001066140
3   8   7   1   -0.0021637712
3   8   8   2   0.0006133069
3   8   8   3   -0.1283481088
3   8   9   2   0.0001624752
3   8   9   3   -0.0006133069
3   8   10   1   0.0007339379
3   9   6   1   -0.0001385356
3   9   7   1   -0.0028116304
3   9   8   2   0.0001624752
3   9   8   3   -0.0006133069
3   9   9   2   -0.0006133069
3   9   9   3   -0.1286730592
3   9   10   1   0.0009536878
3   10   6   3   -0.0002915329
3   10   7   3   0.0061197221
3   10   8   1   0.0007339379
3   10   9   1   0.0009536878
3   10   10   3   -0.1299281130

End AIJB Block
Begin IJKA Block
1   6   1   4   -0.0794748455
1   6   2   4   0.0003079477
1   6   3   5   -0.0000761628
1   6   3   6   0.0000586133
1   6   4   5   0.0000586133
1   6   4   6   0.0000761628
1   6   5   4   -0.0016971956
1   7   1   4   -0.0005207163
1   7   2   4   -0.0000237873
1   7   3   5   0.0000072843
1   7   3   6   -0.0000056058
1   7   4   5   -0.0000056058
1   7   4   6   -0.0000072843
1   7   5   4   0.0000468300
1   8   1   5   -0.0009211225
1   8   1   6   0.0007088764
1   8   2   5   0.0000411653
1   8   2   6   -0.0000316799
1   8   3   4   0.0000110773
1   8   5   5   -0.0000718156
1   8   5   6   0.0000552677
1   9   1   5   0.0007088764
1   9   1   6   0.0009211225
1   9   2   5   -0.0000316799
1   9   2   6   -0.0000411653
1   9   4   4   0.0000110773
1   9   5   5   0.0000552677
1   9   5   6   0.0000718156
1   10   1   4   -0.0076740587
1   10   2   4   0.0000668868
1   10   3   5   0.0000218438
1   10   3   6   -0.0000168105
1   10   4   5   -0.0000168105
1   10   4   6   -0.0000218438
1   10   5   4   -0.0001524474
2   6   1   4   0.0003079477
2   6   2   4   -0.0021425703
2   6   3   5   -0.0002295825
2   6   3   6   0.0001766818
2   6   4   5   0.0001766818
2   6   4   6   0.0002295825
2   6   5   4   0.0005894879
2   7   1   4   -0.0000237873
2   7   2   4   -0.0073128625
2   7   3   5   0.0085096063
2   7   3   6   -0.0065488128
2   7   4   5   -0.0065488128
2   7   4   6   -0.0085096063
2   7   5   4   0.0100602479
2   8   1   5   0.0000411653
2   8   1   6   -0.0000316799
2   8   2   5   0.0325356725
2   8   2   6   -0.0250387645
2   8   3   4   -0.0010161247
2   8   5   5   0.0012296373
2   8   5   6   -0.0009463028
2   9   1   5   -0.0000316799
2   9   1   6   -0.0000411653
2   9   2   5   -0.0250387645
2   9   2   6   -0.0325356725
2   9   4   4   -0.0010161247
2   9   5   5   -0.0009463028
2   9   5   6   -0.0012296373
2   10   1   4   0.0000668868
2   10   2   4   0.0383437218
2   10   3   5   0.0009004088
2   10   3   6   -0.0006929356
2   10   4   5   -0.0006929356
2   10   4   6   -0.0009004088
2   10   5   4   0.0007027190
3   6   1   5   -0.0000761628
3   6   1   6   0.0000586133
3   6   2   5   -0.0002295825
3   6   2   6   0.0001766818
3   6   3   4   -0.0020305033
3   6   5   5   0.0001243018
3   6   5   6   -0.0000956600
3   7   1   5   0.0000072843
3   7   1   6   -0.0000056058
3   7   2   5   0.0085096063
3   7   2   6   -0.0065488128
3   7   3   4   -0.0065317291
3   7   5   5   0.0002759396
3   7   5   6   -0.0002123573
3   8   1   4   0.0000110773
3   8   2   4   -0.0010161247
3   8   3   5   0.0326286966
3   8   3   6   -0.0251103539
3   8   4   5   -0.0015376669
3   8   4   6   -0.0019980630
3   8   5   4   0.0022661010
3   9   3   5   -0.0220350200
3   9   3   6   -0.0286325707
3   9   4   5   0.0019980630
3   9   4   6   -0.0015376669
3   10   1   5   0.0000218438
3   10   1   6   -0.0000168105
3   10   2   5   0.0009004088
3   10   2   6   -0.0006929356
3   10   3   4   0.0336813308
3   10   5   5   0.0017165491
3   10   5   6   -0.0013210198
4   6   1   5   0.0000586133
4   6   1   6   0.0000761628
4   6   2   5   0.0001766818
4   6   2   6   0.0002295825
4   6   4   4   -0.0020305033
4   6   5   5   -0.0000956600
4   6   5   6   -0.0001243018
4   7   1   5   -0.0000056058
4   7   1   6   -0.0000072843
4   7   2   5   -0.0065488128
4   7   2   6   -0.0085096063
4   7   4   4   -0.0065317291
4   7   5   5   -0.0002123573
4   7   5   6   -0.0002759396
4   8   3   5   -0.0015376669
4   8   3   6   -0.0019980630
4   8   4   5   0.0286325707
4   8   4   6   -0.0220350200
4   9   1   4   0.0000110773
4   9   2   4   -0.0010161247
4   9   3   5   0.0019980630
4   9   3   6   -0.0015376669
4   9   4   5   -0.0251103539
4   9   4   6   -0.0326286966
4   9   5   4   0.0022661010
4   10   1   5   -0.0000168105
4   10   1   6   -0.0000218438
4   10   2   5   -0.0006929356
4   10   2   6   -0.0009004088
4   10   4   4   0.0336813308
4   10   5   5   -0.0013210198
4   10   5   6   -0.0017165491
5   6   1   4   -0.0016971956
5   6   2   4   0.0005894879
5   6   3   5   0.0001243018
5   6   3   6   -0.0000956600
5   6   4   5   -0.0000956600
5   6   4   6   -0.0001243018
5   6   5   4   -0.0025804050
5   7   1   4   0.0000468300
5   7   2   4   0.0100602479
5   7   3   5   0.0002759396
5   7   3   6   -0.0002123573
5   7   4   5   -0.0002123573
5   7   4   6   -0.0002759396
5   7   5   4   -0.0058799142
5   8   1   5   -0.0000718156
5   8   1   6   0.0000552677
5   8   2   5   0.0012296373
5   8   2   6   -0.0009463028
5   8   3   4   0.0022661010
5   8   5   5   0.0273631480
5   8   5   6   -0.0210580992
5   9   1   5   0.0000552677
5   9   1   6   0.0000718156
5   9   2   5   -0.0009463028
5   9   2   6   -0.0012296373
5   9   4   4   0.0022661010
5   9   5   5   -0.0210580992
5   9   5   6   -0.0273631480
5   10   1   4   -0.0001524474
5   10   2   4   0.0007027190
5   10   3   5   0.0017165491
5   10   3   6   -0.0013210198
5   10   4   5   -0.0013210198
5   10   4   6   -0.0017165491
5   10   5   4   0.0367249010

End IJKA Block
Begin IABC Block
1   4   1   4   0.0007687009
1   4   2   5   0.0013702879
1   4   3   6   0.0013702879
1   5   1   5   0.0000855473
1   5   2   4   0.0013702879
1   6   1   6   0.0000855473
1   6   3   4   0.0013702879
2   4   1   4   -0.0002665103
2   4   2   5   0.0000045015
2   4   3   6   0.0000045015
2   5   1   5   -0.0001974751
2   5   2   4   0.0000045015
2   6   1   6   -0.0001974751
2   6   3   4   0.0000045015
3   4   1   5   -0.0007644800
3   4   1   6   0.0005883276
3   4   2   4   -0.0008722201
3   4   3   4   0.0006712421
3   5   1   4   -0.0007644800
3   5   2   5   -0.0007718644
3   5   2   6   0.0002047110
3   5   3   5   0.0001845885
3   5   3   6   -0.0002660039
3   6   1   4   0.0005883276
3   6   2   5   0.0002047110
3   6   2   6   -0.0002398565
3   6   3   5   -0.0002660039
3   6   3   6   0.0005940105
4   4   1   5   0.0005883276
4   4   1   6   0.0007644800
4   4   2   4   0.0006712421
4   4   3   4   0.0008722201
4   5   1   4   0.0005883276
4   5   2   5   0.0005940105
4   5   2   6   0.0002660039
4   5   3   5   0.0002398565
4   5   3   6   0.0002047110
4   6   1   4   0.0007644800
4   6   2   5   0.0002660039
4   6   2   6   0.0001845885
4   6   3   5   0.0002047110
4   6   3   6   0.0007718644
5   4   1   4   -0.0035462208
5   4   2   5   -0.0015463555
5   4   3   6   -0.0015463555
5   5   1   5   -0.0017415787
5   5   2   4   -0.0015463555
5   6   1   6   -0.0017415787
5   6   3   4   -0.0015463555

End IABC Block
