Begin IJ Block
1   1   -6.1957535257
1   2   -0.0044321111
1   3   -0.0091724837
2   2   -7.1263894243
2   3   0.0297847350
3   3   -6.0896642379
4   4   -6.1102752648
5   5   -6.1102752648

End IJ Block
Begin IA Block
1   1   0.0957393616
2   1   0.0546399891
3   1   -0.1767397264
4   2   0.0770589223
4   3   0.2413322987
5   2   0.2413322987
5   3   -0.0770589223

End IA Block
Begin AB Block
1   1   -1.6192494066
2   2   -1.3336308941
3   3   -1.3336308941

End AB Block
Begin IJKL Block
1   6   1   6   1.6501088721
1   6   1   7   -0.0144181018
1   6   1   8   0.0399620437
1   6   2   6   -0.0144181018
1   6   2   7   0.0002179717
1   6   2   8   -0.0006331531
1   6   3   6   0.0399620437
1   6   3   7   -0.0006331531
1   6   3   8   0.0019675710
1   6   4   9   0.0000547982
1   6   5   10   0.0000547982
1   7   1   6   -0.0144181018
1   7   1   7   0.2526587963
1   7   1   8   -0.0407889142
1   7   2   6   0.0002179717
1   7   2   7   0.0033959431
1   7   2   8   -0.0006734519
1   7   3   6   -0.0006331531
1   7   3   7   -0.0048265253
1   7   3   8   0.0014835545
1   7   4   9   0.0008229480
1   7   5   10   0.0008229480
1   8   1   6   0.0399620437
1   8   1   7   -0.0407889142
1   8   1   8   0.2720475682
1   8   2   6   -0.0006331531
1   8   2   7   -0.0006734519
1   8   2   8   0.0031554974
1   8   3   6   0.0019675710
1   8   3   7   0.0014835545
1   8   3   8   -0.0050064887
1   8   4   9   -0.0002491247
1   8   5   10   -0.0002491247
1   9   1   9   0.2467999119
1   9   2   9   0.0030681814
1   9   3   9   -0.0043254305
1   9   4   6   0.0000547982
1   9   4   7   0.0008229480
1   9   4   8   -0.0002491247
1   10   1   10   0.2467999119
1   10   2   10   0.0030681814
1   10   3   10   -0.0043254305
1   10   5   6   0.0000547982
1   10   5   7   0.0008229480
1   10   5   8   -0.0002491247
2   6   1   6   -0.0144181018
2   6   1   7   0.0002179717
2   6   1   8   -0.0006331531
2   6   2   6   0.2526587963
2   6   2   7   0.0033959431
2   6   2   8   -0.0048265253
2   6   3   6   -0.0407889142
2   6   3   7   -0.0006734519
2   6   3   8   0.0014835545
2   6   4   9   0.0008229480
2   6   5   10   0.0008229480
2   7   1   6   0.0002179717
2   7   1   7   0.0033959431
2   7   1   8   -0.0006734519
2   7   2   6   0.0033959431
2   7   2   7   0.8825809712
2   7   2   8   0.0070939105
2   7   3   6   -0.0006734519
2   7   3   7   0.0070939105
2   7   3   8   0.1610339501
2   7   4   9   0.1637444947
2   7   5   10   0.1637444947
2   8   1   6   -0.0006331531
2   8   1   7   -0.0006734519
2   8   1   8   0.0031554974
2   8   2   6   -0.0048265253
2   8   2   7   0.0070939105
2   8   2   8   0.8091822839
2   8   3   6   0.0014835545
2   8   3   7   0.1610339501
2   8   3   8   0.0134687049
2   8   4   9   0.0032099028
2   8   5   10   0.0032099028
2   9   1   9   0.0030681814
2   9   2   9   0.8233458581
2   9   3   9   0.0092542826
2   9   4   6   0.0008229480
2   9   4   7   0.1637444947
2   9   4   8   0.0032099028
2   10   1   10   0.0030681814
2   10   2   10   0.8233458581
2   10   3   10   0.0092542826
2   10   5   6   0.0008229480
2   10   5   7   0.1637444947
2   10   5   8   0.0032099028
3   6   1   6   0.0399620437
3   6   1   7   -0.0006331531
3   6   1   8   0.0019675710
3   6   2   6   -0.0407889142
3   6   2   7   -0.0006734519
3   6   2   8   0.0014835545
3   6   3   6   0.2720475682
3   6   3   7   0.0031554974
3   6   3   8   -0.0050064887
3   6   4   9   -0.0002491247
3   6   5   10   -0.0002491247
3   7   1   6   -0.0006331531
3   7   1   7   -0.0048265253
3   7   1   8   0.0014835545
3   7   2   6   -0.0006734519
3   7   2   7   0.0070939105
3   7   2   8   0.1610339501
3   7   3   6   0.0031554974
3   7   3   7   0.8091822839
3   7   3   8   0.0134687049
3   7   4   9   0.0032099028
3   7   5   10   0.0032099028
3   8   1   6   0.0019675710
3   8   1   7   0.0014835545
3   8   1   8   -0.0050064887
3   8   2   6   0.0014835545
3   8   2   7   0.1610339501
3   8   2   8   0.0134687049
3   8   3   6   -0.0050064887
3   8   3   7   0.0134687049
3   8   3   8   0.8010069897
3   8   4   9   0.0393948064
3   8   5   10   0.0393948064
3   9   1   9   -0.0043254305
3   9   2   9   0.0092542826
3   9   3   9   0.7354433315
3   9   4   6   -0.0002491247
3   9   4   7   0.0032099028
3   9   4   8   0.0393948064
3   10   1   10   -0.0043254305
3   10   2   10   0.0092542826
3   10   3   10   0.7354433315
3   10   5   6   -0.0002491247
3   10   5   7   0.0032099028
3   10   5   8   0.0393948064
4   6   1   9   0.0000547982
4   6   2   9   0.0008229480
4   6   3   9   -0.0002491247
4   6   4   6   0.2467999119
4   6   4   7   0.0030681814
4   6   4   8   -0.0043254305
4   7   1   9   0.0008229480
4   7   2   9   0.1637444947
4   7   3   9   0.0032099028
4   7   4   6   0.0030681814
4   7   4   7   0.8233458581
4   7   4   8   0.0092542826
4   8   1   9   -0.0002491247
4   8   2   9   0.0032099028
4   8   3   9   0.0393948064
4   8   4   6   -0.0043254305
4   8   4   7   0.0092542826
4   8   4   8   0.7354433315
4   9   1   6   0.0000547982
4   9   1   7   0.0008229480
4   9   1   8   -0.0002491247
4   9   2   6   0.0008229480
4   9   2   7   0.1637444947
4   9   2   8   0.0032099028
4   9   3   6   -0.0002491247
4   9   3   7   0.0032099028
4   9   3   8   0.0393948064
4   9   4   9   0.8276454831
4   9   5   10   0.0399623296
4   10   4   10   0.7477208239
4   10   5   9   0.0399623296
5   6   1   10   0.0000547982
5   6   2   10   0.0008229480
5   6   3   10   -0.0002491247
5   6   5   6   0.2467999119
5   6   5   7   0.0030681814
5   6   5   8   -0.0043254305
5   7   1   10   0.0008229480
5   7   2   10   0.1637444947
5   7   3   10   0.0032099028
5   7   5   6   0.0030681814
5   7   5   7   0.8233458581
5   7   5   8   0.0092542826
5   8   1   10   -0.0002491247
5   8   2   10   0.0032099028
5   8   3   10   0.0393948064
5   8   5   6   -0.0043254305
5   8   5   7   0.0092542826
5   8   5   8   0.7354433315
5   9   4   10   0.0399623296
5   9   5   9   0.7477208239
5   10   1   6   0.0000547982
5   10   1   7   0.0008229480
5   10   1   8   -0.0002491247
5   10   2   6   0.0008229480
5   10   2   7   0.1637444947
5   10   2   8   0.0032099028
5   10   3   6   -0.0002491247
5   10   3   7   0.0032099028
5   10   3   8   0.0393948064
5   10   4   9   0.0399623296
5   10   5   10   0.8276454831

End IJKL Block
Begin IJAB Block
1   6   1   4   0.0052238803
1   6   2   5   0.0004914586
1   6   3   6   0.0004914586
1   7   1   4   -0.0000098362
1   7   2   5   0.0000054376
1   7   3   6   0.0000054376
1   8   1   4   0.0000961355
1   8   2   5   -0.0001197126
1   8   3   6   -0.0001197126
1   9   1   5   0.0000252142
1   9   1   6   0.0000789654
1   9   2   4   0.0000322967
1   9   3   4   0.0001011466
1   10   1   5   0.0000789654
1   10   1   6   -0.0000252142
1   10   2   4   0.0001011466
1   10   3   4   -0.0000322967
2   6   1   4   -0.0000098362
2   6   2   5   0.0000054376
2   6   3   6   0.0000054376
2   7   1   4   0.0005812888
2   7   2   5   0.0007854505
2   7   3   6   0.0007854505
2   8   1   4   -0.0004833732
2   8   2   5   0.0000518720
2   8   3   6   0.0000518720
2   9   1   5   0.0001587183
2   9   1   6   0.0004970722
2   9   2   4   0.0000364024
2   9   3   4   0.0001140047
2   10   1   5   0.0004970722
2   10   1   6   -0.0001587183
2   10   2   4   0.0001140047
2   10   3   4   -0.0000364024
3   6   1   4   0.0000961355
3   6   2   5   -0.0001197126
3   6   3   6   -0.0001197126
3   7   1   4   -0.0004833732
3   7   2   5   0.0000518720
3   7   3   6   0.0000518720
3   8   1   4   0.0017096371
3   8   2   5   0.0003260624
3   8   3   6   0.0003260624
3   9   1   5   -0.0005619579
3   9   1   6   -0.0017599338
3   9   2   4   -0.0000773465
3   9   3   4   -0.0002422330
3   10   1   5   -0.0017599338
3   10   1   6   0.0005619579
3   10   2   4   -0.0002422330
3   10   3   4   0.0000773465
4   6   1   5   0.0000322967
4   6   1   6   0.0001011466
4   6   2   4   0.0000252142
4   6   3   4   0.0000789654
4   7   1   5   0.0000364024
4   7   1   6   0.0001140047
4   7   2   4   0.0001587183
4   7   3   4   0.0004970722
4   8   1   5   -0.0000773465
4   8   1   6   -0.0002422330
4   8   2   4   -0.0005619579
4   8   3   4   -0.0017599338
4   9   1   4   0.0002836673
4   9   2   5   0.0004750331
4   9   2   6   0.0007744609
4   9   3   5   0.0007744609
4   9   3   6   0.0026531911
4   10   2   5   0.0007744609
4   10   2   6   -0.0000195474
4   10   3   5   0.0021977055
4   10   3   6   -0.0007744609
5   6   1   5   0.0001011466
5   6   1   6   -0.0000322967
5   6   2   4   0.0000789654
5   6   3   4   -0.0000252142
5   7   1   5   0.0001140047
5   7   1   6   -0.0000364024
5   7   2   4   0.0004970722
5   7   3   4   -0.0001587183
5   8   1   5   -0.0002422330
5   8   1   6   0.0000773465
5   8   2   4   -0.0017599338
5   8   3   4   0.0005619579
5   9   2   5   0.0007744609
5   9   2   6   0.0021977055
5   9   3   5   -0.0000195474
5   9   3   6   -0.0007744609
5   10   1   4   0.0002836673
5   10   2   5   0.0026531911
5   10   2   6   -0.0007744609
5   10   3   5   -0.0007744609
5   10   3   6   0.0004750331

End IJAB Block
Begin ABCD Block
1   4   1   4   0.2155080353
1   4   2   5   0.0237798716
1   4   3   6   0.0237798716
1   5   1   5   0.1459273513
1   5   2   4   0.0237798716
1   6   1   6   0.1459273513
1   6   3   4   0.0237798716
2   4   1   5   0.0237798716
2   4   2   4   0.1459273513
2   5   1   4   0.0237798716
2   5   2   5   0.1345146328
2   5   3   6   0.0078803859
2   6   2   6   0.1187538609
2   6   3   5   0.0078803859
3   4   1   6   0.0237798716
3   4   3   4   0.1459273513
3   5   2   6   0.0078803859
3   5   3   5   0.1187538609
3   6   1   4   0.0237798716
3   6   2   5   0.0078803859
3   6   3   6   0.1345146328

End ABCD Block
Begin AIJB Block
1   6   1   4   0.0052238803
1   6   2   4   -0.0000098362
1   6   3   4   0.0000961355
1   6   4   5   0.0000322967
1   6   4   6   0.0001011466
1   6   5   5   0.0001011466
1   6   5   6   -0.0000322967
1   7   1   4   -0.0000098362
1   7   2   4   0.0005812888
1   7   3   4   -0.0004833732
1   7   4   5   0.0000364024
1   7   4   6   0.0001140047
1   7   5   5   0.0001140047
1   7   5   6   -0.0000364024
1   8   1   4   0.0000961355
1   8   2   4   -0.0004833732
1   8   3   4   0.0017096371
1   8   4   5   -0.0000773465
1   8   4   6   -0.0002422330
1   8   5   5   -0.0002422330
1   8   5   6   0.0000773465
1   9   1   5   0.0000252142
1   9   1   6   0.0000789654
1   9   2   5   0.0001587183
1   9   2   6   0.0004970722
1   9   3   5   -0.0005619579
1   9   3   6   -0.0017599338
1   9   4   4   0.0002836673
1   10   1   5   0.0000789654
1   10   1   6   -0.0000252142
1   10   2   5   0.0004970722
1   10   2   6   -0.0001587183
1   10   3   5   -0.0017599338
1   10   3   6   0.0005619579
1   10   5   4   0.0002836673
2   6   1   5   0.0004914586
2   6   2   5   0.0000054376
2   6   3   5   -0.0001197126
2   6   4   4   0.0000252142
2   6   5   4   0.0000789654
2   7   1   5   0.0000054376
2   7   2   5   0.0007854505
2   7   3   5   0.0000518720
2   7   4   4   0.0001587183
2   7   5   4   0.0004970722
2   8   1   5   -0.0001197126
2   8   2   5   0.0000518720
2   8   3   5   0.0003260624
2   8   4   4   -0.0005619579
2   8   5   4   -0.0017599338
2   9   1   4   0.0000322967
2   9   2   4   0.0000364024
2   9   3   4   -0.0000773465
2   9   4   5   0.0004750331
2   9   4   6   0.0007744609
2   9   5   5   0.0007744609
2   9   5   6   0.0021977055
2   10   1   4   0.0001011466
2   10   2   4   0.0001140047
2   10   3   4   -0.0002422330
2   10   4   5   0.0007744609
2   10   4   6   -0.0000195474
2   10   5   5   0.0026531911
2   10   5   6   -0.0007744609
3   6   1   6   0.0004914586
3   6   2   6   0.0000054376
3   6   3   6   -0.0001197126
3   6   4   4   0.0000789654
3   6   5   4   -0.0000252142
3   7   1   6   0.0000054376
3   7   2   6   0.0007854505
3   7   3   6   0.0000518720
3   7   4   4   0.0004970722
3   7   5   4   -0.0001587183
3   8   1   6   -0.0001197126
3   8   2   6   0.0000518720
3   8   3   6   0.0003260624
3   8   4   4   -0.0017599338
3   8   5   4   0.0005619579
3   9   1   4   0.0001011466
3   9   2   4   0.0001140047
3   9   3   4   -0.0002422330
3   9   4   5   0.0007744609
3   9   4   6   0.0026531911
3   9   5   5   -0.0000195474
3   9   5   6   -0.0007744609
3   10   1   4   -0.0000322967
3   10   2   4   -0.0000364024
3   10   3   4   0.0000773465
3   10   4   5   0.0021977055
3   10   4   6   -0.0007744609
3   10   5   5   -0.0007744609
3   10   5   6   0.0004750331

1   6   6   1   -0.2461818951
1   6   7   1   0.0008596751
1   6   8   1   -0.0019873224
1   6   9   2   -0.0000859278
1   6   9   3   -0.0002691079
1   6   10   2   -0.0002691079
1   6   10   3   0.0000859278
1   7   6   1   0.0008596751
1   7   7   1   -0.1388508432
1   7   8   1   0.0107413490
1   7   9   2   -0.0012220830
1   7   9   3   -0.0038273064
1   7   10   2   -0.0038273064
1   7   10   3   0.0012220830
1   8   6   1   -0.0019873224
1   8   7   1   0.0107413490
1   8   8   1   -0.1417451235
1   8   9   2   0.0003663549
1   8   9   3   0.0011473464
1   8   10   2   0.0011473464
1   8   10   3   -0.0003663549
1   9   6   2   -0.0000859278
1   9   6   3   -0.0002691079
1   9   7   2   -0.0012220830
1   9   7   3   -0.0038273064
1   9   8   2   0.0003663549
1   9   8   3   0.0011473464
1   9   9   1   -0.1382321348
1   10   6   2   -0.0002691079
1   10   6   3   0.0000859278
1   10   7   2   -0.0038273064
1   10   7   3   0.0012220830
1   10   8   2   0.0011473464
1   10   8   3   -0.0003663549
1   10   10   1   -0.1382321348
2   6   6   2   -0.1619592551
2   6   7   2   0.0001921670
2   6   8   2   -0.0003559873
2   6   9   1   -0.0000859278
2   6   10   1   -0.0002691079
2   7   6   2   0.0001921670
2   7   7   2   -0.1306090920
2   7   8   2   0.0053299170
2   7   9   1   -0.0012220830
2   7   10   1   -0.0038273064
2   8   6   2   -0.0003559873
2   8   7   2   0.0053299170
2   8   8   2   -0.1310652525
2   8   9   1   0.0003663549
2   8   10   1   0.0011473464
2   9   6   1   -0.0000859278
2   9   7   1   -0.0012220830
2   9   8   1   0.0003663549
2   9   9   2   -0.1298865925
2   9   9   3   -0.0004206889
2   9   10   2   -0.0004206889
2   9   10   3   -0.0005915902
2   10   6   1   -0.0002691079
2   10   7   1   -0.0038273064
2   10   8   1   0.0011473464
2   10   9   2   -0.0004206889
2   10   9   3   -0.0005915902
2   10   10   2   -0.1310697730
2   10   10   3   0.0004206889
3   6   6   3   -0.1619592551
3   6   7   3   0.0001921670
3   6   8   3   -0.0003559873
3   6   9   1   -0.0002691079
3   6   10   1   0.0000859278
3   7   6   3   0.0001921670
3   7   7   3   -0.1306090920
3   7   8   3   0.0053299170
3   7   9   1   -0.0038273064
3   7   10   1   0.0012220830
3   8   6   3   -0.0003559873
3   8   7   3   0.0053299170
3   8   8   3   -0.1310652525
3   8   9   1   0.0011473464
3   8   10   1   -0.0003663549
3   9   6   1   -0.0002691079
3   9   7   1   -0.0038273064
3   9   8   1   0.0011473464
3   9   9   2   -0.0004206889
3   9   9   3   -0.1310697730
3   9   10   2   -0.0005915902
3   9   10   3   0.0004206889
3   10   6   1   0.0000859278
3   10   7   1   0.0012220830
3   10   8   1   -0.0003663549
3   10   9   2   -0.0005915902
3   10   9   3   0.0004206889
3   10   10   2   0.0004206889
3   10   10   3   -0.1298865925

End AIJB Block
Begin IJKA Block
1   6   1   4   -0.0708341757
1   6   2   4   0.0007279120
1   6   3   4   -0.0020835345
1   6   4   5   0.0000454529
1   6   4   6   0.0001423489
1   6   5   5   0.0001423489
1   6   5   6   -0.0000454529
1   7   1   4   -0.0005492264
1   7   2   4   -0.0000857028
1   7   3   4   0.0001402956
1   7   4   5   -0.0000121185
1   7   4   6   -0.0000379525
1   7   5   5   -0.0000379525
1   7   5   6   0.0000121185
1   8   1   4   -0.0049031921
1   8   2   4   0.0002019529
1   8   3   4   -0.0003105170
1   8   4   5   -0.0000134055
1   8   4   6   -0.0000419832
1   8   5   5   -0.0000419832
1   8   5   6   0.0000134055
1   9   1   5   0.0000650382
1   9   1   6   0.0002036858
1   9   2   5   -0.0000606994
1   9   2   6   -0.0001900978
1   9   3   5   0.0000734073
1   9   3   6   0.0002298963
1   9   4   4   0.0000270355
1   10   1   5   0.0002036858
1   10   1   6   -0.0000650382
1   10   2   5   -0.0001900978
1   10   2   6   0.0000606994
1   10   3   5   0.0002298963
1   10   3   6   -0.0000734073
1   10   5   4   0.0000270355
2   6   1   4   0.0007279120
2   6   2   4   -0.0031291815
2   6   3   4   0.0010163597
2   6   4   5   0.0001048528
2   6   4   6   0.0003283768
2   6   5   5   0.0003283768
2   6   5   6   -0.0001048528
2   7   1   4   -0.0000857028
2   7   2   4   -0.0089294459
2   7   3   4   0.0081769127
2   7   4   5   -0.0033766623
2   7   4   6   -0.0105749944
2   7   5   5   -0.0105749944
2   7   5   6   0.0033766623
2   8   1   4   0.0002019529
2   8   2   4   0.0304026457
2   8   3   4   -0.0001046611
2   8   4   5   -0.0003812992
2   8   4   6   -0.0011941487
2   8   5   5   -0.0011941487
2   8   5   6   0.0003812992
2   9   1   5   -0.0000606994
2   9   1   6   -0.0001900978
2   9   2   5   -0.0127152414
2   9   2   6   -0.0398214553
2   9   3   5   -0.0005459338
2   9   3   6   -0.0017097494
2   9   4   4   -0.0009222728
2   10   1   5   -0.0001900978
2   10   1   6   0.0000606994
2   10   2   5   -0.0398214553
2   10   2   6   0.0127152414
2   10   3   5   -0.0017097494
2   10   3   6   0.0005459338
2   10   5   4   -0.0009222728
3   6   1   4   -0.0020835345
3   6   2   4   0.0010163597
3   6   3   4   -0.0037399490
3   6   4   5   -0.0000616713
3   6   4   6   -0.0001931414
3   6   5   5   -0.0001931414
3   6   5   6   0.0000616713
3   7   1   4   0.0001402956
3   7   2   4   0.0081769127
3   7   3   4   -0.0073160587
3   7   4   5   -0.0001426779
3   7   4   6   -0.0004468371
3   7   5   5   -0.0004468371
3   7   5   6   0.0001426779
3   8   1   4   -0.0003105170
3   8   2   4   -0.0001046611
3   8   3   4   0.0294547919
3   8   4   5   -0.0006846495
3   8   4   6   -0.0021441778
3   8   5   5   -0.0021441778
3   8   5   6   0.0006846495
3   9   1   5   0.0000734073
3   9   1   6   0.0002298963
3   9   2   5   -0.0005459338
3   9   2   6   -0.0017097494
3   9   3   5   -0.0107741944
3   9   3   6   -0.0337425054
3   9   4   4   0.0017145799
3   10   1   5   0.0002298963
3   10   1   6   -0.0000734073
3   10   2   5   -0.0017097494
3   10   2   6   0.0005459338
3   10   3   5   -0.0337425054
3   10   3   6   0.0107741944
3   10   5   4   0.0017145799
4   6   1   5   0.0000454529
4   6   1   6   0.0001423489
4   6   2   5   0.0001048528
4   6   2   6   0.0003283768
4   6   3   5   -0.0000616713
4   6   3   6   -0.0001931414
4   6   4   4   -0.0028772684
4   7   1   5   -0.0000121185
4   7   1   6   -0.0000379525
4   7   2   5   -0.0033766623
4   7   2   6   -0.0105749944
4   7   3   5   -0.0001426779
4   7   3   6   -0.0004468371
4   7   4   4   -0.0078003169
4   8   1   5   -0.0000134055
4   8   1   6   -0.0000419832
4   8   2   5   -0.0003812992
4   8   2   6   -0.0011941487
4   8   3   5   -0.0006846495
4   8   3   6   -0.0021441778
4   8   4   4   0.0264521413
4   9   1   4   0.0000270355
4   9   2   4   -0.0009222728
4   9   3   4   0.0017145799
4   9   4   5   -0.0127232442
4   9   4   6   -0.0398465184
4   9   5   5   -0.0024701966
4   9   5   6   0.0007887493
4   10   4   5   -0.0349061252
4   10   4   6   0.0111457455
4   10   5   5   -0.0007887493
4   10   5   6   -0.0024701966
5   6   1   5   0.0001423489
5   6   1   6   -0.0000454529
5   6   2   5   0.0003283768
5   6   2   6   -0.0001048528
5   6   3   5   -0.0001931414
5   6   3   6   0.0000616713
5   6   5   4   -0.0028772684
5   7   1   5   -0.0000379525
5   7   1   6   0.0000121185
5   7   2   5   -0.0105749944
5   7   2   6   0.0033766623
5   7   3   5   -0.0004468371
5   7   3   6   0.0001426779
5   7   5   4   -0.0078003169
5   8   1   5   -0.0000419832
5   8   1   6   0.0000134055
5   8   2   5   -0.0011941487
5   8   2   6   0.0003812992
5   8   3   5   -0.0021441778
5   8   3   6   0.0006846495
5   8   5   4   0.0264521413
5   9   4   5   -0.0024701966
5   9   4   6   0.0007887493
5   9   5   5   -0.0111457455
5   9   5   6   -0.0349061252
5   10   1   4   0.0000270355
5   10   2   4   -0.0009222728
5   10   3   4   0.0017145799
5   10   4   5   -0.0007887493
5   10   4   6   -0.0024701966
5   10   5   5   -0.0398465184
5   10   5   6   0.0127232442

End IJKA Block
Begin IABC Block
1   4   1   4   0.0009502173
1   4   2   5   0.0009238939
1   4   3   6   0.0009238939
1   5   1   5   0.0001170456
1   5   2   4   0.0009238939
1   6   1   6   0.0001170456
1   6   3   4   0.0009238939
2   4   1   4   -0.0002347314
2   4   2   5   -0.0000077709
2   4   3   6   -0.0000077709
2   5   1   5   -0.0001322563
2   5   2   4   -0.0000077709
2   6   1   6   -0.0001322563
2   6   3   4   -0.0000077709
3   4   1   4   -0.0023261132
3   4   2   5   -0.0010901958
3   4   3   6   -0.0010901958
3   5   1   5   -0.0009966440
3   5   2   4   -0.0010901958
3   6   1   6   -0.0009966440
3   6   3   4   -0.0010901958
4   4   1   5   0.0003529711
4   4   1   6   0.0011054310
4   4   2   4   0.0003013754
4   4   3   4   0.0009438442
4   5   1   4   0.0003529711
4   5   2   5   0.0002278321
4   5   2   6   0.0003153505
4   5   3   5   0.0000828211
4   5   3   6   0.0001006934
4   6   1   4   0.0011054310
4   6   2   5   0.0003153505
4   6   2   6   0.0000264453
4   6   3   5   0.0001006934
4   6   3   6   0.0007135222
5   4   1   5   0.0011054310
5   4   1   6   -0.0003529711
5   4   2   4   0.0009438442
5   4   3   4   -0.0003013754
5   5   1   4   0.0011054310
5   5   2   5   0.0007135222
5   5   2   6   -0.0001006934
5   5   3   5   -0.0000264453
5   5   3   6   0.0003153505
5   6   1   4   -0.0003529711
5   6   2   5   -0.0001006934
5   6   2   6   0.0000828211
5   6   3   5   0.0003153505
5   6   3   6   -0.0002278321

End IABC Block
