Begin IJ Block
1   1   -5.4735799937
1   2   0.0000401275
1   5   -0.0108141981
2   2   -6.8088466156
2   5   -0.0190877890
3   3   -5.8395464245
3   4   -0.0000000000
4   4   -5.8395464245
5   5   -5.6378872103

End IJ Block
Begin IA Block
1   1   0.1048083213
1   4   0.0694926594
2   1   0.0188663001
2   4   0.1059833537
3   2   -0.0785802928
3   3   0.1116417364
4   2   0.1116417364
4   3   0.0785802928
5   1   -0.1604410546
5   4   -0.1818568119

End IA Block
Begin AB Block
1   1   -1.5472475508
1   4   -0.3426984948
2   2   -1.3660988125
3   3   -1.3660988125
4   4   -1.5569583978

End AB Block
Begin IJKL Block
1   6   1   6   1.6357232038
1   6   1   7   -0.0003294142
1   6   1   10   0.0133525846
1   6   2   6   -0.0003294142
1   6   2   7   0.0000071005
1   6   2   10   -0.0000237546
1   6   3   8   0.0000102711
1   6   4   9   0.0000102711
1   6   5   6   0.0133525846
1   6   5   7   -0.0000237546
1   6   5   10   0.0001575486
1   7   1   6   -0.0003294142
1   7   1   7   0.1473374979
1   7   1   10   -0.0136357043
1   7   2   6   0.0000029944
1   7   2   7   0.0000567304
1   7   2   10   -0.0000233344
1   7   3   8   0.0000124796
1   7   4   9   0.0000124796
1   7   5   6   -0.0000026351
1   7   5   7   -0.0003907157
1   7   5   10   0.0000661826
1   8   1   8   0.1466273020
1   8   2   8   0.0000532978
1   8   3   6   -0.0000006234
1   8   3   7   0.0000135818
1   8   3   10   -0.0000074237
1   8   5   8   -0.0003738320
1   9   1   9   0.1466273020
1   9   2   9   0.0000532978
1   9   4   6   -0.0000006234
1   9   4   7   0.0000135818
1   9   4   10   -0.0000074237
1   9   5   9   -0.0003738320
1   10   1   6   0.0133525846
1   10   1   7   -0.0136357043
1   10   1   10   0.1585489092
1   10   2   6   -0.0000026351
1   10   2   7   -0.0000194231
1   10   2   10   0.0000521172
1   10   3   8   -0.0000055519
1   10   4   9   -0.0000055519
1   10   5   6   0.0002389287
1   10   5   7   0.0000666909
1   10   5   10   -0.0004122318
2   6   1   6   -0.0003294142
2   6   1   7   0.0000029944
2   6   1   10   -0.0000026351
2   6   2   6   0.1473374979
2   6   2   7   0.0000567304
2   6   2   10   -0.0003907157
2   6   3   8   0.0000124796
2   6   4   9   0.0000124796
2   6   5   6   -0.0136357043
2   6   5   7   -0.0000233344
2   6   5   10   0.0000661826
2   7   1   6   0.0000071005
2   7   1   7   0.0000567304
2   7   1   10   -0.0000194231
2   7   2   6   0.0000567304
2   7   2   7   0.8718903556
2   7   2   10   0.0088939836
2   7   3   8   0.1534201420
2   7   4   9   0.1534201420
2   7   5   6   -0.0000194231
2   7   5   7   0.0088939836
2   7   5   10   0.1432999531
2   8   1   8   0.0000532978
2   8   2   8   0.8179006112
2   8   3   6   0.0000135818
2   8   3   7   0.1581046895
2   8   3   10   0.0018194072
2   8   5   8   0.0079360204
2   9   1   9   0.0000532978
2   9   2   9   0.8179006112
2   9   4   6   0.0000135818
2   9   4   7   0.1581046895
2   9   4   10   0.0018194072
2   9   5   9   0.0079360204
2   10   1   6   -0.0000237546
2   10   1   7   -0.0000233344
2   10   1   10   0.0000521172
2   10   2   6   -0.0003907157
2   10   2   7   0.0088939836
2   10   2   10   0.7791487695
2   10   3   8   0.0017080242
2   10   4   9   0.0017080242
2   10   5   6   0.0000666909
2   10   5   7   0.1486468348
2   10   5   10   0.0077763659
3   6   1   8   -0.0000006234
3   6   2   8   0.0000135818
3   6   3   6   0.1466273020
3   6   3   7   0.0000532978
3   6   3   10   -0.0003738320
3   6   5   8   -0.0000074237
3   7   1   8   0.0000135818
3   7   2   8   0.1581046895
3   7   3   6   0.0000532978
3   7   3   7   0.8179006112
3   7   3   10   0.0079360204
3   7   5   8   0.0018194072
3   8   1   6   0.0000102711
3   8   1   7   0.0000124796
3   8   1   10   -0.0000055519
3   8   2   6   0.0000124796
3   8   2   7   0.1534201420
3   8   2   10   0.0017080242
3   8   3   8   0.8154508341
3   8   3   9   0.0000000000
3   8   4   8   0.0000000000
3   8   4   9   0.0318103640
3   8   5   6   -0.0000055519
3   8   5   7   0.0017080242
3   8   5   10   0.0298106080
3   9   3   8   0.0000000000
3   9   3   9   0.7457272571
3   9   4   8   0.0379132129
3   9   4   9   0.0000000000
3   10   1   8   -0.0000074237
3   10   2   8   0.0018194072
3   10   3   6   -0.0003738320
3   10   3   7   0.0079360204
3   10   3   10   0.7117663547
3   10   4   10   0.0000000000
3   10   5   8   0.0356681474
4   6   1   9   -0.0000006234
4   6   2   9   0.0000135818
4   6   4   6   0.1466273020
4   6   4   7   0.0000532978
4   6   4   10   -0.0003738320
4   6   5   9   -0.0000074237
4   7   1   9   0.0000135818
4   7   2   9   0.1581046895
4   7   4   6   0.0000532978
4   7   4   7   0.8179006112
4   7   4   10   0.0079360204
4   7   5   9   0.0018194072
4   8   3   8   0.0000000000
4   8   3   9   0.0379132129
4   8   4   8   0.7457272571
4   8   4   9   0.0000000000
4   9   1   6   0.0000102711
4   9   1   7   0.0000124796
4   9   1   10   -0.0000055519
4   9   2   6   0.0000124796
4   9   2   7   0.1534201420
4   9   2   10   0.0017080242
4   9   3   8   0.0318103640
4   9   3   9   0.0000000000
4   9   4   8   0.0000000000
4   9   4   9   0.8154508341
4   9   5   6   -0.0000055519
4   9   5   7   0.0017080242
4   9   5   10   0.0298106080
4   10   1   9   -0.0000074237
4   10   2   9   0.0018194072
4   10   3   10   0.0000000000
4   10   4   6   -0.0003738320
4   10   4   7   0.0079360204
4   10   4   10   0.7117663546
4   10   5   9   0.0356681474
5   6   1   6   0.0133525846
5   6   1   7   -0.0000026351
5   6   1   10   0.0002389287
5   6   2   6   -0.0136357043
5   6   2   7   -0.0000194231
5   6   2   10   0.0000666909
5   6   3   8   -0.0000055519
5   6   4   9   -0.0000055519
5   6   5   6   0.1585489092
5   6   5   7   0.0000521172
5   6   5   10   -0.0004122318
5   7   1   6   -0.0000237546
5   7   1   7   -0.0003907157
5   7   1   10   0.0000666909
5   7   2   6   -0.0000233344
5   7   2   7   0.0088939836
5   7   2   10   0.1486468348
5   7   3   8   0.0017080242
5   7   4   9   0.0017080242
5   7   5   6   0.0000521172
5   7   5   7   0.7791487695
5   7   5   10   0.0077763659
5   8   1   8   -0.0003738320
5   8   2   8   0.0079360204
5   8   3   6   -0.0000074237
5   8   3   7   0.0018194072
5   8   3   10   0.0356681474
5   8   5   8   0.7117663547
5   8   5   9   0.0000000000
5   9   1   9   -0.0003738320
5   9   2   9   0.0079360204
5   9   4   6   -0.0000074237
5   9   4   7   0.0018194072
5   9   4   10   0.0356681474
5   9   5   8   0.0000000000
5   9   5   9   0.7117663546
5   10   1   6   0.0001575486
5   10   1   7   0.0000661826
5   10   1   10   -0.0004122318
5   10   2   6   0.0000661826
5   10   2   7   0.1432999531
5   10   2   10   0.0077763659
5   10   3   8   0.0298106080
5   10   4   9   0.0298106080
5   10   5   6   -0.0004122318
5   10   5   7   0.0077763659
5   10   5   10   0.7437957067

End IJKL Block
Begin IJAB Block
1   6   1   5   0.0121234472
1   6   1   8   0.0087865575
1   6   2   6   0.0019181436
1   6   3   7   0.0019181436
1   6   4   5   0.0087865575
1   6   4   8   0.0083519836
1   7   1   5   -0.0000033932
1   7   1   8   -0.0000058092
1   7   2   6   0.0000080102
1   7   3   7   0.0000080102
1   7   4   5   -0.0000102423
1   7   4   8   -0.0000019114
1   8   1   6   0.0000049381
1   8   1   7   -0.0000070158
1   8   2   5   -0.0000372452
1   8   2   8   -0.0000751028
1   8   3   5   0.0000529156
1   8   3   8   0.0001067011
1   8   4   6   0.0000097446
1   8   4   7   -0.0000138445
1   9   1   6   -0.0000070158
1   9   1   7   -0.0000049381
1   9   2   5   0.0000529156
1   9   2   8   0.0001067011
1   9   3   5   0.0000372452
1   9   3   8   0.0000751028
1   9   4   6   -0.0000138445
1   9   4   7   -0.0000097446
1   10   1   5   0.0003540318
1   10   1   8   0.0006225137
1   10   2   6   -0.0003090853
1   10   3   7   -0.0003090853
1   10   4   5   0.0002123473
1   10   4   8   -0.0000473921
2   6   1   5   -0.0000033932
2   6   1   8   -0.0000102423
2   6   2   6   0.0000080102
2   6   3   7   0.0000080102
2   6   4   5   -0.0000058092
2   6   4   8   -0.0000019114
2   7   1   5   0.0011002335
2   7   1   8   0.0015781615
2   7   2   6   0.0004774445
2   7   3   7   0.0004774445
2   7   4   5   0.0015781615
2   7   4   8   0.0029049164
2   8   1   6   -0.0000841758
2   8   1   7   0.0001195914
2   8   2   5   -0.0000450339
2   8   2   8   -0.0002719591
2   8   3   5   0.0000639812
2   8   3   8   0.0003863817
2   8   4   6   -0.0006138190
2   8   4   7   0.0008720739
2   9   1   6   0.0001195914
2   9   1   7   0.0000841758
2   9   2   5   0.0000639812
2   9   2   8   0.0003863817
2   9   3   5   0.0000450339
2   9   3   8   0.0002719591
2   9   4   6   0.0008720739
2   9   4   7   0.0006138190
2   10   1   5   -0.0003840212
2   10   1   8   -0.0011600328
2   10   2   6   -0.0000387078
2   10   3   7   -0.0000387078
2   10   4   5   -0.0018824635
2   10   4   8   -0.0033121069
3   6   1   6   -0.0000372452
3   6   1   7   0.0000529156
3   6   2   5   0.0000049381
3   6   2   8   0.0000097446
3   6   3   5   -0.0000070158
3   6   3   8   -0.0000138445
3   6   4   6   -0.0000751028
3   6   4   7   0.0001067011
3   7   1   6   -0.0000450339
3   7   1   7   0.0000639812
3   7   2   5   -0.0000841758
3   7   2   8   -0.0006138190
3   7   3   5   0.0001195914
3   7   3   8   0.0008720739
3   7   4   6   -0.0002719591
3   7   4   7   0.0003863817
3   8   1   5   0.0006595664
3   8   1   8   0.0008313078
3   8   2   6   0.0006784477
3   8   2   7   -0.0006317641
3   8   3   6   -0.0006317641
3   8   3   7   0.0011313426
3   8   4   5   0.0008313078
3   8   4   8   0.0016542787
3   9   2   6   -0.0006317641
3   9   2   7   -0.0002187792
3   9   3   6   0.0006716740
3   9   3   7   0.0006317641
3   10   1   6   0.0002966258
3   10   1   7   -0.0004214265
3   10   2   5   0.0010139926
3   10   2   8   0.0013935652
3   10   3   5   -0.0014406144
3   10   3   8   -0.0019798863
3   10   4   6   0.0003755181
3   10   4   7   -0.0005335115
4   6   1   6   0.0000529156
4   6   1   7   0.0000372452
4   6   2   5   -0.0000070158
4   6   2   8   -0.0000138445
4   6   3   5   -0.0000049381
4   6   3   8   -0.0000097446
4   6   4   6   0.0001067011
4   6   4   7   0.0000751028
4   7   1   6   0.0000639812
4   7   1   7   0.0000450339
4   7   2   5   0.0001195914
4   7   2   8   0.0008720739
4   7   3   5   0.0000841758
4   7   3   8   0.0006138190
4   7   4   6   0.0003863817
4   7   4   7   0.0002719591
4   8   2   6   -0.0006317641
4   8   2   7   0.0006716740
4   8   3   6   -0.0002187792
4   8   3   7   0.0006317641
4   9   1   5   0.0006595664
4   9   1   8   0.0008313078
4   9   2   6   0.0011313426
4   9   2   7   0.0006317641
4   9   3   6   0.0006317641
4   9   3   7   0.0006784477
4   9   4   5   0.0008313078
4   9   4   8   0.0016542787
4   10   1   6   -0.0004214265
4   10   1   7   -0.0002966258
4   10   2   5   -0.0014406144
4   10   2   8   -0.0019798863
4   10   3   5   -0.0010139926
4   10   3   8   -0.0013935652
4   10   4   6   -0.0005335115
4   10   4   7   -0.0003755181
5   6   1   5   0.0003540318
5   6   1   8   0.0002123473
5   6   2   6   -0.0003090853
5   6   3   7   -0.0003090853
5   6   4   5   0.0006225137
5   6   4   8   -0.0000473921
5   7   1   5   -0.0003840212
5   7   1   8   -0.0018824635
5   7   2   6   -0.0000387078
5   7   3   7   -0.0000387078
5   7   4   5   -0.0011600328
5   7   4   8   -0.0033121069
5   8   1   6   0.0010139926
5   8   1   7   -0.0014406144
5   8   2   5   0.0002966258
5   8   2   8   0.0003755181
5   8   3   5   -0.0004214265
5   8   3   8   -0.0005335115
5   8   4   6   0.0013935652
5   8   4   7   -0.0019798863
5   9   1   6   -0.0014406144
5   9   1   7   -0.0010139926
5   9   2   5   -0.0004214265
5   9   2   8   -0.0005335115
5   9   3   5   -0.0002966258
5   9   3   8   -0.0003755181
5   9   4   6   -0.0019798863
5   9   4   7   -0.0013935652
5   10   1   5   0.0044308624
5   10   1   8   0.0059541933
5   10   2   6   0.0007237637
5   10   3   7   0.0007237637
5   10   4   5   0.0059541933
5   10   4   8   0.0090551218

End IJAB Block
Begin ABCD Block
1   5   1   5   0.2335500245
1   5   1   8   0.0033055608
1   5   2   6   0.0350735212
1   5   3   7   0.0350735212
1   5   4   5   0.0033055608
1   5   4   8   0.0253902864
1   6   1   6   0.1820821175
1   6   2   5   0.0350744845
1   6   2   8   0.0080582585
1   6   4   6   0.0129751458
1   7   1   7   0.1820821175
1   7   3   5   0.0350744845
1   7   3   8   0.0080582585
1   7   4   7   0.0129751458
1   8   1   5   0.0033055608
1   8   1   8   0.1758608366
1   8   2   6   0.0080574864
1   8   3   7   0.0080574864
1   8   4   5   0.0254008471
1   8   4   8   0.0117275468
2   5   1   6   0.0350744845
2   5   2   5   0.1820821175
2   5   2   8   0.0129751458
2   5   4   6   0.0080582585
2   6   1   5   0.0350735212
2   6   1   8   0.0080574864
2   6   2   6   0.1700640448
2   6   3   7   0.0091281075
2   6   4   5   0.0080574864
2   6   4   8   0.0114105433
2   7   2   7   0.1518078988
2   7   3   6   0.0091280385
2   8   1   6   0.0080582585
2   8   2   5   0.0129751458
2   8   2   8   0.1522683705
2   8   4   6   0.0114114664
3   5   1   7   0.0350744845
3   5   3   5   0.1820821175
3   5   3   8   0.0129751458
3   5   4   7   0.0080582585
3   6   2   7   0.0091280385
3   6   3   6   0.1518078988
3   7   1   5   0.0350735212
3   7   1   8   0.0080574864
3   7   2   6   0.0091281075
3   7   3   7   0.1700640448
3   7   4   5   0.0080574864
3   7   4   8   0.0114105433
3   8   1   7   0.0080582585
3   8   3   5   0.0129751458
3   8   3   8   0.1522683705
3   8   4   7   0.0114114664
4   5   1   5   0.0033055608
4   5   1   8   0.0254008471
4   5   2   6   0.0080574864
4   5   3   7   0.0080574864
4   5   4   5   0.1758608366
4   5   4   8   0.0117275468
4   6   1   6   0.0129751458
4   6   2   5   0.0080582585
4   6   2   8   0.0114114664
4   6   4   6   0.1522683705
4   7   1   7   0.0129751458
4   7   3   5   0.0080582585
4   7   3   8   0.0114114664
4   7   4   7   0.1522683705
4   8   1   5   0.0253902864
4   8   1   8   0.0117275468
4   8   2   6   0.0114105433
4   8   3   7   0.0114105433
4   8   4   5   0.0117275468
4   8   4   8   0.1648989817

End ABCD Block
Begin AIJB Block
1   6   1   5   0.0094500838
1   6   1   8   0.0067087444
1   6   2   5   0.0000008050
1   6   2   8   -0.0000077002
1   6   3   6   -0.0000318345
1   6   3   7   0.0000452283
1   6   4   6   0.0000452283
1   6   4   7   0.0000318345
1   6   5   5   0.0002130339
1   6   5   8   0.0000502613
1   7   1   5   0.0000008050
1   7   1   8   -0.0000003895
1   7   2   5   0.0009462231
1   7   2   8   0.0013129518
1   7   3   6   -0.0000182097
1   7   3   7   0.0000258711
1   7   4   6   0.0000258711
1   7   4   7   0.0000182097
1   7   5   5   -0.0000931402
1   7   5   8   -0.0009989770
1   8   1   6   0.0000032298
1   8   1   7   -0.0000045887
1   8   2   6   -0.0000378135
1   8   2   7   0.0000537230
1   8   3   5   0.0002259970
1   8   3   8   0.0003847715
1   8   5   6   0.0010148140
1   8   5   7   -0.0014417812
1   9   1   6   -0.0000045887
1   9   1   7   -0.0000032298
1   9   2   6   0.0000537230
1   9   2   7   0.0000378135
1   9   4   5   0.0002259970
1   9   4   8   0.0003847715
1   9   5   6   -0.0014417812
1   9   5   7   -0.0010148140
1   10   1   5   0.0002130339
1   10   1   8   0.0004216864
1   10   2   5   -0.0000931402
1   10   2   8   -0.0003315433
1   10   3   6   0.0001284552
1   10   3   7   -0.0001825008
1   10   4   6   -0.0001825008
1   10   4   7   -0.0001284552
1   10   5   5   0.0034200599
1   10   5   8   0.0045098159
2   6   1   6   0.0016837505
2   6   2   6   0.0000028668
2   6   3   5   0.0000032298
2   6   3   8   0.0000002214
2   6   4   5   -0.0000045887
2   6   4   8   -0.0000003146
2   6   5   6   -0.0002408000
2   7   1   6   0.0000028668
2   7   2   6   0.0003828344
2   7   3   5   -0.0000378135
2   7   3   8   -0.0004019318
2   7   4   5   0.0000537230
2   7   4   8   0.0005710384
2   7   5   6   0.0000219460
2   8   1   5   -0.0000318345
2   8   1   8   -0.0000660613
2   8   2   5   -0.0000182097
2   8   2   8   -0.0001172062
2   8   3   6   0.0005245335
2   8   3   7   -0.0005765388
2   8   4   6   -0.0005765388
2   8   4   7   0.0006966949
2   8   5   5   0.0001284552
2   8   5   8   0.0002454771
2   9   1   5   0.0000452283
2   9   1   8   0.0000938555
2   9   2   5   0.0000258711
2   9   2   8   0.0001665189
2   9   3   6   -0.0005765388
2   9   3   7   -0.0002833896
2   9   4   6   0.0009378388
2   9   4   7   0.0005765388
2   9   5   5   -0.0001825008
2   9   5   8   -0.0003487579
2   10   1   6   -0.0002408000
2   10   2   6   0.0000219460
2   10   3   5   0.0010148140
2   10   3   8   0.0013147079
2   10   4   5   -0.0014417812
2   10   4   8   -0.0018678509
2   10   5   6   0.0004101986
3   6   1   7   0.0016837505
3   6   2   7   0.0000028668
3   6   3   5   -0.0000045887
3   6   3   8   -0.0000003146
3   6   4   5   -0.0000032298
3   6   4   8   -0.0000002214
3   6   5   7   -0.0002408000
3   7   1   7   0.0000028668
3   7   2   7   0.0003828344
3   7   3   5   0.0000537230
3   7   3   8   0.0005710384
3   7   4   5   0.0000378135
3   7   4   8   0.0004019318
3   7   5   7   0.0000219460
3   8   1   5   0.0000452283
3   8   1   8   0.0000938555
3   8   2   5   0.0000258711
3   8   2   8   0.0001665189
3   8   3   6   -0.0005765388
3   8   3   7   0.0009378388
3   8   4   6   -0.0002833896
3   8   4   7   0.0005765388
3   8   5   5   -0.0001825008
3   8   5   8   -0.0003487579
3   9   1   5   0.0000318345
3   9   1   8   0.0000660613
3   9   2   5   0.0000182097
3   9   2   8   0.0001172062
3   9   3   6   0.0006966949
3   9   3   7   0.0005765388
3   9   4   6   0.0005765388
3   9   4   7   0.0005245335
3   9   5   5   -0.0001284552
3   9   5   8   -0.0002454771
3   10   1   7   -0.0002408000
3   10   2   7   0.0000219460
3   10   3   5   -0.0014417812
3   10   3   8   -0.0018678509
3   10   4   5   -0.0010148140
3   10   4   8   -0.0013147079
3   10   5   7   0.0004101986
4   6   1   5   0.0067087444
4   6   1   8   0.0065049517
4   6   2   5   -0.0000003895
4   6   2   8   -0.0000036460
4   6   3   6   -0.0000660613
4   6   3   7   0.0000938555
4   6   4   6   0.0000938555
4   6   4   7   0.0000660613
4   6   5   5   0.0004216864
4   6   5   8   -0.0001278483
4   7   1   5   -0.0000077002
4   7   1   8   -0.0000036460
4   7   2   5   0.0013129518
4   7   2   8   0.0022813924
4   7   3   6   -0.0001172062
4   7   3   7   0.0001665189
4   7   4   6   0.0001665189
4   7   4   7   0.0001172062
4   7   5   5   -0.0003315433
4   7   5   8   -0.0016959616
4   8   1   6   0.0000002214
4   8   1   7   -0.0000003146
4   8   2   6   -0.0004019318
4   8   2   7   0.0005710384
4   8   3   5   0.0003847715
4   8   3   8   0.0009308184
4   8   5   6   0.0013147079
4   8   5   7   -0.0018678509
4   9   1   6   -0.0000003146
4   9   1   7   -0.0000002214
4   9   2   6   0.0005710384
4   9   2   7   0.0004019318
4   9   4   5   0.0003847715
4   9   4   8   0.0009308184
4   9   5   6   -0.0018678509
4   9   5   7   -0.0013147079
4   10   1   5   0.0000502613
4   10   1   8   -0.0001278483
4   10   2   5   -0.0009989770
4   10   2   8   -0.0016959616
4   10   3   6   0.0002454771
4   10   3   7   -0.0003487579
4   10   4   6   -0.0003487579
4   10   4   7   -0.0002454771
4   10   5   5   0.0045098159
4   10   5   8   0.0071391640

1   6   6   1   -0.2876720697
1   6   6   4   -0.0591142724
1   6   7   1   0.0000207654
1   6   7   4   0.0000011778
1   6   8   2   0.0000290676
1   6   8   3   -0.0000412973
1   6   9   2   -0.0000412973
1   6   9   3   -0.0000290676
1   6   10   1   -0.0006823123
1   6   10   4   0.0000517936
1   7   6   1   0.0000207654
1   7   6   4   0.0000009737
1   7   7   1   -0.1148681043
1   7   7   4   -0.0301124783
1   7   8   2   0.0013193712
1   7   8   3   -0.0018744762
1   7   9   2   -0.0018744762
1   7   9   3   -0.0013193712
1   7   10   1   0.0072574952
1   7   10   4   0.0032445240
1   8   6   2   0.0000291437
1   8   6   3   -0.0000414055
1   8   7   2   0.0013189398
1   8   7   3   -0.0018738634
1   8   8   1   -0.1141681577
1   8   8   4   -0.0292021692
1   8   10   2   -0.0005071139
1   8   10   3   0.0007204743
1   9   6   2   -0.0000414055
1   9   6   3   -0.0000291437
1   9   7   2   -0.0018738634
1   9   7   3   -0.0013189398
1   9   9   1   -0.1141681577
1   9   9   4   -0.0292021692
1   9   10   2   0.0007204743
1   9   10   3   0.0005071139
1   10   6   1   -0.0006823123
1   10   6   4   0.0000561551
1   10   7   1   0.0072574952
1   10   7   4   0.0032550155
1   10   8   2   -0.0005217582
1   10   8   3   0.0007412799
1   10   9   2   0.0007412799
1   10   9   3   0.0005217582
1   10   10   1   -0.1188499507
1   10   10   4   -0.0311091559
2   6   6   2   -0.2188491070
2   6   7   2   0.0000085218
2   6   8   1   0.0000291437
2   6   8   4   0.0000182313
2   6   9   1   -0.0000414055
2   6   9   4   -0.0000259019
2   6   10   2   -0.0001786595
2   7   6   2   0.0000085218
2   7   7   2   -0.1159688488
2   7   8   1   0.0013189398
2   7   8   4   0.0016578674
2   7   9   1   -0.0018738634
2   7   9   4   -0.0023553895
2   7   10   2   0.0065460991
2   8   6   1   0.0000290676
2   8   6   4   0.0000181869
2   8   7   1   0.0013193712
2   8   7   4   0.0016591621
2   8   8   2   -0.1157260156
2   8   8   3   0.0003184980
2   8   9   2   0.0003184980
2   8   9   3   -0.0001081742
2   8   10   1   -0.0005217582
2   8   10   4   -0.0005561707
2   9   6   1   -0.0000412973
2   9   6   4   -0.0000258387
2   9   7   1   -0.0018744762
2   9   7   4   -0.0023572290
2   9   8   2   0.0003184980
2   9   8   3   -0.0001201485
2   9   9   2   -0.1159543383
2   9   9   3   -0.0003184980
2   9   10   1   0.0007412799
2   9   10   4   0.0007901709
2   10   6   2   -0.0001786595
2   10   7   2   0.0065460991
2   10   8   1   -0.0005071139
2   10   8   4   -0.0005379003
2   10   9   1   0.0007204743
2   10   9   4   0.0007642135
2   10   10   2   -0.1193768238
3   6   6   3   -0.2188491070
3   6   7   3   0.0000085218
3   6   8   1   -0.0000414055
3   6   8   4   -0.0000259019
3   6   9   1   -0.0000291437
3   6   9   4   -0.0000182313
3   6   10   3   -0.0001786595
3   7   6   3   0.0000085218
3   7   7   3   -0.1159688488
3   7   8   1   -0.0018738634
3   7   8   4   -0.0023553895
3   7   9   1   -0.0013189398
3   7   9   4   -0.0016578674
3   7   10   3   0.0065460991
3   8   6   1   -0.0000412973
3   8   6   4   -0.0000258387
3   8   7   1   -0.0018744762
3   8   7   4   -0.0023572290
3   8   8   2   0.0003184980
3   8   8   3   -0.1159543383
3   8   9   2   -0.0001201485
3   8   9   3   -0.0003184980
3   8   10   1   0.0007412799
3   8   10   4   0.0007901709
3   9   6   1   -0.0000290676
3   9   6   4   -0.0000181869
3   9   7   1   -0.0013193712
3   9   7   4   -0.0016591621
3   9   8   2   -0.0001081742
3   9   8   3   -0.0003184980
3   9   9   2   -0.0003184980
3   9   9   3   -0.1157260156
3   9   10   1   0.0005217582
3   9   10   4   0.0005561707
3   10   6   3   -0.0001786595
3   10   7   3   0.0065460991
3   10   8   1   0.0007204743
3   10   8   4   0.0007642135
3   10   9   1   0.0005071139
3   10   9   4   0.0005379003
3   10   10   3   -0.1193768238
4   6   6   1   -0.0591142724
4   6   6   4   -0.2350714516
4   6   7   1   0.0000009737
4   6   7   4   0.0000052719
4   6   8   2   0.0000181869
4   6   8   3   -0.0000258387
4   6   9   2   -0.0000258387
4   6   9   3   -0.0000181869
4   6   10   1   0.0000561551
4   6   10   4   0.0000243145
4   7   6   1   0.0000011778
4   7   6   4   0.0000052719
4   7   7   1   -0.0301124783
4   7   7   4   -0.1422487215
4   7   8   2   0.0016591621
4   7   8   3   -0.0023572290
4   7   9   2   -0.0023572290
4   7   9   3   -0.0016591621
4   7   10   1   0.0032550155
4   7   10   4   0.0093014233
4   8   6   2   0.0000182313
4   8   6   3   -0.0000259019
4   8   7   2   0.0016578674
4   8   7   3   -0.0023553895
4   8   8   1   -0.0292021692
4   8   8   4   -0.1409079442
4   8   10   2   -0.0005379003
4   8   10   3   0.0007642135
4   9   6   2   -0.0000259019
4   9   6   3   -0.0000182313
4   9   7   2   -0.0023553895
4   9   7   3   -0.0016578674
4   9   9   1   -0.0292021692
4   9   9   4   -0.1409079442
4   9   10   2   0.0007642135
4   9   10   3   0.0005379003
4   10   6   1   0.0000517936
4   10   6   4   0.0000243145
4   10   7   1   0.0032445240
4   10   7   4   0.0093014233
4   10   8   2   -0.0005561707
4   10   8   3   0.0007901709
4   10   9   2   0.0007901709
4   10   9   3   0.0005561707
4   10   10   1   -0.0311091559
4   10   10   4   -0.1461385067

End AIJB Block
Begin IJKA Block
1   6   1   5   -0.1000221403
1   6   1   8   -0.0795992085
1   6   2   5   0.0000392210
1   6   2   8   0.0000306077
1   6   3   6   -0.0000159671
1   6   3   7   0.0000226849
1   6   4   6   0.0000226849
1   6   4   7   0.0000159671
1   6   5   5   -0.0012261031
1   6   5   8   -0.0011807663
1   7   1   5   -0.0003164517
1   7   1   8   -0.0003052570
1   7   2   5   0.0000008367
1   7   2   8   -0.0000082237
1   7   3   6   0.0000003921
1   7   3   7   -0.0000005571
1   7   4   6   -0.0000005571
1   7   4   7   -0.0000003921
1   7   5   5   0.0000025763
1   7   5   8   0.0000036211
1   8   1   6   -0.0008350511
1   8   1   7   0.0011863860
1   8   2   6   0.0000013623
1   8   2   7   -0.0000019355
1   8   3   5   0.0000028294
1   8   3   8   0.0000013930
1   8   5   6   -0.0000021415
1   8   5   7   0.0000030424
1   9   1   6   0.0011863860
1   9   1   7   0.0008350511
1   9   2   6   -0.0000019355
1   9   2   7   -0.0000013623
1   9   4   5   0.0000028294
1   9   4   8   0.0000013930
1   9   5   6   0.0000030424
1   9   5   7   0.0000021415
1   10   1   5   -0.0091802055
1   10   1   8   -0.0212710208
1   10   2   5   0.0000068238
1   10   2   8   0.0000049752
1   10   3   6   0.0000051512
1   10   3   7   -0.0000073184
1   10   4   6   -0.0000073184
1   10   4   7   -0.0000051512
1   10   5   5   -0.0000137929
1   10   5   8   -0.0000020900
2   6   1   5   0.0000287884
2   6   1   8   0.0000214650
2   6   2   5   -0.0008824157
2   6   2   8   0.0010130720
2   6   3   6   -0.0000790440
2   6   3   7   0.0001123005
2   6   4   6   0.0001123005
2   6   4   7   0.0000790440
2   6   5   5   0.0001500741
2   6   5   8   -0.0001750942
2   7   1   5   -0.0000005230
2   7   1   8   -0.0000035479
2   7   2   5   -0.0031474176
2   7   2   8   -0.0185221890
2   7   3   6   0.0044361203
2   7   3   7   -0.0063025494
2   7   4   6   -0.0063025494
2   7   4   7   -0.0044361203
2   7   5   5   0.0117030613
2   7   5   8   0.0155680569
2   8   1   6   0.0000003729
2   8   1   7   -0.0000005297
2   8   2   6   0.0135904098
2   8   2   7   -0.0193083647
2   8   3   5   -0.0006552614
2   8   3   8   -0.0037745775
2   8   5   6   0.0004458603
2   8   5   7   -0.0006334491
2   9   1   6   -0.0000005297
2   9   1   7   -0.0000003729
2   9   2   6   -0.0193083647
2   9   2   7   -0.0135904098
2   9   4   5   -0.0006552614
2   9   4   8   -0.0037745775
2   9   5   6   -0.0006334491
2   9   5   7   -0.0004458603
2   10   1   5   0.0000039042
2   10   1   8   0.0000011569
2   10   2   5   0.0308682722
2   10   2   8   0.0394925357
2   10   3   6   0.0004392298
2   10   3   7   -0.0006240290
2   10   4   6   -0.0006240290
2   10   4   7   -0.0004392298
2   10   5   5   0.0005469768
2   10   5   8   -0.0015747531
3   6   1   6   -0.0000102947
3   6   1   7   0.0000146260
3   6   2   6   -0.0000757742
3   6   2   7   0.0001076550
3   6   3   5   -0.0008667313
3   6   3   8   0.0009935436
3   6   5   6   0.0000377486
3   6   5   7   -0.0000536307
3   7   1   6   -0.0000002631
3   7   1   7   0.0000003738
3   7   2   6   0.0043810524
3   7   2   7   -0.0062243125
3   7   3   5   -0.0027127608
3   7   3   8   -0.0165953840
3   7   5   6   0.0000850745
3   7   5   7   -0.0001208682
3   8   1   5   0.0000055200
3   8   1   8   0.0000005367
3   8   2   5   -0.0006441818
3   8   2   8   -0.0037055762
3   8   3   6   0.0147648293
3   8   3   7   -0.0209769030
3   8   4   6   -0.0018958778
3   8   4   7   -0.0013344349
3   8   5   5   0.0041598786
3   8   5   8   0.0050412214
3   9   3   6   -0.0171581932
3   9   3   7   -0.0120769874
3   9   4   6   0.0013534070
3   9   4   7   -0.0019228320
3   10   1   6   0.0000072077
3   10   1   7   -0.0000102402
3   10   2   6   0.0003461771
3   10   2   7   -0.0004918257
3   10   3   5   0.0274653518
3   10   3   8   0.0343236018
3   10   5   6   0.0013892651
3   10   5   7   -0.0019737769
4   6   1   6   0.0000146260
4   6   1   7   0.0000102947
4   6   2   6   0.0001076550
4   6   2   7   0.0000757742
4   6   4   5   -0.0008667313
4   6   4   8   0.0009935436
4   6   5   6   -0.0000536307
4   6   5   7   -0.0000377486
4   7   1   6   0.0000003738
4   7   1   7   0.0000002631
4   7   2   6   -0.0062243125
4   7   2   7   -0.0043810524
4   7   4   5   -0.0027127608
4   7   4   8   -0.0165953840
4   7   5   6   -0.0001208682
4   7   5   7   -0.0000850745
4   8   3   6   -0.0019228320
4   8   3   7   -0.0013534070
4   8   4   6   0.0120769874
4   8   4   7   -0.0171581932
4   9   1   5   0.0000055200
4   9   1   8   0.0000005367
4   9   2   5   -0.0006441818
4   9   2   8   -0.0037055762
4   9   3   6   0.0013344349
4   9   3   7   -0.0018958778
4   9   4   6   -0.0209769030
4   9   4   7   -0.0147648293
4   9   5   5   0.0041598786
4   9   5   8   0.0050412214
4   10   1   6   -0.0000102402
4   10   1   7   -0.0000072077
4   10   2   6   -0.0004918257
4   10   2   7   -0.0003461771
4   10   4   5   0.0274653518
4   10   4   8   0.0343236018
4   10   5   6   -0.0019737769
4   10   5   7   -0.0013892651
5   6   1   5   -0.0012768140
5   6   1   8   -0.0012446173
5   6   2   5   0.0001459889
5   6   2   8   -0.0001637299
5   6   3   6   0.0000369296
5   6   3   7   -0.0000524671
5   6   4   6   -0.0000524671
5   6   4   7   -0.0000369296
5   6   5   5   -0.0010618350
5   6   5   8   0.0010931073
5   7   1   5   0.0000035126
5   7   1   8   0.0000024376
5   7   2   5   0.0117003417
5   7   2   8   0.0157277642
5   7   3   6   0.0001007634
5   7   3   7   -0.0001431580
5   7   4   6   -0.0001431580
5   7   4   7   -0.0001007634
5   7   5   5   -0.0023893726
5   7   5   8   -0.0155477150
5   8   1   6   0.0000036515
5   8   1   7   -0.0000051878
5   8   2   6   0.0003159271
5   8   2   7   -0.0004488486
5   8   3   5   0.0039823760
5   8   3   8   0.0049890970
5   8   5   6   0.0118069017
5   8   5   7   -0.0167744731
5   9   1   6   -0.0000051878
5   9   1   7   -0.0000036515
5   9   2   6   -0.0004488486
5   9   2   7   -0.0003159271
5   9   4   5   0.0039823760
5   9   4   8   0.0049890970
5   9   5   6   -0.0167744731
5   9   5   7   -0.0118069017
5   10   1   5   0.0000174935
5   10   1   8   0.0000113249
5   10   2   5   -0.0000729260
5   10   2   8   -0.0021096030
5   10   3   6   0.0013124508
5   10   3   7   -0.0018646441
5   10   4   6   -0.0018646441
5   10   4   7   -0.0013124508
5   10   5   5   0.0367941800
5   10   5   8   0.0445701688

End IJKA Block
Begin IABC Block
1   5   1   5   -0.0002066210
1   5   1   8   -0.0017226925
1   5   2   6   0.0027752416
1   5   3   7   0.0027752416
1   5   4   5   -0.0028801432
1   5   4   8   0.0000153372
1   6   1   6   -0.0001550975
1   6   2   5   0.0027933999
1   6   2   8   0.0015636091
1   6   4   6   -0.0005915884
1   7   1   7   -0.0001550975
1   7   3   5   0.0027933999
1   7   3   8   0.0015636091
1   7   4   7   -0.0005915884
1   8   1   5   -0.0017341907
1   8   1   8   -0.0017342013
1   8   2   6   0.0015519317
1   8   3   7   0.0015519317
1   8   4   5   0.0000260574
1   8   4   8   -0.0001412000
2   5   1   5   -0.0002189159
2   5   1   8   -0.0001792402
2   5   2   6   0.0000065203
2   5   3   7   0.0000065203
2   5   4   5   -0.0004510168
2   5   4   8   -0.0002622204
2   6   1   6   -0.0002162062
2   6   2   5   0.0000050278
2   6   2   8   0.0000019918
2   6   4   6   -0.0002897417
2   7   1   7   -0.0002162062
2   7   3   5   0.0000050278
2   7   3   8   0.0000019918
2   7   4   7   -0.0002897417
2   8   1   5   -0.0001839508
2   8   1   8   -0.0003478523
2   8   2   6   0.0000047767
2   8   3   7   0.0000047767
2   8   4   5   -0.0002631552
2   8   4   8   -0.0006949546
3   5   1   6   -0.0002400623
3   5   1   7   0.0003410648
3   5   2   5   -0.0004085822
3   5   2   8   -0.0000426593
3   5   3   5   0.0005804868
3   5   3   8   0.0000606076
3   5   4   6   -0.0007657723
3   5   4   7   0.0010879591
3   6   1   5   -0.0002389050
3   6   1   8   -0.0002815124
3   6   2   6   -0.0006449908
3   6   2   7   0.0001983228
3   6   3   6   0.0005196569
3   6   3   7   -0.0001396327
3   6   4   5   -0.0007693479
3   6   4   8   -0.0005930619
3   7   1   5   0.0003394206
3   7   1   8   0.0003999544
3   7   2   6   0.0001983811
3   7   2   7   -0.0003657663
3   7   3   6   -0.0001395918
3   7   3   7   0.0009163608
3   7   4   5   0.0010930392
3   7   4   8   0.0008425835
3   8   1   6   -0.0002825426
3   8   1   7   0.0004014180
3   8   2   5   -0.0000470779
3   8   2   8   -0.0000557892
3   8   3   5   0.0000668851
3   8   3   8   0.0000792617
3   8   4   6   -0.0005970358
3   8   4   7   0.0008482294
4   5   1   6   0.0003410648
4   5   1   7   0.0002400623
4   5   2   5   0.0005804868
4   5   2   8   0.0000606076
4   5   3   5   0.0004085822
4   5   3   8   0.0000426593
4   5   4   6   0.0010879591
4   5   4   7   0.0007657723
4   6   1   5   0.0003394206
4   6   1   8   0.0003999544
4   6   2   6   0.0009163608
4   6   2   7   0.0001395918
4   6   3   6   0.0003657663
4   6   3   7   0.0001983811
4   6   4   5   0.0010930392
4   6   4   8   0.0008425835
4   7   1   5   0.0002389050
4   7   1   8   0.0002815124
4   7   2   6   0.0001396327
4   7   2   7   0.0005196569
4   7   3   6   0.0001983228
4   7   3   7   0.0006449908
4   7   4   5   0.0007693479
4   7   4   8   0.0005930619
4   8   1   6   0.0004014180
4   8   1   7   0.0002825426
4   8   2   5   0.0000668851
4   8   2   8   0.0000792617
4   8   3   5   0.0000470779
4   8   3   8   0.0000557892
4   8   4   6   0.0008482294
4   8   4   7   0.0005970358
5   5   1   5   -0.0038198327
5   5   1   8   -0.0002742118
5   5   2   6   -0.0018913356
5   5   3   7   -0.0018913356
5   5   4   5   -0.0074666068
5   5   4   8   -0.0035643214
5   6   1   6   -0.0029152466
5   6   2   5   -0.0018980545
5   6   2   8   -0.0013058855
5   6   4   6   -0.0066757113
5   7   1   7   -0.0029152466
5   7   3   5   -0.0018980545
5   7   3   8   -0.0013058855
5   7   4   7   -0.0066757113
5   8   1   5   -0.0002680054
5   8   1   8   -0.0026404668
5   8   2   6   -0.0013042896
5   8   3   7   -0.0013042896
5   8   4   5   -0.0036513722
5   8   4   8   -0.0072662758

End IABC Block
