Begin IJ Block
1   1   -40.9003852533
1   2   0.0000610274
1   3   0.7524151558
1   6   0.0196352944
2   2   -5.8936438389
2   3   0.0002392605
2   6   -0.0119276908
3   3   -9.2998738215
3   6   -0.0437792250
4   4   -8.1773022674
4   5   0.0000000000
5   5   -8.1773022675
6   6   -7.9459891520

End IJ Block
Begin IA Block
1   1   -0.0059434615
2   1   0.1050794396
3   1   0.0421587347
4   2   0.2810104996
4   3   -0.1414167634
5   2   0.1414167634
5   3   0.2810104996
6   1   -0.3960252663

End IA Block
Begin AB Block
1   1   -1.8021077945
2   2   -1.6146233093
3   3   -1.6146233093

End AB Block
Begin IJKL Block
1   7   1   7   5.3561591439
1   7   1   8   -0.0000326181
1   7   1   9   -0.5336580443
1   7   1   12   -0.0134193135
1   7   2   7   -0.0000326181
1   7   2   8   0.0000000012
1   7   2   9   0.0000045759
1   7   2   12   -0.0000049594
1   7   3   7   -0.5336580443
1   7   3   8   0.0000045759
1   7   3   9   0.0861620811
1   7   3   12   0.0021695164
1   7   4   10   0.0361424809
1   7   5   11   0.0361424809
1   7   6   7   -0.0134193135
1   7   6   8   -0.0000049594
1   7   6   9   0.0021695164
1   7   6   12   0.0337462313
1   8   1   7   -0.0000326181
1   8   1   8   0.1610819521
1   8   1   9   0.0001211817
1   8   1   12   -0.0005224126
1   8   2   7   0.0000000012
1   8   2   8   -0.0000019972
1   8   2   9   0.0000000049
1   8   2   12   -0.0000000942
1   8   3   7   0.0000045759
1   8   3   8   0.0000020528
1   8   3   9   -0.0000011338
1   8   3   12   0.0000020277
1   8   4   10   0.0000038512
1   8   5   11   0.0000038512
1   8   6   7   -0.0000049594
1   8   6   8   -0.0013129396
1   8   6   9   -0.0000067223
1   8   6   12   0.0000090019
1   9   1   7   -0.5336580443
1   9   1   8   0.0001211817
1   9   1   9   1.2647991581
1   9   1   12   0.0181592638
1   9   2   7   0.0000045759
1   9   2   8   0.0000000049
1   9   2   9   -0.0000014991
1   9   2   12   -0.0000057391
1   9   3   7   0.0861620811
1   9   3   8   -0.0000011338
1   9   3   9   -0.0232288489
1   9   3   12   -0.0006383858
1   9   4   10   0.0374386237
1   9   5   11   0.0374386237
1   9   6   7   0.0021695164
1   9   6   8   -0.0000067223
1   9   6   9   -0.0007449184
1   9   6   12   0.0351862400
1   10   1   10   1.1684016768
1   10   2   10   -0.0000013221
1   10   3   10   -0.0145650557
1   10   3   11   0.0000000000
1   10   4   7   0.0361424809
1   10   4   8   0.0000038512
1   10   4   9   0.0374386237
1   10   4   12   0.0007203909
1   10   6   10   -0.0004946463
1   11   1   11   1.1684016768
1   11   2   11   -0.0000013221
1   11   3   10   0.0000000000
1   11   3   11   -0.0145650557
1   11   5   7   0.0361424809
1   11   5   8   0.0000038512
1   11   5   9   0.0374386237
1   11   5   12   0.0007203909
1   11   6   11   -0.0004946463
1   12   1   7   -0.0134193135
1   12   1   8   -0.0005224126
1   12   1   9   0.0181592638
1   12   1   12   1.1195817005
1   12   2   7   -0.0000049594
1   12   2   8   -0.0000000942
1   12   2   9   -0.0000057391
1   12   2   12   -0.0000012774
1   12   3   7   0.0021695164
1   12   3   8   0.0000020277
1   12   3   9   -0.0006383858
1   12   3   12   -0.0136043266
1   12   4   10   0.0007203909
1   12   5   11   0.0007203909
1   12   6   7   0.0337462313
1   12   6   8   0.0000090019
1   12   6   9   0.0351862400
1   12   6   12   0.0006806219
2   7   1   7   -0.0000326181
2   7   1   8   0.0000000012
2   7   1   9   0.0000045759
2   7   1   12   -0.0000049594
2   7   2   7   0.1610819521
2   7   2   8   -0.0000019972
2   7   2   9   0.0000020528
2   7   2   12   -0.0013129396
2   7   3   7   0.0001211817
2   7   3   8   0.0000000049
2   7   3   9   -0.0000011338
2   7   3   12   -0.0000067223
2   7   4   10   0.0000038512
2   7   5   11   0.0000038512
2   7   6   7   -0.0005224126
2   7   6   8   -0.0000000942
2   7   6   9   0.0000020277
2   7   6   12   0.0000090019
2   8   1   7   0.0000000012
2   8   1   8   -0.0000019972
2   8   1   9   0.0000000049
2   8   1   12   -0.0000000942
2   8   2   7   -0.0000019972
2   8   2   8   1.6515054629
2   8   2   9   -0.0009609810
2   8   2   12   0.0161563376
2   8   3   7   0.0000000049
2   8   3   8   -0.0009609810
2   8   3   9   0.0000008421
2   8   3   12   -0.0000148354
2   8   4   10   0.0000010807
2   8   5   11   0.0000010807
2   8   6   7   -0.0000000942
2   8   6   8   0.0161563376
2   8   6   9   -0.0000148354
2   8   6   12   0.0002759249
2   9   1   7   0.0000045759
2   9   1   8   0.0000000049
2   9   1   9   -0.0000014991
2   9   1   12   -0.0000057391
2   9   2   7   0.0000020528
2   9   2   8   -0.0009609810
2   9   2   9   0.1613481401
2   9   2   12   -0.0163942106
2   9   3   7   -0.0000011338
2   9   3   8   0.0000008421
2   9   3   9   0.0000931309
2   9   3   12   -0.0000327911
2   9   4   10   0.0000244308
2   9   5   11   0.0000244308
2   9   6   7   0.0000020277
2   9   6   8   -0.0000148354
2   9   6   9   -0.0004717433
2   9   6   12   0.0000864062
2   10   1   10   -0.0000013221
2   10   2   10   0.1601416094
2   10   3   10   0.0000872086
2   10   4   7   0.0000038512
2   10   4   8   0.0000010807
2   10   4   9   0.0000244308
2   10   4   12   -0.0000118632
2   10   6   10   -0.0004491376
2   11   1   11   -0.0000013221
2   11   2   11   0.1601416094
2   11   3   11   0.0000872086
2   11   5   7   0.0000038512
2   11   5   8   0.0000010807
2   11   5   9   0.0000244308
2   11   5   12   -0.0000118632
2   11   6   11   -0.0004491376
2   12   1   7   -0.0000049594
2   12   1   8   -0.0000000942
2   12   1   9   -0.0000057391
2   12   1   12   -0.0000012774
2   12   2   7   -0.0013129396
2   12   2   8   0.0161563376
2   12   2   9   -0.0163942106
2   12   2   12   0.1711325962
2   12   3   7   -0.0000067223
2   12   3   8   -0.0000148354
2   12   3   9   -0.0000327911
2   12   3   12   0.0000886179
2   12   4   10   -0.0000118632
2   12   5   11   -0.0000118632
2   12   6   7   0.0000090019
2   12   6   8   0.0002759249
2   12   6   9   0.0000864062
2   12   6   12   -0.0005052616
3   7   1   7   -0.5336580443
3   7   1   8   0.0000045759
3   7   1   9   0.0861620811
3   7   1   12   0.0021695164
3   7   2   7   0.0001211817
3   7   2   8   0.0000000049
3   7   2   9   -0.0000011338
3   7   2   12   -0.0000067223
3   7   3   7   1.2647991581
3   7   3   8   -0.0000014991
3   7   3   9   -0.0232288489
3   7   3   12   -0.0007449184
3   7   4   10   0.0374386237
3   7   5   11   0.0374386237
3   7   6   7   0.0181592638
3   7   6   8   -0.0000057391
3   7   6   9   -0.0006383858
3   7   6   12   0.0351862400
3   8   1   7   0.0000045759
3   8   1   8   0.0000020528
3   8   1   9   -0.0000011338
3   8   1   12   0.0000020277
3   8   2   7   0.0000000049
3   8   2   8   -0.0009609810
3   8   2   9   0.0000008421
3   8   2   12   -0.0000148354
3   8   3   7   -0.0000014991
3   8   3   8   0.1613481401
3   8   3   9   0.0000931309
3   8   3   12   -0.0004717433
3   8   4   10   0.0000244308
3   8   5   11   0.0000244308
3   8   6   7   -0.0000057391
3   8   6   8   -0.0163942106
3   8   6   9   -0.0000327911
3   8   6   12   0.0000864062
3   9   1   7   0.0861620811
3   9   1   8   -0.0000011338
3   9   1   9   -0.0232288489
3   9   1   12   -0.0006383858
3   9   2   7   -0.0000011338
3   9   2   8   0.0000008421
3   9   2   9   0.0000931309
3   9   2   12   -0.0000327911
3   9   3   7   -0.0232288489
3   9   3   8   0.0000931309
3   9   3   9   0.8836591421
3   9   3   12   0.0080539448
3   9   4   10   0.1654702605
3   9   5   11   0.1654702605
3   9   6   7   -0.0006383858
3   9   6   8   -0.0000327911
3   9   6   9   0.0080539448
3   9   6   12   0.1583068387
3   10   1   10   -0.0145650557
3   10   1   11   0.0000000000
3   10   2   10   0.0000872086
3   10   3   10   0.8285423287
3   10   4   7   0.0374386237
3   10   4   8   0.0000244308
3   10   4   9   0.1654702605
3   10   4   12   0.0017310032
3   10   6   10   0.0074027815
3   11   1   10   0.0000000000
3   11   1   11   -0.0145650557
3   11   2   11   0.0000872086
3   11   3   11   0.8285423287
3   11   5   7   0.0374386237
3   11   5   8   0.0000244308
3   11   5   9   0.1654702605
3   11   5   12   0.0017310032
3   11   6   11   0.0074027815
3   12   1   7   0.0021695164
3   12   1   8   0.0000020277
3   12   1   9   -0.0006383858
3   12   1   12   -0.0136043266
3   12   2   7   -0.0000067223
3   12   2   8   -0.0000148354
3   12   2   9   -0.0000327911
3   12   2   12   0.0000886179
3   12   3   7   -0.0007449184
3   12   3   8   -0.0004717433
3   12   3   9   0.0080539448
3   12   3   12   0.8010803617
3   12   4   10   0.0017310032
3   12   5   11   0.0017310032
3   12   6   7   0.0351862400
3   12   6   8   0.0000864062
3   12   6   9   0.1583068387
3   12   6   12   0.0082007351
4   7   1   10   0.0361424809
4   7   2   10   0.0000038512
4   7   3   10   0.0374386237
4   7   4   7   1.1684016768
4   7   4   8   -0.0000013221
4   7   4   9   -0.0145650557
4   7   4   12   -0.0004946463
4   7   5   9   0.0000000000
4   7   6   10   0.0007203909
4   8   1   10   0.0000038512
4   8   2   10   0.0000010807
4   8   3   10   0.0000244308
4   8   4   7   -0.0000013221
4   8   4   8   0.1601416094
4   8   4   9   0.0000872086
4   8   4   12   -0.0004491376
4   8   6   10   -0.0000118632
4   9   1   10   0.0374386237
4   9   2   10   0.0000244308
4   9   3   10   0.1654702605
4   9   4   7   -0.0145650557
4   9   4   8   0.0000872086
4   9   4   9   0.8285423287
4   9   4   12   0.0074027815
4   9   5   7   0.0000000000
4   9   6   10   0.0017310032
4   10   1   7   0.0361424809
4   10   1   8   0.0000038512
4   10   1   9   0.0374386237
4   10   1   12   0.0007203909
4   10   2   7   0.0000038512
4   10   2   8   0.0000010807
4   10   2   9   0.0000244308
4   10   2   12   -0.0000118632
4   10   3   7   0.0374386237
4   10   3   8   0.0000244308
4   10   3   9   0.1654702605
4   10   3   12   0.0017310032
4   10   4   10   0.8369384994
4   10   4   11   -0.0000000000
4   10   5   10   -0.0000000000
4   10   5   11   0.0406147555
4   10   6   7   0.0007203909
4   10   6   8   -0.0000118632
4   10   6   9   0.0017310032
4   10   6   12   0.0389822919
4   11   4   10   -0.0000000000
4   11   4   11   0.7557089884
4   11   5   10   0.0406147555
4   11   5   11   -0.0000000000
4   12   1   10   0.0007203909
4   12   2   10   -0.0000118632
4   12   3   10   0.0017310032
4   12   4   7   -0.0004946463
4   12   4   8   -0.0004491376
4   12   4   9   0.0074027815
4   12   4   12   0.7316820390
4   12   5   12   -0.0000000000
4   12   6   10   0.0389822919
5   7   1   11   0.0361424809
5   7   2   11   0.0000038512
5   7   3   11   0.0374386237
5   7   4   9   0.0000000000
5   7   5   7   1.1684016768
5   7   5   8   -0.0000013221
5   7   5   9   -0.0145650557
5   7   5   12   -0.0004946463
5   7   6   11   0.0007203909
5   8   1   11   0.0000038512
5   8   2   11   0.0000010807
5   8   3   11   0.0000244308
5   8   5   7   -0.0000013221
5   8   5   8   0.1601416094
5   8   5   9   0.0000872086
5   8   5   12   -0.0004491376
5   8   6   11   -0.0000118632
5   9   1   11   0.0374386237
5   9   2   11   0.0000244308
5   9   3   11   0.1654702605
5   9   4   7   0.0000000000
5   9   5   7   -0.0145650557
5   9   5   8   0.0000872086
5   9   5   9   0.8285423287
5   9   5   12   0.0074027815
5   9   6   11   0.0017310032
5   10   4   10   -0.0000000000
5   10   4   11   0.0406147555
5   10   5   10   0.7557089884
5   10   5   11   -0.0000000000
5   11   1   7   0.0361424809
5   11   1   8   0.0000038512
5   11   1   9   0.0374386237
5   11   1   12   0.0007203909
5   11   2   7   0.0000038512
5   11   2   8   0.0000010807
5   11   2   9   0.0000244308
5   11   2   12   -0.0000118632
5   11   3   7   0.0374386237
5   11   3   8   0.0000244308
5   11   3   9   0.1654702605
5   11   3   12   0.0017310032
5   11   4   10   0.0406147555
5   11   4   11   -0.0000000000
5   11   5   10   -0.0000000000
5   11   5   11   0.8369384995
5   11   6   7   0.0007203909
5   11   6   8   -0.0000118632
5   11   6   9   0.0017310032
5   11   6   12   0.0389822919
5   12   1   11   0.0007203909
5   12   2   11   -0.0000118632
5   12   3   11   0.0017310032
5   12   4   12   -0.0000000000
5   12   5   7   -0.0004946463
5   12   5   8   -0.0004491376
5   12   5   9   0.0074027815
5   12   5   12   0.7316820390
5   12   6   11   0.0389822919
6   7   1   7   -0.0134193135
6   7   1   8   -0.0000049594
6   7   1   9   0.0021695164
6   7   1   12   0.0337462313
6   7   2   7   -0.0005224126
6   7   2   8   -0.0000000942
6   7   2   9   0.0000020277
6   7   2   12   0.0000090019
6   7   3   7   0.0181592638
6   7   3   8   -0.0000057391
6   7   3   9   -0.0006383858
6   7   3   12   0.0351862400
6   7   4   10   0.0007203909
6   7   5   11   0.0007203909
6   7   6   7   1.1195817005
6   7   6   8   -0.0000012774
6   7   6   9   -0.0136043266
6   7   6   12   0.0006806219
6   8   1   7   -0.0000049594
6   8   1   8   -0.0013129396
6   8   1   9   -0.0000067223
6   8   1   12   0.0000090019
6   8   2   7   -0.0000000942
6   8   2   8   0.0161563376
6   8   2   9   -0.0000148354
6   8   2   12   0.0002759249
6   8   3   7   -0.0000057391
6   8   3   8   -0.0163942106
6   8   3   9   -0.0000327911
6   8   3   12   0.0000864062
6   8   4   10   -0.0000118632
6   8   5   11   -0.0000118632
6   8   6   7   -0.0000012774
6   8   6   8   0.1711325962
6   8   6   9   0.0000886179
6   8   6   12   -0.0005052616
6   9   1   7   0.0021695164
6   9   1   8   -0.0000067223
6   9   1   9   -0.0007449184
6   9   1   12   0.0351862400
6   9   2   7   0.0000020277
6   9   2   8   -0.0000148354
6   9   2   9   -0.0004717433
6   9   2   12   0.0000864062
6   9   3   7   -0.0006383858
6   9   3   8   -0.0000327911
6   9   3   9   0.0080539448
6   9   3   12   0.1583068387
6   9   4   10   0.0017310032
6   9   5   11   0.0017310032
6   9   6   7   -0.0136043266
6   9   6   8   0.0000886179
6   9   6   9   0.8010803617
6   9   6   12   0.0082007351
6   10   1   10   -0.0004946463
6   10   2   10   -0.0004491376
6   10   3   10   0.0074027815
6   10   4   7   0.0007203909
6   10   4   8   -0.0000118632
6   10   4   9   0.0017310032
6   10   4   12   0.0389822919
6   10   6   10   0.7316820390
6   10   6   11   -0.0000000000
6   11   1   11   -0.0004946463
6   11   2   11   -0.0004491376
6   11   3   11   0.0074027815
6   11   5   7   0.0007203909
6   11   5   8   -0.0000118632
6   11   5   9   0.0017310032
6   11   5   12   0.0389822919
6   11   6   10   -0.0000000000
6   11   6   11   0.7316820390
6   12   1   7   0.0337462313
6   12   1   8   0.0000090019
6   12   1   9   0.0351862400
6   12   1   12   0.0006806219
6   12   2   7   0.0000090019
6   12   2   8   0.0002759249
6   12   2   9   0.0000864062
6   12   2   12   -0.0005052616
6   12   3   7   0.0351862400
6   12   3   8   0.0000864062
6   12   3   9   0.1583068387
6   12   3   12   0.0082007351
6   12   4   10   0.0389822919
6   12   5   11   0.0389822919
6   12   6   7   0.0006806219
6   12   6   8   -0.0005052616
6   12   6   9   0.0082007351
6   12   6   12   0.7842936783

End IJKL Block
Begin IJAB Block
1   7   1   4   0.0002083560
1   7   2   5   0.0001267733
1   7   3   6   0.0001267733
1   8   1   4   0.0000014060
1   8   2   5   -0.0000008879
1   8   3   6   -0.0000008879
1   9   1   4   0.0002023138
1   9   2   5   0.0001220917
1   9   3   6   0.0001220917
1   10   1   5   -0.0000101953
1   10   1   6   0.0000051307
1   10   2   4   0.0000137914
1   10   3   4   -0.0000069404
1   11   1   5   -0.0000051307
1   11   1   6   -0.0000101953
1   11   2   4   0.0000069404
1   11   3   4   0.0000137914
1   12   1   4   0.0000014091
1   12   2   5   0.0000074922
1   12   3   6   0.0000074922
2   7   1   4   0.0000014060
2   7   2   5   -0.0000008879
2   7   3   6   -0.0000008879
2   8   1   4   0.0087159010
2   8   2   5   0.0014298106
2   8   3   6   0.0014298106
2   9   1   4   -0.0000002376
2   9   2   5   0.0000068369
2   9   3   6   0.0000068369
2   10   1   5   0.0000051731
2   10   1   6   -0.0000026033
2   10   2   4   0.0000656369
2   10   3   4   -0.0000330314
2   11   1   5   0.0000026033
2   11   1   6   0.0000051731
2   11   2   4   0.0000330314
2   11   3   4   0.0000656369
2   12   1   4   0.0001730801
2   12   2   5   -0.0002543920
2   12   3   6   -0.0002543920
3   7   1   4   0.0002023138
3   7   2   5   0.0001220917
3   7   3   6   0.0001220917
3   8   1   4   -0.0000002376
3   8   2   5   0.0000068369
3   8   3   6   0.0000068369
3   9   1   4   0.0008803164
3   9   2   5   0.0004753241
3   9   3   6   0.0004753241
3   10   1   5   0.0001578721
3   10   1   6   -0.0000794481
3   10   2   4   0.0000455482
3   10   3   4   -0.0000229218
3   11   1   5   0.0000794481
3   11   1   6   0.0001578721
3   11   2   4   0.0000229218
3   11   3   4   0.0000455482
3   12   1   4   -0.0002608245
3   12   2   5   0.0000232621
3   12   3   6   0.0000232621
4   7   1   5   0.0000137914
4   7   1   6   -0.0000069404
4   7   2   4   -0.0000101953
4   7   3   4   0.0000051307
4   8   1   5   0.0000656369
4   8   1   6   -0.0000330314
4   8   2   4   0.0000051731
4   8   3   4   -0.0000026033
4   9   1   5   0.0000455482
4   9   1   6   -0.0000229218
4   9   2   4   0.0001578721
4   9   3   4   -0.0000794481
4   10   1   4   0.0002513936
4   10   2   5   0.0015224646
4   10   2   6   -0.0006976587
4   10   3   5   -0.0006976587
4   10   3   6   0.0004872331
4   11   2   5   0.0006976587
4   11   2   6   0.0012501831
4   11   3   5   -0.0002149516
4   11   3   6   -0.0006976587
4   12   1   5   -0.0002144094
4   12   1   6   0.0001079002
4   12   2   4   -0.0019469973
4   12   3   4   0.0009798141
5   7   1   5   0.0000069404
5   7   1   6   0.0000137914
5   7   2   4   -0.0000051307
5   7   3   4   -0.0000101953
5   8   1   5   0.0000330314
5   8   1   6   0.0000656369
5   8   2   4   0.0000026033
5   8   3   4   0.0000051731
5   9   1   5   0.0000229218
5   9   1   6   0.0000455482
5   9   2   4   0.0000794481
5   9   3   4   0.0001578721
5   10   2   5   0.0006976587
5   10   2   6   -0.0002149516
5   10   3   5   0.0012501831
5   10   3   6   -0.0006976587
5   11   1   4   0.0002513936
5   11   2   5   0.0004872331
5   11   2   6   0.0006976587
5   11   3   5   0.0006976587
5   11   3   6   0.0015224646
5   12   1   5   -0.0001079002
5   12   1   6   -0.0002144094
5   12   2   4   -0.0009798141
5   12   3   4   -0.0019469973
6   7   1   4   0.0000014091
6   7   2   5   0.0000074922
6   7   3   6   0.0000074922
6   8   1   4   0.0001730801
6   8   2   5   -0.0002543920
6   8   3   6   -0.0002543920
6   9   1   4   -0.0002608245
6   9   2   5   0.0000232621
6   9   3   6   0.0000232621
6   10   1   5   -0.0019469973
6   10   1   6   0.0009798141
6   10   2   4   -0.0002144094
6   10   3   4   0.0001079002
6   11   1   5   -0.0009798141
6   11   1   6   -0.0019469973
6   11   2   4   -0.0001079002
6   11   3   4   -0.0002144094
6   12   1   4   0.0035139569
6   12   2   5   0.0003862917
6   12   3   6   0.0003862917

End IJAB Block
Begin ABCD Block
1   4   1   4   0.2320286800
1   4   2   5   0.0330830787
1   4   3   6   0.0330830787
1   5   1   5   0.1759164921
1   5   2   4   0.0330830787
1   6   1   6   0.1759164921
1   6   3   4   0.0330830787
2   4   1   5   0.0330830787
2   4   2   4   0.1759164921
2   5   1   4   0.0330830787
2   5   2   5   0.1628246251
2   5   3   6   0.0088024676
2   6   2   6   0.1452196899
2   6   3   5   0.0088024676
3   4   1   6   0.0330830787
3   4   3   4   0.1759164921
3   5   2   6   0.0088024676
3   5   3   5   0.1452196899
3   6   1   4   0.0330830787
3   6   2   5   0.0088024676
3   6   3   6   0.1628246251

End ABCD Block
Begin AIJB Block
1   7   1   4   0.0002083560
1   7   2   4   0.0000014060
1   7   3   4   0.0002023138
1   7   4   5   0.0000137914
1   7   4   6   -0.0000069404
1   7   5   5   0.0000069404
1   7   5   6   0.0000137914
1   7   6   4   0.0000014091
1   8   1   4   0.0000014060
1   8   2   4   0.0087159010
1   8   3   4   -0.0000002376
1   8   4   5   0.0000656369
1   8   4   6   -0.0000330314
1   8   5   5   0.0000330314
1   8   5   6   0.0000656369
1   8   6   4   0.0001730801
1   9   1   4   0.0002023138
1   9   2   4   -0.0000002376
1   9   3   4   0.0008803164
1   9   4   5   0.0000455482
1   9   4   6   -0.0000229218
1   9   5   5   0.0000229218
1   9   5   6   0.0000455482
1   9   6   4   -0.0002608245
1   10   1   5   -0.0000101953
1   10   1   6   0.0000051307
1   10   2   5   0.0000051731
1   10   2   6   -0.0000026033
1   10   3   5   0.0001578721
1   10   3   6   -0.0000794481
1   10   4   4   0.0002513936
1   10   6   5   -0.0019469973
1   10   6   6   0.0009798141
1   11   1   5   -0.0000051307
1   11   1   6   -0.0000101953
1   11   2   5   0.0000026033
1   11   2   6   0.0000051731
1   11   3   5   0.0000794481
1   11   3   6   0.0001578721
1   11   5   4   0.0002513936
1   11   6   5   -0.0009798141
1   11   6   6   -0.0019469973
1   12   1   4   0.0000014091
1   12   2   4   0.0001730801
1   12   3   4   -0.0002608245
1   12   4   5   -0.0002144094
1   12   4   6   0.0001079002
1   12   5   5   -0.0001079002
1   12   5   6   -0.0002144094
1   12   6   4   0.0035139569
2   7   1   5   0.0001267733
2   7   2   5   -0.0000008879
2   7   3   5   0.0001220917
2   7   4   4   -0.0000101953
2   7   5   4   -0.0000051307
2   7   6   5   0.0000074922
2   8   1   5   -0.0000008879
2   8   2   5   0.0014298106
2   8   3   5   0.0000068369
2   8   4   4   0.0000051731
2   8   5   4   0.0000026033
2   8   6   5   -0.0002543920
2   9   1   5   0.0001220917
2   9   2   5   0.0000068369
2   9   3   5   0.0004753241
2   9   4   4   0.0001578721
2   9   5   4   0.0000794481
2   9   6   5   0.0000232621
2   10   1   4   0.0000137914
2   10   2   4   0.0000656369
2   10   3   4   0.0000455482
2   10   4   5   0.0015224646
2   10   4   6   -0.0006976587
2   10   5   5   0.0006976587
2   10   5   6   -0.0002149516
2   10   6   4   -0.0002144094
2   11   1   4   0.0000069404
2   11   2   4   0.0000330314
2   11   3   4   0.0000229218
2   11   4   5   0.0006976587
2   11   4   6   0.0012501831
2   11   5   5   0.0004872331
2   11   5   6   0.0006976587
2   11   6   4   -0.0001079002
2   12   1   5   0.0000074922
2   12   2   5   -0.0002543920
2   12   3   5   0.0000232621
2   12   4   4   -0.0019469973
2   12   5   4   -0.0009798141
2   12   6   5   0.0003862917
3   7   1   6   0.0001267733
3   7   2   6   -0.0000008879
3   7   3   6   0.0001220917
3   7   4   4   0.0000051307
3   7   5   4   -0.0000101953
3   7   6   6   0.0000074922
3   8   1   6   -0.0000008879
3   8   2   6   0.0014298106
3   8   3   6   0.0000068369
3   8   4   4   -0.0000026033
3   8   5   4   0.0000051731
3   8   6   6   -0.0002543920
3   9   1   6   0.0001220917
3   9   2   6   0.0000068369
3   9   3   6   0.0004753241
3   9   4   4   -0.0000794481
3   9   5   4   0.0001578721
3   9   6   6   0.0000232621
3   10   1   4   -0.0000069404
3   10   2   4   -0.0000330314
3   10   3   4   -0.0000229218
3   10   4   5   -0.0006976587
3   10   4   6   0.0004872331
3   10   5   5   0.0012501831
3   10   5   6   -0.0006976587
3   10   6   4   0.0001079002
3   11   1   4   0.0000137914
3   11   2   4   0.0000656369
3   11   3   4   0.0000455482
3   11   4   5   -0.0002149516
3   11   4   6   -0.0006976587
3   11   5   5   0.0006976587
3   11   5   6   0.0015224646
3   11   6   4   -0.0002144094
3   12   1   6   0.0000074922
3   12   2   6   -0.0002543920
3   12   3   6   0.0000232621
3   12   4   4   0.0009798141
3   12   5   4   -0.0019469973
3   12   6   6   0.0003862917

1   7   7   1   -0.1206920010
1   7   8   1   0.0000002157
1   7   9   1   0.0000820476
1   7   10   2   -0.0002067626
1   7   10   3   0.0001040520
1   7   11   2   -0.0001040520
1   7   11   3   -0.0002067626
1   7   12   1   0.0006732527
1   8   7   1   0.0000002157
1   8   8   1   -0.2809213115
1   8   9   1   0.0000549099
1   8   10   2   -0.0000668103
1   8   10   3   0.0000336218
1   8   11   2   -0.0000336218
1   8   11   3   -0.0000668103
1   8   12   1   -0.0006868740
1   9   7   1   0.0000820476
1   9   8   1   0.0000549099
1   9   9   1   -0.1189104860
1   9   10   2   -0.0023438302
1   9   10   3   0.0011795178
1   9   11   2   -0.0011795178
1   9   11   3   -0.0023438302
1   9   12   1   0.0079395392
1   10   7   2   -0.0002067626
1   10   7   3   0.0001040520
1   10   8   2   -0.0000668103
1   10   8   3   0.0000336218
1   10   9   2   -0.0023438302
1   10   9   3   0.0011795178
1   10   10   1   -0.1182705273
1   10   12   2   0.0008416864
1   10   12   3   -0.0004235734
1   11   7   2   -0.0001040520
1   11   7   3   -0.0002067626
1   11   8   2   -0.0000336218
1   11   8   3   -0.0000668103
1   11   9   2   -0.0011795178
1   11   9   3   -0.0023438302
1   11   11   1   -0.1182705273
1   11   12   2   0.0004235734
1   11   12   3   0.0008416864
1   12   7   1   0.0006732527
1   12   8   1   -0.0006868740
1   12   9   1   0.0079395392
1   12   10   2   0.0008416864
1   12   10   3   -0.0004235734
1   12   11   2   0.0004235734
1   12   11   3   0.0008416864
1   12   12   1   -0.1223710463
2   7   7   2   -0.1213016688
2   7   8   2   -0.0000000284
2   7   9   2   0.0000500520
2   7   10   1   -0.0002067626
2   7   11   1   -0.0001040520
2   7   12   2   0.0005434171
2   8   7   2   -0.0000000284
2   8   8   2   -0.2084595106
2   8   9   2   0.0000196170
2   8   10   1   -0.0000668103
2   8   11   1   -0.0000336218
2   8   12   2   -0.0001819538
2   9   7   2   0.0000500520
2   9   8   2   0.0000196170
2   9   9   2   -0.1202562174
2   9   10   1   -0.0023438302
2   9   11   1   -0.0011795178
2   9   12   2   0.0066827950
2   10   7   1   -0.0002067626
2   10   8   1   -0.0000668103
2   10   9   1   -0.0023438302
2   10   10   2   -0.1203032968
2   10   10   3   0.0003225131
2   10   11   2   -0.0003225131
2   10   11   3   -0.0002392829
2   10   12   1   0.0008416864
2   11   7   1   -0.0001040520
2   11   8   1   -0.0000336218
2   11   9   1   -0.0011795178
2   11   10   2   -0.0003225131
2   11   10   3   -0.0002392829
2   11   11   2   -0.1198247310
2   11   11   3   -0.0003225131
2   11   12   1   0.0004235734
2   12   7   2   0.0005434171
2   12   8   2   -0.0001819538
2   12   9   2   0.0066827950
2   12   10   1   0.0008416864
2   12   11   1   0.0004235734
2   12   12   2   -0.1225180859
3   7   7   3   -0.1213016688
3   7   8   3   -0.0000000284
3   7   9   3   0.0000500520
3   7   10   1   0.0001040520
3   7   11   1   -0.0002067626
3   7   12   3   0.0005434171
3   8   7   3   -0.0000000284
3   8   8   3   -0.2084595106
3   8   9   3   0.0000196170
3   8   10   1   0.0000336218
3   8   11   1   -0.0000668103
3   8   12   3   -0.0001819538
3   9   7   3   0.0000500520
3   9   8   3   0.0000196170
3   9   9   3   -0.1202562174
3   9   10   1   0.0011795178
3   9   11   1   -0.0023438302
3   9   12   3   0.0066827950
3   10   7   1   0.0001040520
3   10   8   1   0.0000336218
3   10   9   1   0.0011795178
3   10   10   2   0.0003225131
3   10   10   3   -0.1198247310
3   10   11   2   -0.0002392829
3   10   11   3   0.0003225131
3   10   12   1   -0.0004235734
3   11   7   1   -0.0002067626
3   11   8   1   -0.0000668103
3   11   9   1   -0.0023438302
3   11   10   2   -0.0002392829
3   11   10   3   0.0003225131
3   11   11   2   -0.0003225131
3   11   11   3   -0.1203032968
3   11   12   1   0.0008416864
3   12   7   3   0.0005434171
3   12   8   3   -0.0001819538
3   12   9   3   0.0066827950
3   12   10   1   -0.0004235734
3   12   11   1   0.0008416864
3   12   12   3   -0.1225180859

End AIJB Block
Begin IJKA Block
1   7   1   4   0.0045709787
1   7   2   4   -0.0000004322
1   7   3   4   -0.0007444093
1   7   4   5   -0.0019120124
1   7   4   6   0.0009622082
1   7   5   5   -0.0009622082
1   7   5   6   -0.0019120124
1   7   6   4   0.0025895229
1   8   1   4   -0.0011139504
1   8   2   4   0.0000000845
1   8   3   4   0.0000001405
1   8   4   5   0.0000135771
1   8   4   6   -0.0000068326
1   8   5   5   0.0000068326
1   8   5   6   0.0000135771
1   8   6   4   0.0000182990
1   9   1   4   -0.0075367030
1   9   2   4   -0.0000004113
1   9   3   4   0.0001980664
1   9   4   5   -0.0018603740
1   9   4   6   0.0009362215
1   9   5   5   -0.0009362215
1   9   5   6   -0.0018603740
1   9   6   4   0.0026495417
1   10   1   5   -0.0485957342
1   10   1   6   0.0244554971
1   10   2   5   0.0000000883
1   10   2   6   -0.0000000444
1   10   3   5   0.0007692066
1   10   3   6   -0.0003870984
1   10   4   4   -0.0002663882
1   10   6   5   -0.0000369528
1   10   6   6   0.0000185963
1   11   1   5   -0.0244554971
1   11   1   6   -0.0485957342
1   11   2   5   0.0000000444
1   11   2   6   0.0000000883
1   11   3   5   0.0003870984
1   11   3   6   0.0007692066
1   11   5   4   -0.0002663882
1   11   6   5   -0.0000185963
1   11   6   6   -0.0000369528
1   12   1   4   0.0699056120
1   12   2   4   -0.0000000904
1   12   3   4   -0.0010459722
1   12   4   5   -0.0001123164
1   12   4   6   0.0000565225
1   12   5   5   -0.0000565225
1   12   5   6   -0.0001123164
1   12   6   4   -0.0001151273
2   7   1   4   -0.0000004322
2   7   2   4   -0.0001011343
2   7   3   4   -0.0000005075
2   7   4   5   -0.0000002007
2   7   4   6   0.0000001010
2   7   5   5   -0.0000001010
2   7   5   6   -0.0000002007
2   7   6   4   0.0000006743
2   8   1   4   0.0000000845
2   8   2   4   -0.0937238318
2   8   3   4   0.0000725847
2   8   4   5   0.0000339719
2   8   4   6   -0.0000170961
2   8   5   5   0.0000170961
2   8   5   6   0.0000339719
2   8   6   4   -0.0012802732
2   9   1   4   -0.0000004113
2   9   2   4   -0.0004022803
2   9   3   4   -0.0000028464
2   9   4   5   -0.0000004565
2   9   4   6   0.0000002297
2   9   5   5   -0.0000002297
2   9   5   6   -0.0000004565
2   9   6   4   0.0000065339
2   10   1   5   0.0000000883
2   10   1   6   -0.0000000444
2   10   2   5   0.0016291760
2   10   2   6   -0.0008198725
2   10   3   5   -0.0000035112
2   10   3   6   0.0000017670
2   10   4   4   0.0000020534
2   10   6   5   0.0000125747
2   10   6   6   -0.0000063281
2   11   1   5   0.0000000444
2   11   1   6   0.0000000883
2   11   2   5   0.0008198725
2   11   2   6   0.0016291760
2   11   3   5   -0.0000017670
2   11   3   6   -0.0000035112
2   11   5   4   0.0000020534
2   11   6   5   0.0000063281
2   11   6   6   0.0000125747
2   12   1   4   -0.0000000904
2   12   2   4   -0.0110015012
2   12   3   4   0.0000075653
2   12   4   5   -0.0000079930
2   12   4   6   0.0000040224
2   12   5   5   -0.0000040224
2   12   5   6   -0.0000079930
2   12   6   4   -0.0000440407
3   7   1   4   -0.0007444093
3   7   2   4   -0.0000005075
3   7   3   4   0.0001746247
3   7   4   5   -0.0019601612
3   7   4   6   0.0009864388
3   7   5   5   -0.0009864388
3   7   5   6   -0.0019601612
3   7   6   4   0.0027195058
3   8   1   4   0.0000001405
3   8   2   4   0.0000725847
3   8   3   4   -0.0011135526
3   8   4   5   0.0001634527
3   8   4   6   -0.0000822565
3   8   5   5   0.0000822565
3   8   5   6   0.0001634527
3   8   6   4   0.0002290626
3   9   1   4   0.0001980664
3   9   2   4   -0.0000028464
3   9   3   4   -0.0043714276
3   9   4   5   -0.0078290495
3   9   4   6   0.0039399198
3   9   5   5   -0.0039399198
3   9   5   6   -0.0078290495
3   9   6   4   0.0114855245
3   10   1   5   0.0007692066
3   10   1   6   -0.0003870984
3   10   2   5   -0.0000035112
3   10   2   6   0.0000017670
3   10   3   5   -0.0309416708
3   10   3   6   0.0155712009
3   10   4   4   -0.0008000941
3   10   6   5   -0.0010156859
3   10   6   6   0.0005111375
3   11   1   5   0.0003870984
3   11   1   6   0.0007692066
3   11   2   5   -0.0000017670
3   11   2   6   -0.0000035112
3   11   3   5   -0.0155712009
3   11   3   6   -0.0309416708
3   11   5   4   -0.0008000941
3   11   6   5   -0.0005111375
3   11   6   6   -0.0010156859
3   12   1   4   -0.0010459722
3   12   2   4   0.0000075653
3   12   3   4   0.0455187833
3   12   4   5   -0.0008764091
3   12   4   6   0.0004410473
3   12   5   5   -0.0004410473
3   12   5   6   -0.0008764091
3   12   6   4   0.0011842587
4   7   1   5   -0.0019120124
4   7   1   6   0.0009622082
4   7   2   5   -0.0000002007
4   7   2   6   0.0000001010
4   7   3   5   -0.0019601612
4   7   3   6   0.0009864388
4   7   4   4   0.0001005581
4   7   6   5   -0.0000401220
4   7   6   6   0.0000201911
4   8   1   5   0.0000135771
4   8   1   6   -0.0000068326
4   8   2   5   0.0000339719
4   8   2   6   -0.0000170961
4   8   3   5   0.0001634527
4   8   3   6   -0.0000822565
4   8   4   4   -0.0010823372
4   8   6   5   -0.0000737046
4   8   6   6   0.0000370914
4   9   1   5   -0.0018603740
4   9   1   6   0.0009362215
4   9   2   5   -0.0000004565
4   9   2   6   0.0000002297
4   9   3   5   -0.0078290495
4   9   3   6   0.0039399198
4   9   4   4   -0.0040052783
4   9   6   5   -0.0002045490
4   9   6   6   0.0001029380
4   10   1   4   -0.0002663882
4   10   2   4   0.0000020534
4   10   3   4   -0.0008000941
4   10   4   5   -0.0311833538
4   10   4   6   0.0156928263
4   10   5   5   -0.0009373506
4   10   5   6   -0.0018626176
4   10   6   4   0.0027433108
4   11   4   5   -0.0138181252
4   11   4   6   -0.0274581187
4   11   5   5   -0.0018626176
4   11   5   6   0.0009373506
4   12   1   5   -0.0001123164
4   12   1   6   0.0000565225
4   12   2   5   -0.0000079930
4   12   2   6   0.0000040224
4   12   3   5   -0.0008764091
4   12   3   6   0.0004410473
4   12   4   4   0.0404703127
4   12   6   5   -0.0016213474
4   12   6   6   0.0008159329
5   7   1   5   -0.0009622082
5   7   1   6   -0.0019120124
5   7   2   5   -0.0000001010
5   7   2   6   -0.0000002007
5   7   3   5   -0.0009864388
5   7   3   6   -0.0019601612
5   7   5   4   0.0001005581
5   7   6   5   -0.0000201911
5   7   6   6   -0.0000401220
5   8   1   5   0.0000068326
5   8   1   6   0.0000135771
5   8   2   5   0.0000170961
5   8   2   6   0.0000339719
5   8   3   5   0.0000822565
5   8   3   6   0.0001634527
5   8   5   4   -0.0010823372
5   8   6   5   -0.0000370914
5   8   6   6   -0.0000737046
5   9   1   5   -0.0009362215
5   9   1   6   -0.0018603740
5   9   2   5   -0.0000002297
5   9   2   6   -0.0000004565
5   9   3   5   -0.0039399198
5   9   3   6   -0.0078290495
5   9   5   4   -0.0040052783
5   9   6   5   -0.0001029380
5   9   6   6   -0.0002045490
5   10   4   5   -0.0009373506
5   10   4   6   -0.0018626176
5   10   5   5   -0.0274581187
5   10   5   6   0.0138181252
5   11   1   4   -0.0002663882
5   11   2   4   0.0000020534
5   11   3   4   -0.0008000941
5   11   4   5   -0.0018626176
5   11   4   6   0.0009373506
5   11   5   5   -0.0156928263
5   11   5   6   -0.0311833538
5   11   6   4   0.0027433108
5   12   1   5   -0.0000565225
5   12   1   6   -0.0001123164
5   12   2   5   -0.0000040224
5   12   2   6   -0.0000079930
5   12   3   5   -0.0004410473
5   12   3   6   -0.0008764091
5   12   5   4   0.0404703127
5   12   6   5   -0.0008159329
5   12   6   6   -0.0016213474
6   7   1   4   0.0025895229
6   7   2   4   0.0000006743
6   7   3   4   0.0027195058
6   7   4   5   -0.0000401220
6   7   4   6   0.0000201911
6   7   5   5   -0.0000201911
6   7   5   6   -0.0000401220
6   7   6   4   0.0001867584
6   8   1   4   0.0000182990
6   8   2   4   -0.0012802732
6   8   3   4   0.0002290626
6   8   4   5   -0.0000737046
6   8   4   6   0.0000370914
6   8   5   5   -0.0000370914
6   8   5   6   -0.0000737046
6   8   6   4   -0.0013072327
6   9   1   4   0.0026495417
6   9   2   4   0.0000065339
6   9   3   4   0.0114855245
6   9   4   5   -0.0002045490
6   9   4   6   0.0001029380
6   9   5   5   -0.0001029380
6   9   5   6   -0.0002045490
6   9   6   4   -0.0034879908
6   10   1   5   -0.0000369528
6   10   1   6   0.0000185963
6   10   2   5   0.0000125747
6   10   2   6   -0.0000063281
6   10   3   5   -0.0010156859
6   10   3   6   0.0005111375
6   10   4   4   0.0027433108
6   10   6   5   -0.0261427527
6   10   6   6   0.0131561756
6   11   1   5   -0.0000185963
6   11   1   6   -0.0000369528
6   11   2   5   0.0000063281
6   11   2   6   0.0000125747
6   11   3   5   -0.0005111375
6   11   3   6   -0.0010156859
6   11   5   4   0.0027433108
6   11   6   5   -0.0131561756
6   11   6   6   -0.0261427527
6   12   1   4   -0.0001151273
6   12   2   4   -0.0000440407
6   12   3   4   0.0011842587
6   12   4   5   -0.0016213474
6   12   4   6   0.0008159329
6   12   5   5   -0.0008159329
6   12   5   6   -0.0016213474
6   12   6   4   0.0435796228

End IJKA Block
Begin IABC Block
1   4   1   4   -0.0000503231
1   4   2   5   -0.0000129914
1   4   3   6   -0.0000129914
1   5   1   5   -0.0000406460
1   5   2   4   -0.0000129914
1   6   1   6   -0.0000406460
1   6   3   4   -0.0000129914
2   4   1   4   0.0001134069
2   4   2   5   0.0024158574
2   4   3   6   0.0024158574
2   5   1   5   -0.0001062283
2   5   2   4   0.0024158574
2   6   1   6   -0.0001062283
2   6   3   4   0.0024158574
3   4   1   4   -0.0002925882
3   4   2   5   0.0000122951
3   4   3   6   0.0000122951
3   5   1   5   -0.0002704449
3   5   2   4   0.0000122951
3   6   1   6   -0.0002704449
3   6   3   4   0.0000122951
4   4   1   5   0.0006208902
4   4   1   6   -0.0003124591
4   4   2   4   0.0011092605
4   4   3   4   -0.0005582284
4   5   1   4   0.0006208902
4   5   2   5   0.0011891262
4   5   2   6   -0.0001307361
4   5   3   5   -0.0003369481
4   5   3   6   0.0002597868
4   6   1   4   -0.0003124591
4   6   2   5   -0.0001307361
4   6   2   6   0.0006695526
4   6   3   5   0.0002597868
4   6   3   6   -0.0005984203
5   4   1   5   0.0003124591
5   4   1   6   0.0006208902
5   4   2   4   0.0005582284
5   4   3   4   0.0011092605
5   5   1   4   0.0003124591
5   5   2   5   0.0005984203
5   5   2   6   0.0002597868
5   5   3   5   0.0006695526
5   5   3   6   0.0001307361
5   6   1   4   0.0006208902
5   6   2   5   0.0002597868
5   6   2   6   0.0003369481
5   6   3   5   0.0001307361
5   6   3   6   0.0011891262
6   4   1   4   -0.0052050225
6   4   2   5   -0.0021323960
6   4   3   6   -0.0021323960
6   5   1   5   -0.0034098476
6   5   2   4   -0.0021323960
6   6   1   6   -0.0034098476
6   6   3   4   -0.0021323960

End IABC Block
