Begin IJ Block
1   1   -40.7832002542
1   2   0.0000356067
1   3   0.7523484120
1   6   0.0145318535
2   2   -5.5933244303
2   3   -0.0002045107
2   6   -0.0066319074
3   3   -9.1882074676
3   6   -0.0426239873
4   4   -8.0939474678
5   5   -8.0939474678
6   6   -7.7832496369

End IJ Block
Begin IA Block
1   1   -0.0026417485
1   4   -0.0248467779
2   1   0.1097625722
2   4   0.0584856347
3   1   0.0186838536
3   4   0.1259522843
4   2   -0.1362518589
4   3   0.0807156447
5   2   0.0807156447
5   3   0.1362518589
6   1   -0.1532319187
6   4   -0.2967537942

End IA Block
Begin AB Block
1   1   -1.7342509034
1   4   -0.3735158501
2   2   -1.5556623971
3   3   -1.5556623971
4   4   -1.8580530803

End AB Block
Begin IJKL Block
1   7   1   7   5.3484975822
1   7   1   8   -0.0000262174
1   7   1   9   -0.5322503681
1   7   1   12   -0.0101489991
1   7   2   7   -0.0000262174
1   7   2   8   -0.0000001909
1   7   2   9   0.0000043488
1   7   2   12   -0.0000037730
1   7   3   7   -0.5322503681
1   7   3   8   0.0000043488
1   7   3   9   0.0815889250
1   7   3   12   0.0016308966
1   7   4   10   0.0318651093
1   7   5   11   0.0318651093
1   7   6   7   -0.0101489991
1   7   6   8   -0.0000037730
1   7   6   9   0.0016308966
1   7   6   12   0.0294254707
1   8   1   7   -0.0000262174
1   8   1   8   0.1276497704
1   8   1   9   0.0000384222
1   8   1   12   -0.0002305982
1   8   2   7   0.0000004081
1   8   2   8   0.0000000144
1   8   2   9   0.0000004981
1   8   2   12   -0.0000000074
1   8   3   7   0.0000045812
1   8   3   8   0.0000044912
1   8   3   9   -0.0000008333
1   8   3   12   0.0000005948
1   8   4   10   0.0000012832
1   8   5   11   0.0000012832
1   8   6   7   -0.0000041544
1   8   6   8   -0.0008189854
1   8   6   9   -0.0000049574
1   8   6   12   0.0000032121
1   9   1   7   -0.5322503681
1   9   1   8   0.0000384222
1   9   1   9   1.2632961793
1   9   1   12   0.0140901986
1   9   2   7   0.0000045812
1   9   2   8   -0.0000001498
1   9   2   9   -0.0000009926
1   9   2   12   -0.0000043111
1   9   3   7   0.0861529886
1   9   3   8   -0.0000010372
1   9   3   9   -0.0237328139
1   9   3   12   -0.0004470307
1   9   4   10   0.0362190775
1   9   5   11   0.0362190775
1   9   6   7   0.0015899103
1   9   6   8   -0.0000046617
1   9   6   9   -0.0005471801
1   9   6   12   0.0336177685
1   10   1   10   1.1713304808
1   10   2   10   -0.0000005321
1   10   3   10   -0.0155437086
1   10   4   7   0.0370369262
1   10   4   8   0.0000013644
1   10   4   9   0.0368467946
1   10   4   12   0.0005739366
1   10   6   10   -0.0003643215
1   11   1   11   1.1713304808
1   11   2   11   -0.0000005321
1   11   3   11   -0.0155437086
1   11   5   7   0.0370369262
1   11   5   8   0.0000013644
1   11   5   9   0.0368467946
1   11   5   12   0.0005739366
1   11   6   11   -0.0003643215
1   12   1   7   -0.0101489991
1   12   1   8   -0.0002305982
1   12   1   9   0.0140901986
1   12   1   12   1.1111819544
1   12   2   7   -0.0000041544
1   12   2   8   -0.0000003527
1   12   2   9   -0.0000047604
1   12   2   12   -0.0000005299
1   12   3   7   0.0015899103
1   12   3   8   0.0000005870
1   12   3   9   -0.0004733270
1   12   3   12   -0.0145035366
1   12   4   10   0.0005296571
1   12   5   11   0.0005296571
1   12   6   7   0.0344750721
1   12   6   8   0.0000030530
1   12   6   9   0.0344822894
1   12   6   12   0.0004367533
2   7   1   7   -0.0000262174
2   7   1   8   0.0000004081
2   7   1   9   0.0000045812
2   7   1   12   -0.0000041544
2   7   2   7   0.1276497704
2   7   2   8   0.0000000144
2   7   2   9   0.0000044912
2   7   2   12   -0.0008189854
2   7   3   7   0.0000384222
2   7   3   8   0.0000004981
2   7   3   9   -0.0000008333
2   7   3   12   -0.0000049574
2   7   4   10   0.0000012832
2   7   5   11   0.0000012832
2   7   6   7   -0.0002305982
2   7   6   8   -0.0000000074
2   7   6   9   0.0000005948
2   7   6   12   0.0000032121
2   8   1   7   -0.0000001909
2   8   1   8   0.0000000144
2   8   1   9   -0.0000001498
2   8   1   12   -0.0000003527
2   8   2   7   0.0000000144
2   8   2   8   1.6358011279
2   8   2   9   0.0000140884
2   8   2   12   0.0082795319
2   8   3   7   -0.0000001498
2   8   3   8   0.0000140884
2   8   3   9   0.0000098778
2   8   3   12   -0.0000211803
2   8   4   10   0.0000162008
2   8   5   11   0.0000162008
2   8   6   7   -0.0000003527
2   8   6   8   0.0082795319
2   8   6   9   -0.0000211803
2   8   6   12   0.0001768320
2   9   1   7   0.0000043488
2   9   1   8   0.0000004981
2   9   1   9   -0.0000009926
2   9   1   12   -0.0000047604
2   9   2   7   0.0000044912
2   9   2   8   0.0000140884
2   9   2   9   0.1278803135
2   9   2   12   -0.0101831307
2   9   3   7   -0.0000010372
2   9   3   8   0.0000035647
2   9   3   9   0.0000235744
2   9   3   12   -0.0000206283
2   9   4   10   0.0000044544
2   9   5   11   0.0000044544
2   9   6   7   0.0000005870
2   9   6   8   0.0000014205
2   9   6   9   -0.0002003086
2   9   6   12   0.0000255093
2   10   1   10   -0.0000005321
2   10   2   10   0.1273285796
2   10   3   10   0.0000216476
2   10   4   7   0.0000013644
2   10   4   8   -0.0000012963
2   10   4   9   0.0000048953
2   10   4   12   -0.0000052344
2   10   6   10   -0.0001893338
2   11   1   11   -0.0000005321
2   11   2   11   0.1273285796
2   11   3   11   0.0000216476
2   11   5   7   0.0000013644
2   11   5   8   -0.0000012963
2   11   5   9   0.0000048953
2   11   5   12   -0.0000052344
2   11   6   11   -0.0001893338
2   12   1   7   -0.0000037730
2   12   1   8   -0.0000000074
2   12   1   9   -0.0000043111
2   12   1   12   -0.0000005299
2   12   2   7   -0.0008189854
2   12   2   8   0.0082795319
2   12   2   9   -0.0101831307
2   12   2   12   0.1358496099
2   12   3   7   -0.0000046617
2   12   3   8   0.0000014205
2   12   3   9   -0.0000187957
2   12   3   12   0.0000218866
2   12   4   10   -0.0000044464
2   12   5   11   -0.0000044464
2   12   6   7   0.0000030530
2   12   6   8   0.0001241814
2   12   6   9   0.0000266349
2   12   6   12   -0.0002166724
3   7   1   7   -0.5322503681
3   7   1   8   0.0000045812
3   7   1   9   0.0861529886
3   7   1   12   0.0015899103
3   7   2   7   0.0000384222
3   7   2   8   -0.0000001498
3   7   2   9   -0.0000010372
3   7   2   12   -0.0000046617
3   7   3   7   1.2632961793
3   7   3   8   -0.0000009926
3   7   3   9   -0.0237328139
3   7   3   12   -0.0005471801
3   7   4   10   0.0362190775
3   7   5   11   0.0362190775
3   7   6   7   0.0140901986
3   7   6   8   -0.0000043111
3   7   6   9   -0.0004470307
3   7   6   12   0.0336177685
3   8   1   7   0.0000043488
3   8   1   8   0.0000044912
3   8   1   9   -0.0000010372
3   8   1   12   0.0000005870
3   8   2   7   0.0000004981
3   8   2   8   0.0000140884
3   8   2   9   0.0000035647
3   8   2   12   0.0000014205
3   8   3   7   -0.0000009926
3   8   3   8   0.1278803135
3   8   3   9   0.0000235744
3   8   3   12   -0.0002003086
3   8   4   10   0.0000044544
3   8   5   11   0.0000044544
3   8   6   7   -0.0000047604
3   8   6   8   -0.0101831307
3   8   6   9   -0.0000206283
3   8   6   12   0.0000255093
3   9   1   7   0.0815889250
3   9   1   8   -0.0000008333
3   9   1   9   -0.0237328139
3   9   1   12   -0.0004733270
3   9   2   7   -0.0000008333
3   9   2   8   0.0000098778
3   9   2   9   0.0000235744
3   9   2   12   -0.0000187957
3   9   3   7   -0.0237328139
3   9   3   8   0.0000235744
3   9   3   9   0.8718533593
3   9   3   12   0.0067959883
3   9   4   10   0.1540037861
3   9   5   11   0.1540037861
3   9   6   7   -0.0004733270
3   9   6   8   -0.0000187957
3   9   6   9   0.0067959883
3   9   6   12   0.1452914805
3   10   1   10   -0.0155437086
3   10   2   10   0.0000216476
3   10   3   10   0.8195056416
3   10   4   7   0.0368467946
3   10   4   8   0.0000048953
3   10   4   9   0.1587572933
3   10   4   12   0.0015295497
3   10   6   10   0.0063467889
3   11   1   11   -0.0155437086
3   11   2   11   0.0000216476
3   11   3   11   0.8195056416
3   11   5   7   0.0368467946
3   11   5   8   0.0000048953
3   11   5   9   0.1587572933
3   11   5   12   0.0015295497
3   11   6   11   0.0063467889
3   12   1   7   0.0016308966
3   12   1   8   0.0000005948
3   12   1   9   -0.0004470307
3   12   1   12   -0.0145035366
3   12   2   7   -0.0000049574
3   12   2   8   -0.0000211803
3   12   2   9   -0.0000206283
3   12   2   12   0.0000218866
3   12   3   7   -0.0005471801
3   12   3   8   -0.0002003086
3   12   3   9   0.0067959883
3   12   3   12   0.7837026739
3   12   4   10   0.0014377833
3   12   5   11   0.0014377833
3   12   6   7   0.0344822894
3   12   6   8   0.0000266349
3   12   6   9   0.1504382947
3   12   6   12   0.0060969453
4   7   1   10   0.0370369262
4   7   2   10   0.0000013644
4   7   3   10   0.0368467946
4   7   4   7   1.1713304808
4   7   4   8   -0.0000005321
4   7   4   9   -0.0155437086
4   7   4   12   -0.0003643215
4   7   6   10   0.0005739366
4   8   1   10   0.0000013644
4   8   2   10   -0.0000012963
4   8   3   10   0.0000048953
4   8   4   7   -0.0000005321
4   8   4   8   0.1273285796
4   8   4   9   0.0000216476
4   8   4   12   -0.0001893338
4   8   6   10   -0.0000052344
4   9   1   10   0.0368467946
4   9   2   10   0.0000048953
4   9   3   10   0.1587572933
4   9   4   7   -0.0155437086
4   9   4   8   0.0000216476
4   9   4   9   0.8195056416
4   9   4   12   0.0063467889
4   9   6   10   0.0015295497
4   10   1   7   0.0318651093
4   10   1   8   0.0000012832
4   10   1   9   0.0362190775
4   10   1   12   0.0005296571
4   10   2   7   0.0000012832
4   10   2   8   0.0000162008
4   10   2   9   0.0000044544
4   10   2   12   -0.0000044464
4   10   3   7   0.0362190775
4   10   3   8   0.0000044544
4   10   3   9   0.1540037861
4   10   3   12   0.0014377833
4   10   4   10   0.8186407627
4   10   5   11   0.0320560856
4   10   6   7   0.0005296571
4   10   6   8   -0.0000044464
4   10   6   9   0.0014377833
4   10   6   12   0.0304555176
4   11   4   11   0.7483853917
4   11   5   10   0.0381992854
4   12   1   10   0.0005739366
4   12   2   10   -0.0000052344
4   12   3   10   0.0015295497
4   12   4   7   -0.0003643215
4   12   4   8   -0.0001893338
4   12   4   9   0.0063467889
4   12   4   12   0.7170462277
4   12   6   10   0.0363180208
5   7   1   11   0.0370369262
5   7   2   11   0.0000013644
5   7   3   11   0.0368467946
5   7   5   7   1.1713304808
5   7   5   8   -0.0000005321
5   7   5   9   -0.0155437086
5   7   5   12   -0.0003643215
5   7   6   11   0.0005739366
5   8   1   11   0.0000013644
5   8   2   11   -0.0000012963
5   8   3   11   0.0000048953
5   8   5   7   -0.0000005321
5   8   5   8   0.1273285796
5   8   5   9   0.0000216476
5   8   5   12   -0.0001893338
5   8   6   11   -0.0000052344
5   9   1   11   0.0368467946
5   9   2   11   0.0000048953
5   9   3   11   0.1587572933
5   9   5   7   -0.0155437086
5   9   5   8   0.0000216476
5   9   5   9   0.8195056416
5   9   5   12   0.0063467889
5   9   6   11   0.0015295497
5   10   4   11   0.0381992854
5   10   5   10   0.7483853917
5   11   1   7   0.0318651093
5   11   1   8   0.0000012832
5   11   1   9   0.0362190775
5   11   1   12   0.0005296571
5   11   2   7   0.0000012832
5   11   2   8   0.0000162008
5   11   2   9   0.0000044544
5   11   2   12   -0.0000044464
5   11   3   7   0.0362190775
5   11   3   8   0.0000044544
5   11   3   9   0.1540037861
5   11   3   12   0.0014377833
5   11   4   10   0.0320560856
5   11   5   11   0.8186407627
5   11   6   7   0.0005296571
5   11   6   8   -0.0000044464
5   11   6   9   0.0014377833
5   11   6   12   0.0304555176
5   12   1   11   0.0005739366
5   12   2   11   -0.0000052344
5   12   3   11   0.0015295497
5   12   5   7   -0.0003643215
5   12   5   8   -0.0001893338
5   12   5   9   0.0063467889
5   12   5   12   0.7170462277
5   12   6   11   0.0363180208
6   7   1   7   -0.0101489991
6   7   1   8   -0.0000041544
6   7   1   9   0.0015899103
6   7   1   12   0.0344750721
6   7   2   7   -0.0002305982
6   7   2   8   -0.0000003527
6   7   2   9   0.0000005870
6   7   2   12   0.0000030530
6   7   3   7   0.0140901986
6   7   3   8   -0.0000047604
6   7   3   9   -0.0004733270
6   7   3   12   0.0344822894
6   7   4   10   0.0005296571
6   7   5   11   0.0005296571
6   7   6   7   1.1111819544
6   7   6   8   -0.0000005299
6   7   6   9   -0.0145035366
6   7   6   12   0.0004367533
6   8   1   7   -0.0000037730
6   8   1   8   -0.0008189854
6   8   1   9   -0.0000046617
6   8   1   12   0.0000030530
6   8   2   7   -0.0000000074
6   8   2   8   0.0082795319
6   8   2   9   0.0000014205
6   8   2   12   0.0001241814
6   8   3   7   -0.0000043111
6   8   3   8   -0.0101831307
6   8   3   9   -0.0000187957
6   8   3   12   0.0000266349
6   8   4   10   -0.0000044464
6   8   5   11   -0.0000044464
6   8   6   7   -0.0000005299
6   8   6   8   0.1358496099
6   8   6   9   0.0000218866
6   8   6   12   -0.0002166724
6   9   1   7   0.0016308966
6   9   1   8   -0.0000049574
6   9   1   9   -0.0005471801
6   9   1   12   0.0344822894
6   9   2   7   0.0000005948
6   9   2   8   -0.0000211803
6   9   2   9   -0.0002003086
6   9   2   12   0.0000266349
6   9   3   7   -0.0004470307
6   9   3   8   -0.0000206283
6   9   3   9   0.0067959883
6   9   3   12   0.1504382947
6   9   4   10   0.0014377833
6   9   5   11   0.0014377833
6   9   6   7   -0.0145035366
6   9   6   8   0.0000218866
6   9   6   9   0.7837026739
6   9   6   12   0.0060969453
6   10   1   10   -0.0003643215
6   10   2   10   -0.0001893338
6   10   3   10   0.0063467889
6   10   4   7   0.0005739366
6   10   4   8   -0.0000052344
6   10   4   9   0.0015295497
6   10   4   12   0.0363180208
6   10   6   10   0.7170462277
6   11   1   11   -0.0003643215
6   11   2   11   -0.0001893338
6   11   3   11   0.0063467889
6   11   5   7   0.0005739366
6   11   5   8   -0.0000052344
6   11   5   9   0.0015295497
6   11   5   12   0.0363180208
6   11   6   11   0.7170462277
6   12   1   7   0.0294254707
6   12   1   8   0.0000032121
6   12   1   9   0.0336177685
6   12   1   12   0.0004367533
6   12   2   7   0.0000032121
6   12   2   8   0.0001768320
6   12   2   9   0.0000255093
6   12   2   12   -0.0002166724
6   12   3   7   0.0336177685
6   12   3   8   0.0000255093
6   12   3   9   0.1452914805
6   12   3   12   0.0060969453
6   12   4   10   0.0304555176
6   12   5   11   0.0304555176
6   12   6   7   0.0004367533
6   12   6   8   -0.0002166724
6   12   6   9   0.0060969453
6   12   6   12   0.7550540845

End IJKL Block
Begin IJAB Block
1   7   1   5   0.0002036301
1   7   1   8   0.0003167117
1   7   2   6   0.0000627133
1   7   3   7   0.0000627133
1   7   4   5   0.0003167117
1   7   4   8   0.0005841861
1   8   1   5   0.0000004700
1   8   1   8   -0.0000009261
1   8   2   6   -0.0000001146
1   8   3   7   -0.0000001146
1   8   4   5   0.0000005868
1   8   4   8   -0.0000011015
1   9   1   5   0.0002097682
1   9   1   8   0.0003193667
1   9   2   6   0.0000631063
1   9   3   7   0.0000631063
1   9   4   5   0.0003072067
1   9   4   8   0.0004577707
1   10   1   6   0.0000002232
1   10   1   7   -0.0000001322
1   10   2   5   -0.0000057013
1   10   2   8   -0.0000463125
1   10   3   5   0.0000033775
1   10   3   8   0.0000274355
1   10   4   6   -0.0000130652
1   10   4   7   0.0000077398
1   11   1   6   -0.0000001322
1   11   1   7   -0.0000002232
1   11   2   5   0.0000033775
1   11   2   8   0.0000274355
1   11   3   5   0.0000057013
1   11   3   8   0.0000463125
1   11   4   6   0.0000077398
1   11   4   7   0.0000130652
1   12   1   5   -0.0000201936
1   12   1   8   -0.0001218002
1   12   2   6   0.0000025936
1   12   3   7   0.0000025936
1   12   4   5   -0.0001127897
1   12   4   8   -0.0002238567
2   7   1   5   0.0000004700
2   7   1   8   0.0000005868
2   7   2   6   -0.0000001146
2   7   3   7   -0.0000001146
2   7   4   5   -0.0000009261
2   7   4   8   -0.0000011015
2   8   1   5   0.0136396934
2   8   1   8   0.0082239610
2   8   2   6   0.0023133011
2   8   3   7   0.0023133011
2   8   4   5   0.0082239610
2   8   4   8   0.0077869939
2   9   1   5   0.0000002334
2   9   1   8   0.0000004176
2   9   2   6   0.0000046515
2   9   3   7   0.0000046515
2   9   4   5   -0.0000061615
2   9   4   8   -0.0000000799
2   10   1   6   0.0000084543
2   10   1   7   -0.0000050084
2   10   2   5   -0.0000337104
2   10   2   8   -0.0000683929
2   10   3   5   0.0000199701
2   10   3   8   0.0000405160
2   10   4   6   0.0000077052
2   10   4   7   -0.0000045645
2   11   1   6   -0.0000050084
2   11   1   7   -0.0000084543
2   11   2   5   0.0000199701
2   11   2   8   0.0000405160
2   11   3   5   0.0000337104
2   11   3   8   0.0000683929
2   11   4   6   -0.0000045645
2   11   4   7   -0.0000077052
2   12   1   5   0.0003572854
2   12   1   8   0.0005364529
2   12   2   6   -0.0002966253
2   12   3   7   -0.0002966253
2   12   4   5   0.0001874026
2   12   4   8   -0.0002496858
3   7   1   5   0.0002097682
3   7   1   8   0.0003072067
3   7   2   6   0.0000631063
3   7   3   7   0.0000631063
3   7   4   5   0.0003193667
3   7   4   8   0.0004577707
3   8   1   5   0.0000002334
3   8   1   8   -0.0000061615
3   8   2   6   0.0000046515
3   8   3   7   0.0000046515
3   8   4   5   0.0000004176
3   8   4   8   -0.0000000799
3   9   1   5   0.0010720432
3   9   1   8   0.0016184310
3   9   2   6   0.0003092443
3   9   3   7   0.0003092443
3   9   4   5   0.0016184310
3   9   4   8   0.0027671808
3   10   1   6   -0.0000570878
3   10   1   7   0.0000338188
3   10   2   5   -0.0000305493
3   10   2   8   -0.0002420028
3   10   3   5   0.0000180974
3   10   3   8   0.0001433625
3   10   4   6   -0.0005565141
3   10   4   7   0.0003296791
3   11   1   6   0.0000338188
3   11   1   7   0.0000570878
3   11   2   5   0.0000180974
3   11   2   8   0.0001433625
3   11   3   5   0.0000305493
3   11   3   8   0.0002420028
3   11   4   6   0.0003296791
3   11   4   7   0.0005565141
3   12   1   5   -0.0002771496
3   12   1   8   -0.0010061012
3   12   2   6   -0.0000453372
3   12   3   7   -0.0000453372
3   12   4   5   -0.0015960950
3   12   4   8   -0.0028118182
4   7   1   6   -0.0000057013
4   7   1   7   0.0000033775
4   7   2   5   0.0000002232
4   7   2   8   -0.0000130652
4   7   3   5   -0.0000001322
4   7   3   8   0.0000077398
4   7   4   6   -0.0000463125
4   7   4   7   0.0000274355
4   8   1   6   -0.0000337104
4   8   1   7   0.0000199701
4   8   2   5   0.0000084543
4   8   2   8   0.0000077052
4   8   3   5   -0.0000050084
4   8   3   8   -0.0000045645
4   8   4   6   -0.0000683929
4   8   4   7   0.0000405160
4   9   1   6   -0.0000305493
4   9   1   7   0.0000180974
4   9   2   5   -0.0000570878
4   9   2   8   -0.0005565141
4   9   3   5   0.0000338188
4   9   3   8   0.0003296791
4   9   4   6   -0.0002420028
4   9   4   7   0.0001433625
4   10   1   5   0.0006957663
4   10   1   8   0.0009125204
4   10   2   6   0.0007917540
4   10   2   7   -0.0003721455
4   10   3   6   -0.0003721455
4   10   3   7   0.0003840138
4   10   4   5   0.0009125204
4   10   4   8   0.0014835569
4   11   1   5   -0.0000000000
4   11   2   6   -0.0003721455
4   11   2   7   -0.0004924974
4   11   3   6   0.0000847572
4   11   3   7   0.0003721455
4   12   1   6   0.0003880590
4   12   1   7   -0.0002298863
4   12   2   5   0.0011873008
4   12   2   8   0.0017339910
4   12   3   5   -0.0007033574
4   12   3   8   -0.0010272168
4   12   4   6   0.0004217803
4   12   4   7   -0.0002498628
5   7   1   6   0.0000033775
5   7   1   7   0.0000057013
5   7   2   5   -0.0000001322
5   7   2   8   0.0000077398
5   7   3   5   -0.0000002232
5   7   3   8   0.0000130652
5   7   4   6   0.0000274355
5   7   4   7   0.0000463125
5   8   1   6   0.0000199701
5   8   1   7   0.0000337104
5   8   2   5   -0.0000050084
5   8   2   8   -0.0000045645
5   8   3   5   -0.0000084543
5   8   3   8   -0.0000077052
5   8   4   6   0.0000405160
5   8   4   7   0.0000683929
5   9   1   6   0.0000180974
5   9   1   7   0.0000305493
5   9   2   5   0.0000338188
5   9   2   8   0.0003296791
5   9   3   5   0.0000570878
5   9   3   8   0.0005565141
5   9   4   6   0.0001433625
5   9   4   7   0.0002420028
5   10   1   5   0.0000000000
5   10   2   6   -0.0003721455
5   10   2   7   0.0000847572
5   10   3   6   -0.0004924974
5   10   3   7   0.0003721455
5   11   1   5   0.0006957663
5   11   1   8   0.0009125204
5   11   2   6   0.0003840138
5   11   2   7   0.0003721455
5   11   3   6   0.0003721455
5   11   3   7   0.0007917540
5   11   4   5   0.0009125204
5   11   4   8   0.0014835569
5   12   1   6   -0.0002298863
5   12   1   7   -0.0003880590
5   12   2   5   -0.0007033574
5   12   2   8   -0.0010272168
5   12   3   5   -0.0011873008
5   12   3   8   -0.0017339910
5   12   4   6   -0.0002498628
5   12   4   7   -0.0004217803
6   7   1   5   -0.0000201936
6   7   1   8   -0.0001127897
6   7   2   6   0.0000025936
6   7   3   7   0.0000025936
6   7   4   5   -0.0001218002
6   7   4   8   -0.0002238567
6   8   1   5   0.0003572854
6   8   1   8   0.0001874026
6   8   2   6   -0.0002966253
6   8   3   7   -0.0002966253
6   8   4   5   0.0005364529
6   8   4   8   -0.0002496858
6   9   1   5   -0.0002771496
6   9   1   8   -0.0015960950
6   9   2   6   -0.0000453372
6   9   3   7   -0.0000453372
6   9   4   5   -0.0010061012
6   9   4   8   -0.0028118182
6   10   1   6   0.0011873008
6   10   1   7   -0.0007033574
6   10   2   5   0.0003880590
6   10   2   8   0.0004217803
6   10   3   5   -0.0002298863
6   10   3   8   -0.0002498628
6   10   4   6   0.0017339910
6   10   4   7   -0.0010272168
6   11   1   6   -0.0007033574
6   11   1   7   -0.0011873008
6   11   2   5   -0.0002298863
6   11   2   8   -0.0002498628
6   11   3   5   -0.0003880590
6   11   3   8   -0.0004217803
6   11   4   6   -0.0010272168
6   11   4   7   -0.0017339910
6   12   1   5   0.0043668262
6   12   1   8   0.0064878075
6   12   2   6   0.0008036032
6   12   3   7   0.0008036032
6   12   4   5   0.0064878075
6   12   4   8   0.0095243260

End IJAB Block
Begin ABCD Block
1   5   1   5   0.2347772249
1   5   1   8   -0.0030998673
1   5   2   6   0.0377907755
1   5   3   7   0.0377907755
1   5   4   5   -0.0030998673
1   5   4   8   0.0298426007
1   6   1   6   0.1903253902
1   6   2   5   0.0377933243
1   6   2   8   0.0082703162
1   6   4   6   0.0104616469
1   7   1   7   0.1903253902
1   7   3   5   0.0377933243
1   7   3   8   0.0082703162
1   7   4   7   0.0104616469
1   8   1   5   -0.0030998673
1   8   1   8   0.1889515452
1   8   2   6   0.0082681864
1   8   3   7   0.0082681864
1   8   4   5   0.0298605718
1   8   4   8   0.0143740794
2   5   1   6   0.0377933243
2   5   2   5   0.1903253902
2   5   2   8   0.0104616469
2   5   4   6   0.0082703162
2   6   1   5   0.0377907755
2   6   1   8   0.0082681864
2   6   2   6   0.1804116745
2   6   3   7   0.0096250146
2   6   4   5   0.0082681864
2   6   4   8   0.0121992924
2   7   2   7   0.1611618087
2   7   3   6   0.0096248512
2   8   1   6   0.0082703162
2   8   2   5   0.0104616469
2   8   2   8   0.1658467614
2   8   4   6   0.0122009418
3   5   1   7   0.0377933243
3   5   3   5   0.1903253902
3   5   3   8   0.0104616469
3   5   4   7   0.0082703162
3   6   2   7   0.0096248512
3   6   3   6   0.1611618087
3   7   1   5   0.0377907755
3   7   1   8   0.0082681864
3   7   2   6   0.0096250146
3   7   3   7   0.1804116745
3   7   4   5   0.0082681864
3   7   4   8   0.0121992924
3   8   1   7   0.0082703162
3   8   3   5   0.0104616469
3   8   3   8   0.1658467614
3   8   4   7   0.0122009418
4   5   1   5   -0.0030998673
4   5   1   8   0.0298605718
4   5   2   6   0.0082681864
4   5   3   7   0.0082681864
4   5   4   5   0.1889515452
4   5   4   8   0.0143740794
4   6   1   6   0.0104616469
4   6   2   5   0.0082703162
4   6   2   8   0.0122009418
4   6   4   6   0.1658467614
4   7   1   7   0.0104616469
4   7   3   5   0.0082703162
4   7   3   8   0.0122009418
4   7   4   7   0.1658467614
4   8   1   5   0.0298426007
4   8   1   8   0.0143740794
4   8   2   6   0.0121992924
4   8   3   7   0.0121992924
4   8   4   5   0.0143740794
4   8   4   8   0.1884779899

End ABCD Block
Begin AIJB Block
1   7   1   5   0.0002351741
1   7   1   8   0.0003324983
1   7   2   5   0.0000005574
1   7   2   8   0.0000006882
1   7   3   5   0.0002401446
1   7   3   8   0.0003039155
1   7   4   6   -0.0000036279
1   7   4   7   0.0000021492
1   7   5   6   0.0000021492
1   7   5   7   0.0000036279
1   7   6   5   -0.0000072195
1   7   6   8   -0.0000213849
1   8   1   5   0.0000005574
1   8   1   8   -0.0000009287
1   8   2   5   0.0105854398
1   8   2   8   0.0062728457
1   8   3   5   0.0000025606
1   8   3   8   -0.0000059846
1   8   4   6   -0.0000280774
1   8   4   7   0.0000166330
1   8   5   6   0.0000166330
1   8   5   7   0.0000280774
1   8   6   5   0.0001666729
1   8   6   8   -0.0000125958
1   9   1   5   0.0002401446
1   9   1   8   0.0003194490
1   9   2   5   0.0000025606
1   9   2   8   0.0000036569
1   9   3   5   0.0010829369
1   9   3   8   0.0014085783
1   9   4   6   -0.0000099923
1   9   4   7   0.0000059194
1   9   5   6   0.0000059194
1   9   5   7   0.0000099923
1   9   6   5   0.0000363874
1   9   6   8   -0.0006760479
1   10   1   6   0.0000024078
1   10   1   7   -0.0000014264
1   10   2   6   0.0000038042
1   10   2   7   -0.0000022536
1   10   3   6   -0.0000076643
1   10   3   7   0.0000045403
1   10   4   5   0.0001025365
1   10   4   8   0.0002774947
1   10   6   6   0.0013189007
1   10   6   7   -0.0007813172
1   11   1   6   -0.0000014264
1   11   1   7   -0.0000024078
1   11   2   6   -0.0000022536
1   11   2   7   -0.0000038042
1   11   3   6   0.0000045403
1   11   3   7   0.0000076643
1   11   5   5   0.0001025365
1   11   5   8   0.0002774947
1   11   6   6   -0.0007813172
1   11   6   7   -0.0013189007
1   12   1   5   -0.0000072195
1   12   1   8   -0.0000616998
1   12   2   5   0.0001666729
1   12   2   8   0.0003103254
1   12   3   5   0.0000363874
1   12   3   8   -0.0001347327
1   12   4   6   0.0001258929
1   12   4   7   -0.0000745790
1   12   5   6   -0.0000745790
1   12   5   7   -0.0001258929
1   12   6   5   0.0042482050
1   12   6   8   0.0051262221
2   7   1   6   0.0000628047
2   7   2   6   -0.0000003129
2   7   3   6   0.0000580926
2   7   4   5   0.0000024078
2   7   4   8   0.0000067822
2   7   5   5   -0.0000014264
2   7   5   8   -0.0000040178
2   7   6   6   0.0000038208
2   8   1   6   -0.0000003129
2   8   2   6   0.0020472300
2   8   3   6   0.0000006302
2   8   4   5   0.0000038042
2   8   4   8   -0.0000034760
2   8   5   5   -0.0000022536
2   8   5   8   0.0000020592
2   8   6   6   -0.0002076858
2   9   1   6   0.0000580926
2   9   2   6   0.0000006302
2   9   3   6   0.0002414812
2   9   4   5   -0.0000076643
2   9   4   8   -0.0003540970
2   9   5   5   0.0000045403
2   9   5   8   0.0002097672
2   9   6   6   0.0000157200
2   10   1   5   -0.0000036279
2   10   1   8   -0.0000345789
2   10   2   5   -0.0000280774
2   10   2   8   -0.0000617055
2   10   3   5   -0.0000099923
2   10   3   8   -0.0001023136
2   10   4   6   0.0006612430
2   10   4   7   -0.0003509720
2   10   5   6   -0.0003509720
2   10   5   7   0.0001335239
2   10   6   5   0.0001258929
2   10   6   8   0.0002640025
2   11   1   5   0.0000021492
2   11   1   8   0.0000204845
2   11   2   5   0.0000166330
2   11   2   8   0.0000365543
2   11   3   5   0.0000059194
2   11   3   8   0.0000606106
2   11   4   6   -0.0003509720
2   11   4   7   -0.0005180654
2   11   5   6   0.0002767015
2   11   5   7   0.0003509720
2   11   6   5   -0.0000745790
2   11   6   8   -0.0001563952
2   12   1   6   0.0000038208
2   12   2   6   -0.0002076858
2   12   3   6   0.0000157200
2   12   4   5   0.0013189007
2   12   4   8   0.0017350178
2   12   5   5   -0.0007813172
2   12   5   8   -0.0010278251
2   12   6   6   0.0003580490
3   7   1   7   0.0000628047
3   7   2   7   -0.0000003129
3   7   3   7   0.0000580926
3   7   4   5   -0.0000014264
3   7   4   8   -0.0000040178
3   7   5   5   -0.0000024078
3   7   5   8   -0.0000067822
3   7   6   7   0.0000038208
3   8   1   7   -0.0000003129
3   8   2   7   0.0020472300
3   8   3   7   0.0000006302
3   8   4   5   -0.0000022536
3   8   4   8   0.0000020592
3   8   5   5   -0.0000038042
3   8   5   8   0.0000034760
3   8   6   7   -0.0002076858
3   9   1   7   0.0000580926
3   9   2   7   0.0000006302
3   9   3   7   0.0002414812
3   9   4   5   0.0000045403
3   9   4   8   0.0002097672
3   9   5   5   0.0000076643
3   9   5   8   0.0003540970
3   9   6   7   0.0000157200
3   10   1   5   0.0000021492
3   10   1   8   0.0000204845
3   10   2   5   0.0000166330
3   10   2   8   0.0000365543
3   10   3   5   0.0000059194
3   10   3   8   0.0000606106
3   10   4   6   -0.0003509720
3   10   4   7   0.0002767015
3   10   5   6   -0.0005180654
3   10   5   7   0.0003509720
3   10   6   5   -0.0000745790
3   10   6   8   -0.0001563952
3   11   1   5   0.0000036279
3   11   1   8   0.0000345789
3   11   2   5   0.0000280774
3   11   2   8   0.0000617055
3   11   3   5   0.0000099923
3   11   3   8   0.0001023136
3   11   4   6   0.0001335239
3   11   4   7   0.0003509720
3   11   5   6   0.0003509720
3   11   5   7   0.0006612430
3   11   6   5   -0.0001258929
3   11   6   8   -0.0002640025
3   12   1   7   0.0000038208
3   12   2   7   -0.0002076858
3   12   3   7   0.0000157200
3   12   4   5   -0.0007813172
3   12   4   8   -0.0010278251
3   12   5   5   -0.0013189007
3   12   5   8   -0.0017350178
3   12   6   7   0.0003580490
4   7   1   5   0.0003324983
4   7   1   8   0.0005828156
4   7   2   5   -0.0000009287
4   7   2   8   -0.0000013629
4   7   3   5   0.0003194490
4   7   3   8   0.0004201713
4   7   4   6   -0.0000345789
4   7   4   7   0.0000204845
4   7   5   6   0.0000204845
4   7   5   7   0.0000345789
4   7   6   5   -0.0000616998
4   7   6   8   -0.0000894914
4   8   1   5   0.0000006882
4   8   1   8   -0.0000013629
4   8   2   5   0.0062728457
4   8   2   8   0.0062479010
4   8   3   5   0.0000036569
4   8   3   8   -0.0000038409
4   8   4   6   -0.0000617055
4   8   4   7   0.0000365543
4   8   5   6   0.0000365543
4   8   5   7   0.0000617055
4   8   6   5   0.0003103254
4   8   6   8   -0.0002977794
4   9   1   5   0.0003039155
4   9   1   8   0.0004201713
4   9   2   5   -0.0000059846
4   9   2   8   -0.0000038409
4   9   3   5   0.0014085783
4   9   3   8   0.0022621121
4   9   4   6   -0.0001023136
4   9   4   7   0.0000606106
4   9   5   6   0.0000606106
4   9   5   7   0.0001023136
4   9   6   5   -0.0001347327
4   9   6   8   -0.0013220878
4   10   1   6   0.0000067822
4   10   1   7   -0.0000040178
4   10   2   6   -0.0000034760
4   10   2   7   0.0000020592
4   10   3   6   -0.0003540970
4   10   3   7   0.0002097672
4   10   4   5   0.0002774947
4   10   4   8   0.0006997190
4   10   6   6   0.0017350178
4   10   6   7   -0.0010278251
4   11   1   6   -0.0000040178
4   11   1   7   -0.0000067822
4   11   2   6   0.0000020592
4   11   2   7   0.0000034760
4   11   3   6   0.0002097672
4   11   3   7   0.0003540970
4   11   5   5   0.0002774947
4   11   5   8   0.0006997190
4   11   6   6   -0.0010278251
4   11   6   7   -0.0017350178
4   12   1   5   -0.0000213849
4   12   1   8   -0.0000894914
4   12   2   5   -0.0000125958
4   12   2   8   -0.0002977794
4   12   3   5   -0.0006760479
4   12   3   8   -0.0013220878
4   12   4   6   0.0002640025
4   12   4   7   -0.0001563952
4   12   5   6   -0.0001563952
4   12   5   7   -0.0002640025
4   12   6   5   0.0051262221
4   12   6   8   0.0078786499

1   7   7   1   -0.1103001810
1   7   7   4   -0.0325108728
1   7   8   1   0.0000000785
1   7   8   4   -0.0000001649
1   7   9   1   0.0001266643
1   7   9   4   0.0001612426
1   7   10   2   0.0001325256
1   7   10   3   -0.0000785082
1   7   11   2   -0.0000785082
1   7   11   3   -0.0001325256
1   7   12   1   0.0005320324
1   7   12   4   0.0003178430
1   8   7   1   0.0000000785
1   8   7   4   -0.0000001310
1   8   8   1   -0.2967928954
1   8   8   4   -0.0487546261
1   8   9   1   0.0000004104
1   8   9   4   0.0000017638
1   8   10   2   0.0000183174
1   8   10   3   -0.0000108513
1   8   11   2   -0.0000108513
1   8   11   3   -0.0000183174
1   8   12   1   -0.0003927233
1   8   12   4   0.0000879796
1   9   7   1   0.0001266643
1   9   7   4   0.0001603734
1   9   8   1   0.0000004104
1   9   8   4   0.0000020323
1   9   9   1   -0.1072654380
1   9   9   4   -0.0286514077
1   9   10   2   0.0015413061
1   9   10   3   -0.0009130702
1   9   11   2   -0.0009130702
1   9   11   3   -0.0015413061
1   9   12   1   0.0062109328
1   9   12   4   0.0027519192
1   10   7   2   0.0001341742
1   10   7   3   -0.0000794848
1   10   8   2   0.0000176098
1   10   8   3   -0.0000104320
1   10   9   2   0.0015390379
1   10   9   3   -0.0009117266
1   10   10   1   -0.1062761515
1   10   10   4   -0.0275581774
1   10   12   2   -0.0005143593
1   10   12   3   0.0003047066
1   11   7   2   -0.0000794848
1   11   7   3   -0.0001341742
1   11   8   2   -0.0000104320
1   11   8   3   -0.0000176098
1   11   9   2   -0.0009117266
1   11   9   3   -0.0015390379
1   11   11   1   -0.1062761515
1   11   11   4   -0.0275581774
1   11   12   2   0.0003047066
1   11   12   3   0.0005143593
1   12   7   1   0.0005320324
1   12   7   4   0.0003073051
1   12   8   1   -0.0003927233
1   12   8   4   0.0000925052
1   12   9   1   0.0062109328
1   12   9   4   0.0027578158
1   12   10   2   -0.0005309284
1   12   10   3   0.0003145222
1   12   11   2   0.0003145222
1   12   11   3   0.0005309284
1   12   12   1   -0.1097556496
1   12   12   4   -0.0288163254
2   7   7   2   -0.1080779619
2   7   8   2   0.0000000178
2   7   9   2   0.0000239093
2   7   10   1   0.0001341742
2   7   10   4   0.0001827937
2   7   11   1   -0.0000794848
2   7   11   4   -0.0001082871
2   7   12   2   0.0004899593
2   8   7   2   0.0000000178
2   8   8   2   -0.2331243585
2   8   9   2   0.0000002183
2   8   10   1   0.0000176098
2   8   10   4   0.0000087685
2   8   11   1   -0.0000104320
2   8   11   4   -0.0000051945
2   8   12   2   -0.0001115194
2   9   7   2   0.0000239093
2   9   8   2   0.0000002183
2   9   9   2   -0.1075670691
2   9   10   1   0.0015390379
2   9   10   4   0.0018083376
2   9   11   1   -0.0009117266
2   9   11   4   -0.0010712598
2   9   12   2   0.0060504660
2   10   7   1   0.0001325256
2   10   7   4   0.0001797489
2   10   8   1   0.0000183174
2   10   8   4   0.0000092745
2   10   9   1   0.0015413061
2   10   9   4   0.0018102023
2   10   10   2   -0.1074607294
2   10   10   3   0.0001874596
2   10   11   2   0.0001874596
2   10   11   3   0.0001063317
2   10   12   1   -0.0005309284
2   10   12   4   -0.0006202581
2   11   7   1   -0.0000785082
2   11   7   4   -0.0001064833
2   11   8   1   -0.0000108513
2   11   8   4   -0.0000054942
2   11   9   1   -0.0009130702
2   11   9   4   -0.0010723644
2   11   10   2   0.0001874596
2   11   10   3   0.0000990579
2   11   11   2   -0.1072553398
2   11   11   3   -0.0001874596
2   11   12   1   0.0003145222
2   11   12   4   0.0003674411
2   12   7   2   0.0004899593
2   12   8   2   -0.0001115194
2   12   9   2   0.0060504660
2   12   10   1   -0.0005143593
2   12   10   4   -0.0005973942
2   12   11   1   0.0003047066
2   12   11   4   0.0003538965
2   12   12   2   -0.1108796083
3   7   7   3   -0.1080779619
3   7   8   3   0.0000000178
3   7   9   3   0.0000239093
3   7   10   1   -0.0000794848
3   7   10   4   -0.0001082871
3   7   11   1   -0.0001341742
3   7   11   4   -0.0001827937
3   7   12   3   0.0004899593
3   8   7   3   0.0000000178
3   8   8   3   -0.2331243585
3   8   9   3   0.0000002183
3   8   10   1   -0.0000104320
3   8   10   4   -0.0000051945
3   8   11   1   -0.0000176098
3   8   11   4   -0.0000087685
3   8   12   3   -0.0001115194
3   9   7   3   0.0000239093
3   9   8   3   0.0000002183
3   9   9   3   -0.1075670691
3   9   10   1   -0.0009117266
3   9   10   4   -0.0010712598
3   9   11   1   -0.0015390379
3   9   11   4   -0.0018083376
3   9   12   3   0.0060504660
3   10   7   1   -0.0000785082
3   10   7   4   -0.0001064833
3   10   8   1   -0.0000108513
3   10   8   4   -0.0000054942
3   10   9   1   -0.0009130702
3   10   9   4   -0.0010723644
3   10   10   2   0.0001874596
3   10   10   3   -0.1072553398
3   10   11   2   0.0000990579
3   10   11   3   -0.0001874596
3   10   12   1   0.0003145222
3   10   12   4   0.0003674411
3   11   7   1   -0.0001325256
3   11   7   4   -0.0001797489
3   11   8   1   -0.0000183174
3   11   8   4   -0.0000092745
3   11   9   1   -0.0015413061
3   11   9   4   -0.0018102023
3   11   10   2   0.0001063317
3   11   10   3   -0.0001874596
3   11   11   2   -0.0001874596
3   11   11   3   -0.1074607294
3   11   12   1   0.0005309284
3   11   12   4   0.0006202581
3   12   7   3   0.0004899593
3   12   8   3   -0.0001115194
3   12   9   3   0.0060504660
3   12   10   1   0.0003047066
3   12   10   4   0.0003538965
3   12   11   1   0.0005143593
3   12   11   4   0.0005973942
3   12   12   3   -0.1108796083
4   7   7   1   -0.0325108728
4   7   7   4   -0.1418809134
4   7   8   1   -0.0000001310
4   7   8   4   -0.0000002487
4   7   9   1   0.0001603734
4   7   9   4   0.0002401902
4   7   10   2   0.0001797489
4   7   10   3   -0.0001064833
4   7   11   2   -0.0001064833
4   7   11   3   -0.0001797489
4   7   12   1   0.0003073051
4   7   12   4   0.0009691315
4   8   7   1   -0.0000001649
4   8   7   4   -0.0000002487
4   8   8   1   -0.0487546261
4   8   8   4   -0.2587678851
4   8   9   1   0.0000020323
4   8   9   4   0.0000042106
4   8   10   2   0.0000092745
4   8   10   3   -0.0000054942
4   8   11   2   -0.0000054942
4   8   11   3   -0.0000092745
4   8   12   1   0.0000925052
4   8   12   4   0.0000321230
4   9   7   1   0.0001612426
4   9   7   4   0.0002401902
4   9   8   1   0.0000017638
4   9   8   4   0.0000042106
4   9   9   1   -0.0286514077
4   9   9   4   -0.1364835196
4   9   10   2   0.0018102023
4   9   10   3   -0.0010723644
4   9   11   2   -0.0010723644
4   9   11   3   -0.0018102023
4   9   12   1   0.0027578158
4   9   12   4   0.0094719657
4   10   7   2   0.0001827937
4   10   7   3   -0.0001082871
4   10   8   2   0.0000087685
4   10   8   3   -0.0000051945
4   10   9   2   0.0018083376
4   10   9   3   -0.0010712598
4   10   10   1   -0.0275581774
4   10   10   4   -0.1348701414
4   10   12   2   -0.0005973942
4   10   12   3   0.0003538965
4   11   7   2   -0.0001082871
4   11   7   3   -0.0001827937
4   11   8   2   -0.0000051945
4   11   8   3   -0.0000087685
4   11   9   2   -0.0010712598
4   11   9   3   -0.0018083376
4   11   11   1   -0.0275581774
4   11   11   4   -0.1348701414
4   11   12   2   0.0003538965
4   11   12   3   0.0005973942
4   12   7   1   0.0003178430
4   12   7   4   0.0009691315
4   12   8   1   0.0000879796
4   12   8   4   0.0000321230
4   12   9   1   0.0027519192
4   12   9   4   0.0094719657
4   12   10   2   -0.0006202581
4   12   10   3   0.0003674411
4   12   11   2   0.0003674411
4   12   11   3   0.0006202581
4   12   12   1   -0.0288163254
4   12   12   4   -0.1403506866

End AIJB Block
Begin IJKA Block
1   7   1   5   0.0021021728
1   7   1   8   0.0193293915
1   7   2   5   -0.0000000506
1   7   2   8   -0.0000002652
1   7   3   5   -0.0003555398
1   7   3   8   -0.0032946169
1   7   4   6   0.0012557309
1   7   4   7   -0.0007438954
1   7   5   6   -0.0007438954
1   7   5   7   -0.0012557309
1   7   6   5   0.0025073068
1   7   6   8   0.0037573996
1   8   1   5   -0.0005700490
1   8   1   8   0.0011666466
1   8   2   5   -0.0000001440
1   8   2   8   0.0000001008
1   8   3   5   -0.0000003702
1   8   3   8   -0.0000012796
1   8   4   6   -0.0000076580
1   8   4   7   0.0000045366
1   8   5   6   0.0000045366
1   8   5   7   0.0000076580
1   8   6   5   0.0000073888
1   8   6   8   -0.0000146870
1   9   1   5   -0.0030889583
1   9   1   8   -0.0230127816
1   9   2   5   -0.0000000732
1   9   2   8   -0.0000001744
1   9   3   5   0.0000443260
1   9   3   8   0.0005111658
1   9   4   6   0.0012007967
1   9   4   7   -0.0007113524
1   9   5   6   -0.0007113524
1   9   5   7   -0.0012007967
1   9   6   5   0.0023998358
1   9   6   8   0.0037260201
1   10   1   6   0.0201865213
1   10   1   7   -0.0119585017
1   10   2   6   -0.0000000057
1   10   2   7   0.0000000034
1   10   3   6   0.0001403222
1   10   3   7   -0.0000831269
1   10   4   5   -0.0001184986
1   10   4   8   -0.0010082485
1   10   6   6   0.0000444795
1   10   6   7   -0.0000263497
1   11   1   6   -0.0119585017
1   11   1   7   -0.0201865213
1   11   2   6   0.0000000034
1   11   2   7   0.0000000057
1   11   3   6   -0.0000831269
1   11   3   7   -0.0001403222
1   11   5   5   -0.0001184986
1   11   5   8   -0.0010082485
1   11   6   6   -0.0000263497
1   11   6   7   -0.0000444795
1   12   1   5   0.0149885281
1   12   1   8   0.0462162986
1   12   2   5   0.0000000261
1   12   2   8   0.0000000456
1   12   3   5   0.0017564279
1   12   3   8   0.0010848028
1   12   4   6   0.0000777816
1   12   4   7   -0.0000460779
1   12   5   6   -0.0000460779
1   12   5   7   -0.0000777816
1   12   6   5   0.0000453656
1   12   6   8   -0.0007054102
2   7   1   5   -0.0000004875
2   7   1   8   -0.0000010425
2   7   2   5   -0.0000494067
2   7   2   8   -0.0000789074
2   7   3   5   -0.0000004188
2   7   3   8   -0.0000011333
2   7   4   6   0.0000000935
2   7   4   7   -0.0000000554
2   7   5   6   -0.0000000554
2   7   5   7   -0.0000000935
2   7   6   5   0.0000004292
2   7   6   8   0.0000001879
2   8   1   5   0.0000000278
2   8   1   8   0.0000001323
2   8   2   5   -0.1065076005
2   8   2   8   -0.0718668977
2   8   3   5   0.0000101594
2   8   3   8   0.0000017265
2   8   4   6   -0.0000138366
2   8   4   7   0.0000081968
2   8   5   6   0.0000081968
2   8   5   7   0.0000138366
2   8   6   5   -0.0009196918
2   8   6   8   -0.0007254980
2   9   1   5   -0.0000004220
2   9   1   8   -0.0000009340
2   9   2   5   -0.0002542490
2   9   2   8   -0.0003829019
2   9   3   5   -0.0000022759
2   9   3   8   -0.0000055214
2   9   4   6   0.0000003970
2   9   4   7   -0.0000002352
2   9   5   6   -0.0000002352
2   9   5   7   -0.0000003970
2   9   6   5   0.0000009698
2   9   6   8   0.0000022171
2   10   1   6   0.0000000095
2   10   1   7   -0.0000000056
2   10   2   6   -0.0009260116
2   10   2   7   0.0005485696
2   10   3   6   0.0000009623
2   10   3   7   -0.0000005700
2   10   4   5   0.0000010359
2   10   4   8   -0.0000000675
2   10   6   6   -0.0000021132
2   10   6   7   0.0000012518
2   11   1   6   -0.0000000056
2   11   1   7   -0.0000000095
2   11   2   6   0.0005485696
2   11   2   7   0.0009260116
2   11   3   6   -0.0000005700
2   11   3   7   -0.0000009623
2   11   5   5   0.0000010359
2   11   5   8   -0.0000000675
2   11   6   6   0.0000012518
2   11   6   7   0.0000021132
2   12   1   5   -0.0000000173
2   12   1   8   0.0000001632
2   12   2   5   -0.0087088988
2   12   2   8   -0.0175204673
2   12   3   5   0.0000059504
2   12   3   8   0.0000012011
2   12   4   6   0.0000076774
2   12   4   7   -0.0000045481
2   12   5   6   -0.0000045481
2   12   5   7   -0.0000076774
2   12   6   5   -0.0000218773
2   12   6   8   -0.0000161009
3   7   1   5   -0.0004009639
3   7   1   8   -0.0035808923
3   7   2   5   -0.0000001116
3   7   2   8   -0.0000003100
3   7   3   5   0.0000375962
3   7   3   8   0.0006670534
3   7   4   6   0.0013520620
3   7   4   7   -0.0008009619
3   7   5   6   -0.0008009619
3   7   5   7   -0.0013520620
3   7   6   5   0.0028443411
3   7   6   8   0.0042093248
3   8   1   5   -0.0000005769
3   8   1   8   -0.0000013239
3   8   2   5   0.0000009323
3   8   2   8   -0.0000057715
3   8   3   5   -0.0005760140
3   8   3   8   0.0011587310
3   8   4   6   -0.0000849354
3   8   4   7   0.0000503158
3   8   5   6   0.0000503158
3   8   5   7   0.0000849354
3   8   6   5   0.0000849625
3   8   6   8   -0.0001708768
3   9   1   5   -0.0000066135
3   9   1   8   0.0002371599
3   9   2   5   -0.0000012274
3   9   2   8   -0.0000024994
3   9   3   5   -0.0021768226
3   9   3   8   -0.0145125194
3   9   4   6   0.0052370351
3   9   4   7   -0.0031024213
3   9   5   6   -0.0031024213
3   9   5   7   -0.0052370351
3   9   6   5   0.0116725915
3   9   6   8   0.0167251486
3   10   1   6   0.0003376058
3   10   1   7   -0.0001999978
3   10   2   6   0.0000009373
3   10   2   7   -0.0000005552
3   10   3   6   0.0166695760
3   10   3   7   -0.0098750622
3   10   4   5   -0.0004214582
3   10   4   8   -0.0030267731
3   10   6   6   0.0004943814
3   10   6   7   -0.0002928717
3   11   1   6   -0.0001999978
3   11   1   7   -0.0003376058
3   11   2   6   -0.0000005552
3   11   2   7   -0.0000009373
3   11   3   6   -0.0098750622
3   11   3   7   -0.0166695760
3   11   5   5   -0.0004214582
3   11   5   8   -0.0030267731
3   11   6   6   -0.0002928717
3   11   6   7   -0.0004943814
3   12   1   5   0.0025905167
3   12   1   8   0.0018567969
3   12   2   5   0.0000073675
3   12   2   8   0.0000019485
3   12   3   5   0.0260932211
3   12   3   8   0.0428889981
3   12   4   6   0.0005408606
3   12   4   7   -0.0003204060
3   12   5   6   -0.0003204060
3   12   5   7   -0.0005408606
3   12   6   5   0.0003236281
3   12   6   8   -0.0010968031
4   7   1   6   0.0015087923
4   7   1   7   -0.0008938091
4   7   2   6   0.0000000438
4   7   2   7   -0.0000000260
4   7   3   6   0.0014026931
4   7   3   7   -0.0008309558
4   7   4   5   0.0000454529
4   7   4   8   0.0003772626
4   7   6   6   0.0000176596
4   7   6   7   -0.0000104616
4   8   1   6   -0.0000067127
4   8   1   7   0.0000039766
4   8   2   6   -0.0000040325
4   8   2   7   0.0000023888
4   8   3   6   -0.0000814299
4   8   3   7   0.0000482391
4   8   4   5   -0.0005667587
4   8   4   8   0.0011408696
4   8   6   6   0.0000337973
4   8   6   7   -0.0000200215
4   9   1   6   0.0012737819
4   9   1   7   -0.0007545888
4   9   2   6   -0.0000001270
4   9   2   7   0.0000000752
4   9   3   6   0.0051480495
4   9   3   7   -0.0030497062
4   9   4   5   -0.0017981391
4   9   4   8   -0.0130128247
4   9   6   6   0.0000966832
4   9   6   7   -0.0000572751
4   10   1   5   -0.0000919684
4   10   1   8   -0.0009396082
4   10   2   5   0.0000027648
4   10   2   8   0.0000000956
4   10   3   5   -0.0004154620
4   10   3   8   -0.0029638695
4   10   4   6   0.0181166126
4   10   4   7   -0.0107322871
4   10   5   6   -0.0009468055
4   10   5   7   -0.0015982529
4   10   6   5   0.0047870042
4   10   6   8   0.0056655328
4   11   4   6   -0.0088352972
4   11   4   7   -0.0149144032
4   11   5   6   0.0016039565
4   11   5   7   -0.0009501844
4   11   6   5   -0.0000000000
4   12   1   6   0.0000739879
4   12   1   7   -0.0000438304
4   12   2   6   0.0000125300
4   12   2   7   -0.0000074228
4   12   3   6   0.0004169435
4   12   3   7   -0.0002469974
4   12   4   5   0.0234543479
4   12   4   8   0.0376929792
4   12   6   6   0.0016461110
4   12   6   7   -0.0009751567
5   7   1   6   -0.0008938091
5   7   1   7   -0.0015087923
5   7   2   6   -0.0000000260
5   7   2   7   -0.0000000438
5   7   3   6   -0.0008309558
5   7   3   7   -0.0014026931
5   7   5   5   0.0000454529
5   7   5   8   0.0003772626
5   7   6   6   -0.0000104616
5   7   6   7   -0.0000176596
5   8   1   6   0.0000039766
5   8   1   7   0.0000067127
5   8   2   6   0.0000023888
5   8   2   7   0.0000040325
5   8   3   6   0.0000482391
5   8   3   7   0.0000814299
5   8   5   5   -0.0005667587
5   8   5   8   0.0011408696
5   8   6   6   -0.0000200215
5   8   6   7   -0.0000337973
5   9   1   6   -0.0007545888
5   9   1   7   -0.0012737819
5   9   2   6   0.0000000752
5   9   2   7   0.0000001270
5   9   3   6   -0.0030497062
5   9   3   7   -0.0051480495
5   9   5   5   -0.0017981391
5   9   5   8   -0.0130128247
5   9   6   6   -0.0000572751
5   9   6   7   -0.0000966832
5   10   4   6   -0.0009501844
5   10   4   7   -0.0016039565
5   10   5   6   0.0149144032
5   10   5   7   -0.0088352972
5   10   6   5   0.0000000000
5   11   1   5   -0.0000919684
5   11   1   8   -0.0009396082
5   11   2   5   0.0000027648
5   11   2   8   0.0000000956
5   11   3   5   -0.0004154620
5   11   3   8   -0.0029638695
5   11   4   6   0.0015982529
5   11   4   7   -0.0009468055
5   11   5   6   -0.0107322871
5   11   5   7   -0.0181166126
5   11   6   5   0.0047870042
5   11   6   8   0.0056655328
5   12   1   6   -0.0000438304
5   12   1   7   -0.0000739879
5   12   2   6   -0.0000074228
5   12   2   7   -0.0000125300
5   12   3   6   -0.0002469974
5   12   3   7   -0.0004169435
5   12   5   5   0.0234543479
5   12   5   8   0.0376929792
5   12   6   6   -0.0009751567
5   12   6   7   -0.0016461110
6   7   1   5   0.0035640863
6   7   1   8   0.0048302908
6   7   2   5   0.0000000541
6   7   2   8   0.0000001367
6   7   3   5   0.0031637468
6   7   3   8   0.0045332479
6   7   4   6   0.0000186243
6   7   4   7   -0.0000110331
6   7   5   6   -0.0000110331
6   7   5   7   -0.0000186243
6   7   6   5   0.0001001009
6   7   6   8   0.0004361172
6   8   1   5   0.0000060624
6   8   1   8   -0.0000127831
6   8   2   5   -0.0009511623
6   8   2   8   -0.0007572820
6   8   3   5   0.0000852027
6   8   3   8   -0.0001620824
6   8   4   6   0.0000348920
6   8   4   7   -0.0000206700
6   8   5   6   -0.0000206700
6   8   5   7   -0.0000348920
6   8   6   5   -0.0006796099
6   8   6   8   0.0012417916
6   9   1   5   0.0029037654
6   9   1   8   0.0041725035
6   9   2   5   0.0000041841
6   9   2   8   0.0000048370
6   9   3   5   0.0114377377
6   9   3   8   0.0166751776
6   9   4   6   0.0001189643
6   9   4   7   -0.0000704745
6   9   5   6   -0.0000704745
6   9   5   7   -0.0001189643
6   9   6   5   -0.0015994774
6   9   6   8   -0.0122143210
6   10   1   6   0.0000447018
6   10   1   7   -0.0000264814
6   10   2   6   -0.0000019146
6   10   2   7   0.0000011342
6   10   3   6   0.0003657232
6   10   3   7   -0.0002166545
6   10   4   5   0.0043589602
6   10   4   8   0.0054921170
6   10   6   6   0.0145880142
6   10   6   7   -0.0086419442
6   11   1   6   -0.0000264814
6   11   1   7   -0.0000447018
6   11   2   6   0.0000011342
6   11   2   7   0.0000019146
6   11   3   6   -0.0002166545
6   11   3   7   -0.0003657232
6   11   5   5   0.0043589602
6   11   5   8   0.0054921170
6   11   6   6   -0.0086419442
6   11   6   7   -0.0145880142
6   12   1   5   0.0000970369
6   12   1   8   -0.0006185002
6   12   2   5   -0.0000309107
6   12   2   8   -0.0000293700
6   12   3   5   -0.0003456052
6   12   3   8   -0.0016794693
6   12   4   6   0.0015833426
6   12   4   7   -0.0009379727
6   12   5   6   -0.0009379727
6   12   5   7   -0.0015833426
6   12   6   5   0.0351385278
6   12   6   8   0.0497883470

End IJKA Block
Begin IABC Block
1   5   1   5   -0.0000317220
1   5   1   8   -0.0000201686
1   5   2   6   -0.0000055151
1   5   3   7   -0.0000055151
1   5   4   5   -0.0000482121
1   5   4   8   -0.0000287680
1   6   1   6   -0.0000296620
1   6   2   5   -0.0000055801
1   6   2   8   -0.0000080810
1   6   4   6   -0.0000477060
1   7   1   7   -0.0000296620
1   7   3   5   -0.0000055801
1   7   3   8   -0.0000080810
1   7   4   7   -0.0000477060
1   8   1   5   -0.0000188371
1   8   1   8   -0.0000617872
1   8   2   6   -0.0000079333
1   8   3   7   -0.0000079333
1   8   4   5   -0.0000276555
1   8   4   8   -0.0000914974
2   5   1   5   -0.0007576108
2   5   1   8   -0.0019847359
2   5   2   6   0.0033538299
2   5   3   7   0.0033538299
2   5   4   5   -0.0035059725
2   5   4   8   0.0012820168
2   6   1   6   -0.0003261731
2   6   2   5   0.0033773754
2   6   2   8   0.0016609955
2   6   4   6   -0.0007579992
2   7   1   7   -0.0003261731
2   7   3   5   0.0033773754
2   7   3   8   0.0016609955
2   7   4   7   -0.0007579992
2   8   1   5   -0.0019999758
2   8   1   8   -0.0019901514
2   8   2   6   0.0016487376
2   8   3   7   0.0016487376
2   8   4   5   0.0013020791
2   8   4   8   0.0007100198
3   5   1   5   -0.0001428044
3   5   1   8   -0.0001344984
3   5   2   6   0.0000079846
3   5   3   7   0.0000079846
3   5   4   5   -0.0004229916
3   5   4   8   -0.0002215334
3   6   1   6   -0.0001573258
3   6   2   5   0.0000064883
3   6   2   8   0.0000119272
3   6   4   6   -0.0002659183
3   7   1   7   -0.0001573258
3   7   3   5   0.0000064883
3   7   3   8   0.0000119272
3   7   4   7   -0.0002659183
3   8   1   5   -0.0001439554
3   8   1   8   -0.0002751836
3   8   2   6   0.0000141181
3   8   3   7   0.0000141181
3   8   4   5   -0.0002304327
3   8   4   8   -0.0006670821
4   5   1   6   -0.0002600937
4   5   1   7   0.0001540796
4   5   2   5   -0.0005240221
4   5   2   8   0.0000328821
4   5   3   5   0.0003104309
4   5   3   8   -0.0000194794
4   5   4   6   -0.0007782655
4   5   4   7   0.0004610447
4   6   1   5   -0.0002564180
4   6   1   8   -0.0002878779
4   6   2   6   -0.0008753482
4   6   2   7   0.0000964877
4   6   3   6   0.0003254136
4   6   3   7   -0.0001631587
4   6   4   5   -0.0007814225
4   6   4   8   -0.0005886391
4   7   1   5   0.0001519021
4   7   1   8   0.0001705390
4   7   2   6   0.0000966552
4   7   2   7   -0.0005493138
4   7   3   6   -0.0001628758
4   7   3   7   0.0005185566
4   7   4   5   0.0004629149
4   7   4   8   0.0003487100
4   8   1   6   -0.0002897382
4   8   1   7   0.0001716410
4   8   2   5   0.0000245936
4   8   2   8   -0.0001649005
4   8   3   5   -0.0000145693
4   8   3   8   0.0000976871
4   8   4   6   -0.0005897168
4   8   4   7   0.0003493484
5   5   1   6   0.0001540796
5   5   1   7   0.0002600937
5   5   2   5   0.0003104309
5   5   2   8   -0.0000194794
5   5   3   5   0.0005240221
5   5   3   8   -0.0000328821
5   5   4   6   0.0004610447
5   5   4   7   0.0007782655
5   6   1   5   0.0001519021
5   6   1   8   0.0001705390
5   6   2   6   0.0005185566
5   6   2   7   0.0001628758
5   6   3   6   0.0005493138
5   6   3   7   0.0000966552
5   6   4   5   0.0004629149
5   6   4   8   0.0003487100
5   7   1   5   0.0002564180
5   7   1   8   0.0002878779
5   7   2   6   0.0001631587
5   7   2   7   0.0003254136
5   7   3   6   0.0000964877
5   7   3   7   0.0008753482
5   7   4   5   0.0007814225
5   7   4   8   0.0005886391
5   8   1   6   0.0001716410
5   8   1   7   0.0002897382
5   8   2   5   -0.0000145693
5   8   2   8   0.0000976871
5   8   3   5   -0.0000245936
5   8   3   8   0.0001649005
5   8   4   6   0.0003493484
5   8   4   7   0.0005897168
6   5   1   5   -0.0043589821
6   5   1   8   0.0000001907
6   5   2   6   -0.0017899144
6   5   3   7   -0.0017899144
6   5   4   5   -0.0066360764
6   5   4   8   -0.0036632423
6   6   1   6   -0.0034799143
6   6   2   5   -0.0017958271
6   6   2   8   -0.0012222925
6   6   4   6   -0.0066335242
6   7   1   7   -0.0034799143
6   7   3   5   -0.0017958271
6   7   3   8   -0.0012222925
6   7   4   7   -0.0066335242
6   8   1   5   0.0000071411
6   8   1   8   -0.0036915912
6   8   2   6   -0.0012224285
6   8   3   7   -0.0012224285
6   8   4   5   -0.0037545828
6   8   4   8   -0.0083933689

End IABC Block
