Begin IJ Block
1   1   -40.8150451604
1   2   0.0000090980
1   3   0.7525617811
1   6   0.0138743558
2   2   -5.6380436230
2   3   0.0001296795
2   6   -0.0095703664
3   3   -9.2122295539
3   6   -0.0341012888
4   4   -8.1027469005
4   5   0.0000000000
5   5   -8.1027469005
6   6   -7.8825796378

End IJ Block
Begin IA Block
1   1   -0.0032476853
2   1   0.1096055284
3   1   0.0250371764
4   2   0.1100693701
4   3   -0.2169803279
5   2   0.2169803279
5   3   0.1100693701
6   1   -0.3967971754

End IA Block
Begin AB Block
1   1   -1.7343724526
2   2   -1.5675058353
3   3   -1.5675058353

End AB Block
Begin IJKL Block
1   7   1   7   5.3561168281
1   7   1   8   -0.0000051268
1   7   1   9   -0.5333607261
1   7   1   12   -0.0095745856
1   7   2   7   -0.0000051268
1   7   2   8   0.0000000001
1   7   2   9   0.0000006867
1   7   2   12   -0.0000008095
1   7   3   7   -0.5333607261
1   7   3   8   0.0000006867
1   7   3   9   0.0860713450
1   7   3   12   0.0015414608
1   7   4   10   0.0361344637
1   7   5   11   0.0361344637
1   7   6   7   -0.0095745856
1   7   6   8   -0.0000008095
1   7   6   9   0.0015414608
1   7   6   12   0.0340407949
1   8   1   7   -0.0000051268
1   8   1   8   0.1326735947
1   8   1   9   0.0000186286
1   8   1   12   -0.0001570019
1   8   2   7   0.0000000001
1   8   2   8   0.0000008234
1   8   2   9   -0.0000000006
1   8   2   12   0.0000000039
1   8   3   7   0.0000006867
1   8   3   8   0.0000009931
1   8   3   9   -0.0000001627
1   8   3   12   0.0000003575
1   8   4   10   0.0000005847
1   8   5   11   0.0000005847
1   8   6   7   -0.0000008095
1   8   6   8   -0.0008950491
1   8   6   9   -0.0000019448
1   8   6   12   0.0000022770
1   9   1   7   -0.5333607261
1   9   1   8   0.0000186286
1   9   1   9   1.2641540144
1   9   1   12   0.0130851064
1   9   2   7   0.0000006867
1   9   2   8   -0.0000000006
1   9   2   9   -0.0000002002
1   9   2   12   -0.0000013200
1   9   3   7   0.0860713450
1   9   3   8   -0.0000001627
1   9   3   9   -0.0231938018
1   9   3   12   -0.0004544759
1   9   4   10   0.0374417218
1   9   5   11   0.0374417218
1   9   6   7   0.0015414608
1   9   6   8   -0.0000019448
1   9   6   9   -0.0005290044
1   9   6   12   0.0354704451
1   10   1   10   1.1696698680
1   10   2   10   -0.0000002070
1   10   3   10   -0.0145547238
1   10   3   11   0.0000000000
1   10   4   7   0.0361344637
1   10   4   8   0.0000005847
1   10   4   9   0.0374417218
1   10   4   12   0.0005285506
1   10   6   10   -0.0003350085
1   11   1   11   1.1696698680
1   11   2   11   -0.0000002070
1   11   3   10   0.0000000000
1   11   3   11   -0.0145547238
1   11   5   7   0.0361344637
1   11   5   8   0.0000005847
1   11   5   9   0.0374417218
1   11   5   12   0.0005285506
1   11   6   11   -0.0003350085
1   12   1   7   -0.0095745856
1   12   1   8   -0.0001570019
1   12   1   9   0.0130851064
1   12   1   12   1.1257701363
1   12   2   7   -0.0000008095
1   12   2   8   0.0000000039
1   12   2   9   -0.0000013200
1   12   2   12   -0.0000001413
1   12   3   7   0.0015414608
1   12   3   8   0.0000003575
1   12   3   9   -0.0004544759
1   12   3   12   -0.0137182279
1   12   4   10   0.0005285506
1   12   5   11   0.0005285506
1   12   6   7   0.0340407949
1   12   6   8   0.0000022770
1   12   6   9   0.0354704451
1   12   6   12   0.0004910000
2   7   1   7   -0.0000051268
2   7   1   8   0.0000000001
2   7   1   9   0.0000006867
2   7   1   12   -0.0000008095
2   7   2   7   0.1326735947
2   7   2   8   0.0000008234
2   7   2   9   0.0000009931
2   7   2   12   -0.0008950491
2   7   3   7   0.0000186286
2   7   3   8   -0.0000000006
2   7   3   9   -0.0000001627
2   7   3   12   -0.0000019448
2   7   4   10   0.0000005847
2   7   5   11   0.0000005847
2   7   6   7   -0.0001570019
2   7   6   8   0.0000000039
2   7   6   9   0.0000003575
2   7   6   12   0.0000022770
2   8   1   7   0.0000000001
2   8   1   8   0.0000008234
2   8   1   9   -0.0000000006
2   8   1   12   0.0000000039
2   8   2   7   0.0000008234
2   8   2   8   1.6516147162
2   8   2   9   -0.0002276112
2   8   2   12   0.0108619498
2   8   3   7   -0.0000000006
2   8   3   8   -0.0002276112
2   8   3   9   0.0000000546
2   8   3   12   -0.0000021301
2   8   4   10   0.0000002273
2   8   5   11   0.0000002273
2   8   6   7   0.0000000039
2   8   6   8   0.0108619498
2   8   6   9   -0.0000021301
2   8   6   12   0.0001145304
2   9   1   7   0.0000006867
2   9   1   8   -0.0000000006
2   9   1   9   -0.0000002002
2   9   1   12   -0.0000013200
2   9   2   7   0.0000009931
2   9   2   8   -0.0002276112
2   9   2   9   0.1327944584
2   9   2   12   -0.0110034367
2   9   3   7   -0.0000001627
2   9   3   8   0.0000000546
2   9   3   9   0.0000139071
2   9   3   12   -0.0000081073
2   9   4   10   0.0000035187
2   9   5   11   0.0000035187
2   9   6   7   0.0000003575
2   9   6   8   -0.0000021301
2   9   6   9   -0.0001437792
2   9   6   12   0.0000232537
2   10   1   10   -0.0000002070
2   10   2   10   0.1320275161
2   10   3   10   0.0000128289
2   10   4   7   0.0000005847
2   10   4   8   0.0000002273
2   10   4   9   0.0000035187
2   10   4   12   -0.0000024325
2   10   6   10   -0.0001378954
2   11   1   11   -0.0000002070
2   11   2   11   0.1320275161
2   11   3   11   0.0000128289
2   11   5   7   0.0000005847
2   11   5   8   0.0000002273
2   11   5   9   0.0000035187
2   11   5   12   -0.0000024325
2   11   6   11   -0.0001378954
2   12   1   7   -0.0000008095
2   12   1   8   0.0000000039
2   12   1   9   -0.0000013200
2   12   1   12   -0.0000001413
2   12   2   7   -0.0008950491
2   12   2   8   0.0108619498
2   12   2   9   -0.0110034367
2   12   2   12   0.1387775109
2   12   3   7   -0.0000019448
2   12   3   8   -0.0000021301
2   12   3   9   -0.0000081073
2   12   3   12   0.0000132148
2   12   4   10   -0.0000024325
2   12   5   11   -0.0000024325
2   12   6   7   0.0000022770
2   12   6   8   0.0001145304
2   12   6   9   0.0000232537
2   12   6   12   -0.0001522215
3   7   1   7   -0.5333607261
3   7   1   8   0.0000006867
3   7   1   9   0.0860713450
3   7   1   12   0.0015414608
3   7   2   7   0.0000186286
3   7   2   8   -0.0000000006
3   7   2   9   -0.0000001627
3   7   2   12   -0.0000019448
3   7   3   7   1.2641540144
3   7   3   8   -0.0000002002
3   7   3   9   -0.0231938018
3   7   3   12   -0.0005290044
3   7   4   10   0.0374417218
3   7   5   11   0.0374417218
3   7   6   7   0.0130851064
3   7   6   8   -0.0000013200
3   7   6   9   -0.0004544759
3   7   6   12   0.0354704451
3   8   1   7   0.0000006867
3   8   1   8   0.0000009931
3   8   1   9   -0.0000001627
3   8   1   12   0.0000003575
3   8   2   7   -0.0000000006
3   8   2   8   -0.0002276112
3   8   2   9   0.0000000546
3   8   2   12   -0.0000021301
3   8   3   7   -0.0000002002
3   8   3   8   0.1327944584
3   8   3   9   0.0000139071
3   8   3   12   -0.0001437792
3   8   4   10   0.0000035187
3   8   5   11   0.0000035187
3   8   6   7   -0.0000013200
3   8   6   8   -0.0110034367
3   8   6   9   -0.0000081073
3   8   6   12   0.0000232537
3   9   1   7   0.0860713450
3   9   1   8   -0.0000001627
3   9   1   9   -0.0231938018
3   9   1   12   -0.0004544759
3   9   2   7   -0.0000001627
3   9   2   8   0.0000000546
3   9   2   9   0.0000139071
3   9   2   12   -0.0000081073
3   9   3   7   -0.0231938018
3   9   3   8   0.0000139071
3   9   3   9   0.8834304429
3   9   3   12   0.0058663796
3   9   4   10   0.1658850084
3   9   5   11   0.1658850084
3   9   6   7   -0.0004544759
3   9   6   8   -0.0000081073
3   9   6   9   0.0058663796
3   9   6   12   0.1592639255
3   10   1   10   -0.0145547238
3   10   1   11   0.0000000000
3   10   2   10   0.0000128289
3   10   3   10   0.8297345836
3   10   4   7   0.0374417218
3   10   4   8   0.0000035187
3   10   4   9   0.1658850084
3   10   4   12   0.0013729461
3   10   6   10   0.0055848748
3   11   1   10   0.0000000000
3   11   1   11   -0.0145547238
3   11   2   11   0.0000128289
3   11   3   11   0.8297345836
3   11   5   7   0.0374417218
3   11   5   8   0.0000035187
3   11   5   9   0.1658850084
3   11   5   12   0.0013729461
3   11   6   11   0.0055848748
3   12   1   7   0.0015414608
3   12   1   8   0.0000003575
3   12   1   9   -0.0004544759
3   12   1   12   -0.0137182279
3   12   2   7   -0.0000019448
3   12   2   8   -0.0000021301
3   12   2   9   -0.0000081073
3   12   2   12   0.0000132148
3   12   3   7   -0.0005290044
3   12   3   8   -0.0001437792
3   12   3   9   0.0058663796
3   12   3   12   0.8044684836
3   12   4   10   0.0013729461
3   12   5   11   0.0013729461
3   12   6   7   0.0354704451
3   12   6   8   0.0000232537
3   12   6   9   0.1592639255
3   12   6   12   0.0060172934
4   7   1   10   0.0361344637
4   7   2   10   0.0000005847
4   7   3   10   0.0374417218
4   7   4   7   1.1696698680
4   7   4   8   -0.0000002070
4   7   4   9   -0.0145547238
4   7   4   12   -0.0003350085
4   7   5   9   0.0000000000
4   7   6   10   0.0005285506
4   8   1   10   0.0000005847
4   8   2   10   0.0000002273
4   8   3   10   0.0000035187
4   8   4   7   -0.0000002070
4   8   4   8   0.1320275161
4   8   4   9   0.0000128289
4   8   4   12   -0.0001378954
4   8   6   10   -0.0000024325
4   9   1   10   0.0374417218
4   9   2   10   0.0000035187
4   9   3   10   0.1658850084
4   9   4   7   -0.0145547238
4   9   4   8   0.0000128289
4   9   4   9   0.8297345836
4   9   4   12   0.0055848748
4   9   5   7   0.0000000000
4   9   6   10   0.0013729461
4   10   1   7   0.0361344637
4   10   1   8   0.0000005847
4   10   1   9   0.0374417218
4   10   1   12   0.0005285506
4   10   2   7   0.0000005847
4   10   2   8   0.0000002273
4   10   2   9   0.0000035187
4   10   2   12   -0.0000024325
4   10   3   7   0.0374417218
4   10   3   8   0.0000035187
4   10   3   9   0.1658850084
4   10   3   12   0.0013729461
4   10   4   10   0.8396351566
4   10   4   11   -0.0000000000
4   10   5   10   -0.0000000000
4   10   5   11   0.0408225443
4   10   6   7   0.0005285506
4   10   6   8   -0.0000024325
4   10   6   9   0.0013729461
4   10   6   12   0.0392642042
4   11   4   10   -0.0000000000
4   11   4   11   0.7579900679
4   11   5   10   0.0408225443
4   11   5   11   -0.0000000000
4   12   1   10   0.0005285506
4   12   2   10   -0.0000024325
4   12   3   10   0.0013729461
4   12   4   7   -0.0003350085
4   12   4   8   -0.0001378954
4   12   4   9   0.0055848748
4   12   4   12   0.7357422892
4   12   5   12   -0.0000000000
4   12   6   10   0.0392642042
5   7   1   11   0.0361344637
5   7   2   11   0.0000005847
5   7   3   11   0.0374417218
5   7   4   9   0.0000000000
5   7   5   7   1.1696698680
5   7   5   8   -0.0000002070
5   7   5   9   -0.0145547238
5   7   5   12   -0.0003350085
5   7   6   11   0.0005285506
5   8   1   11   0.0000005847
5   8   2   11   0.0000002273
5   8   3   11   0.0000035187
5   8   5   7   -0.0000002070
5   8   5   8   0.1320275161
5   8   5   9   0.0000128289
5   8   5   12   -0.0001378954
5   8   6   11   -0.0000024325
5   9   1   11   0.0374417218
5   9   2   11   0.0000035187
5   9   3   11   0.1658850084
5   9   4   7   0.0000000000
5   9   5   7   -0.0145547238
5   9   5   8   0.0000128289
5   9   5   9   0.8297345836
5   9   5   12   0.0055848748
5   9   6   11   0.0013729461
5   10   4   10   -0.0000000000
5   10   4   11   0.0408225443
5   10   5   10   0.7579900679
5   10   5   11   -0.0000000000
5   11   1   7   0.0361344637
5   11   1   8   0.0000005847
5   11   1   9   0.0374417218
5   11   1   12   0.0005285506
5   11   2   7   0.0000005847
5   11   2   8   0.0000002273
5   11   2   9   0.0000035187
5   11   2   12   -0.0000024325
5   11   3   7   0.0374417218
5   11   3   8   0.0000035187
5   11   3   9   0.1658850084
5   11   3   12   0.0013729461
5   11   4   10   0.0408225443
5   11   4   11   -0.0000000000
5   11   5   10   -0.0000000000
5   11   5   11   0.8396351566
5   11   6   7   0.0005285506
5   11   6   8   -0.0000024325
5   11   6   9   0.0013729461
5   11   6   12   0.0392642042
5   12   1   11   0.0005285506
5   12   2   11   -0.0000024325
5   12   3   11   0.0013729461
5   12   4   12   -0.0000000000
5   12   5   7   -0.0003350085
5   12   5   8   -0.0001378954
5   12   5   9   0.0055848748
5   12   5   12   0.7357422892
5   12   6   11   0.0392642042
6   7   1   7   -0.0095745856
6   7   1   8   -0.0000008095
6   7   1   9   0.0015414608
6   7   1   12   0.0340407949
6   7   2   7   -0.0001570019
6   7   2   8   0.0000000039
6   7   2   9   0.0000003575
6   7   2   12   0.0000022770
6   7   3   7   0.0130851064
6   7   3   8   -0.0000013200
6   7   3   9   -0.0004544759
6   7   3   12   0.0354704451
6   7   4   10   0.0005285506
6   7   5   11   0.0005285506
6   7   6   7   1.1257701363
6   7   6   8   -0.0000001413
6   7   6   9   -0.0137182279
6   7   6   12   0.0004910000
6   8   1   7   -0.0000008095
6   8   1   8   -0.0008950491
6   8   1   9   -0.0000019448
6   8   1   12   0.0000022770
6   8   2   7   0.0000000039
6   8   2   8   0.0108619498
6   8   2   9   -0.0000021301
6   8   2   12   0.0001145304
6   8   3   7   -0.0000013200
6   8   3   8   -0.0110034367
6   8   3   9   -0.0000081073
6   8   3   12   0.0000232537
6   8   4   10   -0.0000024325
6   8   5   11   -0.0000024325
6   8   6   7   -0.0000001413
6   8   6   8   0.1387775109
6   8   6   9   0.0000132148
6   8   6   12   -0.0001522215
6   9   1   7   0.0015414608
6   9   1   8   -0.0000019448
6   9   1   9   -0.0005290044
6   9   1   12   0.0354704451
6   9   2   7   0.0000003575
6   9   2   8   -0.0000021301
6   9   2   9   -0.0001437792
6   9   2   12   0.0000232537
6   9   3   7   -0.0004544759
6   9   3   8   -0.0000081073
6   9   3   9   0.0058663796
6   9   3   12   0.1592639255
6   9   4   10   0.0013729461
6   9   5   11   0.0013729461
6   9   6   7   -0.0137182279
6   9   6   8   0.0000132148
6   9   6   9   0.8044684836
6   9   6   12   0.0060172934
6   10   1   10   -0.0003350085
6   10   2   10   -0.0001378954
6   10   3   10   0.0055848748
6   10   4   7   0.0005285506
6   10   4   8   -0.0000024325
6   10   4   9   0.0013729461
6   10   4   12   0.0392642042
6   10   6   10   0.7357422892
6   10   6   11   -0.0000000000
6   11   1   11   -0.0003350085
6   11   2   11   -0.0001378954
6   11   3   11   0.0055848748
6   11   5   7   0.0005285506
6   11   5   8   -0.0000024325
6   11   5   9   0.0013729461
6   11   5   12   0.0392642042
6   11   6   10   -0.0000000000
6   11   6   11   0.7357422892
6   12   1   7   0.0340407949
6   12   1   8   0.0000022770
6   12   1   9   0.0354704451
6   12   1   12   0.0004910000
6   12   2   7   0.0000022770
6   12   2   8   0.0001145304
6   12   2   9   0.0000232537
6   12   2   12   -0.0001522215
6   12   3   7   0.0354704451
6   12   3   8   0.0000232537
6   12   3   9   0.1592639255
6   12   3   12   0.0060172934
6   12   4   10   0.0392642042
6   12   5   11   0.0392642042
6   12   6   7   0.0004910000
6   12   6   8   -0.0001522215
6   12   6   9   0.0060172934
6   12   6   12   0.7906207334

End IJKL Block
Begin IJAB Block
1   7   1   4   0.0001831846
1   7   2   5   0.0000689511
1   7   3   6   0.0000689511
1   8   1   4   0.0000006901
1   8   2   5   -0.0000004461
1   8   3   6   -0.0000004461
1   9   1   4   0.0001847792
1   9   2   5   0.0000667504
1   9   3   6   0.0000667504
1   10   1   5   -0.0000030163
1   10   1   6   0.0000059460
1   10   2   4   0.0000029101
1   10   3   4   -0.0000057368
1   11   1   5   -0.0000059460
1   11   1   6   -0.0000030163
1   11   2   4   0.0000057368
1   11   3   4   0.0000029101
1   12   1   4   0.0000026961
1   12   2   5   0.0000043473
1   12   3   6   0.0000043473
2   7   1   4   0.0000006901
2   7   2   5   -0.0000004461
2   7   3   6   -0.0000004461
2   8   1   4   0.0103402668
2   8   2   5   0.0019477520
2   8   3   6   0.0019477520
2   9   1   4   0.0000004141
2   9   2   5   0.0000044461
2   9   3   6   0.0000044461
2   10   1   5   -0.0000001965
2   10   1   6   0.0000003873
2   10   2   4   0.0000237609
2   10   3   4   -0.0000468400
2   11   1   5   -0.0000003873
2   11   1   6   -0.0000001965
2   11   2   4   0.0000468400
2   11   3   4   0.0000237609
2   12   1   4   0.0001736030
2   12   2   5   -0.0002673616
2   12   3   6   -0.0002673616
3   7   1   4   0.0001847792
3   7   2   5   0.0000667504
3   7   3   6   0.0000667504
3   8   1   4   0.0000004141
3   8   2   5   0.0000044461
3   8   3   6   0.0000044461
3   9   1   4   0.0008039034
3   9   2   5   0.0002669147
3   9   3   6   0.0002669147
3   10   1   5   0.0000272358
3   10   1   6   -0.0000536901
3   10   2   4   0.0000086096
3   10   3   4   -0.0000169722
3   11   1   5   0.0000536901
3   11   1   6   0.0000272358
3   11   2   4   0.0000169722
3   11   3   4   0.0000086096
3   12   1   4   -0.0001315263
3   12   2   5   0.0000144274
3   12   3   6   0.0000144274
4   7   1   5   0.0000029101
4   7   1   6   -0.0000057368
4   7   2   4   -0.0000030163
4   7   3   4   0.0000059460
4   8   1   5   0.0000237609
4   8   1   6   -0.0000468400
4   8   2   4   -0.0000001965
4   8   3   4   0.0000003873
4   9   1   5   0.0000086096
4   9   1   6   -0.0000169722
4   9   2   4   0.0000272358
4   9   3   4   -0.0000536901
4   10   1   4   0.0002138182
4   10   2   5   0.0002847099
4   10   2   6   -0.0004115268
4   10   3   5   -0.0004115268
4   10   3   6   0.0008871963
4   11   2   5   0.0004115268
4   11   2   6   0.0001328072
4   11   3   5   -0.0007352936
4   11   3   6   -0.0004115268
4   12   1   5   -0.0000755009
4   12   1   6   0.0001488353
4   12   2   4   -0.0007539494
4   12   3   4   0.0014862644
5   7   1   5   0.0000057368
5   7   1   6   0.0000029101
5   7   2   4   -0.0000059460
5   7   3   4   -0.0000030163
5   8   1   5   0.0000468400
5   8   1   6   0.0000237609
5   8   2   4   -0.0000003873
5   8   3   4   -0.0000001965
5   9   1   5   0.0000169722
5   9   1   6   0.0000086096
5   9   2   4   0.0000536901
5   9   3   4   0.0000272358
5   10   2   5   0.0004115268
5   10   2   6   -0.0007352936
5   10   3   5   0.0001328072
5   10   3   6   -0.0004115268
5   11   1   4   0.0002138182
5   11   2   5   0.0008871963
5   11   2   6   0.0004115268
5   11   3   5   0.0004115268
5   11   3   6   0.0002847099
5   12   1   5   -0.0001488353
5   12   1   6   -0.0000755009
5   12   2   4   -0.0014862644
5   12   3   4   -0.0007539494
6   7   1   4   0.0000026961
6   7   2   5   0.0000043473
6   7   3   6   0.0000043473
6   8   1   4   0.0001736030
6   8   2   5   -0.0002673616
6   8   3   6   -0.0002673616
6   9   1   4   -0.0001315263
6   9   2   5   0.0000144274
6   9   3   6   0.0000144274
6   10   1   5   -0.0007539494
6   10   1   6   0.0014862644
6   10   2   4   -0.0000755009
6   10   3   4   0.0001488353
6   11   1   5   -0.0014862644
6   11   1   6   -0.0007539494
6   11   2   4   -0.0001488353
6   11   3   4   -0.0000755009
6   12   1   4   0.0034785833
6   12   2   5   0.0003275746
6   12   3   6   0.0003275746

End IJAB Block
Begin ABCD Block
1   4   1   4   0.2350640291
1   4   2   5   0.0371995153
1   4   3   6   0.0371995153
1   5   1   5   0.1884719229
1   5   2   4   0.0371995153
1   6   1   6   0.1884719229
1   6   3   4   0.0371995153
2   4   1   5   0.0371995153
2   4   2   4   0.1884719229
2   5   1   4   0.0371995153
2   5   2   5   0.1777978753
2   5   3   6   0.0094984733
2   6   2   6   0.1588009286
2   6   3   5   0.0094984733
3   4   1   6   0.0371995153
3   4   3   4   0.1884719229
3   5   2   6   0.0094984733
3   5   3   5   0.1588009286
3   6   1   4   0.0371995153
3   6   2   5   0.0094984733
3   6   3   6   0.1777978753

End ABCD Block
Begin AIJB Block
1   7   1   4   0.0001831846
1   7   2   4   0.0000006901
1   7   3   4   0.0001847792
1   7   4   5   0.0000029101
1   7   4   6   -0.0000057368
1   7   5   5   0.0000057368
1   7   5   6   0.0000029101
1   7   6   4   0.0000026961
1   8   1   4   0.0000006901
1   8   2   4   0.0103402668
1   8   3   4   0.0000004141
1   8   4   5   0.0000237609
1   8   4   6   -0.0000468400
1   8   5   5   0.0000468400
1   8   5   6   0.0000237609
1   8   6   4   0.0001736030
1   9   1   4   0.0001847792
1   9   2   4   0.0000004141
1   9   3   4   0.0008039034
1   9   4   5   0.0000086096
1   9   4   6   -0.0000169722
1   9   5   5   0.0000169722
1   9   5   6   0.0000086096
1   9   6   4   -0.0001315263
1   10   1   5   -0.0000030163
1   10   1   6   0.0000059460
1   10   2   5   -0.0000001965
1   10   2   6   0.0000003873
1   10   3   5   0.0000272358
1   10   3   6   -0.0000536901
1   10   4   4   0.0002138182
1   10   6   5   -0.0007539494
1   10   6   6   0.0014862644
1   11   1   5   -0.0000059460
1   11   1   6   -0.0000030163
1   11   2   5   -0.0000003873
1   11   2   6   -0.0000001965
1   11   3   5   0.0000536901
1   11   3   6   0.0000272358
1   11   5   4   0.0002138182
1   11   6   5   -0.0014862644
1   11   6   6   -0.0007539494
1   12   1   4   0.0000026961
1   12   2   4   0.0001736030
1   12   3   4   -0.0001315263
1   12   4   5   -0.0000755009
1   12   4   6   0.0001488353
1   12   5   5   -0.0001488353
1   12   5   6   -0.0000755009
1   12   6   4   0.0034785833
2   7   1   5   0.0000689511
2   7   2   5   -0.0000004461
2   7   3   5   0.0000667504
2   7   4   4   -0.0000030163
2   7   5   4   -0.0000059460
2   7   6   5   0.0000043473
2   8   1   5   -0.0000004461
2   8   2   5   0.0019477520
2   8   3   5   0.0000044461
2   8   4   4   -0.0000001965
2   8   5   4   -0.0000003873
2   8   6   5   -0.0002673616
2   9   1   5   0.0000667504
2   9   2   5   0.0000044461
2   9   3   5   0.0002669147
2   9   4   4   0.0000272358
2   9   5   4   0.0000536901
2   9   6   5   0.0000144274
2   10   1   4   0.0000029101
2   10   2   4   0.0000237609
2   10   3   4   0.0000086096
2   10   4   5   0.0002847099
2   10   4   6   -0.0004115268
2   10   5   5   0.0004115268
2   10   5   6   -0.0007352936
2   10   6   4   -0.0000755009
2   11   1   4   0.0000057368
2   11   2   4   0.0000468400
2   11   3   4   0.0000169722
2   11   4   5   0.0004115268
2   11   4   6   0.0001328072
2   11   5   5   0.0008871963
2   11   5   6   0.0004115268
2   11   6   4   -0.0001488353
2   12   1   5   0.0000043473
2   12   2   5   -0.0002673616
2   12   3   5   0.0000144274
2   12   4   4   -0.0007539494
2   12   5   4   -0.0014862644
2   12   6   5   0.0003275746
3   7   1   6   0.0000689511
3   7   2   6   -0.0000004461
3   7   3   6   0.0000667504
3   7   4   4   0.0000059460
3   7   5   4   -0.0000030163
3   7   6   6   0.0000043473
3   8   1   6   -0.0000004461
3   8   2   6   0.0019477520
3   8   3   6   0.0000044461
3   8   4   4   0.0000003873
3   8   5   4   -0.0000001965
3   8   6   6   -0.0002673616
3   9   1   6   0.0000667504
3   9   2   6   0.0000044461
3   9   3   6   0.0002669147
3   9   4   4   -0.0000536901
3   9   5   4   0.0000272358
3   9   6   6   0.0000144274
3   10   1   4   -0.0000057368
3   10   2   4   -0.0000468400
3   10   3   4   -0.0000169722
3   10   4   5   -0.0004115268
3   10   4   6   0.0008871963
3   10   5   5   0.0001328072
3   10   5   6   -0.0004115268
3   10   6   4   0.0001488353
3   11   1   4   0.0000029101
3   11   2   4   0.0000237609
3   11   3   4   0.0000086096
3   11   4   5   -0.0007352936
3   11   4   6   -0.0004115268
3   11   5   5   0.0004115268
3   11   5   6   0.0002847099
3   11   6   4   -0.0000755009
3   12   1   6   0.0000043473
3   12   2   6   -0.0002673616
3   12   3   6   0.0000144274
3   12   4   4   0.0014862644
3   12   5   4   -0.0007539494
3   12   6   6   0.0003275746

1   7   7   1   -0.1095397483
1   7   8   1   0.0000001372
1   7   9   1   0.0000729217
1   7   10   2   -0.0000755812
1   7   10   3   0.0001489936
1   7   11   2   -0.0001489936
1   7   11   3   -0.0000755812
1   7   12   1   0.0005557266
1   8   7   1   0.0000001372
1   8   8   1   -0.2944671391
1   8   9   1   0.0000091492
1   8   10   2   -0.0000184419
1   8   10   3   0.0000363545
1   8   11   2   -0.0000363545
1   8   11   3   -0.0000184419
1   8   12   1   -0.0003736193
1   9   7   1   0.0000729217
1   9   8   1   0.0000091492
1   9   9   1   -0.1079070563
1   9   10   2   -0.0008728582
1   9   10   3   0.0017206699
1   9   11   2   -0.0017206699
1   9   11   3   -0.0008728582
1   9   12   1   0.0065947255
1   10   7   2   -0.0000755812
1   10   7   3   0.0001489936
1   10   8   2   -0.0000184419
1   10   8   3   0.0000363545
1   10   9   2   -0.0008728582
1   10   9   3   0.0017206699
1   10   10   1   -0.1072604782
1   10   12   2   0.0002875533
1   10   12   3   -0.0005668554
1   11   7   2   -0.0001489936
1   11   7   3   -0.0000755812
1   11   8   2   -0.0000363545
1   11   8   3   -0.0000184419
1   11   9   2   -0.0017206699
1   11   9   3   -0.0008728582
1   11   11   1   -0.1072604782
1   11   12   2   0.0005668554
1   11   12   3   0.0002875533
1   12   7   1   0.0005557266
1   12   8   1   -0.0003736193
1   12   9   1   0.0065947255
1   12   10   2   0.0002875533
1   12   10   3   -0.0005668554
1   12   11   2   0.0005668554
1   12   11   3   0.0002875533
1   12   12   1   -0.1107229683
2   7   7   2   -0.1103536747
2   7   8   2   0.0000000495
2   7   9   2   0.0000270970
2   7   10   1   -0.0000755812
2   7   11   1   -0.0001489936
2   7   12   2   0.0005091301
2   8   7   2   0.0000000495
2   8   8   2   -0.2295670039
2   8   9   2   0.0000034531
2   8   10   1   -0.0000184419
2   8   11   1   -0.0000363545
2   8   12   2   -0.0001104481
2   9   7   2   0.0000270970
2   9   8   2   0.0000034531
2   9   9   2   -0.1097956540
2   9   10   1   -0.0008728582
2   9   11   1   -0.0017206699
2   9   12   2   0.0062234657
2   10   7   1   -0.0000755812
2   10   8   1   -0.0000184419
2   10   9   1   -0.0008728582
2   10   10   2   -0.1093943755
2   10   10   3   0.0001871748
2   10   11   2   -0.0001871748
2   10   11   3   0.0001370145
2   10   12   1   0.0002875533
2   11   7   1   -0.0001489936
2   11   8   1   -0.0000363545
2   11   9   1   -0.0017206699
2   11   10   2   -0.0001871748
2   11   10   3   0.0001370145
2   11   11   2   -0.1096684045
2   11   11   3   -0.0001871748
2   11   12   1   0.0005668554
2   12   7   2   0.0005091301
2   12   8   2   -0.0001104481
2   12   9   2   0.0062234657
2   12   10   1   0.0002875533
2   12   11   1   0.0005668554
2   12   12   2   -0.1120544918
3   7   7   3   -0.1103536747
3   7   8   3   0.0000000495
3   7   9   3   0.0000270970
3   7   10   1   0.0001489936
3   7   11   1   -0.0000755812
3   7   12   3   0.0005091301
3   8   7   3   0.0000000495
3   8   8   3   -0.2295670039
3   8   9   3   0.0000034531
3   8   10   1   0.0000363545
3   8   11   1   -0.0000184419
3   8   12   3   -0.0001104481
3   9   7   3   0.0000270970
3   9   8   3   0.0000034531
3   9   9   3   -0.1097956540
3   9   10   1   0.0017206699
3   9   11   1   -0.0008728582
3   9   12   3   0.0062234657
3   10   7   1   0.0001489936
3   10   8   1   0.0000363545
3   10   9   1   0.0017206699
3   10   10   2   0.0001871748
3   10   10   3   -0.1096684045
3   10   11   2   0.0001370145
3   10   11   3   0.0001871748
3   10   12   1   -0.0005668554
3   11   7   1   -0.0000755812
3   11   8   1   -0.0000184419
3   11   9   1   -0.0008728582
3   11   10   2   0.0001370145
3   11   10   3   0.0001871748
3   11   11   2   -0.0001871748
3   11   11   3   -0.1093943755
3   11   12   1   0.0002875533
3   12   7   3   0.0005091301
3   12   8   3   -0.0001104481
3   12   9   3   0.0062234657
3   12   10   1   -0.0005668554
3   12   11   1   0.0002875533
3   12   12   3   -0.1120544918

End AIJB Block
Begin IJKA Block
1   7   1   4   0.0025035112
1   7   2   4   -0.0000000632
1   7   3   4   -0.0004069247
1   7   4   5   -0.0007140632
1   7   4   6   0.0014076366
1   7   5   5   -0.0014076366
1   7   5   6   -0.0007140632
1   7   6   4   0.0024756983
1   8   1   4   -0.0006490090
1   8   2   4   -0.0000002047
1   8   3   4   0.0000000171
1   8   4   5   0.0000045524
1   8   4   6   -0.0000089741
1   8   5   5   0.0000089741
1   8   5   6   0.0000045524
1   8   6   4   0.0000087953
1   9   1   4   -0.0043022105
1   9   2   4   -0.0000000921
1   9   3   4   0.0001075207
1   9   4   5   -0.0006990348
1   9   4   6   0.0013780109
1   9   5   5   -0.0013780109
1   9   5   6   -0.0006990348
1   9   6   4   0.0025456533
1   10   1   5   -0.0187539669
1   10   1   6   0.0369697935
1   10   2   5   0.0000000063
1   10   2   6   -0.0000000125
1   10   3   5   0.0002870664
1   10   3   6   -0.0005658955
1   10   4   4   -0.0001537011
1   10   6   5   -0.0000198864
1   10   6   6   0.0000392022
1   11   1   5   -0.0369697935
1   11   1   6   -0.0187539669
1   11   2   5   0.0000000125
1   11   2   6   0.0000000063
1   11   3   5   0.0005658955
1   11   3   6   0.0002870664
1   11   5   4   -0.0001537011
1   11   6   5   -0.0000392022
1   11   6   6   -0.0000198864
1   12   1   4   0.0691129979
1   12   2   4   -0.0000000194
1   12   3   4   -0.0009984209
1   12   4   5   -0.0000441127
1   12   4   6   0.0000869596
1   12   5   5   -0.0000869596
1   12   5   6   -0.0000441127
1   12   6   4   -0.0000404784
2   7   1   4   -0.0000000632
2   7   2   4   -0.0000646158
2   7   3   4   -0.0000001408
2   7   4   5   -0.0000000114
2   7   4   6   0.0000000225
2   7   5   5   -0.0000000225
2   7   5   6   -0.0000000114
2   7   6   4   0.0000001608
2   8   1   4   -0.0000002047
2   8   2   4   -0.1030103114
2   8   3   4   0.0000219933
2   8   4   5   0.0000091849
2   8   4   6   -0.0000181062
2   8   5   5   0.0000181062
2   8   5   6   0.0000091849
2   8   6   4   -0.0010057886
2   9   1   4   -0.0000000921
2   9   2   4   -0.0003752125
2   9   3   4   -0.0000006187
2   9   4   5   -0.0000000017
2   9   4   6   0.0000000033
2   9   5   5   -0.0000000033
2   9   5   6   -0.0000000017
2   9   6   4   0.0000015051
2   10   1   5   0.0000000063
2   10   1   6   -0.0000000125
2   10   2   5   0.0007713831
2   10   2   6   -0.0015206315
2   10   3   5   -0.0000002093
2   10   3   6   0.0000004126
2   10   4   4   0.0000005805
2   10   6   5   0.0000014043
2   10   6   6   -0.0000027683
2   11   1   5   0.0000000125
2   11   1   6   0.0000000063
2   11   2   5   0.0015206315
2   11   2   6   0.0007713831
2   11   3   5   -0.0000004126
2   11   3   6   -0.0000002093
2   11   5   4   0.0000005805
2   11   6   5   0.0000027683
2   11   6   6   0.0000014043
2   12   1   4   -0.0000000194
2   12   2   4   -0.0115876188
2   12   3   4   0.0000013092
2   12   4   5   -0.0000015409
2   12   4   6   0.0000030376
2   12   5   5   -0.0000030376
2   12   5   6   -0.0000015409
2   12   6   4   -0.0000182629
3   7   1   4   -0.0004069247
3   7   2   4   -0.0000001408
3   7   3   4   0.0000933541
3   7   4   5   -0.0007316430
3   7   4   6   0.0014422916
3   7   5   5   -0.0014422916
3   7   5   6   -0.0007316430
3   7   6   4   0.0025858259
3   8   1   4   0.0000000171
3   8   2   4   0.0000219933
3   8   3   4   -0.0006491988
3   8   4   5   0.0000540433
3   8   4   6   -0.0001065359
3   8   5   5   0.0001065359
3   8   5   6   0.0000540433
3   8   6   4   0.0001083262
3   9   1   4   0.0001075207
3   9   2   4   -0.0000006187
3   9   3   4   -0.0025626289
3   9   4   5   -0.0029816634
3   9   4   6   0.0058777687
3   9   5   5   -0.0058777687
3   9   5   6   -0.0029816634
3   9   6   4   0.0111965366
3   10   1   5   0.0002870664
3   10   1   6   -0.0005658955
3   10   2   5   -0.0000002093
3   10   2   6   0.0000004126
3   10   3   5   -0.0121599919
3   10   3   6   0.0239710559
3   10   4   4   -0.0005091244
3   10   6   5   -0.0003682136
3   10   6   6   0.0007258614
3   11   1   5   0.0005658955
3   11   1   6   0.0002870664
3   11   2   5   -0.0000004126
3   11   2   6   -0.0000002093
3   11   3   5   -0.0239710559
3   11   3   6   -0.0121599919
3   11   5   4   -0.0005091244
3   11   6   5   -0.0007258614
3   11   6   6   -0.0003682136
3   12   1   4   -0.0009984209
3   12   2   4   0.0000013092
3   12   3   4   0.0457954821
3   12   4   5   -0.0003751006
3   12   4   6   0.0007394377
3   12   5   5   -0.0007394377
3   12   5   6   -0.0003751006
3   12   6   4   0.0010001885
4   7   1   5   -0.0007140632
4   7   1   6   0.0014076366
4   7   2   5   -0.0000000114
4   7   2   6   0.0000000225
4   7   3   5   -0.0007316430
4   7   3   6   0.0014422916
4   7   4   4   0.0000547624
4   7   6   5   -0.0000116526
4   7   6   6   0.0000229708
4   8   1   5   0.0000045524
4   8   1   6   -0.0000089741
4   8   2   5   0.0000091849
4   8   2   6   -0.0000181062
4   8   3   5   0.0000540433
4   8   3   6   -0.0001065359
4   8   4   4   -0.0006362402
4   8   6   5   -0.0000194600
4   8   6   6   0.0000383616
4   9   1   5   -0.0006990348
4   9   1   6   0.0013780109
4   9   2   5   -0.0000000017
4   9   2   6   0.0000000033
4   9   3   5   -0.0029816634
4   9   3   6   0.0058777687
4   9   4   4   -0.0023531069
4   9   6   5   -0.0000785173
4   9   6   6   0.0001547816
4   10   1   4   -0.0001537011
4   10   2   4   0.0000005805
4   10   3   4   -0.0005091244
4   10   4   5   -0.0122970096
4   10   4   6   0.0242411597
4   10   5   5   -0.0014168094
4   10   5   6   -0.0007187164
4   10   6   4   0.0027272897
4   11   4   5   -0.0214075409
4   11   4   6   -0.0108595768
4   11   5   5   -0.0007187164
4   11   5   6   0.0014168094
4   12   1   5   -0.0000441127
4   12   1   6   0.0000869596
4   12   2   5   -0.0000015409
4   12   2   6   0.0000030376
4   12   3   5   -0.0003751006
4   12   3   6   0.0007394377
4   12   4   4   0.0409887955
4   12   6   5   -0.0006285869
4   12   6   6   0.0012391367
5   7   1   5   -0.0014076366
5   7   1   6   -0.0007140632
5   7   2   5   -0.0000000225
5   7   2   6   -0.0000000114
5   7   3   5   -0.0014422916
5   7   3   6   -0.0007316430
5   7   5   4   0.0000547624
5   7   6   5   -0.0000229708
5   7   6   6   -0.0000116526
5   8   1   5   0.0000089741
5   8   1   6   0.0000045524
5   8   2   5   0.0000181062
5   8   2   6   0.0000091849
5   8   3   5   0.0001065359
5   8   3   6   0.0000540433
5   8   5   4   -0.0006362402
5   8   6   5   -0.0000383616
5   8   6   6   -0.0000194600
5   9   1   5   -0.0013780109
5   9   1   6   -0.0006990348
5   9   2   5   -0.0000000033
5   9   2   6   -0.0000000017
5   9   3   5   -0.0058777687
5   9   3   6   -0.0029816634
5   9   5   4   -0.0023531069
5   9   6   5   -0.0001547816
5   9   6   6   -0.0000785173
5   10   4   5   -0.0014168094
5   10   4   6   -0.0007187164
5   10   5   5   -0.0108595768
5   10   5   6   0.0214075409
5   11   1   4   -0.0001537011
5   11   2   4   0.0000005805
5   11   3   4   -0.0005091244
5   11   4   5   -0.0007187164
5   11   4   6   0.0014168094
5   11   5   5   -0.0242411597
5   11   5   6   -0.0122970096
5   11   6   4   0.0027272897
5   12   1   5   -0.0000869596
5   12   1   6   -0.0000441127
5   12   2   5   -0.0000030376
5   12   2   6   -0.0000015409
5   12   3   5   -0.0007394377
5   12   3   6   -0.0003751006
5   12   5   4   0.0409887955
5   12   6   5   -0.0012391367
5   12   6   6   -0.0006285869
6   7   1   4   0.0024756983
6   7   2   4   0.0000001608
6   7   3   4   0.0025858259
6   7   4   5   -0.0000116526
6   7   4   6   0.0000229708
6   7   5   5   -0.0000229708
6   7   5   6   -0.0000116526
6   7   6   4   0.0001135416
6   8   1   4   0.0000087953
6   8   2   4   -0.0010057886
6   8   3   4   0.0001083262
6   8   4   5   -0.0000194600
6   8   4   6   0.0000383616
6   8   5   5   -0.0000383616
6   8   5   6   -0.0000194600
6   8   6   4   -0.0007358123
6   9   1   4   0.0025456533
6   9   2   4   0.0000015051
6   9   3   4   0.0111965366
6   9   4   5   -0.0000785173
6   9   4   6   0.0001547816
6   9   5   5   -0.0001547816
6   9   5   6   -0.0000785173
6   9   6   4   -0.0020551329
6   10   1   5   -0.0000198864
6   10   1   6   0.0000392022
6   10   2   5   0.0000014043
6   10   2   6   -0.0000027683
6   10   3   5   -0.0003682136
6   10   3   6   0.0007258614
6   10   4   4   0.0027272897
6   10   6   5   -0.0104009502
6   10   6   6   0.0205034479
6   11   1   5   -0.0000392022
6   11   1   6   -0.0000198864
6   11   2   5   0.0000027683
6   11   2   6   0.0000014043
6   11   3   5   -0.0007258614
6   11   3   6   -0.0003682136
6   11   5   4   0.0027272897
6   11   6   5   -0.0205034479
6   11   6   6   -0.0104009502
6   12   1   4   -0.0000404784
6   12   2   4   -0.0000182629
6   12   3   4   0.0010001885
6   12   4   5   -0.0006285869
6   12   4   6   0.0012391367
6   12   5   5   -0.0012391367
6   12   5   6   -0.0006285869
6   12   6   4   0.0443212967

End IJKA Block
Begin IABC Block
1   4   1   4   -0.0000393618
1   4   2   5   -0.0000069976
1   4   3   6   -0.0000069976
1   5   1   5   -0.0000363711
1   5   2   4   -0.0000069976
1   6   1   6   -0.0000363711
1   6   3   4   -0.0000069976
2   4   1   4   -0.0005902660
2   4   2   5   0.0032396603
2   4   3   6   0.0032396603
2   5   1   5   -0.0003431957
2   5   2   4   0.0032396603
2   6   1   6   -0.0003431957
2   6   3   4   0.0032396603
3   4   1   4   -0.0002780640
3   4   2   5   0.0000172112
3   4   3   6   0.0000172112
3   5   1   5   -0.0002736790
3   5   2   4   0.0000172112
3   6   1   6   -0.0002736790
3   6   3   4   0.0000172112
4   4   1   5   0.0002398762
4   4   1   6   -0.0004728692
4   4   2   4   0.0005542016
4   4   3   4   -0.0010925006
4   5   1   4   0.0002398762
4   5   2   5   0.0006222307
4   5   2   6   -0.0002015848
4   5   3   5   -0.0008234372
4   5   3   6   0.0001022595
4   6   1   4   -0.0004728692
4   6   2   5   -0.0002015848
4   6   2   6   0.0004177117
4   6   3   5   0.0001022595
4   6   3   6   -0.0012266067
5   4   1   5   0.0004728692
5   4   1   6   0.0002398762
5   4   2   4   0.0010925006
5   4   3   4   0.0005542016
5   5   1   4   0.0004728692
5   5   2   5   0.0012266067
5   5   2   6   0.0001022595
5   5   3   5   0.0004177117
5   5   3   6   0.0002015848
5   6   1   4   0.0002398762
5   6   2   5   0.0001022595
5   6   2   6   0.0008234372
5   6   3   5   0.0002015848
5   6   3   6   0.0006222307
6   4   1   4   -0.0059546729
6   4   2   5   -0.0022933188
6   4   3   6   -0.0022933188
6   5   1   5   -0.0045195234
6   5   2   4   -0.0022933188
6   6   1   6   -0.0045195234
6   6   3   4   -0.0022933188

End IABC Block
