Begin IJ Block
1   1   -41.1420645339
1   2   0.0020436110
1   3   0.7514113954
1   4   0.0379988412
2   2   -6.6164100082
2   3   -0.0097606113
2   4   -0.0017003315
3   3   -9.5413999359
3   4   -0.0254588279
4   4   -8.2749531659
5   5   -8.3751128005
5   6   -0.0000000000
6   6   -8.3751128005

End IJ Block
Begin IA Block
1   1   -0.0124722608
1   4   -0.0418205788
2   1   0.1015183525
2   4   0.0659362529
3   1   0.0817127717
3   4   0.2399563316
4   1   -0.2879536460
4   4   -0.1124040459
5   2   0.2231983608
5   3   0.3146185236
6   2   0.3146185236
6   3   -0.2231983608

End IA Block
Begin AB Block
1   1   -1.8923761328
1   4   -0.3983204060
2   2   -1.6027230706
3   3   -1.6027230706
4   4   -1.7071468576

End AB Block
Begin IJKL Block
1   7   1   7   5.3560902315
1   7   1   8   -0.0013550573
1   7   1   9   -0.5332839509
1   7   1   10   -0.0242556632
1   7   2   7   -0.0013550573
1   7   2   8   0.0000007162
1   7   2   9   0.0002204213
1   7   2   10   -0.0000617688
1   7   3   7   -0.5332839509
1   7   3   8   0.0002204213
1   7   3   9   0.0860245143
1   7   3   10   0.0036294649
1   7   4   7   -0.0242556632
1   7   4   8   -0.0000617688
1   7   4   9   0.0036294649
1   7   4   10   0.0340873529
1   7   5   11   0.0358504037
1   7   6   12   0.0358504037
1   8   1   7   -0.0013550573
1   8   1   8   0.2414685414
1   8   1   9   0.0035637604
1   8   1   10   -0.0046669156
1   8   2   7   0.0000007162
1   8   2   8   0.0000002915
1   8   2   9   0.0000000349
1   8   2   10   -0.0000001262
1   8   3   7   0.0002204213
1   8   3   8   0.0000323115
1   8   3   9   -0.0000582999
1   8   3   10   0.0000244917
1   8   4   7   -0.0000617688
1   8   4   8   -0.0029562590
1   8   4   9   -0.0001029726
1   8   4   10   0.0001634142
1   8   5   11   0.0001084066
1   8   6   12   0.0001084066
1   9   1   7   -0.5332839509
1   9   1   8   0.0035637604
1   9   1   9   1.2640570030
1   9   1   10   0.0263128640
1   9   2   7   0.0002204213
1   9   2   8   0.0000000349
1   9   2   9   -0.0000620306
1   9   2   10   -0.0000783954
1   9   3   7   0.0860245143
1   9   3   8   -0.0000582999
1   9   3   9   -0.0231662102
1   9   3   10   -0.0013272156
1   9   4   7   0.0036294649
1   9   4   8   -0.0001029726
1   9   4   9   -0.0019740923
1   9   4   10   0.0354627493
1   9   5   11   0.0371532572
1   9   6   12   0.0371532572
1   10   1   7   -0.0242556632
1   10   1   8   -0.0046669156
1   10   1   9   0.0263128640
1   10   1   10   1.1292534156
1   10   2   7   -0.0000617688
1   10   2   8   -0.0000001262
1   10   2   9   -0.0000783954
1   10   2   10   -0.0000419908
1   10   3   7   0.0036294649
1   10   3   8   0.0000244917
1   10   3   9   -0.0013272156
1   10   3   10   -0.0137373164
1   10   4   7   0.0340873529
1   10   4   8   0.0001634142
1   10   4   9   0.0354627493
1   10   4   10   0.0013839006
1   10   5   11   0.0013263966
1   10   6   12   0.0013263966
1   11   1   11   1.1619141524
1   11   2   11   -0.0000397187
1   11   3   11   -0.0144454815
1   11   4   11   -0.0009852311
1   11   5   7   0.0358504037
1   11   5   8   0.0001084066
1   11   5   9   0.0371532572
1   11   5   10   0.0013263966
1   12   1   12   1.1619141524
1   12   2   12   -0.0000397187
1   12   3   12   -0.0144454815
1   12   4   12   -0.0009852311
1   12   6   7   0.0358504037
1   12   6   8   0.0001084066
1   12   6   9   0.0371532572
1   12   6   10   0.0013263966
2   7   1   7   -0.0013550573
2   7   1   8   0.0000007162
2   7   1   9   0.0002204213
2   7   1   10   -0.0000617688
2   7   2   7   0.2414685414
2   7   2   8   0.0000002915
2   7   2   9   0.0000323115
2   7   2   10   -0.0029562590
2   7   3   7   0.0035637604
2   7   3   8   0.0000000349
2   7   3   9   -0.0000582999
2   7   3   10   -0.0001029726
2   7   4   7   -0.0046669156
2   7   4   8   -0.0000001262
2   7   4   9   0.0000244917
2   7   4   10   0.0001634142
2   7   5   11   0.0001084066
2   7   6   12   0.0001084066
2   8   1   7   0.0000007162
2   8   1   8   0.0000002915
2   8   1   9   0.0000000349
2   8   1   10   -0.0000001262
2   8   2   7   0.0000002915
2   8   2   8   1.6504086712
2   8   2   9   -0.0117238273
2   8   2   10   0.0368823223
2   8   3   7   0.0000000349
2   8   3   8   -0.0117238273
2   8   3   9   0.0001433060
2   8   3   10   -0.0004719840
2   8   4   7   -0.0000001262
2   8   4   8   0.0368823223
2   8   4   9   -0.0004719840
2   8   4   10   0.0016591437
2   8   5   11   0.0000407075
2   8   6   12   0.0000407075
2   9   1   7   0.0002204213
2   9   1   8   0.0000000349
2   9   1   9   -0.0000620306
2   9   1   10   -0.0000783954
2   9   2   7   0.0000323115
2   9   2   8   -0.0117238273
2   9   2   9   0.2433590103
2   9   2   10   -0.0378577594
2   9   3   7   -0.0000582999
2   9   3   8   0.0001433060
2   9   3   9   0.0026239249
2   9   3   10   -0.0005371975
2   9   4   7   0.0000244917
2   9   4   8   -0.0004719840
2   9   4   9   -0.0040342849
2   9   4   10   0.0011975650
2   9   5   11   0.0006315205
2   9   6   12   0.0006315205
2   10   1   7   -0.0000617688
2   10   1   8   -0.0000001262
2   10   1   9   -0.0000783954
2   10   1   10   -0.0000419908
2   10   2   7   -0.0029562590
2   10   2   8   0.0368823223
2   10   2   9   -0.0378577594
2   10   2   10   0.2622087556
2   10   3   7   -0.0001029726
2   10   3   8   -0.0004719840
2   10   3   9   -0.0005371975
2   10   3   10   0.0024503212
2   10   4   7   0.0001634142
2   10   4   8   0.0016591437
2   10   4   9   0.0011975650
2   10   4   10   -0.0042152652
2   10   5   11   -0.0001973777
2   10   6   12   -0.0001973777
2   11   1   11   -0.0000397187
2   11   2   11   0.2382887001
2   11   3   11   0.0023783445
2   11   4   11   -0.0036395116
2   11   5   7   0.0001084066
2   11   5   8   0.0000407075
2   11   5   9   0.0006315205
2   11   5   10   -0.0001973777
2   12   1   12   -0.0000397187
2   12   2   12   0.2382887001
2   12   3   12   0.0023783445
2   12   4   12   -0.0036395116
2   12   6   7   0.0001084066
2   12   6   8   0.0000407075
2   12   6   9   0.0006315205
2   12   6   10   -0.0001973777
3   7   1   7   -0.5332839509
3   7   1   8   0.0002204213
3   7   1   9   0.0860245143
3   7   1   10   0.0036294649
3   7   2   7   0.0035637604
3   7   2   8   0.0000000349
3   7   2   9   -0.0000582999
3   7   2   10   -0.0001029726
3   7   3   7   1.2640570030
3   7   3   8   -0.0000620306
3   7   3   9   -0.0231662102
3   7   3   10   -0.0019740923
3   7   4   7   0.0263128640
3   7   4   8   -0.0000783954
3   7   4   9   -0.0013272156
3   7   4   10   0.0354627493
3   7   5   11   0.0371532572
3   7   6   12   0.0371532572
3   8   1   7   0.0002204213
3   8   1   8   0.0000323115
3   8   1   9   -0.0000582999
3   8   1   10   0.0000244917
3   8   2   7   0.0000000349
3   8   2   8   -0.0117238273
3   8   2   9   0.0001433060
3   8   2   10   -0.0004719840
3   8   3   7   -0.0000620306
3   8   3   8   0.2433590103
3   8   3   9   0.0026239249
3   8   3   10   -0.0040342849
3   8   4   7   -0.0000783954
3   8   4   8   -0.0378577594
3   8   4   9   -0.0005371975
3   8   4   10   0.0011975650
3   8   5   11   0.0006315205
3   8   6   12   0.0006315205
3   9   1   7   0.0860245143
3   9   1   8   -0.0000582999
3   9   1   9   -0.0231662102
3   9   1   10   -0.0013272156
3   9   2   7   -0.0000582999
3   9   2   8   0.0001433060
3   9   2   9   0.0026239249
3   9   2   10   -0.0005371975
3   9   3   7   -0.0231662102
3   9   3   8   0.0026239249
3   9   3   9   0.8827561103
3   9   3   10   0.0076891728
3   9   4   7   -0.0013272156
3   9   4   8   -0.0005371975
3   9   4   9   0.0076891728
3   9   4   10   0.1604885789
3   9   5   11   0.1639166608
3   9   6   12   0.1639166608
3   10   1   7   0.0036294649
3   10   1   8   0.0000244917
3   10   1   9   -0.0013272156
3   10   1   10   -0.0137373164
3   10   2   7   -0.0001029726
3   10   2   8   -0.0004719840
3   10   2   9   -0.0005371975
3   10   2   10   0.0024503212
3   10   3   7   -0.0019740923
3   10   3   8   -0.0040342849
3   10   3   9   0.0076891728
3   10   3   10   0.8075167753
3   10   4   7   0.0354627493
3   10   4   8   0.0011975650
3   10   4   9   0.1604885789
3   10   4   10   0.0129411761
3   10   5   11   0.0030424691
3   10   6   12   0.0030424691
3   11   1   11   -0.0144454815
3   11   2   11   0.0023783445
3   11   3   11   0.8238552509
3   11   3   12   0.0000000000
3   11   4   11   0.0092901722
3   11   5   7   0.0371532572
3   11   5   8   0.0006315205
3   11   5   9   0.1639166608
3   11   5   10   0.0030424691
3   12   1   12   -0.0144454815
3   12   2   12   0.0023783445
3   12   3   11   0.0000000000
3   12   3   12   0.8238552509
3   12   4   12   0.0092901722
3   12   6   7   0.0371532572
3   12   6   8   0.0006315205
3   12   6   9   0.1639166608
3   12   6   10   0.0030424691
4   7   1   7   -0.0242556632
4   7   1   8   -0.0000617688
4   7   1   9   0.0036294649
4   7   1   10   0.0340873529
4   7   2   7   -0.0046669156
4   7   2   8   -0.0000001262
4   7   2   9   0.0000244917
4   7   2   10   0.0001634142
4   7   3   7   0.0263128640
4   7   3   8   -0.0000783954
4   7   3   9   -0.0013272156
4   7   3   10   0.0354627493
4   7   4   7   1.1292534156
4   7   4   8   -0.0000419908
4   7   4   9   -0.0137373164
4   7   4   10   0.0013839006
4   7   5   11   0.0013263966
4   7   6   12   0.0013263966
4   8   1   7   -0.0000617688
4   8   1   8   -0.0029562590
4   8   1   9   -0.0001029726
4   8   1   10   0.0001634142
4   8   2   7   -0.0000001262
4   8   2   8   0.0368823223
4   8   2   9   -0.0004719840
4   8   2   10   0.0016591437
4   8   3   7   -0.0000783954
4   8   3   8   -0.0378577594
4   8   3   9   -0.0005371975
4   8   3   10   0.0011975650
4   8   4   7   -0.0000419908
4   8   4   8   0.2622087556
4   8   4   9   0.0024503212
4   8   4   10   -0.0042152652
4   8   5   11   -0.0001973777
4   8   6   12   -0.0001973777
4   9   1   7   0.0036294649
4   9   1   8   -0.0001029726
4   9   1   9   -0.0019740923
4   9   1   10   0.0354627493
4   9   2   7   0.0000244917
4   9   2   8   -0.0004719840
4   9   2   9   -0.0040342849
4   9   2   10   0.0011975650
4   9   3   7   -0.0013272156
4   9   3   8   -0.0005371975
4   9   3   9   0.0076891728
4   9   3   10   0.1604885789
4   9   4   7   -0.0137373164
4   9   4   8   0.0024503212
4   9   4   9   0.8075167753
4   9   4   10   0.0129411761
4   9   5   11   0.0030424691
4   9   6   12   0.0030424691
4   10   1   7   0.0340873529
4   10   1   8   0.0001634142
4   10   1   9   0.0354627493
4   10   1   10   0.0013839006
4   10   2   7   0.0001634142
4   10   2   8   0.0016591437
4   10   2   9   0.0011975650
4   10   2   10   -0.0042152652
4   10   3   7   0.0354627493
4   10   3   8   0.0011975650
4   10   3   9   0.1604885789
4   10   3   10   0.0129411761
4   10   4   7   0.0013839006
4   10   4   8   -0.0042152652
4   10   4   9   0.0129411761
4   10   4   10   0.7976904599
4   10   5   11   0.0392802406
4   10   6   12   0.0392802406
4   11   1   11   -0.0009852311
4   11   2   11   -0.0036395116
4   11   3   11   0.0092901722
4   11   4   11   0.7342576097
4   11   4   12   0.0000000000
4   11   5   7   0.0013263966
4   11   5   8   -0.0001973777
4   11   5   9   0.0030424691
4   11   5   10   0.0392802406
4   12   1   12   -0.0009852311
4   12   2   12   -0.0036395116
4   12   3   12   0.0092901722
4   12   4   11   0.0000000000
4   12   4   12   0.7342576097
4   12   6   7   0.0013263966
4   12   6   8   -0.0001973777
4   12   6   9   0.0030424691
4   12   6   10   0.0392802406
5   7   1   11   0.0358504037
5   7   2   11   0.0001084066
5   7   3   11   0.0371532572
5   7   4   11   0.0013263966
5   7   5   7   1.1619141524
5   7   5   8   -0.0000397187
5   7   5   9   -0.0144454815
5   7   5   10   -0.0009852311
5   8   1   11   0.0001084066
5   8   2   11   0.0000407075
5   8   3   11   0.0006315205
5   8   4   11   -0.0001973777
5   8   5   7   -0.0000397187
5   8   5   8   0.2382887001
5   8   5   9   0.0023783445
5   8   5   10   -0.0036395116
5   9   1   11   0.0371532572
5   9   2   11   0.0006315205
5   9   3   11   0.1639166608
5   9   4   11   0.0030424691
5   9   5   7   -0.0144454815
5   9   5   8   0.0023783445
5   9   5   9   0.8238552509
5   9   5   10   0.0092901722
5   9   6   9   0.0000000000
5   10   1   11   0.0013263966
5   10   2   11   -0.0001973777
5   10   3   11   0.0030424691
5   10   4   11   0.0392802406
5   10   5   7   -0.0009852311
5   10   5   8   -0.0036395116
5   10   5   9   0.0092901722
5   10   5   10   0.7342576097
5   10   6   10   0.0000000000
5   11   1   7   0.0358504037
5   11   1   8   0.0001084066
5   11   1   9   0.0371532572
5   11   1   10   0.0013263966
5   11   2   7   0.0001084066
5   11   2   8   0.0000407075
5   11   2   9   0.0006315205
5   11   2   10   -0.0001973777
5   11   3   7   0.0371532572
5   11   3   8   0.0006315205
5   11   3   9   0.1639166608
5   11   3   10   0.0030424691
5   11   4   7   0.0013263966
5   11   4   8   -0.0001973777
5   11   4   9   0.0030424691
5   11   4   10   0.0392802406
5   11   5   11   0.8284617826
5   11   5   12   0.0000000000
5   11   6   11   0.0000000000
5   11   6   12   0.0400175069
5   12   5   11   0.0000000000
5   12   5   12   0.7484267688
5   12   6   11   0.0400175069
5   12   6   12   0.0000000000
6   7   1   12   0.0358504037
6   7   2   12   0.0001084066
6   7   3   12   0.0371532572
6   7   4   12   0.0013263966
6   7   6   7   1.1619141524
6   7   6   8   -0.0000397187
6   7   6   9   -0.0144454815
6   7   6   10   -0.0009852311
6   8   1   12   0.0001084066
6   8   2   12   0.0000407075
6   8   3   12   0.0006315205
6   8   4   12   -0.0001973777
6   8   6   7   -0.0000397187
6   8   6   8   0.2382887001
6   8   6   9   0.0023783445
6   8   6   10   -0.0036395116
6   9   1   12   0.0371532572
6   9   2   12   0.0006315205
6   9   3   12   0.1639166608
6   9   4   12   0.0030424691
6   9   5   9   0.0000000000
6   9   6   7   -0.0144454815
6   9   6   8   0.0023783445
6   9   6   9   0.8238552509
6   9   6   10   0.0092901722
6   10   1   12   0.0013263966
6   10   2   12   -0.0001973777
6   10   3   12   0.0030424691
6   10   4   12   0.0392802406
6   10   5   10   0.0000000000
6   10   6   7   -0.0009852311
6   10   6   8   -0.0036395116
6   10   6   9   0.0092901722
6   10   6   10   0.7342576097
6   11   5   11   0.0000000000
6   11   5   12   0.0400175069
6   11   6   11   0.7484267688
6   11   6   12   0.0000000000
6   12   1   7   0.0358504037
6   12   1   8   0.0001084066
6   12   1   9   0.0371532572
6   12   1   10   0.0013263966
6   12   2   7   0.0001084066
6   12   2   8   0.0000407075
6   12   2   9   0.0006315205
6   12   2   10   -0.0001973777
6   12   3   7   0.0371532572
6   12   3   8   0.0006315205
6   12   3   9   0.1639166608
6   12   3   10   0.0030424691
6   12   4   7   0.0013263966
6   12   4   8   -0.0001973777
6   12   4   9   0.0030424691
6   12   4   10   0.0392802406
6   12   5   11   0.0400175069
6   12   5   12   0.0000000000
6   12   6   11   0.0000000000
6   12   6   12   0.8284617826

End IJKL Block
Begin IJAB Block
1   7   1   5   0.0001578901
1   7   1   8   0.0001625169
1   7   2   6   0.0002194077
1   7   3   7   0.0002194077
1   7   4   5   0.0001625169
1   7   4   8   0.0003378944
1   8   1   5   0.0000042637
1   8   1   8   0.0000013033
1   8   2   6   -0.0000017677
1   8   3   7   -0.0000017677
1   8   4   5   0.0000022900
1   8   4   8   0.0000005349
1   9   1   5   0.0001199071
1   9   1   8   0.0000498766
1   9   2   6   0.0002100616
1   9   3   7   0.0002100616
1   9   4   5   0.0000461703
1   9   4   8   -0.0000369835
1   10   1   5   -0.0000097074
1   10   1   8   -0.0000763308
1   10   2   6   0.0000156246
1   10   3   7   0.0000156246
1   10   4   5   0.0000330474
1   10   4   8   -0.0000239795
1   11   1   6   -0.0000134739
1   11   1   7   -0.0000189927
1   11   2   5   0.0000213396
1   11   2   8   0.0000746735
1   11   3   5   0.0000300801
1   11   3   8   0.0001052591
1   11   4   6   -0.0000374826
1   11   4   7   -0.0000528352
1   12   1   6   -0.0000189927
1   12   1   7   0.0000134739
1   12   2   5   0.0000300801
1   12   2   8   0.0001052591
1   12   3   5   -0.0000213396
1   12   3   8   -0.0000746735
1   12   4   6   -0.0000528352
1   12   4   7   0.0000374826
2   7   1   5   0.0000042637
2   7   1   8   0.0000022900
2   7   2   6   -0.0000017677
2   7   3   7   -0.0000017677
2   7   4   5   0.0000013033
2   7   4   8   0.0000005349
2   8   1   5   0.0054668639
2   8   1   8   0.0040282287
2   8   2   6   0.0005420677
2   8   3   7   0.0005420677
2   8   4   5   0.0040282287
2   8   4   8   0.0031668753
2   9   1   5   -0.0000071081
2   9   1   8   -0.0000179332
2   9   2   6   0.0000059581
2   9   3   7   0.0000059581
2   9   4   5   -0.0000239488
2   9   4   8   -0.0000257110
2   10   1   5   0.0001018680
2   10   1   8   0.0002842713
2   10   2   6   -0.0001317744
2   10   3   7   -0.0001317744
2   10   4   5   0.0001087314
2   10   4   8   0.0001650219
2   11   1   6   0.0000415500
2   11   1   7   0.0000585685
2   11   2   5   0.0000603834
2   11   2   8   0.0000787951
2   11   3   5   0.0000851159
2   11   3   8   0.0001110689
2   11   4   6   0.0000081396
2   11   4   7   0.0000114736
2   12   1   6   0.0000585685
2   12   1   7   -0.0000415500
2   12   2   5   0.0000851159
2   12   2   8   0.0001110689
2   12   3   5   -0.0000603834
2   12   3   8   -0.0000787951
2   12   4   6   0.0000114736
2   12   4   7   -0.0000081396
3   7   1   5   0.0001199071
3   7   1   8   0.0000461703
3   7   2   6   0.0002100616
3   7   3   7   0.0002100616
3   7   4   5   0.0000498766
3   7   4   8   -0.0000369835
3   8   1   5   -0.0000071081
3   8   1   8   -0.0000239488
3   8   2   6   0.0000059581
3   8   3   7   0.0000059581
3   8   4   5   -0.0000179332
3   8   4   8   -0.0000257110
3   9   1   5   0.0006201753
3   9   1   8   0.0006535984
3   9   2   6   0.0007788603
3   9   3   7   0.0007788603
3   9   4   5   0.0006535984
3   9   4   8   0.0013091380
3   10   1   5   -0.0004818858
3   10   1   8   -0.0004184294
3   10   2   6   0.0000484672
3   10   3   7   0.0000484672
3   10   4   5   -0.0012639178
3   10   4   8   -0.0007719848
3   11   1   6   0.0002892448
3   11   1   7   0.0004077170
3   11   2   5   0.0000678613
3   11   2   8   0.0002290120
3   11   3   5   0.0000956567
3   11   3   8   0.0003228133
3   11   4   6   0.0009258902
3   11   4   7   0.0013051270
3   12   1   6   0.0004077170
3   12   1   7   -0.0002892448
3   12   2   5   0.0000956567
3   12   2   8   0.0003228133
3   12   3   5   -0.0000678613
3   12   3   8   -0.0002290120
3   12   4   6   0.0013051270
3   12   4   7   -0.0009258902
4   7   1   5   -0.0000097074
4   7   1   8   0.0000330474
4   7   2   6   0.0000156246
4   7   3   7   0.0000156246
4   7   4   5   -0.0000763308
4   7   4   8   -0.0000239795
4   8   1   5   0.0001018680
4   8   1   8   0.0001087314
4   8   2   6   -0.0001317744
4   8   3   7   -0.0001317744
4   8   4   5   0.0002842713
4   8   4   8   0.0001650219
4   9   1   5   -0.0004818858
4   9   1   8   -0.0012639178
4   9   2   6   0.0000484672
4   9   3   7   0.0000484672
4   9   4   5   -0.0004184294
4   9   4   8   -0.0007719848
4   10   1   5   0.0019009993
4   10   1   8   0.0012995493
4   10   2   6   0.0003388756
4   10   3   7   0.0003388756
4   10   4   5   0.0012995493
4   10   4   8   0.0015302718
4   11   1   6   -0.0011295125
4   11   1   7   -0.0015921513
4   11   2   5   -0.0001520768
4   11   2   8   -0.0001399956
4   11   3   5   -0.0002143661
4   11   3   8   -0.0001973366
4   11   4   6   -0.0006599168
4   11   4   7   -0.0009302131
4   12   1   6   -0.0015921513
4   12   1   7   0.0011295125
4   12   2   5   -0.0002143661
4   12   2   8   -0.0001973366
4   12   3   5   0.0001520768
4   12   3   8   0.0001399956
4   12   4   6   -0.0009302131
4   12   4   7   0.0006599168
5   7   1   6   0.0000213396
5   7   1   7   0.0000300801
5   7   2   5   -0.0000134739
5   7   2   8   -0.0000374826
5   7   3   5   -0.0000189927
5   7   3   8   -0.0000528352
5   7   4   6   0.0000746735
5   7   4   7   0.0001052591
5   8   1   6   0.0000603834
5   8   1   7   0.0000851159
5   8   2   5   0.0000415500
5   8   2   8   0.0000081396
5   8   3   5   0.0000585685
5   8   3   8   0.0000114736
5   8   4   6   0.0000787951
5   8   4   7   0.0001110689
5   9   1   6   0.0000678613
5   9   1   7   0.0000956567
5   9   2   5   0.0002892448
5   9   2   8   0.0009258902
5   9   3   5   0.0004077170
5   9   3   8   0.0013051270
5   9   4   6   0.0002290120
5   9   4   7   0.0003228133
5   10   1   6   -0.0001520768
5   10   1   7   -0.0002143661
5   10   2   5   -0.0011295125
5   10   2   8   -0.0006599168
5   10   3   5   -0.0015921513
5   10   3   8   -0.0009302131
5   10   4   6   -0.0001399956
5   10   4   7   -0.0001973366
5   11   1   5   0.0002792820
5   11   1   8   0.0003757898
5   11   2   6   0.0011166583
5   11   2   7   0.0012560271
5   11   3   6   0.0012560271
5   11   3   7   0.0019960861
5   11   4   5   0.0003757898
5   11   4   8   0.0007577564
5   12   2   6   0.0012560271
5   12   2   7   -0.0006654567
5   12   3   6   0.0015448844
5   12   3   7   -0.0012560271
6   7   1   6   0.0000300801
6   7   1   7   -0.0000213396
6   7   2   5   -0.0000189927
6   7   2   8   -0.0000528352
6   7   3   5   0.0000134739
6   7   3   8   0.0000374826
6   7   4   6   0.0001052591
6   7   4   7   -0.0000746735
6   8   1   6   0.0000851159
6   8   1   7   -0.0000603834
6   8   2   5   0.0000585685
6   8   2   8   0.0000114736
6   8   3   5   -0.0000415500
6   8   3   8   -0.0000081396
6   8   4   6   0.0001110689
6   8   4   7   -0.0000787951
6   9   1   6   0.0000956567
6   9   1   7   -0.0000678613
6   9   2   5   0.0004077170
6   9   2   8   0.0013051270
6   9   3   5   -0.0002892448
6   9   3   8   -0.0009258902
6   9   4   6   0.0003228133
6   9   4   7   -0.0002290120
6   10   1   6   -0.0002143661
6   10   1   7   0.0001520768
6   10   2   5   -0.0015921513
6   10   2   8   -0.0009302131
6   10   3   5   0.0011295125
6   10   3   8   0.0006599168
6   10   4   6   -0.0001973366
6   10   4   7   0.0001399956
6   11   2   6   0.0012560271
6   11   2   7   0.0015448844
6   11   3   6   -0.0006654567
6   11   3   7   -0.0012560271
6   12   1   5   0.0002792820
6   12   1   8   0.0003757898
6   12   2   6   0.0019960861
6   12   2   7   -0.0012560271
6   12   3   6   -0.0012560271
6   12   3   7   0.0011166583
6   12   4   5   0.0003757898
6   12   4   8   0.0007577564

End IJAB Block
Begin ABCD Block
1   5   1   5   0.2171763091
1   5   1   8   0.0148040503
1   5   2   6   0.0243693633
1   5   3   7   0.0243693633
1   5   4   5   0.0148040503
1   5   4   8   0.0155596496
1   6   1   6   0.1479240308
1   6   2   5   0.0243693633
1   6   2   8   0.0046948410
1   6   4   6   0.0116559966
1   7   1   7   0.1479240308
1   7   3   5   0.0243693633
1   7   3   8   0.0046948410
1   7   4   7   0.0116559966
1   8   1   5   0.0148040503
1   8   1   8   0.1367288968
1   8   2   6   0.0046948410
1   8   3   7   0.0046948410
1   8   4   5   0.0155596496
1   8   4   8   0.0071318735
2   5   1   6   0.0243693633
2   5   2   5   0.1479240308
2   5   2   8   0.0116559966
2   5   4   6   0.0046948410
2   6   1   5   0.0243693633
2   6   1   8   0.0046948410
2   6   2   6   0.1360399767
2   6   3   7   0.0079044348
2   6   4   5   0.0046948410
2   6   4   8   0.0083106237
2   7   2   7   0.1202311071
2   7   3   6   0.0079044348
2   8   1   6   0.0046948410
2   8   2   5   0.0116559966
2   8   2   8   0.1155746879
2   8   4   6   0.0083106237
3   5   1   7   0.0243693633
3   5   3   5   0.1479240308
3   5   3   8   0.0116559966
3   5   4   7   0.0046948410
3   6   2   7   0.0079044348
3   6   3   6   0.1202311071
3   7   1   5   0.0243693633
3   7   1   8   0.0046948410
3   7   2   6   0.0079044348
3   7   3   7   0.1360399767
3   7   4   5   0.0046948410
3   7   4   8   0.0083106237
3   8   1   7   0.0046948410
3   8   3   5   0.0116559966
3   8   3   8   0.1155746879
3   8   4   7   0.0083106237
4   5   1   5   0.0148040503
4   5   1   8   0.0155596496
4   5   2   6   0.0046948410
4   5   3   7   0.0046948410
4   5   4   5   0.1367288968
4   5   4   8   0.0071318735
4   6   1   6   0.0116559966
4   6   2   5   0.0046948410
4   6   2   8   0.0083106237
4   6   4   6   0.1155746879
4   7   1   7   0.0116559966
4   7   3   5   0.0046948410
4   7   3   8   0.0083106237
4   7   4   7   0.1155746879
4   8   1   5   0.0155596496
4   8   1   8   0.0071318735
4   8   2   6   0.0083106237
4   8   3   7   0.0083106237
4   8   4   5   0.0071318735
4   8   4   8   0.1207346091

End ABCD Block
Begin AIJB Block
1   7   1   5   0.0001578901
1   7   1   8   0.0001625169
1   7   2   5   0.0000042637
1   7   2   8   0.0000022900
1   7   3   5   0.0001199071
1   7   3   8   0.0000461703
1   7   4   5   -0.0000097074
1   7   4   8   0.0000330474
1   7   5   6   0.0000213396
1   7   5   7   0.0000300801
1   7   6   6   0.0000300801
1   7   6   7   -0.0000213396
1   8   1   5   0.0000042637
1   8   1   8   0.0000013033
1   8   2   5   0.0054668639
1   8   2   8   0.0040282287
1   8   3   5   -0.0000071081
1   8   3   8   -0.0000239488
1   8   4   5   0.0001018680
1   8   4   8   0.0001087314
1   8   5   6   0.0000603834
1   8   5   7   0.0000851159
1   8   6   6   0.0000851159
1   8   6   7   -0.0000603834
1   9   1   5   0.0001199071
1   9   1   8   0.0000498766
1   9   2   5   -0.0000071081
1   9   2   8   -0.0000179332
1   9   3   5   0.0006201753
1   9   3   8   0.0006535984
1   9   4   5   -0.0004818858
1   9   4   8   -0.0012639178
1   9   5   6   0.0000678613
1   9   5   7   0.0000956567
1   9   6   6   0.0000956567
1   9   6   7   -0.0000678613
1   10   1   5   -0.0000097074
1   10   1   8   -0.0000763308
1   10   2   5   0.0001018680
1   10   2   8   0.0002842713
1   10   3   5   -0.0004818858
1   10   3   8   -0.0004184294
1   10   4   5   0.0019009993
1   10   4   8   0.0012995493
1   10   5   6   -0.0001520768
1   10   5   7   -0.0002143661
1   10   6   6   -0.0002143661
1   10   6   7   0.0001520768
1   11   1   6   -0.0000134739
1   11   1   7   -0.0000189927
1   11   2   6   0.0000415500
1   11   2   7   0.0000585685
1   11   3   6   0.0002892448
1   11   3   7   0.0004077170
1   11   4   6   -0.0011295125
1   11   4   7   -0.0015921513
1   11   5   5   0.0002792820
1   11   5   8   0.0003757898
1   12   1   6   -0.0000189927
1   12   1   7   0.0000134739
1   12   2   6   0.0000585685
1   12   2   7   -0.0000415500
1   12   3   6   0.0004077170
1   12   3   7   -0.0002892448
1   12   4   6   -0.0015921513
1   12   4   7   0.0011295125
1   12   6   5   0.0002792820
1   12   6   8   0.0003757898
2   7   1   6   0.0002194077
2   7   2   6   -0.0000017677
2   7   3   6   0.0002100616
2   7   4   6   0.0000156246
2   7   5   5   -0.0000134739
2   7   5   8   -0.0000374826
2   7   6   5   -0.0000189927
2   7   6   8   -0.0000528352
2   8   1   6   -0.0000017677
2   8   2   6   0.0005420677
2   8   3   6   0.0000059581
2   8   4   6   -0.0001317744
2   8   5   5   0.0000415500
2   8   5   8   0.0000081396
2   8   6   5   0.0000585685
2   8   6   8   0.0000114736
2   9   1   6   0.0002100616
2   9   2   6   0.0000059581
2   9   3   6   0.0007788603
2   9   4   6   0.0000484672
2   9   5   5   0.0002892448
2   9   5   8   0.0009258902
2   9   6   5   0.0004077170
2   9   6   8   0.0013051270
2   10   1   6   0.0000156246
2   10   2   6   -0.0001317744
2   10   3   6   0.0000484672
2   10   4   6   0.0003388756
2   10   5   5   -0.0011295125
2   10   5   8   -0.0006599168
2   10   6   5   -0.0015921513
2   10   6   8   -0.0009302131
2   11   1   5   0.0000213396
2   11   1   8   0.0000746735
2   11   2   5   0.0000603834
2   11   2   8   0.0000787951
2   11   3   5   0.0000678613
2   11   3   8   0.0002290120
2   11   4   5   -0.0001520768
2   11   4   8   -0.0001399956
2   11   5   6   0.0011166583
2   11   5   7   0.0012560271
2   11   6   6   0.0012560271
2   11   6   7   0.0015448844
2   12   1   5   0.0000300801
2   12   1   8   0.0001052591
2   12   2   5   0.0000851159
2   12   2   8   0.0001110689
2   12   3   5   0.0000956567
2   12   3   8   0.0003228133
2   12   4   5   -0.0002143661
2   12   4   8   -0.0001973366
2   12   5   6   0.0012560271
2   12   5   7   -0.0006654567
2   12   6   6   0.0019960861
2   12   6   7   -0.0012560271
3   7   1   7   0.0002194077
3   7   2   7   -0.0000017677
3   7   3   7   0.0002100616
3   7   4   7   0.0000156246
3   7   5   5   -0.0000189927
3   7   5   8   -0.0000528352
3   7   6   5   0.0000134739
3   7   6   8   0.0000374826
3   8   1   7   -0.0000017677
3   8   2   7   0.0005420677
3   8   3   7   0.0000059581
3   8   4   7   -0.0001317744
3   8   5   5   0.0000585685
3   8   5   8   0.0000114736
3   8   6   5   -0.0000415500
3   8   6   8   -0.0000081396
3   9   1   7   0.0002100616
3   9   2   7   0.0000059581
3   9   3   7   0.0007788603
3   9   4   7   0.0000484672
3   9   5   5   0.0004077170
3   9   5   8   0.0013051270
3   9   6   5   -0.0002892448
3   9   6   8   -0.0009258902
3   10   1   7   0.0000156246
3   10   2   7   -0.0001317744
3   10   3   7   0.0000484672
3   10   4   7   0.0003388756
3   10   5   5   -0.0015921513
3   10   5   8   -0.0009302131
3   10   6   5   0.0011295125
3   10   6   8   0.0006599168
3   11   1   5   0.0000300801
3   11   1   8   0.0001052591
3   11   2   5   0.0000851159
3   11   2   8   0.0001110689
3   11   3   5   0.0000956567
3   11   3   8   0.0003228133
3   11   4   5   -0.0002143661
3   11   4   8   -0.0001973366
3   11   5   6   0.0012560271
3   11   5   7   0.0019960861
3   11   6   6   -0.0006654567
3   11   6   7   -0.0012560271
3   12   1   5   -0.0000213396
3   12   1   8   -0.0000746735
3   12   2   5   -0.0000603834
3   12   2   8   -0.0000787951
3   12   3   5   -0.0000678613
3   12   3   8   -0.0002290120
3   12   4   5   0.0001520768
3   12   4   8   0.0001399956
3   12   5   6   0.0015448844
3   12   5   7   -0.0012560271
3   12   6   6   -0.0012560271
3   12   6   7   0.0011166583
4   7   1   5   0.0001625169
4   7   1   8   0.0003378944
4   7   2   5   0.0000013033
4   7   2   8   0.0000005349
4   7   3   5   0.0000498766
4   7   3   8   -0.0000369835
4   7   4   5   -0.0000763308
4   7   4   8   -0.0000239795
4   7   5   6   0.0000746735
4   7   5   7   0.0001052591
4   7   6   6   0.0001052591
4   7   6   7   -0.0000746735
4   8   1   5   0.0000022900
4   8   1   8   0.0000005349
4   8   2   5   0.0040282287
4   8   2   8   0.0031668753
4   8   3   5   -0.0000179332
4   8   3   8   -0.0000257110
4   8   4   5   0.0002842713
4   8   4   8   0.0001650219
4   8   5   6   0.0000787951
4   8   5   7   0.0001110689
4   8   6   6   0.0001110689
4   8   6   7   -0.0000787951
4   9   1   5   0.0000461703
4   9   1   8   -0.0000369835
4   9   2   5   -0.0000239488
4   9   2   8   -0.0000257110
4   9   3   5   0.0006535984
4   9   3   8   0.0013091380
4   9   4   5   -0.0004184294
4   9   4   8   -0.0007719848
4   9   5   6   0.0002290120
4   9   5   7   0.0003228133
4   9   6   6   0.0003228133
4   9   6   7   -0.0002290120
4   10   1   5   0.0000330474
4   10   1   8   -0.0000239795
4   10   2   5   0.0001087314
4   10   2   8   0.0001650219
4   10   3   5   -0.0012639178
4   10   3   8   -0.0007719848
4   10   4   5   0.0012995493
4   10   4   8   0.0015302718
4   10   5   6   -0.0001399956
4   10   5   7   -0.0001973366
4   10   6   6   -0.0001973366
4   10   6   7   0.0001399956
4   11   1   6   -0.0000374826
4   11   1   7   -0.0000528352
4   11   2   6   0.0000081396
4   11   2   7   0.0000114736
4   11   3   6   0.0009258902
4   11   3   7   0.0013051270
4   11   4   6   -0.0006599168
4   11   4   7   -0.0009302131
4   11   5   5   0.0003757898
4   11   5   8   0.0007577564
4   12   1   6   -0.0000528352
4   12   1   7   0.0000374826
4   12   2   6   0.0000114736
4   12   2   7   -0.0000081396
4   12   3   6   0.0013051270
4   12   3   7   -0.0009258902
4   12   4   6   -0.0009302131
4   12   4   7   0.0006599168
4   12   6   5   0.0003757898
4   12   6   8   0.0007577564

1   7   7   1   -0.1382679726
1   7   7   4   -0.0294705964
1   7   8   1   -0.0000029309
1   7   8   4   -0.0000008688
1   7   9   1   0.0000498624
1   7   9   4   0.0000491382
1   7   10   1   0.0008951589
1   7   10   4   0.0003943878
1   7   11   2   -0.0002061107
1   7   11   3   -0.0002905320
1   7   12   2   -0.0002905320
1   7   12   3   0.0002061107
1   8   7   1   -0.0000029309
1   8   7   4   -0.0000008688
1   8   8   1   -0.2489449336
1   8   8   4   -0.0586811980
1   8   9   1   0.0007110530
1   8   9   4   0.0001759785
1   8   10   1   -0.0018411474
1   8   10   4   -0.0004398571
1   8   11   2   -0.0001475937
1   8   11   3   -0.0002080468
1   8   12   2   -0.0002080468
1   8   12   3   0.0001475937
1   9   7   1   0.0000498624
1   9   7   4   0.0000491382
1   9   8   1   0.0007110530
1   9   8   4   0.0001759785
1   9   9   1   -0.1374408666
1   9   9   4   -0.0285717867
1   9   10   1   0.0105463300
1   9   10   4   0.0037451023
1   9   11   2   -0.0022705509
1   9   11   3   -0.0032005494
1   9   12   2   -0.0032005494
1   9   12   3   0.0022705509
1   10   7   1   0.0008951589
1   10   7   4   0.0003943878
1   10   8   1   -0.0018411474
1   10   8   4   -0.0004398571
1   10   9   1   0.0105463300
1   10   9   4   0.0037451023
1   10   10   1   -0.1405344851
1   10   10   4   -0.0293641752
1   10   11   2   0.0007026417
1   10   11   3   0.0009904378
1   10   12   2   0.0009904378
1   10   12   3   -0.0007026417
1   11   7   2   -0.0002061107
1   11   7   3   -0.0002905320
1   11   8   2   -0.0001475937
1   11   8   3   -0.0002080468
1   11   9   2   -0.0022705509
1   11   9   3   -0.0032005494
1   11   10   2   0.0007026417
1   11   10   3   0.0009904378
1   11   11   1   -0.1368346132
1   11   11   4   -0.0282600915
1   12   7   2   -0.0002905320
1   12   7   3   0.0002061107
1   12   8   2   -0.0002080468
1   12   8   3   0.0001475937
1   12   9   2   -0.0032005494
1   12   9   3   0.0022705509
1   12   10   2   0.0009904378
1   12   10   3   -0.0007026417
1   12   12   1   -0.1368346132
1   12   12   4   -0.0282600915
2   7   7   2   -0.1320818653
2   7   8   2   -0.0000009838
2   7   9   2   0.0000831925
2   7   10   2   0.0004516787
2   7   11   1   -0.0002061107
2   7   11   4   -0.0002871617
2   7   12   1   -0.0002905320
2   7   12   4   -0.0004047807
2   8   7   2   -0.0000009838
2   8   8   2   -0.1648333865
2   8   9   2   0.0001661768
2   8   10   2   -0.0003431306
2   8   11   1   -0.0001475937
2   8   11   4   -0.0000956872
2   8   12   1   -0.0002080468
2   8   12   4   -0.0001348798
2   9   7   2   0.0000831925
2   9   8   2   0.0001661768
2   9   9   2   -0.1303262136
2   9   10   2   0.0055094121
2   9   11   1   -0.0022705509
2   9   11   4   -0.0027158168
2   9   12   1   -0.0032005494
2   9   12   4   -0.0038281924
2   10   7   2   0.0004516787
2   10   8   2   -0.0003431306
2   10   9   2   0.0055094121
2   10   10   2   -0.1309626504
2   10   11   1   0.0007026417
2   10   11   4   0.0003758620
2   10   12   1   0.0009904378
2   10   12   4   0.0005298120
2   11   7   1   -0.0002061107
2   11   7   4   -0.0002871617
2   11   8   1   -0.0001475937
2   11   8   4   -0.0000956872
2   11   9   1   -0.0022705509
2   11   9   4   -0.0027158168
2   11   10   1   0.0007026417
2   11   10   4   0.0003758620
2   11   11   2   -0.1299638535
2   11   11   3   -0.0006703622
2   11   12   2   -0.0006703622
2   11   12   3   -0.0002346825
2   12   7   1   -0.0002905320
2   12   7   4   -0.0004047807
2   12   8   1   -0.0002080468
2   12   8   4   -0.0001348798
2   12   9   1   -0.0032005494
2   12   9   4   -0.0038281924
2   12   10   1   0.0009904378
2   12   10   4   0.0005298120
2   12   11   2   -0.0006703622
2   12   11   3   -0.0002346825
2   12   12   2   -0.1304332185
2   12   12   3   0.0006703622
3   7   7   3   -0.1320818653
3   7   8   3   -0.0000009838
3   7   9   3   0.0000831925
3   7   10   3   0.0004516787
3   7   11   1   -0.0002905320
3   7   11   4   -0.0004047807
3   7   12   1   0.0002061107
3   7   12   4   0.0002871617
3   8   7   3   -0.0000009838
3   8   8   3   -0.1648333865
3   8   9   3   0.0001661768
3   8   10   3   -0.0003431306
3   8   11   1   -0.0002080468
3   8   11   4   -0.0001348798
3   8   12   1   0.0001475937
3   8   12   4   0.0000956872
3   9   7   3   0.0000831925
3   9   8   3   0.0001661768
3   9   9   3   -0.1303262136
3   9   10   3   0.0055094121
3   9   11   1   -0.0032005494
3   9   11   4   -0.0038281924
3   9   12   1   0.0022705509
3   9   12   4   0.0027158168
3   10   7   3   0.0004516787
3   10   8   3   -0.0003431306
3   10   9   3   0.0055094121
3   10   10   3   -0.1309626504
3   10   11   1   0.0009904378
3   10   11   4   0.0005298120
3   10   12   1   -0.0007026417
3   10   12   4   -0.0003758620
3   11   7   1   -0.0002905320
3   11   7   4   -0.0004047807
3   11   8   1   -0.0002080468
3   11   8   4   -0.0001348798
3   11   9   1   -0.0032005494
3   11   9   4   -0.0038281924
3   11   10   1   0.0009904378
3   11   10   4   0.0005298120
3   11   11   2   -0.0006703622
3   11   11   3   -0.1304332185
3   11   12   2   -0.0002346825
3   11   12   3   0.0006703622
3   12   7   1   0.0002061107
3   12   7   4   0.0002871617
3   12   8   1   0.0001475937
3   12   8   4   0.0000956872
3   12   9   1   0.0022705509
3   12   9   4   0.0027158168
3   12   10   1   -0.0007026417
3   12   10   4   -0.0003758620
3   12   11   2   -0.0002346825
3   12   11   3   0.0006703622
3   12   12   2   0.0006703622
3   12   12   3   -0.1299638535
4   7   7   1   -0.0294705964
4   7   7   4   -0.1460696871
4   7   8   1   -0.0000008688
4   7   8   4   -0.0000004351
4   7   9   1   0.0000491382
4   7   9   4   0.0000939593
4   7   10   1   0.0003943878
4   7   10   4   0.0002901446
4   7   11   2   -0.0002871617
4   7   11   3   -0.0004047807
4   7   12   2   -0.0004047807
4   7   12   3   0.0002871617
4   8   7   1   -0.0000008688
4   8   7   4   -0.0000004351
4   8   8   1   -0.0586811980
4   8   8   4   -0.1648471771
4   8   9   1   0.0001759785
4   8   9   4   0.0001155460
4   8   10   1   -0.0004398571
4   8   10   4   -0.0002814984
4   8   11   2   -0.0000956872
4   8   11   3   -0.0001348798
4   8   12   2   -0.0001348798
4   8   12   3   0.0000956872
4   9   7   1   0.0000491382
4   9   7   4   0.0000939593
4   9   8   1   0.0001759785
4   9   8   4   0.0001155460
4   9   9   1   -0.0285717867
4   9   9   4   -0.1444893379
4   9   10   1   0.0037451023
4   9   10   4   0.0024453037
4   9   11   2   -0.0027158168
4   9   11   3   -0.0038281924
4   9   12   2   -0.0038281924
4   9   12   3   0.0027158168
4   10   7   1   0.0003943878
4   10   7   4   0.0002901446
4   10   8   1   -0.0004398571
4   10   8   4   -0.0002814984
4   10   9   1   0.0037451023
4   10   9   4   0.0024453037
4   10   10   1   -0.0293641752
4   10   10   4   -0.1451458067
4   10   11   2   0.0003758620
4   10   11   3   0.0005298120
4   10   12   2   0.0005298120
4   10   12   3   -0.0003758620
4   11   7   2   -0.0002871617
4   11   7   3   -0.0004047807
4   11   8   2   -0.0000956872
4   11   8   3   -0.0001348798
4   11   9   2   -0.0027158168
4   11   9   3   -0.0038281924
4   11   10   2   0.0003758620
4   11   10   3   0.0005298120
4   11   11   1   -0.0282600915
4   11   11   4   -0.1439303318
4   12   7   2   -0.0004047807
4   12   7   3   0.0002871617
4   12   8   2   -0.0001348798
4   12   8   3   0.0000956872
4   12   9   2   -0.0038281924
4   12   9   3   0.0027158168
4   12   10   2   0.0005298120
4   12   10   3   -0.0003758620
4   12   12   1   -0.0282600915
4   12   12   4   -0.1439303318

End AIJB Block
Begin IJKA Block
1   7   1   5   0.0096431519
1   7   1   8   0.0314127164
1   7   2   5   -0.0000084566
1   7   2   8   -0.0000153605
1   7   3   5   -0.0015929841
1   7   3   8   -0.0050927709
1   7   4   5   0.0020199467
1   7   4   8   0.0008944269
1   7   5   6   -0.0016227580
1   7   5   7   -0.0022874259
1   7   6   6   -0.0022874259
1   7   6   7   0.0016227580
1   8   1   5   -0.0028973374
1   8   1   8   -0.0008685089
1   8   2   5   0.0000010679
1   8   2   8   0.0000005759
1   8   3   5   0.0000020693
1   8   3   8   0.0000041949
1   8   4   5   0.0000742005
1   8   4   8   0.0000251316
1   8   5   6   0.0000134605
1   8   5   7   0.0000189738
1   8   6   6   0.0000189738
1   8   6   7   -0.0000134605
1   9   1   5   -0.0152461817
1   9   1   8   -0.0474263199
1   9   2   5   -0.0000032810
1   9   2   8   0.0000011223
1   9   3   5   0.0004124307
1   9   3   8   0.0013668462
1   9   4   5   0.0020957913
1   9   4   8   0.0012628295
1   9   5   6   -0.0015643070
1   9   5   7   -0.0022050340
1   9   6   6   -0.0022050340
1   9   6   7   0.0015643070
1   10   1   5   0.0515172511
1   10   1   8   0.0250532044
1   10   2   5   -0.0000013904
1   10   2   8   0.0000018388
1   10   3   5   -0.0008187159
1   10   3   8   -0.0003786660
1   10   4   5   -0.0004115090
1   10   4   8   -0.0013596134
1   10   5   6   -0.0001149639
1   10   5   7   -0.0001620521
1   10   6   6   -0.0001620521
1   10   6   7   0.0001149639
1   11   1   6   -0.0392649661
1   11   1   7   -0.0553475644
1   11   2   6   0.0000018902
1   11   2   7   0.0000026643
1   11   3   6   0.0006537944
1   11   3   7   0.0009215830
1   11   4   6   -0.0000166824
1   11   4   7   -0.0000235154
1   11   5   5   -0.0004760915
1   11   5   8   -0.0016595343
1   12   1   6   -0.0553475644
1   12   1   7   0.0392649661
1   12   2   6   0.0000026643
1   12   2   7   -0.0000018902
1   12   3   6   0.0009215830
1   12   3   7   -0.0006537944
1   12   4   6   -0.0000235154
1   12   4   7   0.0000166824
1   12   6   5   -0.0004760915
1   12   6   8   -0.0016595343
2   7   1   5   -0.0000084566
2   7   1   8   -0.0000153605
2   7   2   5   -0.0001775569
2   7   2   8   -0.0001018319
2   7   3   5   -0.0000051491
2   7   3   8   -0.0000000961
2   7   4   5   0.0000095807
2   7   4   8   0.0000041321
2   7   5   6   -0.0000048551
2   7   5   7   -0.0000068437
2   7   6   6   -0.0000068437
2   7   6   7   0.0000048551
2   8   1   5   0.0000010679
2   8   1   8   0.0000005759
2   8   2   5   -0.0726252376
2   8   2   8   -0.0576892518
2   8   3   5   0.0006093632
2   8   3   8   0.0005534239
2   8   4   5   -0.0019917443
2   8   4   8   -0.0018842447
2   8   5   6   0.0000791555
2   8   5   7   0.0001115770
2   8   6   6   0.0001115770
2   8   6   7   -0.0000791555
2   9   1   5   -0.0000032810
2   9   1   8   0.0000011223
2   9   2   5   -0.0005577357
2   9   2   8   0.0001562948
2   9   3   5   -0.0000657999
2   9   3   8   -0.0001022708
2   9   4   5   0.0001124959
2   9   4   8   0.0001274870
2   9   5   6   -0.0000171172
2   9   5   7   -0.0000241283
2   9   6   6   -0.0000241283
2   9   6   7   0.0000171172
2   10   1   5   -0.0000013904
2   10   1   8   0.0000018388
2   10   2   5   -0.0054972115
2   10   2   8   -0.0140349108
2   10   3   5   0.0001628444
2   10   3   8   0.0001019366
2   10   4   5   -0.0002695380
2   10   4   8   -0.0001147623
2   10   5   6   -0.0000234688
2   10   5   7   -0.0000330814
2   10   6   6   -0.0000330814
2   10   6   7   0.0000234688
2   11   1   6   0.0000018902
2   11   1   7   0.0000026643
2   11   2   6   0.0002622159
2   11   2   7   0.0003696174
2   11   3   6   -0.0000880562
2   11   3   7   -0.0001241233
2   11   4   6   0.0001144279
2   11   4   7   0.0001612966
2   11   5   5   0.0000224920
2   11   5   8   0.0000333308
2   12   1   6   0.0000026643
2   12   1   7   -0.0000018902
2   12   2   6   0.0003696174
2   12   2   7   -0.0002622159
2   12   3   6   -0.0001241233
2   12   3   7   0.0000880562
2   12   4   6   0.0001612966
2   12   4   7   -0.0001144279
2   12   6   5   0.0000224920
2   12   6   8   0.0000333308
3   7   1   5   -0.0015929841
3   7   1   8   -0.0050927709
3   7   2   5   -0.0000051491
3   7   2   8   -0.0000000961
3   7   3   5   0.0003412197
3   7   3   8   0.0012673012
3   7   4   5   0.0021948675
3   7   4   8   0.0012631257
3   7   5   6   -0.0016696458
3   7   5   7   -0.0023535186
3   7   6   6   -0.0023535186
3   7   6   7   0.0016696458
3   8   1   5   0.0000020693
3   8   1   8   0.0000041949
3   8   2   5   0.0006093632
3   8   2   8   0.0005534239
3   8   3   5   -0.0028866591
3   8   3   8   -0.0008109249
3   8   4   5   0.0009069346
3   8   4   8   0.0002848760
3   8   5   6   0.0001942831
3   8   5   7   0.0002738598
3   8   6   6   0.0002738598
3   8   6   7   -0.0001942831
3   9   1   5   0.0004124307
3   9   1   8   0.0013668462
3   9   2   5   -0.0000657999
3   9   2   8   -0.0001022708
3   9   3   5   -0.0086148158
3   9   3   8   -0.0253902308
3   9   4   5   0.0086290578
3   9   4   8   0.0043507017
3   9   5   6   -0.0064050240
3   9   5   7   -0.0090284677
3   9   6   6   -0.0090284677
3   9   6   7   0.0064050240
3   10   1   5   -0.0008187159
3   10   1   8   -0.0003786660
3   10   2   5   0.0001628444
3   10   2   8   0.0001019366
3   10   3   5   0.0322678480
3   10   3   8   0.0150909516
3   10   4   5   0.0000996157
3   10   4   8   -0.0013818565
3   10   5   6   -0.0007124305
3   10   5   7   -0.0010042361
3   10   6   6   -0.0010042361
3   10   6   7   0.0007124305
3   11   1   6   0.0006537944
3   11   1   7   0.0009215830
3   11   2   6   -0.0000880562
3   11   2   7   -0.0001241233
3   11   3   6   -0.0241906627
3   11   3   7   -0.0340989538
3   11   4   6   -0.0010126749
3   11   4   7   -0.0014274580
3   11   5   5   -0.0009592419
3   11   5   8   -0.0039449704
3   12   1   6   0.0009215830
3   12   1   7   -0.0006537944
3   12   2   6   -0.0001241233
3   12   2   7   0.0000880562
3   12   3   6   -0.0340989538
3   12   3   7   0.0241906627
3   12   4   6   -0.0014274580
3   12   4   7   0.0010126749
3   12   6   5   -0.0009592419
3   12   6   8   -0.0039449704
4   7   1   5   0.0020199467
4   7   1   8   0.0008944269
4   7   2   5   0.0000095807
4   7   2   8   0.0000041321
4   7   3   5   0.0021948675
4   7   3   8   0.0012631257
4   7   4   5   0.0003459140
4   7   4   8   0.0008283757
4   7   5   6   -0.0000619750
4   7   5   7   -0.0000873594
4   7   6   6   -0.0000873594
4   7   6   7   0.0000619750
4   8   1   5   0.0000742005
4   8   1   8   0.0000251316
4   8   2   5   -0.0019917443
4   8   2   8   -0.0018842447
4   8   3   5   0.0009069346
4   8   3   8   0.0002848760
4   8   4   5   -0.0034630240
4   8   4   8   -0.0010630986
4   8   5   6   -0.0001121243
4   8   5   7   -0.0001580495
4   8   6   6   -0.0001580495
4   8   6   7   0.0001121243
4   9   1   5   0.0020957913
4   9   1   8   0.0012628295
4   9   2   5   0.0001124959
4   9   2   8   0.0001274870
4   9   3   5   0.0086290578
4   9   3   8   0.0043507017
4   9   4   5   -0.0070211403
4   9   4   8   -0.0213472433
4   9   5   6   -0.0002560820
4   9   5   7   -0.0003609710
4   9   6   6   -0.0003609710
4   9   6   7   0.0002560820
4   10   1   5   -0.0004115090
4   10   1   8   -0.0013596134
4   10   2   5   -0.0002695380
4   10   2   8   -0.0001147623
4   10   3   5   0.0000996157
4   10   3   8   -0.0013818565
4   10   4   5   0.0311584824
4   10   4   8   0.0137196833
4   10   5   6   -0.0012932239
4   10   5   7   -0.0018229175
4   10   6   6   -0.0018229175
4   10   6   7   0.0012932239
4   11   1   6   -0.0000166824
4   11   1   7   -0.0000235154
4   11   2   6   0.0001144279
4   11   2   7   0.0001612966
4   11   3   6   -0.0010126749
4   11   3   7   -0.0014274580
4   11   4   6   -0.0204452089
4   11   4   7   -0.0288193937
4   11   5   5   0.0018453409
4   11   5   8   0.0007847431
4   12   1   6   -0.0000235154
4   12   1   7   0.0000166824
4   12   2   6   0.0001612966
4   12   2   7   -0.0001144279
4   12   3   6   -0.0014274580
4   12   3   7   0.0010126749
4   12   4   6   -0.0288193937
4   12   4   7   0.0204452089
4   12   6   5   0.0018453409
4   12   6   8   0.0007847431
5   7   1   6   -0.0016227580
5   7   1   7   -0.0022874259
5   7   2   6   -0.0000048551
5   7   2   7   -0.0000068437
5   7   3   6   -0.0016696458
5   7   3   7   -0.0023535186
5   7   4   6   -0.0000619750
5   7   4   7   -0.0000873594
5   7   5   5   0.0002149405
5   7   5   8   0.0007772281
5   8   1   6   0.0000134605
5   8   1   7   0.0000189738
5   8   2   6   0.0000791555
5   8   2   7   0.0001115770
5   8   3   6   0.0001942831
5   8   3   7   0.0002738598
5   8   4   6   -0.0001121243
5   8   4   7   -0.0001580495
5   8   5   5   -0.0026744711
5   8   5   8   -0.0007319171
5   9   1   6   -0.0015643070
5   9   1   7   -0.0022050340
5   9   2   6   -0.0000171172
5   9   2   7   -0.0000241283
5   9   3   6   -0.0064050240
5   9   3   7   -0.0090284677
5   9   4   6   -0.0002560820
5   9   4   7   -0.0003609710
5   9   5   5   -0.0075625824
5   9   5   8   -0.0227856770
5   10   1   6   -0.0001149639
5   10   1   7   -0.0001620521
5   10   2   6   -0.0000234688
5   10   2   7   -0.0000330814
5   10   3   6   -0.0007124305
5   10   3   7   -0.0010042361
5   10   4   6   -0.0012932239
5   10   4   7   -0.0018229175
5   10   5   5   0.0281418326
5   10   5   8   0.0128490606
5   11   1   5   -0.0004760915
5   11   1   8   -0.0016595343
5   11   2   5   0.0000224920
5   11   2   8   0.0000333308
5   11   3   5   -0.0009592419
5   11   3   8   -0.0039449704
5   11   4   5   0.0018453409
5   11   4   8   0.0007847431
5   11   5   6   -0.0242174134
5   11   5   7   -0.0341366613
5   11   6   6   -0.0021113630
5   11   6   7   0.0014978545
5   12   5   6   -0.0299139352
5   12   5   7   0.0212217044
5   12   6   6   -0.0014978545
5   12   6   7   -0.0021113630
6   7   1   6   -0.0022874259
6   7   1   7   0.0016227580
6   7   2   6   -0.0000068437
6   7   2   7   0.0000048551
6   7   3   6   -0.0023535186
6   7   3   7   0.0016696458
6   7   4   6   -0.0000873594
6   7   4   7   0.0000619750
6   7   6   5   0.0002149405
6   7   6   8   0.0007772281
6   8   1   6   0.0000189738
6   8   1   7   -0.0000134605
6   8   2   6   0.0001115770
6   8   2   7   -0.0000791555
6   8   3   6   0.0002738598
6   8   3   7   -0.0001942831
6   8   4   6   -0.0001580495
6   8   4   7   0.0001121243
6   8   6   5   -0.0026744711
6   8   6   8   -0.0007319171
6   9   1   6   -0.0022050340
6   9   1   7   0.0015643070
6   9   2   6   -0.0000241283
6   9   2   7   0.0000171172
6   9   3   6   -0.0090284677
6   9   3   7   0.0064050240
6   9   4   6   -0.0003609710
6   9   4   7   0.0002560820
6   9   6   5   -0.0075625824
6   9   6   8   -0.0227856770
6   10   1   6   -0.0001620521
6   10   1   7   0.0001149639
6   10   2   6   -0.0000330814
6   10   2   7   0.0000234688
6   10   3   6   -0.0010042361
6   10   3   7   0.0007124305
6   10   4   6   -0.0018229175
6   10   4   7   0.0012932239
6   10   6   5   0.0281418326
6   10   6   8   0.0128490606
6   11   5   6   -0.0021113630
6   11   5   7   0.0014978545
6   11   6   6   -0.0212217044
6   11   6   7   -0.0299139352
6   12   1   5   -0.0004760915
6   12   1   8   -0.0016595343
6   12   2   5   0.0000224920
6   12   2   8   0.0000333308
6   12   3   5   -0.0009592419
6   12   3   8   -0.0039449704
6   12   4   5   0.0018453409
6   12   4   8   0.0007847431
6   12   5   6   -0.0014978545
6   12   5   7   -0.0021113630
6   12   6   6   -0.0341366613
6   12   6   7   0.0242174134

End IJKA Block
Begin IABC Block
1   5   1   5   -0.0000538628
1   5   1   8   -0.0000230604
1   5   2   6   -0.0000266152
1   5   3   7   -0.0000266152
1   5   4   5   -0.0000280345
1   5   4   8   -0.0000113183
1   6   1   6   -0.0000252224
1   6   2   5   -0.0000266152
1   6   2   8   -0.0000383744
1   6   4   6   -0.0000116020
1   7   1   7   -0.0000252224
1   7   3   5   -0.0000266152
1   7   3   8   -0.0000383744
1   7   4   7   -0.0000116020
1   8   1   5   -0.0000230604
1   8   1   8   -0.0000159618
1   8   2   6   -0.0000383744
1   8   3   7   -0.0000383744
1   8   4   5   -0.0000113183
1   8   4   8   -0.0000054695
2   5   1   5   0.0009241134
2   5   1   8   -0.0003227370
2   5   2   6   0.0010053458
2   5   3   7   0.0010053458
2   5   4   5   -0.0002097411
2   5   4   8   -0.0003281385
2   6   1   6   0.0001145409
2   6   2   5   0.0010053458
2   6   2   8   0.0005501650
2   6   4   6   -0.0000099895
2   7   1   7   0.0001145409
2   7   3   5   0.0010053458
2   7   3   8   0.0005501650
2   7   4   7   -0.0000099895
2   8   1   5   -0.0003227370
2   8   1   8   -0.0003157809
2   8   2   6   0.0005501650
2   8   3   7   0.0005501650
2   8   4   5   -0.0003281385
2   8   4   8   -0.0002675537
3   5   1   5   -0.0002416722
3   5   1   8   -0.0001140430
3   5   2   6   -0.0000041839
3   5   3   7   -0.0000041839
3   5   4   5   -0.0001341576
3   5   4   8   -0.0001171055
3   6   1   6   -0.0001464531
3   6   2   5   -0.0000041839
3   6   2   8   -0.0000693851
3   6   4   6   -0.0001635348
3   7   1   7   -0.0001464531
3   7   3   5   -0.0000041839
3   7   3   8   -0.0000693851
3   7   4   7   -0.0001635348
3   8   1   5   -0.0001140430
3   8   1   8   -0.0001140911
3   8   2   6   -0.0000693851
3   8   3   7   -0.0000693851
3   8   4   5   -0.0001171055
3   8   4   8   -0.0001760489
4   5   1   5   -0.0025900341
4   5   1   8   -0.0004259268
4   5   2   6   -0.0011866674
4   5   3   7   -0.0011866674
4   5   4   5   -0.0046195438
4   5   4   8   -0.0013420404
4   6   1   6   -0.0011311074
4   6   2   5   -0.0011866674
4   6   2   8   -0.0005893070
4   6   4   6   -0.0024496502
4   7   1   7   -0.0011311074
4   7   3   5   -0.0011866674
4   7   3   8   -0.0005893070
4   7   4   7   -0.0024496502
4   8   1   5   -0.0004259268
4   8   1   8   -0.0000481362
4   8   2   6   -0.0005893070
4   8   3   7   -0.0005893070
4   8   4   5   -0.0013420404
4   8   4   8   -0.0010381959
5   5   1   6   0.0006459368
5   5   1   7   0.0009105071
5   5   2   5   0.0005866538
5   5   2   8   0.0000163066
5   5   3   5   0.0008269422
5   5   3   8   0.0000229857
5   5   4   6   0.0008687435
5   5   4   7   0.0012245735
5   6   1   5   0.0006459368
5   6   1   8   0.0004286743
5   6   2   6   0.0004587211
5   6   2   7   0.0002719901
5   6   3   6   0.0001026290
5   6   3   7   0.0001929567
5   6   4   5   0.0008687435
5   6   4   8   0.0007162789
5   7   1   5   0.0009105071
5   7   1   8   0.0006042556
5   7   2   6   0.0002719901
5   7   2   7   0.0000728076
5   7   3   6   0.0001929567
5   7   3   7   0.0006466093
5   7   4   5   0.0012245735
5   7   4   8   0.0010096606
5   8   1   6   0.0004286743
5   8   1   7   0.0006042556
5   8   2   5   0.0000163066
5   8   2   8   -0.0003284882
5   8   3   5   0.0000229857
5   8   3   8   -0.0004630342
5   8   4   6   0.0007162789
5   8   4   7   0.0010096606
6   5   1   6   0.0009105071
6   5   1   7   -0.0006459368
6   5   2   5   0.0008269422
6   5   2   8   0.0000229857
6   5   3   5   -0.0005866538
6   5   3   8   -0.0000163066
6   5   4   6   0.0012245735
6   5   4   7   -0.0008687435
6   6   1   5   0.0009105071
6   6   1   8   0.0006042556
6   6   2   6   0.0006466093
6   6   2   7   -0.0001929567
6   6   3   6   -0.0000728076
6   6   3   7   0.0002719901
6   6   4   5   0.0012245735
6   6   4   8   0.0010096606
6   7   1   5   -0.0006459368
6   7   1   8   -0.0004286743
6   7   2   6   -0.0001929567
6   7   2   7   0.0001026290
6   7   3   6   0.0002719901
6   7   3   7   -0.0004587211
6   7   4   5   -0.0008687435
6   7   4   8   -0.0007162789
6   8   1   6   0.0006042556
6   8   1   7   -0.0004286743
6   8   2   5   0.0000229857
6   8   2   8   -0.0004630342
6   8   3   5   -0.0000163066
6   8   3   8   0.0003284882
6   8   4   6   0.0010096606
6   8   4   7   -0.0007162789

End IABC Block
