Begin IJ Block
1   1   -5.9227167005
1   2   -0.0000371828
1   5   -0.0160990540
2   2   -7.0031813261
2   5   -0.0022610726
3   3   -5.9935511737
3   4   0.0000000000
4   4   -5.9935511736
5   5   -5.8874069690

End IJ Block
Begin IA Block
1   1   0.0962839473
1   4   0.0684141557
2   1   0.0369973610
2   4   0.1203164757
3   2   0.1437318377
3   3   0.1022999846
4   2   0.1022999846
4   3   -0.1437318377
5   1   -0.1507843990
5   4   -0.0567685722

End IA Block
Begin AB Block
1   1   -1.6051069401
1   4   -0.3516177713
2   2   -1.3592293921
2   3   0.0000000000
3   3   -1.3592293921
4   4   -1.4215475269

End AB Block
Begin IJKL Block
1   6   1   6   1.6347937315
1   6   1   7   -0.0052675594
1   6   1   10   0.0299880576
1   6   2   6   -0.0052675594
1   6   2   7   -0.0000087685
1   6   2   10   -0.0001153213
1   6   3   8   -0.0000271445
1   6   4   9   -0.0000271445
1   6   5   6   0.0299880576
1   6   5   7   -0.0001153213
1   6   5   10   0.0005225665
1   7   1   6   -0.0052675594
1   7   1   7   0.2123483891
1   7   1   10   -0.0290034123
1   7   2   6   0.0000347451
1   7   2   7   0.0009530821
1   7   2   10   -0.0001866587
1   7   3   8   0.0002212371
1   7   4   9   0.0002212371
1   7   5   6   -0.0001776606
1   7   5   7   -0.0021132713
1   7   5   10   0.0005481948
1   8   1   8   0.2100218771
1   8   2   8   0.0008797083
1   8   3   6   0.0000190363
1   8   3   7   0.0002342000
1   8   3   10   -0.0000808304
1   8   5   8   -0.0019561217
1   9   1   9   0.2100218771
1   9   2   9   0.0008797083
1   9   4   6   0.0000190363
1   9   4   7   0.0002342000
1   9   4   10   -0.0000808304
1   9   5   9   -0.0019561217
1   10   1   6   0.0299880576
1   10   1   7   -0.0290034123
1   10   1   10   0.2326775661
1   10   2   6   -0.0001776606
1   10   2   7   -0.0001636628
1   10   2   10   0.0008956515
1   10   3   8   -0.0000600028
1   10   4   9   -0.0000600028
1   10   5   6   0.0011707343
1   10   5   7   0.0005506804
1   10   5   10   -0.0021957821
2   6   1   6   -0.0052675594
2   6   1   7   0.0000347451
2   6   1   10   -0.0001776606
2   6   2   6   0.2123483891
2   6   2   7   0.0009530821
2   6   2   10   -0.0021132713
2   6   3   8   0.0002212371
2   6   4   9   0.0002212371
2   6   5   6   -0.0290034123
2   6   5   7   -0.0001866587
2   6   5   10   0.0005481948
2   7   1   6   -0.0000087685
2   7   1   7   0.0009530821
2   7   1   10   -0.0001636628
2   7   2   6   0.0009530821
2   7   2   7   0.8708469711
2   7   2   10   0.0108072917
2   7   3   8   0.1511214768
2   7   4   9   0.1511214768
2   7   5   6   -0.0001636628
2   7   5   7   0.0108072917
2   7   5   10   0.1440415019
2   8   1   8   0.0008797083
2   8   2   8   0.8107056540
2   8   3   6   0.0002342000
2   8   3   7   0.1558316469
2   8   3   10   0.0025271866
2   8   5   8   0.0100169256
2   9   1   9   0.0008797083
2   9   2   9   0.8107056540
2   9   4   6   0.0002342000
2   9   4   7   0.1558316469
2   9   4   10   0.0025271866
2   9   5   9   0.0100169256
2   10   1   6   -0.0001153213
2   10   1   7   -0.0001866587
2   10   1   10   0.0008956515
2   10   2   6   -0.0021132713
2   10   2   7   0.0108072917
2   10   2   10   0.7833718229
2   10   3   8   0.0023718978
2   10   4   9   0.0023718978
2   10   5   6   0.0005506804
2   10   5   7   0.1493745600
2   10   5   10   0.0120846119
3   6   1   8   0.0000190363
3   6   2   8   0.0002342000
3   6   3   6   0.2100218771
3   6   3   7   0.0008797083
3   6   3   10   -0.0019561217
3   6   5   8   -0.0000808304
3   7   1   8   0.0002342000
3   7   2   8   0.1558316469
3   7   3   6   0.0008797083
3   7   3   7   0.8107056540
3   7   3   10   0.0100169256
3   7   5   8   0.0025271866
3   8   1   6   -0.0000271445
3   8   1   7   0.0002212371
3   8   1   10   -0.0000600028
3   8   2   6   0.0002212371
3   8   2   7   0.1511214768
3   8   2   10   0.0023718978
3   8   3   8   0.8020519742
3   8   3   9   -0.0000000000
3   8   4   8   -0.0000000000
3   8   4   9   0.0309163115
3   8   5   6   -0.0000600028
3   8   5   7   0.0023718978
3   8   5   10   0.0295111659
3   9   3   8   -0.0000000000
3   9   3   9   0.7342423872
3   9   4   8   0.0368932756
3   9   4   9   -0.0000000000
3   10   1   8   -0.0000808304
3   10   2   8   0.0025271866
3   10   3   6   -0.0019561217
3   10   3   7   0.0100169256
3   10   3   10   0.7106237123
3   10   4   10   -0.0000000000
3   10   5   8   0.0354191902
4   6   1   9   0.0000190363
4   6   2   9   0.0002342000
4   6   4   6   0.2100218771
4   6   4   7   0.0008797083
4   6   4   10   -0.0019561217
4   6   5   9   -0.0000808304
4   7   1   9   0.0002342000
4   7   2   9   0.1558316469
4   7   4   6   0.0008797083
4   7   4   7   0.8107056540
4   7   4   10   0.0100169256
4   7   5   9   0.0025271866
4   8   3   8   -0.0000000000
4   8   3   9   0.0368932756
4   8   4   8   0.7342423872
4   8   4   9   -0.0000000000
4   9   1   6   -0.0000271445
4   9   1   7   0.0002212371
4   9   1   10   -0.0000600028
4   9   2   6   0.0002212371
4   9   2   7   0.1511214768
4   9   2   10   0.0023718978
4   9   3   8   0.0309163115
4   9   3   9   -0.0000000000
4   9   4   8   -0.0000000000
4   9   4   9   0.8020519742
4   9   5   6   -0.0000600028
4   9   5   7   0.0023718978
4   9   5   10   0.0295111659
4   10   1   9   -0.0000808304
4   10   2   9   0.0025271866
4   10   3   10   -0.0000000000
4   10   4   6   -0.0019561217
4   10   4   7   0.0100169256
4   10   4   10   0.7106237123
4   10   5   9   0.0354191902
5   6   1   6   0.0299880576
5   6   1   7   -0.0001776606
5   6   1   10   0.0011707343
5   6   2   6   -0.0290034123
5   6   2   7   -0.0001636628
5   6   2   10   0.0005506804
5   6   3   8   -0.0000600028
5   6   4   9   -0.0000600028
5   6   5   6   0.2326775661
5   6   5   7   0.0008956515
5   6   5   10   -0.0021957821
5   7   1   6   -0.0001153213
5   7   1   7   -0.0021132713
5   7   1   10   0.0005506804
5   7   2   6   -0.0001866587
5   7   2   7   0.0108072917
5   7   2   10   0.1493745600
5   7   3   8   0.0023718978
5   7   4   9   0.0023718978
5   7   5   6   0.0008956515
5   7   5   7   0.7833718229
5   7   5   10   0.0120846119
5   8   1   8   -0.0019561217
5   8   2   8   0.0100169256
5   8   3   6   -0.0000808304
5   8   3   7   0.0025271866
5   8   3   10   0.0354191902
5   8   5   8   0.7106237123
5   8   5   9   -0.0000000000
5   9   1   9   -0.0019561217
5   9   2   9   0.0100169256
5   9   4   6   -0.0000808304
5   9   4   7   0.0025271866
5   9   4   10   0.0354191902
5   9   5   8   -0.0000000000
5   9   5   9   0.7106237123
5   10   1   6   0.0005225665
5   10   1   7   0.0005481948
5   10   1   10   -0.0021957821
5   10   2   6   0.0005481948
5   10   2   7   0.1440415019
5   10   2   10   0.0120846119
5   10   3   8   0.0295111659
5   10   4   9   0.0295111659
5   10   5   6   -0.0021957821
5   10   5   7   0.0120846119
5   10   5   10   0.7506584942

End IJKL Block
Begin IJAB Block
1   6   1   5   0.0082657381
1   6   1   8   0.0065467296
1   6   2   6   0.0008906504
1   6   3   7   0.0008906504
1   6   4   5   0.0065467296
1   6   4   8   0.0056143231
1   7   1   5   -0.0000217319
1   7   1   8   -0.0000301949
1   7   2   6   0.0000167203
1   7   3   7   0.0000167203
1   7   4   5   -0.0000321208
1   7   4   8   -0.0000296982
1   8   1   6   0.0000357408
1   8   1   7   0.0000254382
1   8   2   5   0.0001055342
1   8   2   8   0.0001557034
1   8   3   5   0.0000751131
1   8   3   8   0.0001108207
1   8   4   6   -0.0000076068
1   8   4   7   -0.0000054141
1   9   1   6   0.0000254382
1   9   1   7   -0.0000357408
1   9   2   5   0.0000751131
1   9   2   8   0.0001108207
1   9   3   5   -0.0001055342
1   9   3   8   -0.0001557034
1   9   4   6   -0.0000054141
1   9   4   7   0.0000076068
1   10   1   5   0.0002811691
1   10   1   8   0.0005159166
1   10   2   6   -0.0002382696
1   10   3   7   -0.0002382696
1   10   4   5   0.0002510611
1   10   4   8   0.0002863446
2   6   1   5   -0.0000217319
2   6   1   8   -0.0000321208
2   6   2   6   0.0000167203
2   6   3   7   0.0000167203
2   6   4   5   -0.0000301949
2   6   4   8   -0.0000296982
2   7   1   5   0.0009365731
2   7   1   8   0.0009711178
2   7   2   6   0.0009060225
2   7   3   7   0.0009060225
2   7   4   5   0.0009711178
2   7   4   8   0.0018171196
2   8   1   6   0.0003865611
2   8   1   7   0.0002751318
2   8   2   5   0.0001915950
2   8   2   8   0.0006648203
2   8   3   5   0.0001363662
2   8   3   8   0.0004731805
2   8   4   6   0.0014211853
2   8   4   7   0.0010115173
2   9   1   6   0.0002751318
2   9   1   7   -0.0003865611
2   9   2   5   0.0001363662
2   9   2   8   0.0004731805
2   9   3   5   -0.0001915950
2   9   3   8   -0.0006648203
2   9   4   6   0.0010115173
2   9   4   7   -0.0014211853
2   10   1   5   -0.0006625040
2   10   1   8   -0.0010387592
2   10   2   6   -0.0000052554
2   10   3   7   -0.0000052554
2   10   4   5   -0.0017796748
2   10   4   8   -0.0017676248
3   6   1   6   0.0001055342
3   6   1   7   0.0000751131
3   6   2   5   0.0000357408
3   6   2   8   -0.0000076068
3   6   3   5   0.0000254382
3   6   3   8   -0.0000054141
3   6   4   6   0.0001557034
3   6   4   7   0.0001108207
3   7   1   6   0.0001915950
3   7   1   7   0.0001363662
3   7   2   5   0.0003865611
3   7   2   8   0.0014211853
3   7   3   5   0.0002751318
3   7   3   8   0.0010115173
3   7   4   6   0.0006648203
3   7   4   7   0.0004731805
3   8   1   5   0.0005871843
3   8   1   8   0.0006193387
3   8   2   6   0.0021127335
3   8   2   7   0.0012092808
3   8   3   6   0.0012092808
3   8   3   7   0.0012743857
3   8   4   5   0.0006193387
3   8   4   8   0.0013142463
3   9   2   6   0.0012092808
3   9   2   7   -0.0012317486
3   9   3   6   0.0003934007
3   9   3   7   -0.0012092808
3   10   1   6   -0.0004861727
3   10   1   7   -0.0003460295
3   10   2   5   -0.0016964671
3   10   2   8   -0.0013283206
3   10   3   5   -0.0012074468
3   10   3   8   -0.0009454215
3   10   4   6   -0.0004559015
3   10   4   7   -0.0003244842
4   6   1   6   0.0000751131
4   6   1   7   -0.0001055342
4   6   2   5   0.0000254382
4   6   2   8   -0.0000054141
4   6   3   5   -0.0000357408
4   6   3   8   0.0000076068
4   6   4   6   0.0001108207
4   6   4   7   -0.0001557034
4   7   1   6   0.0001363662
4   7   1   7   -0.0001915950
4   7   2   5   0.0002751318
4   7   2   8   0.0010115173
4   7   3   5   -0.0003865611
4   7   3   8   -0.0014211853
4   7   4   6   0.0004731805
4   7   4   7   -0.0006648203
4   8   2   6   0.0012092808
4   8   2   7   0.0003934007
4   8   3   6   -0.0012317486
4   8   3   7   -0.0012092808
4   9   1   5   0.0005871843
4   9   1   8   0.0006193387
4   9   2   6   0.0012743857
4   9   2   7   -0.0012092808
4   9   3   6   -0.0012092808
4   9   3   7   0.0021127335
4   9   4   5   0.0006193387
4   9   4   8   0.0013142463
4   10   1   6   -0.0003460295
4   10   1   7   0.0004861727
4   10   2   5   -0.0012074468
4   10   2   8   -0.0009454215
4   10   3   5   0.0016964671
4   10   3   8   0.0013283206
4   10   4   6   -0.0003244842
4   10   4   7   0.0004559015
5   6   1   5   0.0002811691
5   6   1   8   0.0002510611
5   6   2   6   -0.0002382696
5   6   3   7   -0.0002382696
5   6   4   5   0.0005159166
5   6   4   8   0.0002863446
5   7   1   5   -0.0006625040
5   7   1   8   -0.0017796748
5   7   2   6   -0.0000052554
5   7   3   7   -0.0000052554
5   7   4   5   -0.0010387592
5   7   4   8   -0.0017676248
5   8   1   6   -0.0016964671
5   8   1   7   -0.0012074468
5   8   2   5   -0.0004861727
5   8   2   8   -0.0004559015
5   8   3   5   -0.0003460295
5   8   3   8   -0.0003244842
5   8   4   6   -0.0013283206
5   8   4   7   -0.0009454215
5   9   1   6   -0.0012074468
5   9   1   7   0.0016964671
5   9   2   5   -0.0003460295
5   9   2   8   -0.0003244842
5   9   3   5   0.0004861727
5   9   3   8   0.0004559015
5   9   4   6   -0.0009454215
5   9   4   7   0.0013283206
5   10   1   5   0.0031646389
5   10   1   8   0.0026497604
5   10   2   6   0.0006441713
5   10   3   7   0.0006441713
5   10   4   5   0.0026497604
5   10   4   8   0.0033263706

End IJAB Block
Begin ABCD Block
1   5   1   5   0.2229482845
1   5   1   8   0.0149761622
1   5   2   6   0.0268513348
1   5   3   7   0.0268513348
1   5   4   5   0.0149761622
1   5   4   8   0.0177656587
1   6   1   6   0.1561901530
1   6   2   5   0.0268515130
1   6   2   8   0.0051645348
1   6   4   6   0.0130360176
1   7   1   7   0.1561901530
1   7   3   5   0.0268515130
1   7   3   8   0.0051645348
1   7   4   7   0.0130360176
1   8   1   5   0.0149761622
1   8   1   8   0.1451015429
1   8   2   6   0.0051645840
1   8   3   7   0.0051645840
1   8   4   5   0.0177672197
1   8   4   8   0.0071934203
2   5   1   6   0.0268515130
2   5   2   5   0.1561901530
2   5   2   8   0.0130360176
2   5   4   6   0.0051645348
2   6   1   5   0.0268513348
2   6   1   8   0.0051645840
2   6   2   6   0.1429342471
2   6   3   7   0.0080582680
2   6   4   5   0.0051645840
2   6   4   8   0.0085145848
2   7   2   7   0.1268177523
2   7   3   6   0.0080582267
2   8   1   6   0.0051645348
2   8   2   5   0.0130360176
2   8   2   8   0.1216268731
2   8   4   6   0.0085148939
3   5   1   7   0.0268515130
3   5   3   5   0.1561901530
3   5   3   8   0.0130360176
3   5   4   7   0.0051645348
3   6   2   7   0.0080582267
3   6   3   6   0.1268177523
3   7   1   5   0.0268513348
3   7   1   8   0.0051645840
3   7   2   6   0.0080582680
3   7   3   7   0.1429342471
3   7   4   5   0.0051645840
3   7   4   8   0.0085145848
3   8   1   7   0.0051645348
3   8   3   5   0.0130360176
3   8   3   8   0.1216268731
3   8   4   7   0.0085148939
4   5   1   5   0.0149761622
4   5   1   8   0.0177672197
4   5   2   6   0.0051645840
4   5   3   7   0.0051645840
4   5   4   5   0.1451015429
4   5   4   8   0.0071934203
4   6   1   6   0.0130360176
4   6   2   5   0.0051645348
4   6   2   8   0.0085148939
4   6   4   6   0.1216268731
4   7   1   7   0.0130360176
4   7   3   5   0.0051645348
4   7   3   8   0.0085148939
4   7   4   7   0.1216268731
4   8   1   5   0.0177656587
4   8   1   8   0.0071934203
4   8   2   6   0.0085145848
4   8   3   7   0.0085145848
4   8   4   5   0.0071934203
4   8   4   8   0.1254033703

End ABCD Block
Begin AIJB Block
1   6   1   5   0.0064263063
1   6   1   8   0.0049766589
1   6   2   5   -0.0000079196
1   6   2   8   -0.0000187087
1   6   3   6   0.0000892483
1   6   3   7   0.0000635218
1   6   4   6   0.0000635218
1   6   4   7   -0.0000892483
1   6   5   5   0.0001751550
1   6   5   8   0.0001407100
1   7   1   5   -0.0000079196
1   7   1   8   -0.0000183389
1   7   2   5   0.0007348338
1   7   2   8   0.0007529594
1   7   3   6   0.0000842646
1   7   3   7   0.0000599747
1   7   4   6   0.0000599747
1   7   4   7   -0.0000842646
1   7   5   5   -0.0003455757
1   7   5   8   -0.0011161641
1   8   1   6   0.0000272872
1   8   1   7   0.0000194215
1   8   2   6   0.0002470414
1   8   2   7   0.0001758297
1   8   3   5   0.0003172759
1   8   3   8   0.0004297418
1   8   5   6   -0.0014712941
1   8   5   7   -0.0010471818
1   9   1   6   0.0000194215
1   9   1   7   -0.0000272872
1   9   2   6   0.0001758297
1   9   2   7   -0.0002470414
1   9   4   5   0.0003172759
1   9   4   8   0.0004297418
1   9   5   6   -0.0010471818
1   9   5   7   0.0014712941
1   10   1   5   0.0001751550
1   10   1   8   0.0003663097
1   10   2   5   -0.0003455757
1   10   2   8   -0.0004268305
1   10   3   6   -0.0002721589
1   10   3   7   -0.0001937069
1   10   4   6   -0.0001937069
1   10   4   7   0.0002721589
1   10   5   5   0.0022244916
1   10   5   8   0.0019469357
2   6   1   6   0.0007721516
2   6   2   6   0.0000085415
2   6   3   5   0.0000272872
2   6   3   8   0.0000003361
2   6   4   5   0.0000194215
2   6   4   8   0.0000002392
2   6   5   6   -0.0001906624
2   7   1   6   0.0000085415
2   7   2   6   0.0007213920
2   7   3   5   0.0002470414
2   7   3   8   0.0009704964
2   7   4   5   0.0001758297
2   7   4   8   0.0006907431
2   7   5   6   0.0000333036
2   8   1   5   0.0000892483
2   8   1   8   0.0001293573
2   8   2   5   0.0000842646
2   8   2   8   0.0003100008
2   8   3   6   0.0016192403
2   8   3   7   0.0009822819
2   8   4   6   0.0009822819
2   8   4   7   0.0004587146
2   8   5   5   -0.0002721589
2   8   5   8   -0.0003152565
2   9   1   5   0.0000635218
2   9   1   8   0.0000920690
2   9   2   5   0.0000599747
2   9   2   8   0.0002206406
2   9   3   6   0.0009822819
2   9   3   7   -0.0011396928
2   9   4   6   0.0009382621
2   9   4   7   -0.0009822819
2   9   5   5   -0.0001937069
2   9   5   8   -0.0002243813
2   10   1   6   -0.0001906624
2   10   2   6   0.0000333036
2   10   3   5   -0.0014712941
2   10   3   8   -0.0011525384
2   10   4   5   -0.0010471818
2   10   4   8   -0.0008203100
2   10   5   6   0.0004500135
3   6   1   7   0.0007721516
3   6   2   7   0.0000085415
3   6   3   5   0.0000194215
3   6   3   8   0.0000002392
3   6   4   5   -0.0000272872
3   6   4   8   -0.0000003361
3   6   5   7   -0.0001906624
3   7   1   7   0.0000085415
3   7   2   7   0.0007213920
3   7   3   5   0.0001758297
3   7   3   8   0.0006907431
3   7   4   5   -0.0002470414
3   7   4   8   -0.0009704964
3   7   5   7   0.0000333036
3   8   1   5   0.0000635218
3   8   1   8   0.0000920690
3   8   2   5   0.0000599747
3   8   2   8   0.0002206406
3   8   3   6   0.0009822819
3   8   3   7   0.0009382621
3   8   4   6   -0.0011396928
3   8   4   7   -0.0009822819
3   8   5   5   -0.0001937069
3   8   5   8   -0.0002243813
3   9   1   5   -0.0000892483
3   9   1   8   -0.0001293573
3   9   2   5   -0.0000842646
3   9   2   8   -0.0003100008
3   9   3   6   0.0004587146
3   9   3   7   -0.0009822819
3   9   4   6   -0.0009822819
3   9   4   7   0.0016192403
3   9   5   5   0.0002721589
3   9   5   8   0.0003152565
3   10   1   7   -0.0001906624
3   10   2   7   0.0000333036
3   10   3   5   -0.0010471818
3   10   3   8   -0.0008203100
3   10   4   5   0.0014712941
3   10   4   8   0.0011525384
3   10   5   7   0.0004500135
4   6   1   5   0.0049766589
4   6   1   8   0.0042046402
4   6   2   5   -0.0000183389
4   6   2   8   -0.0000198014
4   6   3   6   0.0001293573
4   6   3   7   0.0000920690
4   6   4   6   0.0000920690
4   6   4   7   -0.0001293573
4   6   5   5   0.0003663097
4   6   5   8   0.0001806901
4   7   1   5   -0.0000187087
4   7   1   8   -0.0000198014
4   7   2   5   0.0007529594
4   7   2   8   0.0013121344
4   7   3   6   0.0003100008
4   7   3   7   0.0002206406
4   7   4   6   0.0002206406
4   7   4   7   -0.0003100008
4   7   5   5   -0.0004268305
4   7   5   8   -0.0009589158
4   8   1   6   0.0000003361
4   8   1   7   0.0000002392
4   8   2   6   0.0009704964
4   8   2   7   0.0006907431
4   8   3   5   0.0004297418
4   8   3   8   0.0008928777
4   8   5   6   -0.0011525384
4   8   5   7   -0.0008203100
4   9   1   6   0.0000002392
4   9   1   7   -0.0000003361
4   9   2   6   0.0006907431
4   9   2   7   -0.0009704964
4   9   4   5   0.0004297418
4   9   4   8   0.0008928777
4   9   5   6   -0.0008203100
4   9   5   7   0.0011525384
4   10   1   5   0.0001407100
4   10   1   8   0.0001806901
4   10   2   5   -0.0011161641
4   10   2   8   -0.0009589158
4   10   3   6   -0.0003152565
4   10   3   7   -0.0002243813
4   10   4   6   -0.0002243813
4   10   4   7   0.0003152565
4   10   5   5   0.0019469357
4   10   5   8   0.0025120005

1   6   6   1   -0.2596217042
1   6   6   4   -0.0638678622
1   6   7   1   0.0003504341
1   6   7   4   0.0000829531
1   6   8   2   -0.0001764177
1   6   8   3   -0.0001255639
1   6   9   2   -0.0001255639
1   6   9   3   0.0001764177
1   6   10   1   -0.0015721100
1   6   10   4   -0.0003597866
1   7   6   1   0.0003504341
1   7   6   4   0.0000831031
1   7   7   1   -0.1323027172
1   7   7   4   -0.0290814576
1   7   8   2   -0.0029117620
1   7   8   3   -0.0020724233
1   7   9   2   -0.0020724233
1   7   9   3   0.0029117620
1   7   10   1   0.0098001364
1   7   10   4   0.0037507317
1   8   6   2   -0.0001770770
1   8   6   3   -0.0001260332
1   8   7   2   -0.0029122676
1   8   7   3   -0.0020727832
1   8   8   1   -0.1319785426
1   8   8   4   -0.0287006355
1   8   10   2   0.0011382174
1   8   10   3   0.0008101171
1   9   6   2   -0.0001260332
1   9   6   3   0.0001770770
1   9   7   2   -0.0020727832
1   9   7   3   0.0029122676
1   9   9   1   -0.1319785426
1   9   9   4   -0.0287006355
1   9   10   2   0.0008101171
1   9   10   3   -0.0011382174
1   10   6   1   -0.0015721100
1   10   6   4   -0.0003589301
1   10   7   1   0.0098001364
1   10   7   4   0.0037618276
1   10   8   2   0.0011568028
1   10   8   3   0.0008233451
1   10   9   2   0.0008233451
1   10   9   3   -0.0011568028
1   10   10   1   -0.1369226110
1   10   10   4   -0.0304003558
2   6   6   2   -0.1771657644
2   6   7   2   0.0000937338
2   6   8   1   -0.0001770770
2   6   8   4   -0.0001144031
2   6   9   1   -0.0001260332
2   6   9   4   -0.0000814255
2   6   10   2   -0.0003167131
2   7   6   2   0.0000937338
2   7   7   2   -0.1289314687
2   7   8   1   -0.0029122676
2   7   8   4   -0.0035469946
2   7   9   1   -0.0020727832
2   7   9   4   -0.0025245450
2   7   10   2   0.0061186874
2   8   6   1   -0.0001764177
2   8   6   4   -0.0001135538
2   8   7   1   -0.0029117620
2   8   7   4   -0.0035494587
2   8   8   2   -0.1291982684
2   8   8   3   -0.0006492185
2   8   9   2   -0.0006492185
2   8   9   3   0.0002356087
2   8   10   1   0.0011568028
2   8   10   4   0.0007838856
2   9   6   1   -0.0001255639
2   9   6   4   -0.0000808210
2   9   7   1   -0.0020724233
2   9   7   4   -0.0025262988
2   9   8   2   -0.0006492185
2   9   8   3   0.0002144695
2   9   9   2   -0.1287481902
2   9   9   3   0.0006492185
2   9   10   1   0.0008233451
2   9   10   4   0.0005579243
2   10   6   2   -0.0003167131
2   10   7   2   0.0061186874
2   10   8   1   0.0011382174
2   10   8   4   0.0007708592
2   10   9   1   0.0008101171
2   10   9   4   0.0005486529
2   10   10   2   -0.1307594680
3   6   6   3   -0.1771657644
3   6   7   3   0.0000937338
3   6   8   1   -0.0001260332
3   6   8   4   -0.0000814255
3   6   9   1   0.0001770770
3   6   9   4   0.0001144031
3   6   10   3   -0.0003167131
3   7   6   3   0.0000937338
3   7   7   3   -0.1289314687
3   7   8   1   -0.0020727832
3   7   8   4   -0.0025245450
3   7   9   1   0.0029122676
3   7   9   4   0.0035469946
3   7   10   3   0.0061186874
3   8   6   1   -0.0001255639
3   8   6   4   -0.0000808210
3   8   7   1   -0.0020724233
3   8   7   4   -0.0025262988
3   8   8   2   -0.0006492185
3   8   8   3   -0.1287481902
3   8   9   2   0.0002144695
3   8   9   3   0.0006492185
3   8   10   1   0.0008233451
3   8   10   4   0.0005579243
3   9   6   1   0.0001764177
3   9   6   4   0.0001135538
3   9   7   1   0.0029117620
3   9   7   4   0.0035494587
3   9   8   2   0.0002356087
3   9   8   3   0.0006492185
3   9   9   2   0.0006492185
3   9   9   3   -0.1291982684
3   9   10   1   -0.0011568028
3   9   10   4   -0.0007838856
3   10   6   3   -0.0003167131
3   10   7   3   0.0061186874
3   10   8   1   0.0008101171
3   10   8   4   0.0005486529
3   10   9   1   -0.0011382174
3   10   9   4   -0.0007708592
3   10   10   3   -0.1307594680
4   6   6   1   -0.0638678622
4   6   6   4   -0.1768866232
4   6   7   1   0.0000831031
4   6   7   4   0.0000722567
4   6   8   2   -0.0001135538
4   6   8   3   -0.0000808210
4   6   9   2   -0.0000808210
4   6   9   3   0.0001135538
4   6   10   1   -0.0003589301
4   6   10   4   -0.0002867813
4   7   6   1   0.0000829531
4   7   6   4   0.0000722567
4   7   7   1   -0.0290814576
4   7   7   4   -0.1420146955
4   7   8   2   -0.0035494587
4   7   8   3   -0.0025262988
4   7   9   2   -0.0025262988
4   7   9   3   0.0035494587
4   7   10   1   0.0037618276
4   7   10   4   0.0041803588
4   8   6   2   -0.0001144031
4   8   6   3   -0.0000814255
4   8   7   2   -0.0035469946
4   8   7   3   -0.0025245450
4   8   8   1   -0.0287006355
4   8   8   4   -0.1414122135
4   8   10   2   0.0007708592
4   8   10   3   0.0005486529
4   9   6   2   -0.0000814255
4   9   6   3   0.0001144031
4   9   7   2   -0.0025245450
4   9   7   3   0.0035469946
4   9   9   1   -0.0287006355
4   9   9   4   -0.1414122135
4   9   10   2   0.0005486529
4   9   10   3   -0.0007708592
4   10   6   1   -0.0003597866
4   10   6   4   -0.0002867813
4   10   7   1   0.0037507317
4   10   7   4   0.0041803588
4   10   8   2   0.0007838856
4   10   8   3   0.0005579243
4   10   9   2   0.0005579243
4   10   9   3   -0.0007838856
4   10   10   1   -0.0304003558
4   10   10   4   -0.1434773327

End AIJB Block
Begin IJKA Block
1   6   1   5   -0.0808894246
1   6   1   8   -0.0678554149
1   6   2   5   0.0003301973
1   6   2   8   0.0003195334
1   6   3   6   0.0000882901
1   6   3   7   0.0000628398
1   6   4   6   0.0000628398
1   6   4   7   -0.0000882901
1   6   5   5   -0.0019671460
1   6   5   8   -0.0019496940
1   7   1   5   -0.0003877327
1   7   1   8   0.0001780963
1   7   2   5   -0.0000086052
1   7   2   8   -0.0000323891
1   7   3   6   -0.0000053801
1   7   3   7   -0.0000038292
1   7   4   6   -0.0000038292
1   7   4   7   0.0000053801
1   7   5   5   0.0000396787
1   7   5   8   0.0000421648
1   8   1   6   0.0012406927
1   8   1   7   0.0008830531
1   8   2   6   -0.0000332684
1   8   2   7   -0.0000236785
1   8   3   5   0.0000177179
1   8   3   8   0.0000230483
1   8   5   6   0.0000587574
1   8   5   7   0.0000418201
1   9   1   6   0.0008830531
1   9   1   7   -0.0012406927
1   9   2   6   -0.0000236785
1   9   2   7   0.0000332684
1   9   4   5   0.0000177179
1   9   4   8   0.0000230483
1   9   5   6   0.0000418201
1   9   5   7   -0.0000587574
1   10   1   5   -0.0073642779
1   10   1   8   -0.0180277930
1   10   2   5   0.0000524331
1   10   2   8   0.0000393012
1   10   3   6   -0.0000270455
1   10   3   7   -0.0000192495
1   10   4   6   -0.0000192495
1   10   4   7   0.0000270455
1   10   5   5   -0.0001178512
1   10   5   8   -0.0000431809
2   6   1   5   0.0003279268
2   6   1   8   0.0003196381
2   6   2   5   -0.0021507570
2   6   2   8   -0.0002789750
2   6   3   6   0.0002198430
2   6   3   7   0.0001564715
2   6   4   6   0.0001564715
2   6   4   7   -0.0002198430
2   6   5   5   0.0005503582
2   6   5   8   0.0000768915
2   7   1   5   -0.0000063054
2   7   1   8   -0.0000175066
2   7   2   5   -0.0063347342
2   7   2   8   -0.0213612055
2   7   3   6   -0.0086307375
2   7   3   7   -0.0061428583
2   7   4   6   -0.0061428583
2   7   4   7   0.0086307375
2   7   5   5   0.0100136391
2   7   5   8   0.0070923682
2   8   1   6   -0.0000114654
2   8   1   7   -0.0000081604
2   8   2   6   -0.0250758512
2   8   2   7   -0.0178475363
2   8   3   5   -0.0011026358
2   8   3   8   -0.0045141457
2   8   5   6   -0.0009839446
2   8   5   7   -0.0007003147
2   9   1   6   -0.0000081604
2   9   1   7   0.0000114654
2   9   2   6   -0.0178475363
2   9   2   7   0.0250758512
2   9   4   5   -0.0011026358
2   9   4   8   -0.0045141457
2   9   5   6   -0.0007003147
2   9   5   7   0.0009839446
2   10   1   5   0.0000122417
2   10   1   8   0.0000003655
2   10   2   5   0.0281014188
2   10   2   8   0.0166407512
2   10   3   6   -0.0007986551
2   10   3   7   -0.0005684364
2   10   4   6   -0.0005684364
2   10   4   7   0.0007986551
2   10   5   5   0.0001238153
2   10   5   8   -0.0019449644
3   6   1   6   0.0000859612
3   6   1   7   0.0000611822
3   6   2   6   0.0002090934
3   6   2   7   0.0001488206
3   6   3   5   -0.0020620845
3   6   3   8   -0.0002668505
3   6   5   6   -0.0001362574
3   6   5   7   -0.0000969801
3   7   1   6   0.0000012647
3   7   1   7   0.0000009001
3   7   2   6   -0.0086071814
3   7   2   7   -0.0061260924
3   7   3   5   -0.0054801048
3   7   3   8   -0.0190973601
3   7   5   6   -0.0002191091
3   7   5   7   -0.0001559492
3   8   1   5   0.0000199546
3   8   1   8   0.0000202189
3   8   2   5   -0.0011102369
3   8   2   8   -0.0044292402
3   8   3   6   -0.0270662804
3   8   3   7   -0.0192642083
3   8   4   6   -0.0017892447
3   8   4   7   0.0025138950
3   8   5   5   0.0030502685
3   8   5   8   0.0021859289
3   9   3   6   -0.0156159456
3   9   3   7   0.0219404585
3   9   4   6   -0.0026119269
3   9   4   7   -0.0018590180
3   10   1   6   -0.0000285019
3   10   1   7   -0.0000202860
3   10   2   6   -0.0006441848
3   10   2   7   -0.0004584934
3   10   3   5   0.0245260577
3   10   3   8   0.0140240355
3   10   5   6   -0.0025696062
3   10   5   7   -0.0018288966
4   6   1   6   0.0000611822
4   6   1   7   -0.0000859612
4   6   2   6   0.0001488206
4   6   2   7   -0.0002090934
4   6   4   5   -0.0020620845
4   6   4   8   -0.0002668505
4   6   5   6   -0.0000969801
4   6   5   7   0.0001362574
4   7   1   6   0.0000009001
4   7   1   7   -0.0000012647
4   7   2   6   -0.0061260924
4   7   2   7   0.0086071814
4   7   4   5   -0.0054801048
4   7   4   8   -0.0190973601
4   7   5   6   -0.0001559492
4   7   5   7   0.0002191091
4   8   3   6   -0.0018590180
4   8   3   7   0.0026119269
4   8   4   6   -0.0219404585
4   8   4   7   -0.0156159456
4   9   1   5   0.0000199546
4   9   1   8   0.0000202189
4   9   2   5   -0.0011102369
4   9   2   8   -0.0044292402
4   9   3   6   -0.0025138950
4   9   3   7   -0.0017892447
4   9   4   6   -0.0192642083
4   9   4   7   0.0270662804
4   9   5   5   0.0030502685
4   9   5   8   0.0021859289
4   10   1   6   -0.0000202860
4   10   1   7   0.0000285019
4   10   2   6   -0.0004584934
4   10   2   7   0.0006441848
4   10   4   5   0.0245260577
4   10   4   8   0.0140240355
4   10   5   6   -0.0018288966
4   10   5   7   0.0025696062
5   6   1   5   -0.0020872196
5   6   1   8   -0.0020420758
5   6   2   5   0.0005190926
5   6   2   8   0.0000749879
5   6   3   6   -0.0001324378
5   6   3   7   -0.0000942615
5   6   4   6   -0.0000942615
5   6   4   7   0.0001324378
5   6   5   5   -0.0026620033
5   6   5   8   -0.0004715510
5   7   1   5   0.0000151011
5   7   1   8   0.0000068100
5   7   2   5   0.0101311844
5   7   2   8   0.0073590294
5   7   3   6   -0.0002496796
5   7   3   7   -0.0001777075
5   7   4   6   -0.0001777075
5   7   4   7   0.0002496796
5   7   5   5   -0.0049529589
5   7   5   8   -0.0177254275
5   8   1   6   0.0000011843
5   8   1   7   0.0000008429
5   8   2   6   -0.0006882021
5   8   2   7   -0.0004898224
5   8   3   5   0.0030820906
5   8   3   8   0.0021995081
5   8   5   6   -0.0214000379
5   8   5   7   -0.0152313056
5   9   1   6   0.0000008429
5   9   1   7   -0.0000011843
5   9   2   6   -0.0004898224
5   9   2   7   0.0006882021
5   9   4   5   0.0030820906
5   9   4   8   0.0021995081
5   9   5   6   -0.0152313056
5   9   5   7   0.0214000379
5   10   1   5   0.0000205403
5   10   1   8   0.0000537222
5   10   2   5   -0.0003351108
5   10   2   8   -0.0022739463
5   10   3   6   -0.0023907974
5   10   3   7   -0.0017016309
5   10   4   6   -0.0017016309
5   10   4   7   0.0023907974
5   10   5   5   0.0304849873
5   10   5   8   0.0178425026

End IJKA Block
Begin IABC Block
1   5   1   5   0.0007972438
1   5   1   8   -0.0005572631
1   5   2   6   0.0013420633
1   5   3   7   0.0013420633
1   5   4   5   -0.0005679045
1   5   4   8   -0.0005164385
1   6   1   6   0.0001218772
1   6   2   5   0.0013492184
1   6   2   8   0.0007649739
1   6   4   6   -0.0000439474
1   7   1   7   0.0001218772
1   7   3   5   0.0013492184
1   7   3   8   0.0007649739
1   7   4   7   -0.0000439474
1   8   1   5   -0.0005616727
1   8   1   8   -0.0005027704
1   8   2   6   0.0007599764
1   8   3   7   0.0007599764
1   8   4   5   -0.0005168954
1   8   4   8   -0.0004197400
2   5   1   5   -0.0002787005
2   5   1   8   -0.0001516871
2   5   2   6   0.0000184687
2   5   3   7   0.0000184687
2   5   4   5   -0.0002548704
2   5   4   8   -0.0001147019
2   6   1   6   -0.0001941891
2   6   2   5   0.0000175027
2   6   2   8   -0.0000267724
2   6   4   6   -0.0001885040
2   7   1   7   -0.0001941891
2   7   3   5   0.0000175027
2   7   3   8   -0.0000267724
2   7   4   7   -0.0001885040
2   8   1   5   -0.0001525208
2   8   1   8   -0.0001626833
2   8   2   6   -0.0000240681
2   8   3   7   -0.0000240681
2   8   4   5   -0.0001148615
2   8   4   8   -0.0002053085
3   5   1   6   0.0007396397
3   5   1   7   0.0005264326
3   5   2   5   0.0008191437
3   5   2   8   0.0002059884
3   5   3   5   0.0005830190
3   5   3   8   0.0001466106
3   5   4   6   0.0014117654
3   5   4   7   0.0010048127
3   6   1   5   0.0007385660
3   6   1   8   0.0006218755
3   6   2   6   0.0008313684
3   6   2   7   0.0001870470
3   6   3   6   0.0002183196
3   6   3   7   0.0002618268
3   6   4   5   0.0014100055
3   6   4   8   0.0010300094
3   7   1   5   0.0005256684
3   7   1   8   0.0004426149
3   7   2   6   0.0001863531
3   7   2   7   0.0003067399
3   7   3   6   0.0002628017
3   7   3   7   0.0005917198
3   7   4   5   0.0010035601
3   7   4   8   0.0007331009
3   8   1   6   0.0006271602
3   8   1   7   0.0004463763
3   8   2   5   0.0002071618
3   8   2   8   -0.0001322616
3   8   3   5   0.0001474458
3   8   3   8   -0.0000941361
3   8   4   6   0.0010490788
3   8   4   7   0.0007466735
4   5   1   6   0.0005264326
4   5   1   7   -0.0007396397
4   5   2   5   0.0005830190
4   5   2   8   0.0001466106
4   5   3   5   -0.0008191437
4   5   3   8   -0.0002059884
4   5   4   6   0.0010048127
4   5   4   7   -0.0014117654
4   6   1   5   0.0005256684
4   6   1   8   0.0004426149
4   6   2   6   0.0005917198
4   6   2   7   -0.0002628017
4   6   3   6   -0.0003067399
4   6   3   7   0.0001863531
4   6   4   5   0.0010035601
4   6   4   8   0.0007331009
4   7   1   5   -0.0007385660
4   7   1   8   -0.0006218755
4   7   2   6   -0.0002618268
4   7   2   7   0.0002183196
4   7   3   6   0.0001870470
4   7   3   7   -0.0008313684
4   7   4   5   -0.0014100055
4   7   4   8   -0.0010300094
4   8   1   6   0.0004463763
4   8   1   7   -0.0006271602
4   8   2   5   0.0001474458
4   8   2   8   -0.0000941361
4   8   3   5   -0.0002071618
4   8   3   8   0.0001322616
4   8   4   6   0.0007466735
4   8   4   7   -0.0010490788
5   5   1   5   -0.0025985132
5   5   1   8   -0.0006039591
5   5   2   6   -0.0014786967
5   5   3   7   -0.0014786967
5   5   4   5   -0.0060376146
5   5   4   8   -0.0020472729
5   6   1   6   -0.0014520666
5   6   2   5   -0.0014839853
5   6   2   8   -0.0008387817
5   6   4   6   -0.0037632575
5   7   1   7   -0.0014520666
5   7   3   5   -0.0014839853
5   7   3   8   -0.0008387817
5   7   4   7   -0.0037632575
5   8   1   5   -0.0006085667
5   8   1   8   -0.0005159986
5   8   2   6   -0.0008387252
5   8   3   7   -0.0008387252
5   8   4   5   -0.0020877297
5   8   4   8   -0.0023925006

End IABC Block
