Begin IJ Block
1   1   -5.5202890785
1   2   0.0004374639
1   5   -0.0162060255
2   2   -6.8305799337
2   5   -0.0275209805
3   3   -5.8585845842
3   4   -0.0000000000
4   4   -5.8585845842
5   5   -5.6211007644

End IJ Block
Begin IA Block
1   1   0.1034653161
2   1   0.0199492714
3   2   0.1383171663
3   3   -0.0182116022
4   2   0.0182116022
4   3   0.1383171663
5   1   -0.1390593608

End IA Block
Begin AB Block
1   1   -1.5573191159
2   2   -1.3710309859
3   3   -1.3710309859

End AB Block
Begin IJKL Block
1   6   1   6   1.6353202139
1   6   1   7   -0.0007423068
1   6   1   10   0.0194304649
1   6   2   6   -0.0007423068
1   6   2   7   -0.0000078485
1   6   2   10   -0.0000068595
1   6   3   8   -0.0000086329
1   6   4   9   -0.0000086329
1   6   5   6   0.0194304649
1   6   5   7   -0.0000068595
1   6   5   10   0.0001049953
1   7   1   6   -0.0007423068
1   7   1   7   0.1540481664
1   7   1   10   -0.0149898235
1   7   2   6   0.0000033717
1   7   2   7   0.0000606349
1   7   2   10   -0.0000083856
1   7   3   8   0.0000144340
1   7   4   9   0.0000144340
1   7   5   6   -0.0000128358
1   7   5   7   -0.0004768369
1   7   5   10   0.0000945152
1   8   1   8   0.1532906075
1   8   2   8   0.0000584121
1   8   3   6   -0.0000003367
1   8   3   7   0.0000158424
1   8   3   10   -0.0000045354
1   8   5   8   -0.0004619770
1   9   1   9   0.1532906075
1   9   2   9   0.0000584121
1   9   4   6   -0.0000003367
1   9   4   7   0.0000158424
1   9   4   10   -0.0000045354
1   9   5   9   -0.0004619770
1   10   1   6   0.0194304649
1   10   1   7   -0.0149898235
1   10   1   10   0.1692870255
1   10   2   6   -0.0000128358
1   10   2   7   -0.0000043530
1   10   2   10   0.0000581597
1   10   3   8   -0.0000023519
1   10   4   9   -0.0000023519
1   10   5   6   0.0004701891
1   10   5   7   0.0000943162
1   10   5   10   -0.0005066194
2   6   1   6   -0.0007423068
2   6   1   7   0.0000033717
2   6   1   10   -0.0000128358
2   6   2   6   0.1540481664
2   6   2   7   0.0000606349
2   6   2   10   -0.0004768369
2   6   3   8   0.0000144340
2   6   4   9   0.0000144340
2   6   5   6   -0.0149898235
2   6   5   7   -0.0000083856
2   6   5   10   0.0000945152
2   7   1   6   -0.0000078485
2   7   1   7   0.0000606349
2   7   1   10   -0.0000043530
2   7   2   6   0.0000606349
2   7   2   7   0.8718218076
2   7   2   10   0.0109771166
2   7   3   8   0.1532266227
2   7   4   9   0.1532266227
2   7   5   6   -0.0000043530
2   7   5   7   0.0109771166
2   7   5   10   0.1406498941
2   8   1   8   0.0000584121
2   8   2   8   0.8173786794
2   8   3   6   0.0000158424
2   8   3   7   0.1578774886
2   8   3   10   0.0021359959
2   8   5   8   0.0096305479
2   9   1   9   0.0000584121
2   9   2   9   0.8173786794
2   9   4   6   0.0000158424
2   9   4   7   0.1578774886
2   9   4   10   0.0021359959
2   9   5   9   0.0096305479
2   10   1   6   -0.0000068595
2   10   1   7   -0.0000083856
2   10   1   10   0.0000581597
2   10   2   6   -0.0004768369
2   10   2   7   0.0109771166
2   10   2   10   0.7712679141
2   10   3   8   0.0020155215
2   10   4   9   0.0020155215
2   10   5   6   0.0000943162
2   10   5   7   0.1462093545
2   10   5   10   0.0097546961
3   6   1   8   -0.0000003367
3   6   2   8   0.0000158424
3   6   3   6   0.1532906075
3   6   3   7   0.0000584121
3   6   3   10   -0.0004619770
3   6   5   8   -0.0000045354
3   7   1   8   0.0000158424
3   7   2   8   0.1578774886
3   7   3   6   0.0000584121
3   7   3   7   0.8173786794
3   7   3   10   0.0096305479
3   7   5   8   0.0021359959
3   8   1   6   -0.0000086329
3   8   1   7   0.0000144340
3   8   1   10   -0.0000023519
3   8   2   6   0.0000144340
3   8   2   7   0.1532266227
3   8   2   10   0.0020155215
3   8   3   8   0.8145502151
3   8   3   9   0.0000000000
3   8   4   8   0.0000000000
3   8   4   9   0.0317395362
3   8   5   6   -0.0000023519
3   8   5   7   0.0020155215
3   8   5   10   0.0290961774
3   9   3   8   0.0000000000
3   9   3   9   0.7449841579
3   9   4   8   0.0378265210
3   9   4   9   0.0000000000
3   10   1   8   -0.0000045354
3   10   2   8   0.0021359959
3   10   3   6   -0.0004619770
3   10   3   7   0.0096305479
3   10   3   10   0.7044377285
3   10   4   10   0.0000000000
3   10   5   8   0.0349542103
4   6   1   9   -0.0000003367
4   6   2   9   0.0000158424
4   6   4   6   0.1532906075
4   6   4   7   0.0000584121
4   6   4   10   -0.0004619770
4   6   5   9   -0.0000045354
4   7   1   9   0.0000158424
4   7   2   9   0.1578774886
4   7   4   6   0.0000584121
4   7   4   7   0.8173786794
4   7   4   10   0.0096305479
4   7   5   9   0.0021359959
4   8   3   8   0.0000000000
4   8   3   9   0.0378265210
4   8   4   8   0.7449841579
4   8   4   9   0.0000000000
4   9   1   6   -0.0000086329
4   9   1   7   0.0000144340
4   9   1   10   -0.0000023519
4   9   2   6   0.0000144340
4   9   2   7   0.1532266227
4   9   2   10   0.0020155215
4   9   3   8   0.0317395362
4   9   3   9   0.0000000000
4   9   4   8   0.0000000000
4   9   4   9   0.8145502150
4   9   5   6   -0.0000023519
4   9   5   7   0.0020155215
4   9   5   10   0.0290961774
4   10   1   9   -0.0000045354
4   10   2   9   0.0021359959
4   10   3   10   0.0000000000
4   10   4   6   -0.0004619770
4   10   4   7   0.0096305479
4   10   4   10   0.7044377285
4   10   5   9   0.0349542103
5   6   1   6   0.0194304649
5   6   1   7   -0.0000128358
5   6   1   10   0.0004701891
5   6   2   6   -0.0149898235
5   6   2   7   -0.0000043530
5   6   2   10   0.0000943162
5   6   3   8   -0.0000023519
5   6   4   9   -0.0000023519
5   6   5   6   0.1692870255
5   6   5   7   0.0000581597
5   6   5   10   -0.0005066194
5   7   1   6   -0.0000068595
5   7   1   7   -0.0004768369
5   7   1   10   0.0000943162
5   7   2   6   -0.0000083856
5   7   2   7   0.0109771166
5   7   2   10   0.1462093545
5   7   3   8   0.0020155215
5   7   4   9   0.0020155215
5   7   5   6   0.0000581597
5   7   5   7   0.7712679141
5   7   5   10   0.0097546961
5   8   1   8   -0.0004619770
5   8   2   8   0.0096305479
5   8   3   6   -0.0000045354
5   8   3   7   0.0021359959
5   8   3   10   0.0349542103
5   8   5   8   0.7044377285
5   8   5   9   0.0000000000
5   9   1   9   -0.0004619770
5   9   2   9   0.0096305479
5   9   4   6   -0.0000045354
5   9   4   7   0.0021359959
5   9   4   10   0.0349542103
5   9   5   8   0.0000000000
5   9   5   9   0.7044377285
5   10   1   6   0.0001049953
5   10   1   7   0.0000945152
5   10   1   10   -0.0005066194
5   10   2   6   0.0000945152
5   10   2   7   0.1406498941
5   10   2   10   0.0097546961
5   10   3   8   0.0290961774
5   10   4   9   0.0290961774
5   10   5   6   -0.0005066194
5   10   5   7   0.0097546961
5   10   5   10   0.7272663357

End IJKL Block
Begin IJAB Block
1   6   1   4   0.0119200870
1   6   2   5   0.0017467341
1   6   3   6   0.0017467341
1   7   1   4   -0.0000111894
1   7   2   5   0.0000137673
1   7   3   6   0.0000137673
1   8   1   5   -0.0000009801
1   8   1   6   0.0000001291
1   8   2   4   0.0000781091
1   8   3   4   -0.0000102843
1   9   1   5   -0.0000001291
1   9   1   6   -0.0000009801
1   9   2   4   0.0000102843
1   9   3   4   0.0000781091
1   10   1   4   0.0004688898
1   10   2   5   -0.0003977296
1   10   3   6   -0.0003977296
2   6   1   4   -0.0000111894
2   6   2   5   0.0000137673
2   6   3   6   0.0000137673
2   7   1   4   0.0011569364
2   7   2   5   0.0005205356
2   7   3   6   0.0005205356
2   8   1   5   0.0002257675
2   8   1   6   -0.0000297258
2   8   2   4   0.0001111852
2   8   3   4   -0.0000146393
2   9   1   5   0.0000297258
2   9   1   6   0.0002257675
2   9   2   4   0.0000146393
2   9   3   4   0.0001111852
2   10   1   4   -0.0005869395
2   10   2   5   -0.0000156617
2   10   3   6   -0.0000156617
3   6   1   5   0.0000781091
3   6   1   6   -0.0000102843
3   6   2   4   -0.0000009801
3   6   3   4   0.0000001291
3   7   1   5   0.0001111852
3   7   1   6   -0.0000146393
3   7   2   4   0.0002257675
3   7   3   4   -0.0000297258
3   8   1   4   0.0007149243
3   8   2   5   0.0016655563
3   8   2   6   -0.0001890657
3   8   3   5   -0.0001890657
3   8   3   6   0.0002544954
3   9   2   5   0.0001890657
3   9   2   6   0.0011748839
3   9   3   5   0.0002361770
3   9   3   6   -0.0001890657
3   10   1   5   -0.0005885560
3   10   1   6   0.0000774925
3   10   2   4   -0.0019778068
3   10   3   4   0.0002604090
4   6   1   5   0.0000102843
4   6   1   6   0.0000781091
4   6   2   4   -0.0000001291
4   6   3   4   -0.0000009801
4   7   1   5   0.0000146393
4   7   1   6   0.0001111852
4   7   2   4   0.0000297258
4   7   3   4   0.0002257675
4   8   2   5   0.0001890657
4   8   2   6   0.0002361770
4   8   3   5   0.0011748839
4   8   3   6   -0.0001890657
4   9   1   4   0.0007149243
4   9   2   5   0.0002544954
4   9   2   6   0.0001890657
4   9   3   5   0.0001890657
4   9   3   6   0.0016655563
4   10   1   5   -0.0000774925
4   10   1   6   -0.0005885560
4   10   2   4   -0.0002604090
4   10   3   4   -0.0019778068
5   6   1   4   0.0004688898
5   6   2   5   -0.0003977296
5   6   3   6   -0.0003977296
5   7   1   4   -0.0005869395
5   7   2   5   -0.0000156617
5   7   3   6   -0.0000156617
5   8   1   5   -0.0019778068
5   8   1   6   0.0002604090
5   8   2   4   -0.0005885560
5   8   3   4   0.0000774925
5   9   1   5   -0.0002604090
5   9   1   6   -0.0019778068
5   9   2   4   -0.0000774925
5   9   3   4   -0.0005885560
5   10   1   4   0.0055127370
5   10   2   5   0.0005495780
5   10   3   6   0.0005495780

End IJAB Block
Begin ABCD Block
1   4   1   4   0.2327720475
1   4   2   5   0.0340980596
1   4   3   6   0.0340980596
1   5   1   5   0.1790877353
1   5   2   4   0.0340995697
1   6   1   6   0.1790877353
1   6   3   4   0.0340995697
2   4   1   5   0.0340995697
2   4   2   4   0.1790877353
2   5   1   4   0.0340980596
2   5   2   5   0.1665362089
2   5   3   6   0.0089657112
2   6   2   6   0.1486047850
2   6   3   5   0.0089657128
3   4   1   6   0.0340995697
3   4   3   4   0.1790877353
3   5   2   6   0.0089657128
3   5   3   5   0.1486047850
3   6   1   4   0.0340980596
3   6   2   5   0.0089657112
3   6   3   6   0.1665362089

End ABCD Block
Begin AIJB Block
1   6   1   4   0.0090745926
1   6   2   4   -0.0000038746
1   6   3   5   0.0000627196
1   6   3   6   -0.0000082580
1   6   4   5   0.0000082580
1   6   4   6   0.0000627196
1   6   5   4   0.0002958086
1   7   1   4   -0.0000038746
1   7   2   4   0.0009255689
1   7   3   5   0.0000406948
1   7   3   6   -0.0000053581
1   7   4   5   0.0000053581
1   7   4   6   0.0000406948
1   7   5   4   -0.0001152929
1   8   1   5   -0.0000004801
1   8   1   6   0.0000000632
1   8   2   5   0.0000848849
1   8   2   6   -0.0000111764
1   8   3   4   0.0002443233
1   8   5   5   -0.0018168995
1   8   5   6   0.0002392230
1   9   1   5   -0.0000000632
1   9   1   6   -0.0000004801
1   9   2   5   0.0000111764
1   9   2   6   0.0000848849
1   9   4   4   0.0002443233
1   9   5   5   -0.0002392230
1   9   5   6   -0.0018168995
1   10   1   4   0.0002958086
1   10   2   4   -0.0001152929
1   10   3   5   -0.0002731255
1   10   3   6   0.0000359612
1   10   4   5   -0.0000359612
1   10   4   6   -0.0002731255
1   10   5   4   0.0034123708
2   6   1   5   0.0015652702
2   6   2   5   0.0000079158
2   6   3   4   -0.0000004801
2   6   4   4   -0.0000000632
2   6   5   5   -0.0003290439
2   7   1   5   0.0000079158
2   7   2   5   0.0004316685
2   7   3   4   0.0000848849
2   7   4   4   0.0000111764
2   7   5   5   0.0000181904
2   8   1   4   0.0000627196
2   8   2   4   0.0000406948
2   8   3   5   0.0014647666
2   8   3   6   -0.0001750531
2   8   4   5   0.0001750531
2   8   4   6   0.0001158367
2   8   5   4   -0.0002731255
2   9   1   4   0.0000082580
2   9   2   4   0.0000053581
2   9   3   5   0.0001750531
2   9   3   6   0.0011906436
2   9   4   5   0.0001582863
2   9   4   6   0.0001750531
2   9   5   4   -0.0000359612
2   10   1   5   -0.0003290439
2   10   2   5   0.0000181904
2   10   3   4   -0.0018168995
2   10   4   4   -0.0002392230
2   10   5   5   0.0006092968
3   6   1   6   0.0015652702
3   6   2   6   0.0000079158
3   6   3   4   0.0000000632
3   6   4   4   -0.0000004801
3   6   5   6   -0.0003290439
3   7   1   6   0.0000079158
3   7   2   6   0.0004316685
3   7   3   4   -0.0000111764
3   7   4   4   0.0000848849
3   7   5   6   0.0000181904
3   8   1   4   -0.0000082580
3   8   2   4   -0.0000053581
3   8   3   5   -0.0001750531
3   8   3   6   0.0001582863
3   8   4   5   0.0011906436
3   8   4   6   -0.0001750531
3   8   5   4   0.0000359612
3   9   1   4   0.0000627196
3   9   2   4   0.0000406948
3   9   3   5   0.0001158367
3   9   3   6   -0.0001750531
3   9   4   5   0.0001750531
3   9   4   6   0.0014647666
3   9   5   4   -0.0002731255
3   10   1   6   -0.0003290439
3   10   2   6   0.0000181904
3   10   3   4   0.0002392230
3   10   4   4   -0.0018168995
3   10   5   6   0.0006092968

1   6   6   1   -0.2844681109
1   6   7   1   0.0000415038
1   6   8   2   -0.0000647913
1   6   8   3   0.0000085308
1   6   9   2   -0.0000085308
1   6   9   3   -0.0000647913
1   6   10   1   -0.0009156967
1   7   6   1   0.0000415038
1   7   7   1   -0.1173450580
1   7   8   2   -0.0024389159
1   7   8   3   0.0003211211
1   7   9   2   -0.0003211211
1   7   9   3   -0.0024389159
1   7   10   1   0.0075632335
1   8   6   2   -0.0000655380
1   8   6   3   0.0000086291
1   8   7   2   -0.0024388314
1   8   7   3   0.0003211100
1   8   8   1   -0.1167042878
1   8   10   2   0.0010380199
1   8   10   3   -0.0001366714
1   9   6   2   -0.0000086291
1   9   6   3   -0.0000655380
1   9   7   2   -0.0003211100
1   9   7   3   -0.0024388314
1   9   9   1   -0.1167042878
1   9   10   2   0.0001366714
1   9   10   3   0.0010380199
1   10   6   1   -0.0009156967
1   10   7   1   0.0075632335
1   10   8   2   0.0010682008
1   10   8   3   -0.0001406452
1   10   9   2   0.0001406452
1   10   9   3   0.0010682008
1   10   10   1   -0.1226058822
2   6   6   2   -0.2138361446
2   6   7   2   0.0000150445
2   6   8   1   -0.0000655380
2   6   9   1   -0.0000086291
2   6   10   2   -0.0002233534
2   7   6   2   0.0000150445
2   7   7   2   -0.1183024460
2   7   8   1   -0.0024388314
2   7   9   1   -0.0003211100
2   7   10   2   0.0066235661
2   8   6   1   -0.0000647913
2   8   7   1   -0.0024389159
2   8   8   2   -0.1185781175
2   8   8   3   0.0000988992
2   8   9   2   -0.0000988992
2   8   9   3   -0.0003759419
2   8   10   1   0.0010682008
2   9   6   1   -0.0000085308
2   9   7   1   -0.0003211211
2   9   8   2   -0.0000988992
2   9   8   3   -0.0003621763
2   9   9   2   -0.1178399993
2   9   9   3   -0.0000988992
2   9   10   1   0.0001406452
2   10   6   2   -0.0002233534
2   10   7   2   0.0066235661
2   10   8   1   0.0010380199
2   10   9   1   0.0001366714
2   10   10   2   -0.1225261926
3   6   6   3   -0.2138361446
3   6   7   3   0.0000150445
3   6   8   1   0.0000086291
3   6   9   1   -0.0000655380
3   6   10   3   -0.0002233534
3   7   6   3   0.0000150445
3   7   7   3   -0.1183024460
3   7   8   1   0.0003211100
3   7   9   1   -0.0024388314
3   7   10   3   0.0066235661
3   8   6   1   0.0000085308
3   8   7   1   0.0003211211
3   8   8   2   0.0000988992
3   8   8   3   -0.1178399993
3   8   9   2   -0.0003621763
3   8   9   3   0.0000988992
3   8   10   1   -0.0001406452
3   9   6   1   -0.0000647913
3   9   7   1   -0.0024389159
3   9   8   2   -0.0003759419
3   9   8   3   0.0000988992
3   9   9   2   -0.0000988992
3   9   9   3   -0.1185781175
3   9   10   1   0.0010682008
3   10   6   3   -0.0002233534
3   10   7   3   0.0066235661
3   10   8   1   -0.0001366714
3   10   9   1   0.0010380199
3   10   10   3   -0.1225261926

End AIJB Block
Begin IJKA Block
1   6   1   4   -0.0978410815
1   6   2   4   0.0000608005
1   6   3   5   0.0000293778
1   6   3   6   -0.0000038680
1   6   4   5   0.0000038680
1   6   4   6   0.0000293778
1   6   5   4   -0.0015625991
1   7   1   4   -0.0001540366
1   7   2   4   0.0000074514
1   7   3   5   -0.0000003568
1   7   3   6   0.0000000470
1   7   4   5   -0.0000000470
1   7   4   6   -0.0000003568
1   7   5   4   0.0000020159
1   8   1   5   0.0012801462
1   8   1   6   -0.0001685511
1   8   2   5   -0.0000018974
1   8   2   6   0.0000002498
1   8   3   4   0.0000053686
1   8   5   5   0.0000017196
1   8   5   6   -0.0000002264
1   9   1   5   0.0001685511
1   9   1   6   0.0012801462
1   9   2   5   -0.0000002498
1   9   2   6   -0.0000018974
1   9   4   4   0.0000053686
1   9   5   5   0.0000002264
1   9   5   6   0.0000017196
1   10   1   4   -0.0122292469
1   10   2   4   0.0000028976
1   10   3   5   -0.0000135462
1   10   3   6   0.0000017836
1   10   4   5   -0.0000017836
1   10   4   6   -0.0000135462
1   10   5   4   0.0000047145
2   6   1   4   0.0000638584
2   6   2   4   -0.0009968569
2   6   3   5   0.0001535597
2   6   3   6   -0.0000202185
2   6   4   5   0.0000202185
2   6   4   6   0.0001535597
2   6   5   4   0.0001763540
2   7   1   4   0.0000033687
2   7   2   4   -0.0034774728
2   7   3   5   -0.0080750074
2   7   3   6   0.0010632001
2   7   4   5   -0.0010632001
2   7   4   6   -0.0080750074
2   7   5   4   0.0117095832
2   8   1   5   0.0000017633
2   8   1   6   -0.0000002322
2   8   2   5   -0.0239539505
2   8   2   6   0.0031539095
2   8   3   4   -0.0007393504
2   8   5   5   -0.0007772146
2   8   5   6   0.0001023324
2   9   1   5   0.0000002322
2   9   1   6   0.0000017633
2   9   2   5   -0.0031539095
2   9   2   6   -0.0239539505
2   9   4   4   -0.0007393504
2   9   5   5   -0.0001023324
2   9   5   6   -0.0007772146
2   10   1   4   -0.0000083275
2   10   2   4   0.0287619589
2   10   3   5   -0.0009281464
2   10   3   6   0.0001222049
2   10   4   5   -0.0001222049
2   10   4   6   -0.0009281464
2   10   5   4   0.0005807174
3   6   1   5   0.0000209115
3   6   1   6   -0.0000027533
3   6   2   5   0.0001459934
3   6   2   6   -0.0000192223
3   6   3   4   -0.0009804917
3   6   5   5   -0.0000768934
3   6   5   6   0.0000101242
3   7   1   5   0.0000003208
3   7   1   6   -0.0000000422
3   7   2   5   -0.0080149543
3   7   2   6   0.0010552932
3   7   3   4   -0.0029425557
3   7   5   5   -0.0001279459
3   7   5   6   0.0000168461
3   8   1   4   0.0000114182
3   8   2   4   -0.0007406244
3   8   3   5   -0.0260584052
3   8   3   6   0.0034309936
3   8   4   5   -0.0003193540
3   8   4   6   -0.0024254942
3   8   5   4   0.0041420616
3   9   3   5   -0.0027859189
3   9   3   6   -0.0211590610
3   9   4   5   -0.0024738499
3   9   4   6   0.0003257208
3   10   1   5   -0.0000100750
3   10   1   6   0.0000013265
3   10   2   5   -0.0007380587
3   10   2   6   0.0000971769
3   10   3   4   0.0251442057
3   10   5   5   -0.0026158148
3   10   5   6   0.0003444126
4   6   1   5   0.0000027533
4   6   1   6   0.0000209115
4   6   2   5   0.0000192223
4   6   2   6   0.0001459934
4   6   4   4   -0.0009804917
4   6   5   5   -0.0000101242
4   6   5   6   -0.0000768934
4   7   1   5   0.0000000422
4   7   1   6   0.0000003208
4   7   2   5   -0.0010552932
4   7   2   6   -0.0080149543
4   7   4   4   -0.0029425557
4   7   5   5   -0.0000168461
4   7   5   6   -0.0001279459
4   8   3   5   -0.0003257208
4   8   3   6   -0.0024738499
4   8   4   5   -0.0211590610
4   8   4   6   0.0027859189
4   9   1   4   0.0000114182
4   9   2   4   -0.0007406244
4   9   3   5   -0.0024254942
4   9   3   6   0.0003193540
4   9   4   5   -0.0034309936
4   9   4   6   -0.0260584052
4   9   5   4   0.0041420616
4   10   1   5   -0.0000013265
4   10   1   6   -0.0000100750
4   10   2   5   -0.0000971769
4   10   2   6   -0.0007380587
4   10   4   4   0.0251442057
4   10   5   5   -0.0003444126
4   10   5   6   -0.0026158148
5   6   1   4   -0.0017959053
5   6   2   4   0.0001644845
5   6   3   5   -0.0000826927
5   6   3   6   0.0000108878
5   6   4   5   -0.0000108878
5   6   4   6   -0.0000826927
5   6   5   4   -0.0012388707
5   7   1   4   -0.0000053694
5   7   2   4   0.0118685520
5   7   3   5   -0.0001714958
5   7   3   6   0.0000225801
5   7   4   5   -0.0000225801
5   7   4   6   -0.0001714958
5   7   5   4   -0.0026767000
5   8   1   5   -0.0000171384
5   8   1   6   0.0000022565
5   8   2   5   -0.0004682660
5   8   2   6   0.0000616545
5   8   3   4   0.0039563027
5   8   5   5   -0.0209634541
5   8   5   6   0.0027601642
5   9   1   5   -0.0000022565
5   9   1   6   -0.0000171384
5   9   2   5   -0.0000616545
5   9   2   6   -0.0004682660
5   9   4   4   0.0039563027
5   9   5   5   -0.0027601642
5   9   5   6   -0.0209634541
5   10   1   4   0.0001018782
5   10   2   4   -0.0002267097
5   10   3   5   -0.0023833322
5   10   3   6   0.0003138027
5   10   4   5   -0.0003138027
5   10   4   6   -0.0023833322
5   10   5   4   0.0353501858

End IJKA Block
Begin IABC Block
1   4   1   4   -0.0000340592
1   4   2   5   0.0025916687
1   4   3   6   0.0025916687
1   5   1   5   -0.0000854235
1   5   2   4   0.0026093591
1   6   1   6   -0.0000854235
1   6   3   4   0.0026093591
2   4   1   4   -0.0002151090
2   4   2   5   0.0000307178
2   4   3   6   0.0000307178
2   5   1   5   -0.0001840141
2   5   2   4   0.0000312465
2   6   1   6   -0.0001840141
2   6   3   4   0.0000312465
3   4   1   5   0.0004604876
3   4   1   6   -0.0000606303
3   4   2   4   0.0006373677
3   4   3   4   -0.0000839194
3   5   1   4   0.0004570628
3   5   2   5   0.0010504439
3   5   2   6   -0.0000337104
3   5   3   5   -0.0000711038
3   5   3   6   0.0002543793
3   6   1   4   -0.0000601794
3   6   2   5   -0.0000334930
3   6   2   6   0.0005400337
3   6   3   5   0.0002560309
3   6   3   6   -0.0001383072
4   4   1   5   0.0000606303
4   4   1   6   0.0004604876
4   4   2   4   0.0000839194
4   4   3   4   0.0006373677
4   5   1   4   0.0000601794
4   5   2   5   0.0001383072
4   5   2   6   0.0002560309
4   5   3   5   0.0005400337
4   5   3   6   0.0000334930
4   6   1   4   0.0004570628
4   6   2   5   0.0002543793
4   6   2   6   0.0000711038
4   6   3   5   0.0000337104
4   6   3   6   0.0010504439
5   4   1   4   -0.0038240574
5   4   2   5   -0.0023294375
5   4   3   6   -0.0023294375
5   5   1   5   -0.0033656923
5   5   2   4   -0.0023560876
5   6   1   6   -0.0033656923
5   6   3   4   -0.0023560876

End IABC Block
