Begin IJ Block
1   1   -41.3397072840
1   2   0.0113482813
1   3   0.7506290246
1   4   0.0542959672
2   2   -7.2070452548
2   3   -0.0616763593
2   4   0.0445387914
3   3   -9.7395721959
3   4   0.0360585720
4   4   -8.6240140818
5   5   -8.5309363107
6   6   -8.5309363107

End IJ Block
Begin IA Block
1   1   -0.0154641216
2   1   0.1092517091
3   1   0.0969829670
4   1   -0.1709251699
5   2   0.2651544198
5   3   -0.2753384842
6   2   0.2753384842
6   3   0.2651544198

End IA Block
Begin AB Block
1   1   -1.9258632045
2   2   -1.5729362663
3   3   -1.5729362663

End AB Block
Begin IJKL Block
1   7   1   7   5.3559052889
1   7   1   8   -0.0077150383
1   7   1   9   -0.5321944228
1   7   1   10   -0.0323440142
1   7   2   7   -0.0077150383
1   7   2   8   0.0000208634
1   7   2   9   0.0012459424
1   7   2   10   -0.0002459352
1   7   3   7   -0.5321944228
1   7   3   8   0.0012459424
1   7   3   9   0.0856666665
1   7   3   10   0.0043853729
1   7   4   7   -0.0323440142
1   7   4   8   -0.0002459352
1   7   4   9   0.0043853729
1   7   4   10   0.0353746430
1   7   5   11   0.0354313438
1   7   6   12   0.0354313438
1   8   1   7   -0.0077150383
1   8   1   8   0.3074795144
1   8   1   9   0.0181485982
1   8   1   10   -0.0153856538
1   8   2   7   0.0000208634
1   8   2   8   0.0000503482
1   8   2   9   -0.0000007222
1   8   2   10   -0.0000053892
1   8   3   7   0.0012459424
1   8   3   8   0.0001260050
1   8   3   9   -0.0003219465
1   8   3   10   0.0000890967
1   8   4   7   -0.0002459352
1   8   4   8   -0.0048778670
1   8   4   9   -0.0004907544
1   8   4   10   0.0007870523
1   8   5   11   0.0005979052
1   8   6   12   0.0005979052
1   9   1   7   -0.5321944228
1   9   1   8   0.0181485982
1   9   1   9   1.2621438811
1   9   1   10   0.0255271334
1   9   2   7   0.0012459424
1   9   2   8   -0.0000007222
1   9   2   9   -0.0003295152
1   9   2   10   -0.0003717417
1   9   3   7   0.0856666665
1   9   3   8   -0.0003219465
1   9   3   9   -0.0229772979
1   9   3   10   -0.0020531089
1   9   4   7   0.0043853729
1   9   4   8   -0.0004907544
1   9   4   9   -0.0036159049
1   9   4   10   0.0366045152
1   9   5   11   0.0367689886
1   9   6   12   0.0367689886
1   10   1   7   -0.0323440142
1   10   1   8   -0.0153856538
1   10   1   9   0.0255271334
1   10   1   10   1.1566898415
1   10   2   7   -0.0002459352
1   10   2   8   -0.0000053892
1   10   2   9   -0.0003717417
1   10   2   10   -0.0002397549
1   10   3   7   0.0043853729
1   10   3   8   0.0000890967
1   10   3   9   -0.0020531089
1   10   3   10   -0.0142712960
1   10   4   7   0.0353746430
1   10   4   8   0.0007870523
1   10   4   9   0.0366045152
1   10   4   10   0.0022061559
1   10   5   11   0.0017824270
1   10   6   12   0.0017824270
1   11   1   11   1.1557307410
1   11   2   11   -0.0002210338
1   11   3   11   -0.0142562379
1   11   4   11   -0.0014160523
1   11   5   7   0.0354313438
1   11   5   8   0.0005979052
1   11   5   9   0.0367689886
1   11   5   10   0.0017824270
1   12   1   12   1.1557307410
1   12   2   12   -0.0002210338
1   12   3   12   -0.0142562379
1   12   4   12   -0.0014160523
1   12   6   7   0.0354313438
1   12   6   8   0.0005979052
1   12   6   9   0.0367689886
1   12   6   10   0.0017824270
2   7   1   7   -0.0077150383
2   7   1   8   0.0000208634
2   7   1   9   0.0012459424
2   7   1   10   -0.0002459352
2   7   2   7   0.3074795144
2   7   2   8   0.0000503482
2   7   2   9   0.0001260050
2   7   2   10   -0.0048778670
2   7   3   7   0.0181485982
2   7   3   8   -0.0000007222
2   7   3   9   -0.0003219465
2   7   3   10   -0.0004907544
2   7   4   7   -0.0153856538
2   7   4   8   -0.0000053892
2   7   4   9   0.0000890967
2   7   4   10   0.0007870523
2   7   5   11   0.0005979052
2   7   6   12   0.0005979052
2   8   1   7   0.0000208634
2   8   1   8   0.0000503482
2   8   1   9   -0.0000007222
2   8   1   10   -0.0000053892
2   8   2   7   0.0000503482
2   8   2   8   1.6457815548
2   8   2   9   -0.0423056401
2   8   2   10   0.0625624221
2   8   3   7   -0.0000007222
2   8   3   8   -0.0423056401
2   8   3   9   0.0019678304
2   8   3   10   -0.0030822561
2   8   4   7   -0.0000053892
2   8   4   8   0.0625624221
2   8   4   9   -0.0030822561
2   8   4   10   0.0052176894
2   8   5   11   0.0002869183
2   8   6   12   0.0002869183
2   9   1   7   0.0012459424
2   9   1   8   -0.0000007222
2   9   1   9   -0.0003295152
2   9   1   10   -0.0003717417
2   9   2   7   0.0001260050
2   9   2   8   -0.0423056401
2   9   2   9   0.3136606273
2   9   2   10   -0.0619144062
2   9   3   7   -0.0003219465
2   9   3   8   0.0019678304
2   9   3   9   0.0125432888
2   9   3   10   -0.0020086080
2   9   4   7   0.0000890967
2   9   4   8   -0.0030822561
2   9   4   9   -0.0124407964
2   9   4   10   0.0044543744
2   9   5   11   0.0032900699
2   9   6   12   0.0032900699
2   10   1   7   -0.0002459352
2   10   1   8   -0.0000053892
2   10   1   9   -0.0003717417
2   10   1   10   -0.0002397549
2   10   2   7   -0.0048778670
2   10   2   8   0.0625624221
2   10   2   9   -0.0619144062
2   10   2   10   0.3330590943
2   10   3   7   -0.0004907544
2   10   3   8   -0.0030822561
2   10   3   9   -0.0020086080
2   10   3   10   0.0113481892
2   10   4   7   0.0007870523
2   10   4   8   0.0052176894
2   10   4   9   0.0044543744
2   10   4   10   -0.0122987216
2   10   5   11   -0.0008375380
2   10   6   12   -0.0008375380
2   11   1   11   -0.0002210338
2   11   2   11   0.3003536525
2   11   3   11   0.0111813981
2   11   4   11   -0.0107698027
2   11   5   7   0.0005979052
2   11   5   8   0.0002869183
2   11   5   9   0.0032900699
2   11   5   10   -0.0008375380
2   12   1   12   -0.0002210338
2   12   2   12   0.3003536525
2   12   3   12   0.0111813981
2   12   4   12   -0.0107698027
2   12   6   7   0.0005979052
2   12   6   8   0.0002869183
2   12   6   9   0.0032900699
2   12   6   10   -0.0008375380
3   7   1   7   -0.5321944228
3   7   1   8   0.0012459424
3   7   1   9   0.0856666665
3   7   1   10   0.0043853729
3   7   2   7   0.0181485982
3   7   2   8   -0.0000007222
3   7   2   9   -0.0003219465
3   7   2   10   -0.0004907544
3   7   3   7   1.2621438811
3   7   3   8   -0.0003295152
3   7   3   9   -0.0229772979
3   7   3   10   -0.0036159049
3   7   4   7   0.0255271334
3   7   4   8   -0.0003717417
3   7   4   9   -0.0020531089
3   7   4   10   0.0366045152
3   7   5   11   0.0367689886
3   7   6   12   0.0367689886
3   8   1   7   0.0012459424
3   8   1   8   0.0001260050
3   8   1   9   -0.0003219465
3   8   1   10   0.0000890967
3   8   2   7   -0.0000007222
3   8   2   8   -0.0423056401
3   8   2   9   0.0019678304
3   8   2   10   -0.0030822561
3   8   3   7   -0.0003295152
3   8   3   8   0.3136606273
3   8   3   9   0.0125432888
3   8   3   10   -0.0124407964
3   8   4   7   -0.0003717417
3   8   4   8   -0.0619144062
3   8   4   9   -0.0020086080
3   8   4   10   0.0044543744
3   8   5   11   0.0032900699
3   8   6   12   0.0032900699
3   9   1   7   0.0856666665
3   9   1   8   -0.0003219465
3   9   1   9   -0.0229772979
3   9   1   10   -0.0020531089
3   9   2   7   -0.0003219465
3   9   2   8   0.0019678304
3   9   2   9   0.0125432888
3   9   2   10   -0.0020086080
3   9   3   7   -0.0229772979
3   9   3   8   0.0125432888
3   9   3   9   0.8818924220
3   9   3   10   0.0005984129
3   9   4   7   -0.0020531089
3   9   4   8   -0.0020086080
3   9   4   9   0.0005984129
3   9   4   10   0.1651064569
3   9   5   11   0.1626846034
3   9   6   12   0.1626846034
3   10   1   7   0.0043853729
3   10   1   8   0.0000890967
3   10   1   9   -0.0020531089
3   10   1   10   -0.0142712960
3   10   2   7   -0.0004907544
3   10   2   8   -0.0030822561
3   10   2   9   -0.0020086080
3   10   2   10   0.0113481892
3   10   3   7   -0.0036159049
3   10   3   8   -0.0124407964
3   10   3   9   0.0005984129
3   10   3   10   0.8225156632
3   10   4   7   0.0366045152
3   10   4   8   0.0044543744
3   10   4   9   0.1651064569
3   10   4   10   0.0163986661
3   10   5   11   0.0039426198
3   10   6   12   0.0039426198
3   11   1   11   -0.0142562379
3   11   2   11   0.0111813981
3   11   3   11   0.8202731204
3   11   4   11   0.0072268128
3   11   5   7   0.0367689886
3   11   5   8   0.0032900699
3   11   5   9   0.1626846034
3   11   5   10   0.0039426198
3   12   1   12   -0.0142562379
3   12   2   12   0.0111813981
3   12   3   12   0.8202731204
3   12   4   12   0.0072268128
3   12   6   7   0.0367689886
3   12   6   8   0.0032900699
3   12   6   9   0.1626846034
3   12   6   10   0.0039426198
4   7   1   7   -0.0323440142
4   7   1   8   -0.0002459352
4   7   1   9   0.0043853729
4   7   1   10   0.0353746430
4   7   2   7   -0.0153856538
4   7   2   8   -0.0000053892
4   7   2   9   0.0000890967
4   7   2   10   0.0007870523
4   7   3   7   0.0255271334
4   7   3   8   -0.0003717417
4   7   3   9   -0.0020531089
4   7   3   10   0.0366045152
4   7   4   7   1.1566898415
4   7   4   8   -0.0002397549
4   7   4   9   -0.0142712960
4   7   4   10   0.0022061559
4   7   5   11   0.0017824270
4   7   6   12   0.0017824270
4   8   1   7   -0.0002459352
4   8   1   8   -0.0048778670
4   8   1   9   -0.0004907544
4   8   1   10   0.0007870523
4   8   2   7   -0.0000053892
4   8   2   8   0.0625624221
4   8   2   9   -0.0030822561
4   8   2   10   0.0052176894
4   8   3   7   -0.0003717417
4   8   3   8   -0.0619144062
4   8   3   9   -0.0020086080
4   8   3   10   0.0044543744
4   8   4   7   -0.0002397549
4   8   4   8   0.3330590943
4   8   4   9   0.0113481892
4   8   4   10   -0.0122987216
4   8   5   11   -0.0008375380
4   8   6   12   -0.0008375380
4   9   1   7   0.0043853729
4   9   1   8   -0.0004907544
4   9   1   9   -0.0036159049
4   9   1   10   0.0366045152
4   9   2   7   0.0000890967
4   9   2   8   -0.0030822561
4   9   2   9   -0.0124407964
4   9   2   10   0.0044543744
4   9   3   7   -0.0020531089
4   9   3   8   -0.0020086080
4   9   3   9   0.0005984129
4   9   3   10   0.1651064569
4   9   4   7   -0.0142712960
4   9   4   8   0.0113481892
4   9   4   9   0.8225156632
4   9   4   10   0.0163986661
4   9   5   11   0.0039426198
4   9   6   12   0.0039426198
4   10   1   7   0.0353746430
4   10   1   8   0.0007870523
4   10   1   9   0.0366045152
4   10   1   10   0.0022061559
4   10   2   7   0.0007870523
4   10   2   8   0.0052176894
4   10   2   9   0.0044543744
4   10   2   10   -0.0122987216
4   10   3   7   0.0366045152
4   10   3   8   0.0044543744
4   10   3   9   0.1651064569
4   10   3   10   0.0163986661
4   10   4   7   0.0022061559
4   10   4   8   -0.0122987216
4   10   4   9   0.0163986661
4   10   4   10   0.8277753162
4   10   5   11   0.0403197165
4   10   6   12   0.0403197165
4   11   1   11   -0.0014160523
4   11   2   11   -0.0107698027
4   11   3   11   0.0072268128
4   11   4   11   0.7453454548
4   11   5   7   0.0017824270
4   11   5   8   -0.0008375380
4   11   5   9   0.0039426198
4   11   5   10   0.0403197165
4   12   1   12   -0.0014160523
4   12   2   12   -0.0107698027
4   12   3   12   0.0072268128
4   12   4   12   0.7453454548
4   12   6   7   0.0017824270
4   12   6   8   -0.0008375380
4   12   6   9   0.0039426198
4   12   6   10   0.0403197165
5   7   1   11   0.0354313438
5   7   2   11   0.0005979052
5   7   3   11   0.0367689886
5   7   4   11   0.0017824270
5   7   5   7   1.1557307410
5   7   5   8   -0.0002210338
5   7   5   9   -0.0142562379
5   7   5   10   -0.0014160523
5   8   1   11   0.0005979052
5   8   2   11   0.0002869183
5   8   3   11   0.0032900699
5   8   4   11   -0.0008375380
5   8   5   7   -0.0002210338
5   8   5   8   0.3003536525
5   8   5   9   0.0111813981
5   8   5   10   -0.0107698027
5   9   1   11   0.0367689886
5   9   2   11   0.0032900699
5   9   3   11   0.1626846034
5   9   4   11   0.0039426198
5   9   5   7   -0.0142562379
5   9   5   8   0.0111813981
5   9   5   9   0.8202731204
5   9   5   10   0.0072268128
5   10   1   11   0.0017824270
5   10   2   11   -0.0008375380
5   10   3   11   0.0039426198
5   10   4   11   0.0403197165
5   10   5   7   -0.0014160523
5   10   5   8   -0.0107698027
5   10   5   9   0.0072268128
5   10   5   10   0.7453454548
5   11   1   7   0.0354313438
5   11   1   8   0.0005979052
5   11   1   9   0.0367689886
5   11   1   10   0.0017824270
5   11   2   7   0.0005979052
5   11   2   8   0.0002869183
5   11   2   9   0.0032900699
5   11   2   10   -0.0008375380
5   11   3   7   0.0367689886
5   11   3   8   0.0032900699
5   11   3   9   0.1626846034
5   11   3   10   0.0039426198
5   11   4   7   0.0017824270
5   11   4   8   -0.0008375380
5   11   4   9   0.0039426198
5   11   4   10   0.0403197165
5   11   5   11   0.8225515217
5   11   6   12   0.0396207915
5   12   5   12   0.7433099388
5   12   6   11   0.0396207915
6   7   1   12   0.0354313438
6   7   2   12   0.0005979052
6   7   3   12   0.0367689886
6   7   4   12   0.0017824270
6   7   6   7   1.1557307410
6   7   6   8   -0.0002210338
6   7   6   9   -0.0142562379
6   7   6   10   -0.0014160523
6   8   1   12   0.0005979052
6   8   2   12   0.0002869183
6   8   3   12   0.0032900699
6   8   4   12   -0.0008375380
6   8   6   7   -0.0002210338
6   8   6   8   0.3003536525
6   8   6   9   0.0111813981
6   8   6   10   -0.0107698027
6   9   1   12   0.0367689886
6   9   2   12   0.0032900699
6   9   3   12   0.1626846034
6   9   4   12   0.0039426198
6   9   6   7   -0.0142562379
6   9   6   8   0.0111813981
6   9   6   9   0.8202731204
6   9   6   10   0.0072268128
6   10   1   12   0.0017824270
6   10   2   12   -0.0008375380
6   10   3   12   0.0039426198
6   10   4   12   0.0403197165
6   10   6   7   -0.0014160523
6   10   6   8   -0.0107698027
6   10   6   9   0.0072268128
6   10   6   10   0.7453454548
6   11   5   12   0.0396207915
6   11   6   11   0.7433099388
6   12   1   7   0.0354313438
6   12   1   8   0.0005979052
6   12   1   9   0.0367689886
6   12   1   10   0.0017824270
6   12   2   7   0.0005979052
6   12   2   8   0.0002869183
6   12   2   9   0.0032900699
6   12   2   10   -0.0008375380
6   12   3   7   0.0367689886
6   12   3   8   0.0032900699
6   12   3   9   0.1626846034
6   12   3   10   0.0039426198
6   12   4   7   0.0017824270
6   12   4   8   -0.0008375380
6   12   4   9   0.0039426198
6   12   4   10   0.0403197165
6   12   5   11   0.0396207915
6   12   6   12   0.8225515217

End IJKL Block
Begin IJAB Block
1   7   1   4   0.0000943301
1   7   2   5   0.0002239430
1   7   3   6   0.0002239430
1   8   1   4   0.0000059638
1   8   2   5   -0.0000000272
1   8   3   6   -0.0000000272
1   9   1   4   0.0000390369
1   9   2   5   0.0002141173
1   9   3   6   0.0002141173
1   10   1   4   -0.0000138295
1   10   2   5   0.0000194739
1   10   3   6   0.0000194739
1   11   1   5   -0.0000188513
1   11   1   6   0.0000195754
1   11   2   4   0.0000285752
1   11   3   4   -0.0000296727
1   12   1   5   -0.0000195754
1   12   1   6   -0.0000188513
1   12   2   4   0.0000296727
1   12   3   4   0.0000285752
2   7   1   4   0.0000059638
2   7   2   5   -0.0000000272
2   7   3   6   -0.0000000272
2   8   1   4   0.0041107830
2   8   2   5   0.0002767774
2   8   3   6   0.0002767774
2   9   1   4   -0.0000496352
2   9   2   5   0.0000040582
2   9   3   6   0.0000040582
2   10   1   4   0.0000946315
2   10   2   5   -0.0000593234
2   10   3   6   -0.0000593234
2   11   1   5   0.0001154345
2   11   1   6   -0.0001198681
2   11   2   4   0.0000796081
2   11   3   4   -0.0000826657
2   12   1   5   0.0001198681
2   12   1   6   0.0001154345
2   12   2   4   0.0000826657
2   12   3   4   0.0000796081
3   7   1   4   0.0000390369
3   7   2   5   0.0002141173
3   7   3   6   0.0002141173
3   8   1   4   -0.0000496352
3   8   2   5   0.0000040582
3   8   3   6   0.0000040582
3   9   1   4   0.0003830047
3   9   2   5   0.0007766668
3   9   3   6   0.0007766668
3   10   1   4   -0.0004131979
3   10   2   5   0.0000680340
3   10   3   6   0.0000680340
3   11   1   5   0.0004214624
3   11   1   6   -0.0004376499
3   11   2   4   0.0000832798
3   11   3   4   -0.0000864784
3   12   1   5   0.0004376499
3   12   1   6   0.0004214624
3   12   2   4   0.0000864784
3   12   3   4   0.0000832798
4   7   1   4   -0.0000138295
4   7   2   5   0.0000194739
4   7   3   6   0.0000194739
4   8   1   4   0.0000946315
4   8   2   5   -0.0000593234
4   8   3   6   -0.0000593234
4   9   1   4   -0.0004131979
4   9   2   5   0.0000680340
4   9   3   6   0.0000680340
4   10   1   4   0.0007669644
4   10   2   5   0.0002566462
4   10   3   6   0.0002566462
4   11   1   5   -0.0007870885
4   11   1   6   0.0008173190
4   11   2   4   -0.0001264350
4   11   3   4   0.0001312911
4   12   1   5   -0.0008173190
4   12   1   6   -0.0007870885
4   12   2   4   -0.0001312911
4   12   3   4   -0.0001264350
5   7   1   5   0.0000285752
5   7   1   6   -0.0000296727
5   7   2   4   -0.0000188513
5   7   3   4   0.0000195754
5   8   1   5   0.0000796081
5   8   1   6   -0.0000826657
5   8   2   4   0.0001154345
5   8   3   4   -0.0001198681
5   9   1   5   0.0000832798
5   9   1   6   -0.0000864784
5   9   2   4   0.0004214624
5   9   3   4   -0.0004376499
5   10   1   5   -0.0001264350
5   10   1   6   0.0001312911
5   10   2   4   -0.0007870885
5   10   3   4   0.0008173190
5   11   1   4   0.0003368181
5   11   2   5   0.0014702645
5   11   2   6   -0.0012923203
5   11   3   5   -0.0012923203
5   11   3   6   0.0015676996
5   12   2   5   0.0012923203
5   12   2   6   0.0010187768
5   12   3   5   -0.0011162120
5   12   3   6   -0.0012923203
6   7   1   5   0.0000296727
6   7   1   6   0.0000285752
6   7   2   4   -0.0000195754
6   7   3   4   -0.0000188513
6   8   1   5   0.0000826657
6   8   1   6   0.0000796081
6   8   2   4   0.0001198681
6   8   3   4   0.0001154345
6   9   1   5   0.0000864784
6   9   1   6   0.0000832798
6   9   2   4   0.0004376499
6   9   3   4   0.0004214624
6   10   1   5   -0.0001312911
6   10   1   6   -0.0001264350
6   10   2   4   -0.0008173190
6   10   3   4   -0.0007870885
6   11   2   5   0.0012923203
6   11   2   6   -0.0011162120
6   11   3   5   0.0010187768
6   11   3   6   -0.0012923203
6   12   1   4   0.0003368181
6   12   2   5   0.0015676996
6   12   2   6   0.0012923203
6   12   3   5   0.0012923203
6   12   3   6   0.0014702645

End IJAB Block
Begin ABCD Block
1   4   1   4   0.2058342828
1   4   2   5   0.0211515220
1   4   3   6   0.0211515220
1   5   1   5   0.1366669460
1   5   2   4   0.0211515220
1   6   1   6   0.1366669460
1   6   3   4   0.0211515220
2   4   1   5   0.0211515220
2   4   2   4   0.1366669460
2   5   1   4   0.0211515220
2   5   2   5   0.1281912164
2   5   3   6   0.0078369669
2   6   2   6   0.1125172826
2   6   3   5   0.0078369669
3   4   1   6   0.0211515220
3   4   3   4   0.1366669460
3   5   2   6   0.0078369669
3   5   3   5   0.1125172826
3   6   1   4   0.0211515220
3   6   2   5   0.0078369669
3   6   3   6   0.1281912164

End ABCD Block
Begin AIJB Block
1   7   1   4   0.0000943301
1   7   2   4   0.0000059638
1   7   3   4   0.0000390369
1   7   4   4   -0.0000138295
1   7   5   5   0.0000285752
1   7   5   6   -0.0000296727
1   7   6   5   0.0000296727
1   7   6   6   0.0000285752
1   8   1   4   0.0000059638
1   8   2   4   0.0041107830
1   8   3   4   -0.0000496352
1   8   4   4   0.0000946315
1   8   5   5   0.0000796081
1   8   5   6   -0.0000826657
1   8   6   5   0.0000826657
1   8   6   6   0.0000796081
1   9   1   4   0.0000390369
1   9   2   4   -0.0000496352
1   9   3   4   0.0003830047
1   9   4   4   -0.0004131979
1   9   5   5   0.0000832798
1   9   5   6   -0.0000864784
1   9   6   5   0.0000864784
1   9   6   6   0.0000832798
1   10   1   4   -0.0000138295
1   10   2   4   0.0000946315
1   10   3   4   -0.0004131979
1   10   4   4   0.0007669644
1   10   5   5   -0.0001264350
1   10   5   6   0.0001312911
1   10   6   5   -0.0001312911
1   10   6   6   -0.0001264350
1   11   1   5   -0.0000188513
1   11   1   6   0.0000195754
1   11   2   5   0.0001154345
1   11   2   6   -0.0001198681
1   11   3   5   0.0004214624
1   11   3   6   -0.0004376499
1   11   4   5   -0.0007870885
1   11   4   6   0.0008173190
1   11   5   4   0.0003368181
1   12   1   5   -0.0000195754
1   12   1   6   -0.0000188513
1   12   2   5   0.0001198681
1   12   2   6   0.0001154345
1   12   3   5   0.0004376499
1   12   3   6   0.0004214624
1   12   4   5   -0.0008173190
1   12   4   6   -0.0007870885
1   12   6   4   0.0003368181
2   7   1   5   0.0002239430
2   7   2   5   -0.0000000272
2   7   3   5   0.0002141173
2   7   4   5   0.0000194739
2   7   5   4   -0.0000188513
2   7   6   4   -0.0000195754
2   8   1   5   -0.0000000272
2   8   2   5   0.0002767774
2   8   3   5   0.0000040582
2   8   4   5   -0.0000593234
2   8   5   4   0.0001154345
2   8   6   4   0.0001198681
2   9   1   5   0.0002141173
2   9   2   5   0.0000040582
2   9   3   5   0.0007766668
2   9   4   5   0.0000680340
2   9   5   4   0.0004214624
2   9   6   4   0.0004376499
2   10   1   5   0.0000194739
2   10   2   5   -0.0000593234
2   10   3   5   0.0000680340
2   10   4   5   0.0002566462
2   10   5   4   -0.0007870885
2   10   6   4   -0.0008173190
2   11   1   4   0.0000285752
2   11   2   4   0.0000796081
2   11   3   4   0.0000832798
2   11   4   4   -0.0001264350
2   11   5   5   0.0014702645
2   11   5   6   -0.0012923203
2   11   6   5   0.0012923203
2   11   6   6   -0.0011162120
2   12   1   4   0.0000296727
2   12   2   4   0.0000826657
2   12   3   4   0.0000864784
2   12   4   4   -0.0001312911
2   12   5   5   0.0012923203
2   12   5   6   0.0010187768
2   12   6   5   0.0015676996
2   12   6   6   0.0012923203
3   7   1   6   0.0002239430
3   7   2   6   -0.0000000272
3   7   3   6   0.0002141173
3   7   4   6   0.0000194739
3   7   5   4   0.0000195754
3   7   6   4   -0.0000188513
3   8   1   6   -0.0000000272
3   8   2   6   0.0002767774
3   8   3   6   0.0000040582
3   8   4   6   -0.0000593234
3   8   5   4   -0.0001198681
3   8   6   4   0.0001154345
3   9   1   6   0.0002141173
3   9   2   6   0.0000040582
3   9   3   6   0.0007766668
3   9   4   6   0.0000680340
3   9   5   4   -0.0004376499
3   9   6   4   0.0004214624
3   10   1   6   0.0000194739
3   10   2   6   -0.0000593234
3   10   3   6   0.0000680340
3   10   4   6   0.0002566462
3   10   5   4   0.0008173190
3   10   6   4   -0.0007870885
3   11   1   4   -0.0000296727
3   11   2   4   -0.0000826657
3   11   3   4   -0.0000864784
3   11   4   4   0.0001312911
3   11   5   5   -0.0012923203
3   11   5   6   0.0015676996
3   11   6   5   0.0010187768
3   11   6   6   -0.0012923203
3   12   1   4   0.0000285752
3   12   2   4   0.0000796081
3   12   3   4   0.0000832798
3   12   4   4   -0.0001264350
3   12   5   5   -0.0011162120
3   12   5   6   -0.0012923203
3   12   6   5   0.0012923203
3   12   6   6   0.0014702645

1   7   7   1   -0.1457959335
1   7   8   1   -0.0000108576
1   7   9   1   0.0000054281
1   7   10   1   0.0009861966
1   7   11   2   -0.0002824828
1   7   11   3   0.0002933325
1   7   12   2   -0.0002933325
1   7   12   3   -0.0002824828
1   8   7   1   -0.0000108576
1   8   8   1   -0.2316561407
1   8   9   1   0.0022498172
1   8   10   1   -0.0029436400
1   8   11   2   -0.0003489584
1   8   11   3   0.0003623612
1   8   12   2   -0.0003623612
1   8   12   3   -0.0003489584
1   9   7   1   0.0000054281
1   9   8   1   0.0022498172
1   9   9   1   -0.1461403748
1   9   10   1   0.0116108683
1   9   11   2   -0.0031039771
1   9   11   3   0.0032231948
1   9   12   2   -0.0032231948
1   9   12   3   -0.0031039771
1   10   7   1   0.0009861966
1   10   8   1   -0.0029436400
1   10   9   1   0.0116108683
1   10   10   1   -0.1473675938
1   10   11   2   0.0007274953
1   10   11   3   -0.0007554370
1   10   12   2   0.0007554370
1   10   12   3   0.0007274953
1   11   7   2   -0.0002824828
1   11   7   3   0.0002933325
1   11   8   2   -0.0003489584
1   11   8   3   0.0003623612
1   11   9   2   -0.0031039771
1   11   9   3   0.0032231948
1   11   10   2   0.0007274953
1   11   10   3   -0.0007554370
1   11   11   1   -0.1453886238
1   12   7   2   -0.0002933325
1   12   7   3   -0.0002824828
1   12   8   2   -0.0003623612
1   12   8   3   -0.0003489584
1   12   9   2   -0.0032231948
1   12   9   3   -0.0031039771
1   12   10   2   0.0007554370
1   12   10   3   0.0007274953
1   12   12   1   -0.1453886238
2   7   7   2   -0.1330547332
2   7   8   2   -0.0000024599
2   7   9   2   0.0000802245
2   7   10   2   0.0003646536
2   7   11   1   -0.0002824828
2   7   12   1   -0.0002933325
2   8   7   2   -0.0000024599
2   8   8   2   -0.1493494035
2   8   9   2   0.0003841805
2   8   10   2   -0.0004060169
2   8   11   1   -0.0003489584
2   8   12   1   -0.0003623612
2   9   7   2   0.0000802245
2   9   8   2   0.0003841805
2   9   9   2   -0.1313535493
2   9   10   2   0.0043194578
2   9   11   1   -0.0031039771
2   9   12   1   -0.0032231948
2   10   7   2   0.0003646536
2   10   8   2   -0.0004060169
2   10   9   2   0.0043194578
2   10   10   2   -0.1308892147
2   10   11   1   0.0007274953
2   10   12   1   0.0007554370
2   11   7   1   -0.0002824828
2   11   8   1   -0.0003489584
2   11   9   1   -0.0031039771
2   11   10   1   0.0007274953
2   11   11   2   -0.1311763055
2   11   11   3   0.0007817342
2   11   12   2   -0.0007817342
2   11   12   3   0.0000294696
2   12   7   1   -0.0002933325
2   12   8   1   -0.0003623612
2   12   9   1   -0.0032231948
2   12   10   1   0.0007554370
2   12   11   2   -0.0007817342
2   12   11   3   0.0000294696
2   12   12   2   -0.1312352447
2   12   12   3   -0.0007817342
3   7   7   3   -0.1330547332
3   7   8   3   -0.0000024599
3   7   9   3   0.0000802245
3   7   10   3   0.0003646536
3   7   11   1   0.0002933325
3   7   12   1   -0.0002824828
3   8   7   3   -0.0000024599
3   8   8   3   -0.1493494035
3   8   9   3   0.0003841805
3   8   10   3   -0.0004060169
3   8   11   1   0.0003623612
3   8   12   1   -0.0003489584
3   9   7   3   0.0000802245
3   9   8   3   0.0003841805
3   9   9   3   -0.1313535493
3   9   10   3   0.0043194578
3   9   11   1   0.0032231948
3   9   12   1   -0.0031039771
3   10   7   3   0.0003646536
3   10   8   3   -0.0004060169
3   10   9   3   0.0043194578
3   10   10   3   -0.1308892147
3   10   11   1   -0.0007554370
3   10   12   1   0.0007274953
3   11   7   1   0.0002933325
3   11   8   1   0.0003623612
3   11   9   1   0.0032231948
3   11   10   1   -0.0007554370
3   11   11   2   0.0007817342
3   11   11   3   -0.1312352447
3   11   12   2   0.0000294696
3   11   12   3   0.0007817342
3   12   7   1   -0.0002824828
3   12   8   1   -0.0003489584
3   12   9   1   -0.0031039771
3   12   10   1   0.0007274953
3   12   11   2   0.0000294696
3   12   11   3   0.0007817342
3   12   12   2   -0.0007817342
3   12   12   3   -0.1311763055

End AIJB Block
Begin IJKA Block
1   7   1   4   0.0119228168
1   7   2   4   -0.0000401942
1   7   3   4   -0.0019673660
1   7   4   4   0.0012134983
1   7   5   5   -0.0019539130
1   7   5   6   0.0020289590
1   7   6   5   -0.0020289590
1   7   6   6   -0.0019539130
1   8   1   4   -0.0049702209
1   8   2   4   -0.0000008180
1   8   3   4   0.0000080148
1   8   4   4   0.0001669298
1   8   5   5   0.0000007283
1   8   5   6   -0.0000007562
1   8   6   5   0.0000007562
1   8   6   6   0.0000007283
1   9   1   4   -0.0185053265
1   9   2   4   -0.0000048022
1   9   3   4   0.0005012378
1   9   4   4   0.0013618388
1   9   5   5   -0.0018773484
1   9   5   6   0.0019494537
1   9   6   5   -0.0019494537
1   9   6   6   -0.0018773484
1   10   1   4   0.0306032085
1   10   2   4   -0.0000014049
1   10   3   4   -0.0004869677
1   10   4   4   -0.0006552151
1   10   5   5   -0.0001670541
1   10   5   6   0.0001734704
1   10   6   5   -0.0001734704
1   10   6   6   -0.0001670541
1   11   1   5   -0.0464928159
1   11   1   6   0.0482785144
1   11   2   5   0.0000130719
1   11   2   6   -0.0000135740
1   11   3   5   0.0007882084
1   11   3   6   -0.0008184820
1   11   4   5   -0.0000187487
1   11   4   6   0.0000194688
1   11   5   4   -0.0005212302
1   12   1   5   -0.0482785144
1   12   1   6   -0.0464928159
1   12   2   5   0.0000135740
1   12   2   6   0.0000130719
1   12   3   5   0.0008184820
1   12   3   6   0.0007882084
1   12   4   5   -0.0000194688
1   12   4   6   -0.0000187487
1   12   6   4   -0.0005212302
2   7   1   4   -0.0000401942
2   7   2   4   -0.0001819026
2   7   3   4   -0.0000108890
2   7   4   4   0.0000276914
2   7   5   5   -0.0000326724
2   7   5   6   0.0000339273
2   7   6   5   -0.0000339273
2   7   6   6   -0.0000326724
2   8   1   4   -0.0000008180
2   8   2   4   -0.0618913703
2   8   3   4   0.0018280544
2   8   4   4   -0.0026913154
2   8   5   5   0.0001590178
2   8   5   6   -0.0001651254
2   8   6   5   0.0001651254
2   8   6   6   0.0001590178
2   9   1   4   -0.0000048022
2   9   2   4   -0.0000759209
2   9   3   4   -0.0003320848
2   9   4   4   0.0004140229
2   9   5   5   -0.0001257715
2   9   5   6   0.0001306022
2   9   6   5   -0.0001306022
2   9   6   6   -0.0001257715
2   10   1   4   -0.0000014049
2   10   2   4   -0.0021167446
2   10   3   4   0.0005235071
2   10   4   4   -0.0005876268
2   10   5   5   -0.0000368755
2   10   5   6   0.0000382918
2   10   6   5   -0.0000382918
2   10   6   6   -0.0000368755
2   11   1   5   0.0000130719
2   11   1   6   -0.0000135740
2   11   2   5   -0.0010998090
2   11   2   6   0.0011420505
2   11   3   5   -0.0005365082
2   11   3   6   0.0005571144
2   11   4   5   0.0004623277
2   11   4   6   -0.0004800848
2   11   5   4   0.0000749758
2   12   1   5   0.0000135740
2   12   1   6   0.0000130719
2   12   2   5   -0.0011420505
2   12   2   6   -0.0010998090
2   12   3   5   -0.0005571144
2   12   3   6   -0.0005365082
2   12   4   5   0.0004800848
2   12   4   6   0.0004623277
2   12   6   4   0.0000749758
3   7   1   4   -0.0019673660
3   7   2   4   -0.0000108890
3   7   3   4   0.0004060293
3   7   4   4   0.0014153930
3   7   5   5   -0.0020166643
3   7   5   6   0.0020941204
3   7   6   5   -0.0020941204
3   7   6   6   -0.0020166643
3   8   1   4   0.0000080148
3   8   2   4   0.0018280544
3   8   3   4   -0.0049212352
3   8   4   4   0.0018643723
3   8   5   5   0.0002188621
3   8   5   6   -0.0002272682
3   8   6   5   0.0002272682
3   8   6   6   0.0002188621
3   9   1   4   0.0005012378
3   9   2   4   -0.0003320848
3   9   3   4   -0.0102216725
3   9   4   4   0.0052567070
3   9   5   5   -0.0076039865
3   9   5   6   0.0078960408
3   9   6   5   -0.0078960408
3   9   6   6   -0.0076039865
3   10   1   4   -0.0004869677
3   10   2   4   0.0005235071
3   10   3   4   0.0186833830
3   10   4   4   -0.0014987283
3   10   5   5   -0.0008902852
3   10   5   6   0.0009244794
3   10   6   5   -0.0009244794
3   10   6   6   -0.0008902852
3   11   1   5   0.0007882084
3   11   1   6   -0.0008184820
3   11   2   5   -0.0005365082
3   11   2   6   0.0005571144
3   11   3   5   -0.0282077055
3   11   3   6   0.0292911085
3   11   4   5   -0.0013007520
3   11   4   6   0.0013507114
3   11   5   4   -0.0005618043
3   12   1   5   0.0008184820
3   12   1   6   0.0007882084
3   12   2   5   -0.0005571144
3   12   2   6   -0.0005365082
3   12   3   5   -0.0292911085
3   12   3   6   -0.0282077055
3   12   4   5   -0.0013507114
3   12   4   6   -0.0013007520
3   12   6   4   -0.0005618043
4   7   1   4   0.0012134983
4   7   2   4   0.0000276914
4   7   3   4   0.0014153930
4   7   4   4   0.0003978168
4   7   5   5   -0.0001026670
4   7   5   6   0.0001066102
4   7   6   5   -0.0001066102
4   7   6   6   -0.0001026670
4   8   1   4   0.0001669298
4   8   2   4   -0.0026913154
4   8   3   4   0.0018643723
4   8   4   4   -0.0056346791
4   8   5   5   -0.0001592865
4   8   5   6   0.0001654044
4   8   6   5   -0.0001654044
4   8   6   6   -0.0001592865
4   9   1   4   0.0013618388
4   9   2   4   0.0004140229
4   9   3   4   0.0052567070
4   9   4   4   -0.0087789270
4   9   5   5   -0.0004030414
4   9   5   6   0.0004185214
4   9   6   5   -0.0004185214
4   9   6   6   -0.0004030414
4   10   1   4   -0.0006552151
4   10   2   4   -0.0005876268
4   10   3   4   -0.0014987283
4   10   4   4   0.0185427816
4   10   5   5   -0.0016334478
4   10   5   6   0.0016961853
4   10   6   5   -0.0016961853
4   10   6   6   -0.0016334478
4   11   1   5   -0.0000187487
4   11   1   6   0.0000194688
4   11   2   5   0.0004623277
4   11   2   6   -0.0004800848
4   11   3   5   -0.0013007520
4   11   3   6   0.0013507114
4   11   4   5   -0.0244960992
4   11   4   6   0.0254369466
4   11   5   4   0.0008852253
4   12   1   5   -0.0000194688
4   12   1   6   -0.0000187487
4   12   2   5   0.0004800848
4   12   2   6   0.0004623277
4   12   3   5   -0.0013507114
4   12   3   6   -0.0013007520
4   12   4   5   -0.0254369466
4   12   4   6   -0.0244960992
4   12   6   4   0.0008852253
5   7   1   5   -0.0019539130
5   7   1   6   0.0020289590
5   7   2   5   -0.0000326724
5   7   2   6   0.0000339273
5   7   3   5   -0.0020166643
5   7   3   6   0.0020941204
5   7   4   5   -0.0001026670
5   7   4   6   0.0001066102
5   7   5   4   0.0002750406
5   8   1   5   0.0000007283
5   8   1   6   -0.0000007562
5   8   2   5   0.0001590178
5   8   2   6   -0.0001651254
5   8   3   5   0.0002188621
5   8   3   6   -0.0002272682
5   8   4   5   -0.0001592865
5   8   4   6   0.0001654044
5   8   5   4   -0.0042795057
5   9   1   5   -0.0018773484
5   9   1   6   0.0019494537
5   9   2   5   -0.0001257715
5   9   2   6   0.0001306022
5   9   3   5   -0.0076039865
5   9   3   6   0.0078960408
5   9   4   5   -0.0004030414
5   9   4   6   0.0004185214
5   9   5   4   -0.0087006486
5   10   1   5   -0.0001670541
5   10   1   6   0.0001734704
5   10   2   5   -0.0000368755
5   10   2   6   0.0000382918
5   10   3   5   -0.0008902852
5   10   3   6   0.0009244794
5   10   4   5   -0.0016334478
5   10   4   6   0.0016961853
5   10   5   4   0.0158980088
5   11   1   4   -0.0005212302
5   11   2   4   0.0000749758
5   11   3   4   -0.0005618043
5   11   4   4   0.0008852253
5   11   5   5   -0.0281315795
5   11   5   6   0.0292120586
5   11   6   5   -0.0018277744
5   11   6   6   -0.0017601697
5   12   5   5   -0.0255565098
5   12   5   6   -0.0246112401
5   12   6   5   -0.0017601697
5   12   6   6   0.0018277744
6   7   1   5   -0.0020289590
6   7   1   6   -0.0019539130
6   7   2   5   -0.0000339273
6   7   2   6   -0.0000326724
6   7   3   5   -0.0020941204
6   7   3   6   -0.0020166643
6   7   4   5   -0.0001066102
6   7   4   6   -0.0001026670
6   7   6   4   0.0002750406
6   8   1   5   0.0000007562
6   8   1   6   0.0000007283
6   8   2   5   0.0001651254
6   8   2   6   0.0001590178
6   8   3   5   0.0002272682
6   8   3   6   0.0002188621
6   8   4   5   -0.0001654044
6   8   4   6   -0.0001592865
6   8   6   4   -0.0042795057
6   9   1   5   -0.0019494537
6   9   1   6   -0.0018773484
6   9   2   5   -0.0001306022
6   9   2   6   -0.0001257715
6   9   3   5   -0.0078960408
6   9   3   6   -0.0076039865
6   9   4   5   -0.0004185214
6   9   4   6   -0.0004030414
6   9   6   4   -0.0087006486
6   10   1   5   -0.0001734704
6   10   1   6   -0.0001670541
6   10   2   5   -0.0000382918
6   10   2   6   -0.0000368755
6   10   3   5   -0.0009244794
6   10   3   6   -0.0008902852
6   10   4   5   -0.0016961853
6   10   4   6   -0.0016334478
6   10   6   4   0.0158980088
6   11   5   5   -0.0018277744
6   11   5   6   -0.0017601697
6   11   6   5   -0.0246112401
6   11   6   6   0.0255565098
6   12   1   4   -0.0005212302
6   12   2   4   0.0000749758
6   12   3   4   -0.0005618043
6   12   4   4   0.0008852253
6   12   5   5   -0.0017601697
6   12   5   6   0.0018277744
6   12   6   5   -0.0292120586
6   12   6   6   -0.0281315795

End IJKA Block
Begin IABC Block
1   4   1   4   -0.0000375731
1   4   2   5   -0.0000308023
1   4   3   6   -0.0000308023
1   5   1   5   -0.0000113680
1   5   2   4   -0.0000308023
1   6   1   6   -0.0000113680
1   6   3   4   -0.0000308023
2   4   1   4   0.0009920768
2   4   2   5   0.0005802611
2   4   3   6   0.0005802611
2   5   1   5   0.0001035377
2   5   2   4   0.0005802611
2   6   1   6   0.0001035377
2   6   3   4   0.0005802611
3   4   1   4   -0.0002052225
3   4   2   5   -0.0000398756
3   4   3   6   -0.0000398756
3   5   1   5   -0.0000571185
3   5   2   4   -0.0000398756
3   6   1   6   -0.0000571185
3   6   3   4   -0.0000398756
4   4   1   4   -0.0008997380
4   4   2   5   -0.0005958596
4   4   3   6   -0.0005958596
4   5   1   5   -0.0004649249
4   5   2   4   -0.0005958596
4   6   1   6   -0.0004649249
4   6   3   4   -0.0005958596
5   4   1   5   0.0009820072
5   4   1   6   -0.0010197242
5   4   2   4   0.0005846695
5   4   3   4   -0.0006071256
5   5   1   4   0.0009820072
5   5   2   5   0.0003750407
5   5   2   6   -0.0002223590
5   5   3   5   0.0000552727
5   5   3   6   0.0002141345
5   6   1   4   -0.0010197242
5   6   2   5   -0.0002223590
5   6   2   6   -0.0000532283
5   6   3   5   0.0002141345
5   6   3   6   -0.0003894453
6   4   1   5   0.0010197242
6   4   1   6   0.0009820072
6   4   2   4   0.0006071256
6   4   3   4   0.0005846695
6   5   1   4   0.0010197242
6   5   2   5   0.0003894453
6   5   2   6   0.0002141345
6   5   3   5   -0.0000532283
6   5   3   6   0.0002223590
6   6   1   4   0.0009820072
6   6   2   5   0.0002141345
6   6   2   6   -0.0000552727
6   6   3   5   0.0002223590
6   6   3   6   0.0003750407

End IABC Block
