Begin IJ Block
1   1   -40.7274846719
1   2   0.0000109012
1   3   0.7536384501
1   6   0.0141997574
2   2   -5.4635150948
2   3   -0.0000230383
2   6   -0.0110205210
3   3   -9.1349735632
3   6   -0.0528310362
4   4   -8.0538938874
5   5   -8.0538938874
6   6   -7.4482297003

End IJ Block
Begin IA Block
1   1   -0.0014825810
2   1   0.1124951790
3   1   0.0123485060
4   2   0.1101712297
4   3   -0.0237015610
5   2   0.0237015610
5   3   0.1101712297
6   1   0.1709051049

End IA Block
Begin AB Block
1   1   -1.7353429324
2   2   -1.5045063569
3   3   -1.5045063569

End AB Block
Begin IJKL Block
1   7   1   7   5.3485518568
1   7   1   8   -0.0000093690
1   7   1   9   -0.5328353469
1   7   1   12   -0.0100442029
1   7   2   7   -0.0000093690
1   7   2   8   0.0000015178
1   7   2   9   0.0000016485
1   7   2   12   -0.0000003037
1   7   3   7   -0.5328353469
1   7   3   8   0.0000016485
1   7   3   9   0.0817938536
1   7   3   12   0.0016318418
1   7   4   10   0.0321028046
1   7   5   11   0.0321028046
1   7   6   7   -0.0100442029
1   7   6   8   -0.0000003037
1   7   6   9   0.0016318418
1   7   6   12   0.0282107731
1   8   1   7   -0.0000093690
1   8   1   8   0.1127347385
1   8   1   9   0.0000129537
1   8   1   12   -0.0002865305
1   8   2   7   0.0000010699
1   8   2   8   0.0000008159
1   8   2   9   0.0000012975
1   8   2   12   0.0000000036
1   8   3   7   0.0000018080
1   8   3   8   0.0000083833
1   8   3   9   -0.0000004380
1   8   3   12   0.0000026880
1   8   4   10   0.0000002453
1   8   5   11   0.0000002453
1   8   6   7   -0.0000000169
1   8   6   8   -0.0006252651
1   8   6   9   -0.0000002685
1   8   6   12   0.0000029025
1   9   1   7   -0.5328353469
1   9   1   8   0.0000129537
1   9   1   9   1.2637351050
1   9   1   12   0.0143192168
1   9   2   7   0.0000018080
1   9   2   8   0.0000014843
1   9   2   9   -0.0000004523
1   9   2   12   -0.0000002427
1   9   3   7   0.0863847034
1   9   3   8   -0.0000005838
1   9   3   9   -0.0237597152
1   9   3   12   -0.0004297291
1   9   4   10   0.0364707585
1   9   5   11   0.0364707585
1   9   6   7   0.0015884592
1   9   6   8   -0.0000004015
1   9   6   9   -0.0005238248
1   9   6   12   0.0322536569
1   10   1   10   1.1740156020
1   10   2   10   -0.0000000506
1   10   3   10   -0.0155929563
1   10   4   7   0.0373165466
1   10   4   8   0.0000002668
1   10   4   9   0.0371031863
1   10   4   12   0.0005700225
1   10   6   10   -0.0003294434
1   11   1   11   1.1740156020
1   11   2   11   -0.0000000506
1   11   3   11   -0.0155929563
1   11   5   7   0.0373165466
1   11   5   8   0.0000002668
1   11   5   9   0.0371031863
1   11   5   12   0.0005700225
1   11   6   11   -0.0003294434
1   12   1   7   -0.0100442029
1   12   1   8   -0.0002865305
1   12   1   9   0.0143192168
1   12   1   12   1.0632210423
1   12   2   7   -0.0000000169
1   12   2   8   -0.0000000498
1   12   2   9   -0.0000002688
1   12   2   12   -0.0000000542
1   12   3   7   0.0015884592
1   12   3   8   0.0000024814
1   12   3   9   -0.0004498851
1   12   3   12   -0.0139822858
1   12   4   10   0.0005254508
1   12   5   11   0.0005254508
1   12   6   7   0.0331455220
1   12   6   8   0.0000027400
1   12   6   9   0.0332087793
1   12   6   12   0.0004662472
2   7   1   7   -0.0000093690
2   7   1   8   0.0000010699
2   7   1   9   0.0000018080
2   7   1   12   -0.0000000169
2   7   2   7   0.1127347385
2   7   2   8   0.0000008159
2   7   2   9   0.0000083833
2   7   2   12   -0.0006252651
2   7   3   7   0.0000129537
2   7   3   8   0.0000012975
2   7   3   9   -0.0000004380
2   7   3   12   -0.0000002685
2   7   4   10   0.0000002453
2   7   5   11   0.0000002453
2   7   6   7   -0.0002865305
2   7   6   8   0.0000000036
2   7   6   9   0.0000026880
2   7   6   12   0.0000029025
2   8   1   7   0.0000015178
2   8   1   8   0.0000008159
2   8   1   9   0.0000014843
2   8   1   12   -0.0000000498
2   8   2   7   0.0000008159
2   8   2   8   1.6355298866
2   8   2   9   -0.0000515908
2   8   2   12   0.0132485022
2   8   3   7   0.0000014843
2   8   3   8   -0.0000515908
2   8   3   9   0.0000053808
2   8   3   12   -0.0000025959
2   8   4   10   0.0000005871
2   8   4   11   -0.0000000000
2   8   5   10   0.0000000000
2   8   5   11   0.0000005871
2   8   6   7   -0.0000000498
2   8   6   8   0.0132485022
2   8   6   9   -0.0000025959
2   8   6   12   -0.0001442712
2   9   1   7   0.0000016485
2   9   1   8   0.0000012975
2   9   1   9   -0.0000004523
2   9   1   12   -0.0000002688
2   9   2   7   0.0000083833
2   9   2   8   -0.0000515908
2   9   2   9   0.1131048833
2   9   2   12   -0.0078563825
2   9   3   7   -0.0000005838
2   9   3   8   0.0000086749
2   9   3   9   0.0000089390
2   9   3   12   -0.0000015590
2   9   4   10   0.0000007863
2   9   5   11   0.0000007863
2   9   6   7   0.0000024814
2   9   6   8   0.0000019160
2   9   6   9   -0.0002538431
2   9   6   12   0.0000277292
2   10   1   10   -0.0000000506
2   10   2   10   0.1127932808
2   10   3   10   0.0000090050
2   10   4   7   0.0000002668
2   10   4   8   -0.0000036370
2   10   4   9   0.0000012336
2   10   4   12   0.0000000631
2   10   6   10   -0.0002491830
2   11   1   11   -0.0000000506
2   11   2   11   0.1127932808
2   11   3   11   0.0000090050
2   11   5   7   0.0000002668
2   11   5   8   -0.0000036370
2   11   5   9   0.0000012336
2   11   5   12   0.0000000631
2   11   6   11   -0.0002491830
2   12   1   7   -0.0000003037
2   12   1   8   0.0000000036
2   12   1   9   -0.0000002427
2   12   1   12   -0.0000000542
2   12   2   7   -0.0006252651
2   12   2   8   0.0132485022
2   12   2   9   -0.0078563825
2   12   2   12   0.1297478012
2   12   3   7   -0.0000004015
2   12   3   8   0.0000019160
2   12   3   9   0.0000008437
2   12   3   12   0.0000088024
2   12   4   10   0.0000042627
2   12   4   11   -0.0000000000
2   12   5   10   0.0000000000
2   12   5   11   0.0000042627
2   12   6   7   0.0000027400
2   12   6   8   0.0004162359
2   12   6   9   0.0000285911
2   12   6   12   -0.0001805897
3   7   1   7   -0.5328353469
3   7   1   8   0.0000018080
3   7   1   9   0.0863847034
3   7   1   12   0.0015884592
3   7   2   7   0.0000129537
3   7   2   8   0.0000014843
3   7   2   9   -0.0000005838
3   7   2   12   -0.0000004015
3   7   3   7   1.2637351050
3   7   3   8   -0.0000004523
3   7   3   9   -0.0237597152
3   7   3   12   -0.0005238248
3   7   4   10   0.0364707585
3   7   5   11   0.0364707585
3   7   6   7   0.0143192168
3   7   6   8   -0.0000002427
3   7   6   9   -0.0004297291
3   7   6   12   0.0322536569
3   8   1   7   0.0000016485
3   8   1   8   0.0000083833
3   8   1   9   -0.0000005838
3   8   1   12   0.0000024814
3   8   2   7   0.0000012975
3   8   2   8   -0.0000515908
3   8   2   9   0.0000086749
3   8   2   12   0.0000019160
3   8   3   7   -0.0000004523
3   8   3   8   0.1131048833
3   8   3   9   0.0000089390
3   8   3   12   -0.0002538431
3   8   4   10   0.0000007863
3   8   5   11   0.0000007863
3   8   6   7   -0.0000002688
3   8   6   8   -0.0078563825
3   8   6   9   -0.0000015590
3   8   6   12   0.0000277292
3   9   1   7   0.0817938536
3   9   1   8   -0.0000004380
3   9   1   9   -0.0237597152
3   9   1   12   -0.0004498851
3   9   2   7   -0.0000004380
3   9   2   8   0.0000053808
3   9   2   9   0.0000089390
3   9   2   12   0.0000008437
3   9   3   7   -0.0237597152
3   9   3   8   0.0000089390
3   9   3   9   0.8723570756
3   9   3   12   0.0073451278
3   9   4   10   0.1548210358
3   9   4   11   -0.0000000000
3   9   5   10   0.0000000000
3   9   5   11   0.1548210358
3   9   6   7   -0.0004498851
3   9   6   8   0.0000008437
3   9   6   9   0.0073451278
3   9   6   12   0.1398403271
3   10   1   10   -0.0155929563
3   10   2   10   0.0000090050
3   10   3   10   0.8212344169
3   10   4   7   0.0371031863
3   10   4   8   0.0000012336
3   10   4   9   0.1596520138
3   10   4   12   0.0016041950
3   10   6   10   0.0070233143
3   11   1   11   -0.0155929563
3   11   2   11   0.0000090050
3   11   3   11   0.8212344169
3   11   5   7   0.0371031863
3   11   5   8   0.0000012336
3   11   5   9   0.1596520138
3   11   5   12   0.0016041950
3   11   6   11   0.0070233143
3   12   1   7   0.0016318418
3   12   1   8   0.0000026880
3   12   1   9   -0.0004297291
3   12   1   12   -0.0139822858
3   12   2   7   -0.0000002685
3   12   2   8   -0.0000025959
3   12   2   9   -0.0000015590
3   12   2   12   0.0000088024
3   12   3   7   -0.0005238248
3   12   3   8   -0.0002538431
3   12   3   9   0.0073451278
3   12   3   12   0.7500173457
3   12   4   10   0.0014914821
3   12   5   11   0.0014914821
3   12   6   7   0.0332087793
3   12   6   8   0.0000285911
3   12   6   9   0.1451472422
3   12   6   12   0.0062771137
4   7   1   10   0.0373165466
4   7   2   10   0.0000002668
4   7   3   10   0.0371031863
4   7   4   7   1.1740156020
4   7   4   8   -0.0000000506
4   7   4   9   -0.0155929563
4   7   4   12   -0.0003294434
4   7   6   10   0.0005700225
4   8   1   10   0.0000002668
4   8   2   10   -0.0000036370
4   8   3   10   0.0000012336
4   8   4   7   -0.0000000506
4   8   4   8   0.1127932808
4   8   4   9   0.0000090050
4   8   4   12   -0.0002491830
4   8   6   10   0.0000000631
4   9   1   10   0.0371031863
4   9   2   10   0.0000012336
4   9   3   10   0.1596520138
4   9   4   7   -0.0155929563
4   9   4   8   0.0000090050
4   9   4   9   0.8212344169
4   9   4   12   0.0070233143
4   9   6   10   0.0016041950
4   10   1   7   0.0321028046
4   10   1   8   0.0000002453
4   10   1   9   0.0364707585
4   10   1   12   0.0005254508
4   10   2   7   0.0000002453
4   10   2   8   0.0000005871
4   10   2   9   0.0000007863
4   10   2   12   0.0000042627
4   10   3   7   0.0364707585
4   10   3   8   0.0000007863
4   10   3   9   0.1548210358
4   10   3   12   0.0014914821
4   10   4   10   0.8218449838
4   10   4   11   -0.0000000000
4   10   5   10   0.0000000000
4   10   5   11   0.0324473074
4   10   6   7   0.0005254508
4   10   6   8   0.0000042627
4   10   6   9   0.0014914821
4   10   6   12   0.0301492190
4   11   2   8   -0.0000000000
4   11   2   12   -0.0000000000
4   11   3   9   -0.0000000000
4   11   4   10   -0.0000000000
4   11   4   11   0.7508338288
4   11   5   10   0.0385638476
4   11   5   11   -0.0000000000
4   11   6   8   -0.0000000000
4   11   6   9   0.0000000000
4   11   6   12   -0.0000000000
4   12   1   10   0.0005700225
4   12   2   10   0.0000000631
4   12   3   10   0.0016041950
4   12   4   7   -0.0003294434
4   12   4   8   -0.0002491830
4   12   4   9   0.0070233143
4   12   4   12   0.6872396016
4   12   6   10   0.0352852701
5   7   1   11   0.0373165466
5   7   2   11   0.0000002668
5   7   3   11   0.0371031863
5   7   5   7   1.1740156020
5   7   5   8   -0.0000000506
5   7   5   9   -0.0155929563
5   7   5   12   -0.0003294434
5   7   6   11   0.0005700225
5   8   1   11   0.0000002668
5   8   2   11   -0.0000036370
5   8   3   11   0.0000012336
5   8   5   7   -0.0000000506
5   8   5   8   0.1127932808
5   8   5   9   0.0000090050
5   8   5   12   -0.0002491830
5   8   6   11   0.0000000631
5   9   1   11   0.0371031863
5   9   2   11   0.0000012336
5   9   3   11   0.1596520138
5   9   5   7   -0.0155929563
5   9   5   8   0.0000090050
5   9   5   9   0.8212344169
5   9   5   12   0.0070233143
5   9   6   11   0.0016041950
5   10   2   8   0.0000000000
5   10   2   12   0.0000000000
5   10   3   9   0.0000000000
5   10   4   10   0.0000000000
5   10   4   11   0.0385638476
5   10   5   10   0.7508338288
5   10   5   11   0.0000000000
5   10   6   8   0.0000000000
5   10   6   9   -0.0000000000
5   10   6   12   0.0000000000
5   11   1   7   0.0321028046
5   11   1   8   0.0000002453
5   11   1   9   0.0364707585
5   11   1   12   0.0005254508
5   11   2   7   0.0000002453
5   11   2   8   0.0000005871
5   11   2   9   0.0000007863
5   11   2   12   0.0000042627
5   11   3   7   0.0364707585
5   11   3   8   0.0000007863
5   11   3   9   0.1548210358
5   11   3   12   0.0014914821
5   11   4   10   0.0324473074
5   11   4   11   -0.0000000000
5   11   5   10   0.0000000000
5   11   5   11   0.8218449838
5   11   6   7   0.0005254508
5   11   6   8   0.0000042627
5   11   6   9   0.0014914821
5   11   6   12   0.0301492190
5   12   1   11   0.0005700225
5   12   2   11   0.0000000631
5   12   3   11   0.0016041950
5   12   5   7   -0.0003294434
5   12   5   8   -0.0002491830
5   12   5   9   0.0070233143
5   12   5   12   0.6872396016
5   12   6   11   0.0352852701
6   7   1   7   -0.0100442029
6   7   1   8   -0.0000000169
6   7   1   9   0.0015884592
6   7   1   12   0.0331455220
6   7   2   7   -0.0002865305
6   7   2   8   -0.0000000498
6   7   2   9   0.0000024814
6   7   2   12   0.0000027400
6   7   3   7   0.0143192168
6   7   3   8   -0.0000002688
6   7   3   9   -0.0004498851
6   7   3   12   0.0332087793
6   7   4   10   0.0005254508
6   7   5   11   0.0005254508
6   7   6   7   1.0632210423
6   7   6   8   -0.0000000542
6   7   6   9   -0.0139822858
6   7   6   12   0.0004662472
6   8   1   7   -0.0000003037
6   8   1   8   -0.0006252651
6   8   1   9   -0.0000004015
6   8   1   12   0.0000027400
6   8   2   7   0.0000000036
6   8   2   8   0.0132485022
6   8   2   9   0.0000019160
6   8   2   12   0.0004162359
6   8   3   7   -0.0000002427
6   8   3   8   -0.0078563825
6   8   3   9   0.0000008437
6   8   3   12   0.0000285911
6   8   4   10   0.0000042627
6   8   4   11   -0.0000000000
6   8   5   10   0.0000000000
6   8   5   11   0.0000042627
6   8   6   7   -0.0000000542
6   8   6   8   0.1297478012
6   8   6   9   0.0000088024
6   8   6   12   -0.0001805897
6   9   1   7   0.0016318418
6   9   1   8   -0.0000002685
6   9   1   9   -0.0005238248
6   9   1   12   0.0332087793
6   9   2   7   0.0000026880
6   9   2   8   -0.0000025959
6   9   2   9   -0.0002538431
6   9   2   12   0.0000285911
6   9   3   7   -0.0004297291
6   9   3   8   -0.0000015590
6   9   3   9   0.0073451278
6   9   3   12   0.1451472422
6   9   4   10   0.0014914821
6   9   4   11   0.0000000000
6   9   5   10   -0.0000000000
6   9   5   11   0.0014914821
6   9   6   7   -0.0139822858
6   9   6   8   0.0000088024
6   9   6   9   0.7500173457
6   9   6   12   0.0062771137
6   10   1   10   -0.0003294434
6   10   2   10   -0.0002491830
6   10   3   10   0.0070233143
6   10   4   7   0.0005700225
6   10   4   8   0.0000000631
6   10   4   9   0.0016041950
6   10   4   12   0.0352852701
6   10   6   10   0.6872396016
6   11   1   11   -0.0003294434
6   11   2   11   -0.0002491830
6   11   3   11   0.0070233143
6   11   5   7   0.0005700225
6   11   5   8   0.0000000631
6   11   5   9   0.0016041950
6   11   5   12   0.0352852701
6   11   6   11   0.6872396016
6   12   1   7   0.0282107731
6   12   1   8   0.0000029025
6   12   1   9   0.0322536569
6   12   1   12   0.0004662472
6   12   2   7   0.0000029025
6   12   2   8   -0.0001442712
6   12   2   9   0.0000277292
6   12   2   12   -0.0001805897
6   12   3   7   0.0322536569
6   12   3   8   0.0000277292
6   12   3   9   0.1398403271
6   12   3   12   0.0062771137
6   12   4   10   0.0301492190
6   12   4   11   -0.0000000000
6   12   5   10   0.0000000000
6   12   5   11   0.0301492190
6   12   6   7   0.0004662472
6   12   6   8   -0.0001805897
6   12   6   9   0.0062771137
6   12   6   12   0.7115695750

End IJKL Block
Begin IJAB Block
1   7   1   4   0.0001950473
1   7   2   5   0.0000333424
1   7   3   6   0.0000333424
1   8   1   4   -0.0000000389
1   8   2   5   0.0000000395
1   8   3   6   0.0000000395
1   9   1   4   0.0001983221
1   9   2   5   0.0000337124
1   9   3   6   0.0000337124
1   10   1   5   0.0000011452
1   10   1   6   -0.0000002464
1   10   2   4   0.0000037177
1   10   3   4   -0.0000007998
1   11   1   5   0.0000002464
1   11   1   6   0.0000011452
1   11   2   4   0.0000007998
1   11   3   4   0.0000037177
1   12   1   4   -0.0000450312
1   12   2   5   0.0000011278
1   12   3   6   0.0000011278
2   7   1   4   -0.0000000389
2   7   2   5   0.0000000395
2   7   3   6   0.0000000395
2   8   1   4   0.0148687290
2   8   2   5   0.0025588801
2   8   3   6   0.0025588801
2   9   1   4   -0.0000061732
2   9   2   5   0.0000076774
2   9   3   6   0.0000076774
2   10   1   5   0.0000005080
2   10   1   6   -0.0000001093
2   10   2   4   0.0000229838
2   10   3   4   -0.0000049446
2   11   1   5   0.0000001093
2   11   1   6   0.0000005080
2   11   2   4   0.0000049446
2   11   3   4   0.0000229838
2   12   1   4   0.0007462008
2   12   2   5   -0.0005313081
2   12   3   6   -0.0005313081
3   7   1   4   0.0001983221
3   7   2   5   0.0000337124
3   7   3   6   0.0000337124
3   8   1   4   -0.0000061732
3   8   2   5   0.0000076774
3   8   3   6   0.0000076774
3   9   1   4   0.0012921180
3   9   2   5   0.0001520788
3   9   3   6   0.0001520788
3   10   1   5   0.0000559986
3   10   1   6   -0.0000120472
3   10   2   4   0.0000247437
3   10   3   4   -0.0000053232
3   11   1   5   0.0000120472
3   11   1   6   0.0000559986
3   11   2   4   0.0000053232
3   11   3   4   0.0000247437
3   12   1   4   -0.0006806979
3   12   2   5   -0.0000158749
3   12   3   6   -0.0000158749
4   7   1   5   0.0000037177
4   7   1   6   -0.0000007998
4   7   2   4   0.0000011452
4   7   3   4   -0.0000002464
4   8   1   5   0.0000229838
4   8   1   6   -0.0000049446
4   8   2   4   0.0000005080
4   8   3   4   -0.0000001093
4   9   1   5   0.0000247437
4   9   1   6   -0.0000053232
4   9   2   4   0.0000559986
4   9   3   4   -0.0000120472
4   10   1   4   0.0011709984
4   10   2   5   0.0004624253
4   10   2   6   -0.0000859985
4   10   3   5   -0.0000859985
4   10   3   6   0.0000811823
4   11   1   4   -0.0000000001
4   11   2   5   0.0000859985
4   11   2   6   0.0003250613
4   11   3   5   0.0000561818
4   11   3   6   -0.0000859985
4   12   1   5   -0.0005108417
4   12   1   6   0.0001098993
4   12   2   4   -0.0008704003
4   12   3   4   0.0001872526
5   7   1   5   0.0000007998
5   7   1   6   0.0000037177
5   7   2   4   0.0000002464
5   7   3   4   0.0000011452
5   8   1   5   0.0000049446
5   8   1   6   0.0000229838
5   8   2   4   0.0000001093
5   8   3   4   0.0000005080
5   9   1   5   0.0000053232
5   9   1   6   0.0000247437
5   9   2   4   0.0000120472
5   9   3   4   0.0000559986
5   10   1   4   0.0000000001
5   10   2   5   0.0000859985
5   10   2   6   0.0000561818
5   10   3   5   0.0003250613
5   10   3   6   -0.0000859985
5   11   1   4   0.0011709984
5   11   2   5   0.0000811823
5   11   2   6   0.0000859985
5   11   3   5   0.0000859985
5   11   3   6   0.0004624253
5   12   1   5   -0.0001098993
5   12   1   6   -0.0005108417
5   12   2   4   -0.0001872526
5   12   3   4   -0.0008704003
6   7   1   4   -0.0000450312
6   7   2   5   0.0000011278
6   7   3   6   0.0000011278
6   8   1   4   0.0007462008
6   8   2   5   -0.0005313081
6   8   3   6   -0.0005313081
6   9   1   4   -0.0006806979
6   9   2   5   -0.0000158749
6   9   3   6   -0.0000158749
6   10   1   5   -0.0008704003
6   10   1   6   0.0001872526
6   10   2   4   -0.0005108417
6   10   3   4   0.0001098993
6   11   1   5   -0.0001872526
6   11   1   6   -0.0008704003
6   11   2   4   -0.0001098993
6   11   3   4   -0.0005108417
6   12   1   4   0.0105221717
6   12   2   5   0.0001462513
6   12   3   6   0.0001462513

End IJAB Block
Begin ABCD Block
1   4   1   4   0.2328097753
1   4   2   5   0.0393517193
1   4   3   6   0.0393517193
1   5   1   5   0.1949296298
1   5   2   4   0.0393856719
1   6   1   6   0.1949296298
1   6   3   4   0.0393856719
2   4   1   5   0.0393856719
2   4   2   4   0.1949296298
2   5   1   4   0.0393517193
2   5   2   5   0.1877217101
2   5   3   6   0.0099913348
2   6   2   6   0.1677394334
2   6   3   5   0.0099909419
3   4   1   6   0.0393856719
3   4   3   4   0.1949296298
3   5   2   6   0.0099909419
3   5   3   5   0.1677394334
3   6   1   4   0.0393517193
3   6   2   5   0.0099913348
3   6   3   6   0.1877217101

End ABCD Block
Begin AIJB Block
1   7   1   4   0.0003583637
1   7   2   4   0.0000002959
1   7   3   4   0.0004320590
1   7   4   5   0.0000009007
1   7   4   6   -0.0000001938
1   7   5   5   0.0000001938
1   7   5   6   0.0000009007
1   7   6   4   -0.0000266061
1   8   1   4   0.0000002959
1   8   2   4   0.0113882855
1   8   3   4   -0.0000002397
1   8   4   5   0.0000192763
1   8   4   6   -0.0000041470
1   8   5   5   0.0000041470
1   8   5   6   0.0000192763
1   8   6   4   0.0003309389
1   9   1   4   0.0004320590
1   9   2   4   -0.0000002397
1   9   3   4   0.0019865353
1   9   4   5   0.0000004804
1   9   4   6   -0.0000001033
1   9   5   5   0.0000001033
1   9   5   6   0.0000004804
1   9   6   4   0.0005216547
1   10   1   5   -0.0000008790
1   10   1   6   0.0000001891
1   10   2   5   0.0000018091
1   10   2   6   -0.0000003892
1   10   3   5   -0.0000338556
1   10   3   6   0.0000072835
1   10   4   4   -0.0003995782
1   10   6   5   -0.0014748471
1   10   6   6   0.0003172895
1   11   1   5   -0.0000001891
1   11   1   6   -0.0000008790
1   11   2   5   0.0000003892
1   11   2   6   0.0000018091
1   11   3   5   -0.0000072835
1   11   3   6   -0.0000338556
1   11   5   4   -0.0003995782
1   11   6   5   -0.0003172895
1   11   6   6   -0.0014748471
1   12   1   4   -0.0000266061
1   12   2   4   0.0003309389
1   12   3   4   0.0005216547
1   12   4   5   -0.0000971129
1   12   4   6   0.0000208923
1   12   5   5   -0.0000208923
1   12   5   6   -0.0000971129
1   12   6   4   0.0096006877
2   7   1   5   0.0000348616
2   7   2   5   -0.0000001746
2   7   3   5   0.0000329390
2   7   4   4   -0.0000008790
2   7   5   4   -0.0000001891
2   7   6   5   0.0000026497
2   8   1   5   -0.0000001746
2   8   2   5   0.0023113637
2   8   3   5   0.0000036528
2   8   4   4   0.0000018091
2   8   5   4   0.0000003892
2   8   6   5   -0.0003819426
2   9   1   5   0.0000329390
2   9   2   5   0.0000036528
2   9   3   5   0.0001467277
2   9   4   4   -0.0000338556
2   9   5   4   -0.0000072835
2   9   6   5   0.0000073537
2   10   1   4   0.0000009007
2   10   2   4   0.0000192763
2   10   3   4   0.0000004804
2   10   4   5   0.0004748795
2   10   4   6   -0.0000964548
2   10   5   5   0.0000964548
2   10   5   6   0.0000209468
2   10   6   4   -0.0000971129
2   11   1   4   0.0000001938
2   11   2   4   0.0000041470
2   11   3   4   0.0000001033
2   11   4   5   0.0000964548
2   11   4   6   0.0004066503
2   11   5   5   0.0000472825
2   11   5   6   0.0000964548
2   11   6   4   -0.0000208923
2   12   1   5   0.0000026497
2   12   2   5   -0.0003819426
2   12   3   5   0.0000073537
2   12   4   4   -0.0014748471
2   12   5   4   -0.0003172895
2   12   6   5   0.0009762205
3   7   1   6   0.0000348616
3   7   2   6   -0.0000001746
3   7   3   6   0.0000329390
3   7   4   4   0.0000001891
3   7   5   4   -0.0000008790
3   7   6   6   0.0000026497
3   8   1   6   -0.0000001746
3   8   2   6   0.0023113637
3   8   3   6   0.0000036528
3   8   4   4   -0.0000003892
3   8   5   4   0.0000018091
3   8   6   6   -0.0003819426
3   9   1   6   0.0000329390
3   9   2   6   0.0000036528
3   9   3   6   0.0001467277
3   9   4   4   0.0000072835
3   9   5   4   -0.0000338556
3   9   6   6   0.0000073537
3   10   1   4   -0.0000001938
3   10   2   4   -0.0000041470
3   10   3   4   -0.0000001033
3   10   4   5   -0.0000964548
3   10   4   6   0.0000472825
3   10   5   5   0.0004066503
3   10   5   6   -0.0000964548
3   10   6   4   0.0000208923
3   11   1   4   0.0000009007
3   11   2   4   0.0000192763
3   11   3   4   0.0000004804
3   11   4   5   0.0000209468
3   11   4   6   -0.0000964548
3   11   5   5   0.0000964548
3   11   5   6   0.0004748795
3   11   6   4   -0.0000971129
3   12   1   6   0.0000026497
3   12   2   6   -0.0003819426
3   12   3   6   0.0000073537
3   12   4   4   0.0003172895
3   12   5   4   -0.0014748471
3   12   6   6   0.0009762205

1   7   7   1   -0.1146871441
1   7   8   1   -0.0000000317
1   7   9   1   0.0004350567
1   7   10   2   -0.0001166336
1   7   10   3   0.0000250918
1   7   11   2   -0.0000250918
1   7   11   3   -0.0001166336
1   7   12   1   0.0004687106
1   8   7   1   -0.0000000317
1   8   8   1   -0.3016560069
1   8   9   1   0.0000062255
1   8   10   2   -0.0000136496
1   8   10   3   0.0000029365
1   8   11   2   -0.0000029365
1   8   11   3   -0.0000136496
1   8   12   1   -0.0006620588
1   9   7   1   0.0004350567
1   9   8   1   0.0000062255
1   9   9   1   -0.1060625027
1   9   10   2   -0.0013583894
1   9   10   3   0.0002922356
1   9   11   2   -0.0002922356
1   9   11   3   -0.0013583894
1   9   12   1   0.0047799499
1   10   7   2   -0.0001194688
1   10   7   3   0.0000257018
1   10   8   2   -0.0000113220
1   10   8   3   0.0000024357
1   10   9   2   -0.0013501539
1   10   9   3   0.0002904638
1   10   10   1   -0.1039376798
1   10   12   2   0.0003830468
1   10   12   3   -0.0000824063
1   11   7   2   -0.0000257018
1   11   7   3   -0.0001194688
1   11   8   2   -0.0000024357
1   11   8   3   -0.0000113220
1   11   9   2   -0.0002904638
1   11   9   3   -0.0013501539
1   11   11   1   -0.1039376798
1   11   12   2   0.0000824063
1   11   12   3   0.0003830468
1   12   7   1   0.0004687106
1   12   8   1   -0.0006620588
1   12   9   1   0.0047799499
1   12   10   2   0.0004440999
1   12   10   3   -0.0000955409
1   12   11   2   0.0000955409
1   12   11   3   0.0004440999
1   12   12   1   -0.1035006064
2   7   7   2   -0.0995720802
2   7   8   2   0.0000000107
2   7   9   2   0.0000123378
2   7   10   1   -0.0001194688
2   7   11   1   -0.0000257018
2   7   12   2   0.0004290170
2   8   7   2   0.0000000107
2   8   8   2   -0.2429035757
2   8   9   2   0.0000007894
2   8   10   1   -0.0000113220
2   8   11   1   -0.0000024357
2   8   12   2   -0.0001811957
2   9   7   2   0.0000123378
2   9   8   2   0.0000007894
2   9   9   2   -0.0993745458
2   9   10   1   -0.0013501539
2   9   11   1   -0.0002904638
2   9   12   2   0.0053287681
2   10   7   1   -0.0001166336
2   10   8   1   -0.0000136496
2   10   9   1   -0.0013583894
2   10   10   2   -0.0993072819
2   10   10   3   0.0000534940
2   10   11   2   -0.0000534940
2   10   11   3   -0.0001209902
2   10   12   1   0.0004440999
2   11   7   1   -0.0000250918
2   11   8   1   -0.0000029365
2   11   9   1   -0.0002922356
2   11   10   2   -0.0000534940
2   11   10   3   -0.0001161557
2   11   11   2   -0.0990701359
2   11   11   3   -0.0000534940
2   11   12   1   0.0000955409
2   12   7   2   0.0004290170
2   12   8   2   -0.0001811957
2   12   9   2   0.0053287681
2   12   10   1   0.0003830468
2   12   11   1   0.0000824063
2   12   12   2   -0.1071239728
3   7   7   3   -0.0995720802
3   7   8   3   0.0000000107
3   7   9   3   0.0000123378
3   7   10   1   0.0000257018
3   7   11   1   -0.0001194688
3   7   12   3   0.0004290170
3   8   7   3   0.0000000107
3   8   8   3   -0.2429035757
3   8   9   3   0.0000007894
3   8   10   1   0.0000024357
3   8   11   1   -0.0000113220
3   8   12   3   -0.0001811957
3   9   7   3   0.0000123378
3   9   8   3   0.0000007894
3   9   9   3   -0.0993745458
3   9   10   1   0.0002904638
3   9   11   1   -0.0013501539
3   9   12   3   0.0053287681
3   10   7   1   0.0000250918
3   10   8   1   0.0000029365
3   10   9   1   0.0002922356
3   10   10   2   0.0000534940
3   10   10   3   -0.0990701359
3   10   11   2   -0.0001161557
3   10   11   3   0.0000534940
3   10   12   1   -0.0000955409
3   11   7   1   -0.0001166336
3   11   8   1   -0.0000136496
3   11   9   1   -0.0013583894
3   11   10   2   -0.0001209902
3   11   10   3   0.0000534940
3   11   11   2   -0.0000534940
3   11   11   3   -0.0993072819
3   11   12   1   0.0004440999
3   12   7   3   0.0004290170
3   12   8   3   -0.0001811957
3   12   9   3   0.0053287681
3   12   10   1   -0.0000824063
3   12   11   1   0.0003830468
3   12   12   3   -0.1071239728

End AIJB Block
Begin IJKA Block
1   7   1   4   0.0012308661
1   7   2   4   -0.0000006451
1   7   3   4   -0.0002229728
1   7   4   5   -0.0010375389
1   7   4   6   0.0002232097
1   7   5   5   -0.0002232097
1   7   5   6   -0.0010375389
1   7   6   4   0.0025264997
1   8   1   4   -0.0004441493
1   8   2   4   -0.0000001651
1   8   3   4   0.0000035726
1   8   4   5   0.0000065372
1   8   4   6   -0.0000014064
1   8   5   5   0.0000014064
1   8   5   6   0.0000065372
1   8   6   4   0.0000040928
1   9   1   4   -0.0021234848
1   9   2   4   -0.0000005529
1   9   3   4   0.0000030180
1   9   4   5   -0.0009992187
1   9   4   6   0.0002149658
1   9   5   5   -0.0002149658
1   9   5   6   -0.0009992187
1   9   6   4   0.0022373852
1   10   1   5   -0.0157616817
1   10   1   6   0.0033908713
1   10   2   5   0.0000000452
1   10   2   6   -0.0000000097
1   10   3   5   -0.0001727757
1   10   3   6   0.0000371699
1   10   4   4   -0.0000635791
1   10   6   5   -0.0000374488
1   10   6   6   0.0000080565
1   11   1   5   -0.0033908713
1   11   1   6   -0.0157616817
1   11   2   5   0.0000000097
1   11   2   6   0.0000000452
1   11   3   5   -0.0000371699
1   11   3   6   -0.0001727757
1   11   5   4   -0.0000635791
1   11   6   5   -0.0000080565
1   11   6   6   -0.0000374488
1   12   1   4   -0.0467452264
1   12   2   4   -0.0000005538
1   12   3   4   0.0044915744
1   12   4   5   -0.0000829309
1   12   4   6   0.0000178412
1   12   5   5   -0.0000178412
1   12   5   6   -0.0000829309
1   12   6   4   0.0001747932
2   7   1   4   0.0000037439
2   7   2   4   -0.0000270468
2   7   3   4   0.0000036200
2   7   4   5   -0.0000000430
2   7   4   6   0.0000000093
2   7   5   5   -0.0000000093
2   7   5   6   -0.0000000430
2   7   6   4   -0.0000000939
2   8   1   4   -0.0000002861
2   8   2   4   -0.1109022579
2   8   3   4   0.0000035680
2   8   4   5   0.0000126085
2   8   4   6   -0.0000027125
2   8   5   5   0.0000027125
2   8   5   6   0.0000126085
2   8   6   4   -0.0010885408
2   9   1   4   0.0000038112
2   9   2   4   0.0000525751
2   9   3   4   0.0000152221
2   9   4   5   -0.0000002997
2   9   4   6   0.0000000645
2   9   5   5   -0.0000000645
2   9   5   6   -0.0000002997
2   9   6   4   -0.0000062109
2   10   1   5   -0.0000000197
2   10   1   6   0.0000000042
2   10   2   5   0.0004611876
2   10   2   6   -0.0000992171
2   10   3   5   -0.0000001711
2   10   3   6   0.0000000368
2   10   4   4   0.0000060859
2   10   6   5   -0.0000022387
2   10   6   6   0.0000004816
2   11   1   5   -0.0000000042
2   11   1   6   -0.0000000197
2   11   2   5   0.0000992171
2   11   2   6   0.0004611876
2   11   3   5   -0.0000000368
2   11   3   6   -0.0000001711
2   11   5   4   0.0000060859
2   11   6   5   -0.0000004816
2   11   6   6   -0.0000022387
2   12   1   4   0.0000000657
2   12   2   4   -0.0109564166
2   12   3   4   -0.0000026218
2   12   4   5   -0.0000141358
2   12   4   6   0.0000030411
2   12   5   5   -0.0000030411
2   12   5   6   -0.0000141358
2   12   6   4   0.0001604204
3   7   1   4   -0.0002674552
3   7   2   4   -0.0000005267
3   7   3   4   -0.0000333647
3   7   4   5   -0.0011231685
3   7   4   6   0.0002416316
3   7   5   5   -0.0002416316
3   7   5   6   -0.0011231685
3   7   6   4   0.0030096665
3   8   1   4   0.0000037964
3   8   2   4   0.0000068544
3   8   3   4   -0.0004186498
3   8   4   5   0.0000716492
3   8   4   6   -0.0000154142
3   8   5   5   0.0000154142
3   8   5   6   0.0000716492
3   8   6   4   0.0000480165
3   9   1   4   -0.0000572448
3   9   2   4   0.0000054242
3   9   3   4   -0.0017837051
3   9   4   5   -0.0043975859
3   9   4   6   0.0009460696
3   9   5   5   -0.0009460696
3   9   5   6   -0.0043975859
3   9   6   4   0.0126783656
3   10   1   5   -0.0003433358
3   10   1   6   0.0000738631
3   10   2   5   0.0000005470
3   10   2   6   -0.0000001177
3   10   3   5   -0.0135071877
3   10   3   6   0.0029058533
3   10   4   4   -0.0002606308
3   10   6   5   -0.0003473106
3   10   6   6   0.0000747183
3   11   1   5   -0.0000738631
3   11   1   6   -0.0003433358
3   11   2   5   0.0000001177
3   11   2   6   0.0000005470
3   11   3   5   -0.0029058533
3   11   3   6   -0.0135071877
3   11   5   4   -0.0002606308
3   11   6   5   -0.0000747183
3   11   6   6   -0.0003473106
3   12   1   4   0.0060159616
3   12   2   4   -0.0000101616
3   12   3   4   -0.0016709137
3   12   4   5   -0.0006126455
3   12   4   6   0.0001318008
3   12   5   5   -0.0001318008
3   12   5   6   -0.0006126455
3   12   6   4   -0.0005887441
4   7   1   5   -0.0012647747
4   7   1   6   0.0002720958
4   7   2   5   -0.0000000094
4   7   2   6   0.0000000020
4   7   3   5   -0.0011732652
4   7   3   6   0.0002524091
4   7   4   4   0.0000340633
4   7   6   5   -0.0000087472
4   7   6   6   0.0000018818
4   8   1   5   0.0000058214
4   8   1   6   -0.0000012524
4   8   2   5   0.0000025788
4   8   2   6   -0.0000005548
4   8   3   5   0.0000684049
4   8   3   6   -0.0000147162
4   8   4   4   -0.0004199879
4   8   6   5   -0.0000234542
4   8   6   6   0.0000050458
4   9   1   5   -0.0010717570
4   9   1   6   0.0002305712
4   9   2   5   -0.0000000528
4   9   2   6   0.0000000114
4   9   3   5   -0.0043455794
4   9   3   6   0.0009348812
4   9   4   4   -0.0011696349
4   9   6   5   -0.0000538586
4   9   6   6   0.0000115868
4   10   1   4   -0.0000220826
4   10   2   4   0.0000140718
4   10   3   4   -0.0002752010
4   10   4   5   -0.0147467756
4   10   4   6   0.0031725306
4   10   5   5   -0.0002922744
4   10   5   6   -0.0013585699
4   10   6   4   0.0073934174
4   11   2   4   -0.0000000000
4   11   3   4   -0.0000000000
4   11   4   5   -0.0025871541
4   11   4   6   -0.0120257882
4   11   5   5   -0.0013624175
4   11   5   6   0.0002931021
4   11   6   4   0.0000000000
4   12   1   5   -0.0000785565
4   12   1   6   0.0000169002
4   12   2   5   -0.0000138031
4   12   2   6   0.0000029695
4   12   3   5   -0.0004669957
4   12   3   6   0.0001004666
4   12   4   4   -0.0030332996
4   12   5   4   0.0000000000
4   12   6   5   -0.0015770091
4   12   6   6   0.0003392680
5   7   1   5   -0.0002720958
5   7   1   6   -0.0012647747
5   7   2   5   -0.0000000020
5   7   2   6   -0.0000000094
5   7   3   5   -0.0002524091
5   7   3   6   -0.0011732652
5   7   5   4   0.0000340633
5   7   6   5   -0.0000018818
5   7   6   6   -0.0000087472
5   8   1   5   0.0000012524
5   8   1   6   0.0000058214
5   8   2   5   0.0000005548
5   8   2   6   0.0000025788
5   8   3   5   0.0000147162
5   8   3   6   0.0000684049
5   8   5   4   -0.0004199879
5   8   6   5   -0.0000050458
5   8   6   6   -0.0000234542
5   9   1   5   -0.0002305712
5   9   1   6   -0.0010717570
5   9   2   5   -0.0000000114
5   9   2   6   -0.0000000528
5   9   3   5   -0.0009348812
5   9   3   6   -0.0043455794
5   9   5   4   -0.0011696349
5   9   6   5   -0.0000115868
5   9   6   6   -0.0000538586
5   10   2   4   0.0000000000
5   10   3   4   0.0000000000
5   10   4   5   -0.0002931021
5   10   4   6   -0.0013624175
5   10   5   5   -0.0120257882
5   10   5   6   0.0025871541
5   10   6   4   -0.0000000000
5   11   1   4   -0.0000220826
5   11   2   4   0.0000140718
5   11   3   4   -0.0002752010
5   11   4   5   -0.0013585699
5   11   4   6   0.0002922744
5   11   5   5   -0.0031725306
5   11   5   6   -0.0147467756
5   11   6   4   0.0073934174
5   12   1   5   -0.0000169002
5   12   1   6   -0.0000785565
5   12   2   5   -0.0000029695
5   12   2   6   -0.0000138031
5   12   3   5   -0.0001004666
5   12   3   6   -0.0004669957
5   12   4   4   -0.0000000000
5   12   5   4   -0.0030332996
5   12   6   5   -0.0003392680
5   12   6   6   -0.0015770091
6   7   1   4   0.0044610362
6   7   2   4   -0.0000005291
6   7   3   4   0.0036635629
6   7   4   5   -0.0000143229
6   7   4   6   0.0000030813
6   7   5   5   -0.0000030813
6   7   5   6   -0.0000143229
6   7   6   4   0.0000493132
6   8   1   4   0.0000035341
6   8   2   4   -0.0016289657
6   8   3   4   0.0000442292
6   8   4   5   -0.0000368940
6   8   4   6   0.0000079372
6   8   5   5   -0.0000079372
6   8   5   6   -0.0000368940
6   8   6   4   -0.0005257672
6   9   1   4   0.0033366940
6   9   2   4   -0.0000089653
6   9   3   4   0.0124076758
6   9   4   5   -0.0000897144
6   9   4   6   0.0000193006
6   9   5   5   -0.0000193006
6   9   5   6   -0.0000897144
6   9   6   4   -0.0014381442
6   10   1   5   -0.0000406356
6   10   1   6   0.0000087421
6   10   2   5   -0.0000058527
6   10   2   6   0.0000012591
6   10   3   5   -0.0002245833
6   10   3   6   0.0000483155
6   10   4   4   0.0059322504
6   10   5   4   -0.0000000000
6   10   6   5   -0.0119888392
6   10   6   6   0.0025792052
6   11   1   5   -0.0000087421
6   11   1   6   -0.0000406356
6   11   2   5   -0.0000012591
6   11   2   6   -0.0000058527
6   11   3   5   -0.0000483155
6   11   3   6   -0.0002245833
6   11   4   4   0.0000000000
6   11   5   4   0.0059322504
6   11   6   5   -0.0025792052
6   11   6   6   -0.0119888392
6   12   1   4   0.0003003823
6   12   2   4   0.0003028768
6   12   3   4   -0.0018932870
6   12   4   5   -0.0014022653
6   12   4   6   0.0003016747
6   12   5   5   -0.0003016747
6   12   5   6   -0.0014022653
6   12   6   4   0.0321572420

End IJKA Block
Begin IABC Block
1   4   1   4   -0.0000200984
1   4   2   5   -0.0000033516
1   4   3   6   -0.0000033516
1   5   1   5   -0.0000190002
1   5   2   4   -0.0000033915
1   6   1   6   -0.0000190002
1   6   3   4   -0.0000033915
2   4   1   4   -0.0011968584
2   4   2   5   0.0037793305
2   4   3   6   0.0037793305
2   5   1   5   -0.0004505591
2   5   2   4   0.0038038254
2   6   1   6   -0.0004505591
2   6   3   4   0.0038038254
3   4   1   4   0.0000363944
3   4   2   5   0.0000359203
3   4   3   6   0.0000359203
3   5   1   5   0.0000283802
3   5   2   4   0.0000383120
3   6   1   6   0.0000283802
3   6   3   4   0.0000383120
4   4   1   5   0.0002375258
4   4   1   6   -0.0000510998
4   4   2   4   0.0001924989
4   4   3   4   -0.0000414130
4   5   1   4   0.0002184714
4   5   2   5   0.0007050695
4   5   2   6   -0.0000292716
4   5   3   5   -0.0000933684
4   5   3   6   0.0001350062
4   6   1   4   -0.0000470006
4   6   2   5   -0.0000290444
4   6   2   6   0.0004340012
4   6   3   5   0.0001360621
4   6   3   6   -0.0001516843
5   4   1   5   0.0000510998
5   4   1   6   0.0002375258
5   4   2   4   0.0000414130
5   4   3   4   0.0001924989
5   5   1   4   0.0000470006
5   5   2   5   0.0001516843
5   5   2   6   0.0001360621
5   5   3   5   0.0004340012
5   5   3   6   0.0000290444
5   6   1   4   0.0002184714
5   6   2   5   0.0001350062
5   6   2   6   0.0000933684
5   6   3   5   0.0000292716
5   6   3   6   0.0007050695
6   4   1   4   -0.0024549134
6   4   2   5   -0.0026029277
6   4   3   6   -0.0026029277
6   5   1   5   -0.0038361780
6   5   2   4   -0.0027550483
6   6   1   6   -0.0038361780
6   6   3   4   -0.0027550483

End IABC Block
