Begin IJ Block
1   1   -40.8681492058
1   2   0.0000300038
1   3   0.7524898088
1   6   0.0174613296
2   2   -5.7971054134
2   3   0.0002398722
2   6   -0.0112958865
3   3   -9.2670002043
3   6   -0.0414625968
4   4   -8.1505009642
4   5   0.0000000000
5   5   -8.1505009642
6   6   -7.9158294327

End IJ Block
Begin IA Block
1   1   -0.0048979862
2   1   0.1066120033
3   1   0.0355990295
4   2   0.2884949283
4   3   -0.0374970923
5   2   0.0374970923
5   3   0.2884949283
6   1   -0.3998615627

End IA Block
Begin AB Block
1   1   -1.7799888062
2   2   -1.6023716889
3   3   -1.6023716889

End AB Block
Begin IJKL Block
1   7   1   7   5.3561497713
1   7   1   8   -0.0000149826
1   7   1   9   -0.5335781477
1   7   1   12   -0.0120087677
1   7   2   7   -0.0000149826
1   7   2   8   0.0000000004
1   7   2   9   0.0000019025
1   7   2   12   -0.0000027032
1   7   3   7   -0.5335781477
1   7   3   8   0.0000019025
1   7   3   9   0.0861385903
1   7   3   12   0.0019460234
1   7   4   10   0.0361585446
1   7   5   11   0.0361585446
1   7   6   7   -0.0120087677
1   7   6   8   -0.0000027032
1   7   6   9   0.0019460234
1   7   6   12   0.0338077408
1   8   1   7   -0.0000149826
1   8   1   8   0.1503515898
1   8   1   9   0.0000629127
1   8   1   12   -0.0003471467
1   8   2   7   0.0000000004
1   8   2   8   -0.0000006389
1   8   2   9   0.0000000012
1   8   2   12   -0.0000000458
1   8   3   7   0.0000019025
1   8   3   8   0.0000013757
1   8   3   9   -0.0000004408
1   8   3   12   0.0000011279
1   8   4   10   0.0000020237
1   8   5   11   0.0000020237
1   8   6   7   -0.0000027032
1   8   6   8   -0.0011451972
1   8   6   9   -0.0000043792
1   8   6   12   0.0000055434
1   9   1   7   -0.5335781477
1   9   1   8   0.0000629127
1   9   1   9   1.2646236651
1   9   1   12   0.0164441671
1   9   2   7   0.0000019025
1   9   2   8   0.0000000012
1   9   2   9   -0.0000006460
1   9   2   12   -0.0000034514
1   9   3   7   0.0861385903
1   9   3   8   -0.0000004408
1   9   3   9   -0.0232197837
1   9   3   12   -0.0005669986
1   9   4   10   0.0374565000
1   9   5   11   0.0374565000
1   9   6   7   0.0019460234
1   9   6   8   -0.0000043792
1   9   6   9   -0.0006512084
1   9   6   12   0.0352484652
1   10   1   10   1.1691658985
1   10   2   10   -0.0000006864
1   10   3   10   -0.0145692529
1   10   4   7   0.0361585446
1   10   4   8   0.0000020237
1   10   4   9   0.0374565000
1   10   4   12   0.0006507162
1   10   6   10   -0.0004324984
1   11   1   11   1.1691658985
1   11   2   11   -0.0000006864
1   11   3   11   -0.0145692529
1   11   5   7   0.0361585446
1   11   5   8   0.0000020237
1   11   5   9   0.0374565000
1   11   5   12   0.0006507162
1   11   6   11   -0.0004324984
1   12   1   7   -0.0120087677
1   12   1   8   -0.0003471467
1   12   1   9   0.0164441671
1   12   1   12   1.1208153067
1   12   2   7   -0.0000027032
1   12   2   8   -0.0000000458
1   12   2   9   -0.0000034514
1   12   2   12   -0.0000005973
1   12   3   7   0.0019460234
1   12   3   8   0.0000011279
1   12   3   9   -0.0005669986
1   12   3   12   -0.0136280754
1   12   4   10   0.0006507162
1   12   5   11   0.0006507162
1   12   6   7   0.0338077408
1   12   6   8   0.0000055434
1   12   6   9   0.0352484652
1   12   6   12   0.0006046307
2   7   1   7   -0.0000149826
2   7   1   8   0.0000000004
2   7   1   9   0.0000019025
2   7   1   12   -0.0000027032
2   7   2   7   0.1503515898
2   7   2   8   -0.0000006389
2   7   2   9   0.0000013757
2   7   2   12   -0.0011451972
2   7   3   7   0.0000629127
2   7   3   8   0.0000000012
2   7   3   9   -0.0000004408
2   7   3   12   -0.0000043792
2   7   4   10   0.0000020237
2   7   5   11   0.0000020237
2   7   6   7   -0.0003471467
2   7   6   8   -0.0000000458
2   7   6   9   0.0000011279
2   7   6   12   0.0000055434
2   8   1   7   0.0000000004
2   8   1   8   -0.0000006389
2   8   1   9   0.0000000012
2   8   1   12   -0.0000000458
2   8   2   7   -0.0000006389
2   8   2   8   1.6515571583
2   8   2   9   -0.0006044565
2   8   2   12   0.0141257466
2   8   3   7   0.0000000012
2   8   3   8   -0.0006044565
2   8   3   9   0.0000003220
2   8   3   12   -0.0000077681
2   8   4   10   0.0000005602
2   8   5   11   0.0000005602
2   8   6   7   -0.0000000458
2   8   6   8   0.0141257466
2   8   6   9   -0.0000077681
2   8   6   12   0.0002036771
2   9   1   7   0.0000019025
2   9   1   8   0.0000000012
2   9   1   9   -0.0000006460
2   9   1   12   -0.0000034514
2   9   2   7   0.0000013757
2   9   2   8   -0.0006044565
2   9   2   9   0.1505491637
2   9   2   12   -0.0142262731
2   9   3   7   -0.0000004408
2   9   3   8   0.0000003220
2   9   3   9   0.0000482875
2   9   3   12   -0.0000201703
2   9   4   10   0.0000127220
2   9   5   11   0.0000127220
2   9   6   7   0.0000011279
2   9   6   8   -0.0000077681
2   9   6   9   -0.0003153008
2   9   6   12   0.0000546470
2   10   1   10   -0.0000006864
2   10   2   10   0.1495338807
2   10   3   10   0.0000451745
2   10   4   7   0.0000020237
2   10   4   8   0.0000005602
2   10   4   9   0.0000127220
2   10   4   12   -0.0000069098
2   10   6   10   -0.0003012278
2   11   1   11   -0.0000006864
2   11   2   11   0.1495338807
2   11   3   11   0.0000451745
2   11   5   7   0.0000020237
2   11   5   8   0.0000005602
2   11   5   9   0.0000127220
2   11   5   12   -0.0000069098
2   11   6   11   -0.0003012278
2   12   1   7   -0.0000027032
2   12   1   8   -0.0000000458
2   12   1   9   -0.0000034514
2   12   1   12   -0.0000005973
2   12   2   7   -0.0011451972
2   12   2   8   0.0141257466
2   12   2   9   -0.0142262731
2   12   2   12   0.1588911040
2   12   3   7   -0.0000043792
2   12   3   8   -0.0000077681
2   12   3   9   -0.0000201703
2   12   3   12   0.0000458834
2   12   4   10   -0.0000069098
2   12   5   11   -0.0000069098
2   12   6   7   0.0000055434
2   12   6   8   0.0002036771
2   12   6   9   0.0000546470
2   12   6   12   -0.0003367472
3   7   1   7   -0.5335781477
3   7   1   8   0.0000019025
3   7   1   9   0.0861385903
3   7   1   12   0.0019460234
3   7   2   7   0.0000629127
3   7   2   8   0.0000000012
3   7   2   9   -0.0000004408
3   7   2   12   -0.0000043792
3   7   3   7   1.2646236651
3   7   3   8   -0.0000006460
3   7   3   9   -0.0232197837
3   7   3   12   -0.0006512084
3   7   4   10   0.0374565000
3   7   5   11   0.0374565000
3   7   6   7   0.0164441671
3   7   6   8   -0.0000034514
3   7   6   9   -0.0005669986
3   7   6   12   0.0352484652
3   8   1   7   0.0000019025
3   8   1   8   0.0000013757
3   8   1   9   -0.0000004408
3   8   1   12   0.0000011279
3   8   2   7   0.0000000012
3   8   2   8   -0.0006044565
3   8   2   9   0.0000003220
3   8   2   12   -0.0000077681
3   8   3   7   -0.0000006460
3   8   3   8   0.1505491637
3   8   3   9   0.0000482875
3   8   3   12   -0.0003153008
3   8   4   10   0.0000127220
3   8   5   11   0.0000127220
3   8   6   7   -0.0000034514
3   8   6   8   -0.0142262731
3   8   6   9   -0.0000201703
3   8   6   12   0.0000546470
3   9   1   7   0.0861385903
3   9   1   8   -0.0000004408
3   9   1   9   -0.0232197837
3   9   1   12   -0.0005669986
3   9   2   7   -0.0000004408
3   9   2   8   0.0000003220
3   9   2   9   0.0000482875
3   9   2   12   -0.0000201703
3   9   3   7   -0.0232197837
3   9   3   8   0.0000482875
3   9   3   9   0.8836212819
3   9   3   12   0.0074076983
3   9   4   10   0.1656687606
3   9   5   11   0.1656687606
3   9   6   7   -0.0005669986
3   9   6   8   -0.0000201703
3   9   6   9   0.0074076983
3   9   6   12   0.1584816904
3   10   1   10   -0.0145692529
3   10   2   10   0.0000451745
3   10   3   10   0.8291467340
3   10   4   7   0.0374565000
3   10   4   8   0.0000127220
3   10   4   9   0.1656687606
3   10   4   12   0.0016140778
3   10   6   10   0.0068425735
3   11   1   11   -0.0145692529
3   11   2   11   0.0000451745
3   11   3   11   0.8291467340
3   11   5   7   0.0374565000
3   11   5   8   0.0000127220
3   11   5   9   0.1656687606
3   11   5   12   0.0016140778
3   11   6   11   0.0068425735
3   12   1   7   0.0019460234
3   12   1   8   0.0000011279
3   12   1   9   -0.0005669986
3   12   1   12   -0.0136280754
3   12   2   7   -0.0000043792
3   12   2   8   -0.0000077681
3   12   2   9   -0.0000201703
3   12   2   12   0.0000458834
3   12   3   7   -0.0006512084
3   12   3   8   -0.0003153008
3   12   3   9   0.0074076983
3   12   3   12   0.8017084771
3   12   4   10   0.0016140778
3   12   5   11   0.0016140778
3   12   6   7   0.0352484652
3   12   6   8   0.0000546470
3   12   6   9   0.1584816904
3   12   6   12   0.0074152275
4   7   1   10   0.0361585446
4   7   2   10   0.0000020237
4   7   3   10   0.0374565000
4   7   4   7   1.1691658985
4   7   4   8   -0.0000006864
4   7   4   9   -0.0145692529
4   7   4   12   -0.0004324984
4   7   6   10   0.0006507162
4   8   1   10   0.0000020237
4   8   2   10   0.0000005602
4   8   3   10   0.0000127220
4   8   4   7   -0.0000006864
4   8   4   8   0.1495338807
4   8   4   9   0.0000451745
4   8   4   12   -0.0003012278
4   8   6   10   -0.0000069098
4   9   1   10   0.0374565000
4   9   2   10   0.0000127220
4   9   3   10   0.1656687606
4   9   4   7   -0.0145692529
4   9   4   8   0.0000451745
4   9   4   9   0.8291467340
4   9   4   12   0.0068425735
4   9   6   10   0.0016140778
4   10   1   7   0.0361585446
4   10   1   8   0.0000020237
4   10   1   9   0.0374565000
4   10   1   12   0.0006507162
4   10   2   7   0.0000020237
4   10   2   8   0.0000005602
4   10   2   9   0.0000127220
4   10   2   12   -0.0000069098
4   10   3   7   0.0374565000
4   10   3   8   0.0000127220
4   10   3   9   0.1656687606
4   10   3   12   0.0016140778
4   10   4   10   0.8382158098
4   10   4   11   -0.0000000000
4   10   5   10   -0.0000000000
4   10   5   11   0.0407095134
4   10   6   7   0.0006507162
4   10   6   8   -0.0000069098
4   10   6   9   0.0016140778
4   10   6   12   0.0390501697
4   11   4   10   -0.0000000000
4   11   4   11   0.7567967831
4   11   5   10   0.0407095134
4   11   5   11   -0.0000000000
4   12   1   10   0.0006507162
4   12   2   10   -0.0000069098
4   12   3   10   0.0016140778
4   12   4   7   -0.0004324984
4   12   4   8   -0.0003012278
4   12   4   9   0.0068425735
4   12   4   12   0.7327312467
4   12   5   12   -0.0000000000
4   12   6   10   0.0390501697
5   7   1   11   0.0361585446
5   7   2   11   0.0000020237
5   7   3   11   0.0374565000
5   7   5   7   1.1691658985
5   7   5   8   -0.0000006864
5   7   5   9   -0.0145692529
5   7   5   12   -0.0004324984
5   7   6   11   0.0006507162
5   8   1   11   0.0000020237
5   8   2   11   0.0000005602
5   8   3   11   0.0000127220
5   8   5   7   -0.0000006864
5   8   5   8   0.1495338807
5   8   5   9   0.0000451745
5   8   5   12   -0.0003012278
5   8   6   11   -0.0000069098
5   9   1   11   0.0374565000
5   9   2   11   0.0000127220
5   9   3   11   0.1656687606
5   9   5   7   -0.0145692529
5   9   5   8   0.0000451745
5   9   5   9   0.8291467340
5   9   5   12   0.0068425735
5   9   6   11   0.0016140778
5   10   4   10   -0.0000000000
5   10   4   11   0.0407095134
5   10   5   10   0.7567967831
5   10   5   11   -0.0000000000
5   11   1   7   0.0361585446
5   11   1   8   0.0000020237
5   11   1   9   0.0374565000
5   11   1   12   0.0006507162
5   11   2   7   0.0000020237
5   11   2   8   0.0000005602
5   11   2   9   0.0000127220
5   11   2   12   -0.0000069098
5   11   3   7   0.0374565000
5   11   3   8   0.0000127220
5   11   3   9   0.1656687606
5   11   3   12   0.0016140778
5   11   4   10   0.0407095134
5   11   4   11   -0.0000000000
5   11   5   10   -0.0000000000
5   11   5   11   0.8382158098
5   11   6   7   0.0006507162
5   11   6   8   -0.0000069098
5   11   6   9   0.0016140778
5   11   6   12   0.0390501697
5   12   1   11   0.0006507162
5   12   2   11   -0.0000069098
5   12   3   11   0.0016140778
5   12   4   12   -0.0000000000
5   12   5   7   -0.0004324984
5   12   5   8   -0.0003012278
5   12   5   9   0.0068425735
5   12   5   12   0.7327312467
5   12   6   11   0.0390501697
6   7   1   7   -0.0120087677
6   7   1   8   -0.0000027032
6   7   1   9   0.0019460234
6   7   1   12   0.0338077408
6   7   2   7   -0.0003471467
6   7   2   8   -0.0000000458
6   7   2   9   0.0000011279
6   7   2   12   0.0000055434
6   7   3   7   0.0164441671
6   7   3   8   -0.0000034514
6   7   3   9   -0.0005669986
6   7   3   12   0.0352484652
6   7   4   10   0.0006507162
6   7   5   11   0.0006507162
6   7   6   7   1.1208153067
6   7   6   8   -0.0000005973
6   7   6   9   -0.0136280754
6   7   6   12   0.0006046307
6   8   1   7   -0.0000027032
6   8   1   8   -0.0011451972
6   8   1   9   -0.0000043792
6   8   1   12   0.0000055434
6   8   2   7   -0.0000000458
6   8   2   8   0.0141257466
6   8   2   9   -0.0000077681
6   8   2   12   0.0002036771
6   8   3   7   -0.0000034514
6   8   3   8   -0.0142262731
6   8   3   9   -0.0000201703
6   8   3   12   0.0000546470
6   8   4   10   -0.0000069098
6   8   5   11   -0.0000069098
6   8   6   7   -0.0000005973
6   8   6   8   0.1588911040
6   8   6   9   0.0000458834
6   8   6   12   -0.0003367472
6   9   1   7   0.0019460234
6   9   1   8   -0.0000043792
6   9   1   9   -0.0006512084
6   9   1   12   0.0352484652
6   9   2   7   0.0000011279
6   9   2   8   -0.0000077681
6   9   2   9   -0.0003153008
6   9   2   12   0.0000546470
6   9   3   7   -0.0005669986
6   9   3   8   -0.0000201703
6   9   3   9   0.0074076983
6   9   3   12   0.1584816904
6   9   4   10   0.0016140778
6   9   5   11   0.0016140778
6   9   6   7   -0.0136280754
6   9   6   8   0.0000458834
6   9   6   9   0.8017084771
6   9   6   12   0.0074152275
6   10   1   10   -0.0004324984
6   10   2   10   -0.0003012278
6   10   3   10   0.0068425735
6   10   4   7   0.0006507162
6   10   4   8   -0.0000069098
6   10   4   9   0.0016140778
6   10   4   12   0.0390501697
6   10   6   10   0.7327312467
6   10   6   11   -0.0000000000
6   11   1   11   -0.0004324984
6   11   2   11   -0.0003012278
6   11   3   11   0.0068425735
6   11   5   7   0.0006507162
6   11   5   8   -0.0000069098
6   11   5   9   0.0016140778
6   11   5   12   0.0390501697
6   11   6   10   -0.0000000000
6   11   6   11   0.7327312467
6   12   1   7   0.0338077408
6   12   1   8   0.0000055434
6   12   1   9   0.0352484652
6   12   1   12   0.0006046307
6   12   2   7   0.0000055434
6   12   2   8   0.0002036771
6   12   2   9   0.0000546470
6   12   2   12   -0.0003367472
6   12   3   7   0.0352484652
6   12   3   8   0.0000546470
6   12   3   9   0.1584816904
6   12   3   12   0.0074152275
6   12   4   10   0.0390501697
6   12   5   11   0.0390501697
6   12   6   7   0.0006046307
6   12   6   8   -0.0003367472
6   12   6   9   0.0074152275
6   12   6   12   0.7854024959

End IJKL Block
Begin IJAB Block
1   7   1   4   0.0002023928
1   7   2   5   0.0001050333
1   7   3   6   0.0001050333
1   8   1   4   0.0000011124
1   8   2   5   -0.0000007123
1   8   3   6   -0.0000007123
1   9   1   4   0.0001998469
1   9   2   5   0.0001012818
1   9   3   6   0.0001012818
1   10   1   5   -0.0000095363
1   10   1   6   0.0000012395
1   10   2   4   0.0000116513
1   10   3   4   -0.0000015144
1   11   1   5   -0.0000012395
1   11   1   6   -0.0000095363
1   11   2   4   0.0000015144
1   11   3   4   0.0000116513
1   12   1   4   0.0000021858
1   12   2   5   0.0000063529
1   12   3   6   0.0000063529
2   7   1   4   0.0000011124
2   7   2   5   -0.0000007123
2   7   3   6   -0.0000007123
2   8   1   4   0.0093047497
2   8   2   5   0.0016186850
2   8   3   6   0.0016186850
2   9   1   4   -0.0000001553
2   9   2   5   0.0000060800
2   9   3   6   0.0000060800
2   10   1   5   0.0000025294
2   10   1   6   -0.0000003288
2   10   2   4   0.0000657088
2   10   3   4   -0.0000085405
2   11   1   5   0.0000003288
2   11   1   6   0.0000025294
2   11   2   4   0.0000085405
2   11   3   4   0.0000657088
2   12   1   4   0.0001779757
2   12   2   5   -0.0002636676
2   12   3   6   -0.0002636676
3   7   1   4   0.0001998469
3   7   2   5   0.0001012818
3   7   3   6   0.0001012818
3   8   1   4   -0.0000001553
3   8   2   5   0.0000060800
3   8   3   6   0.0000060800
3   9   1   4   0.0008676334
3   9   2   5   0.0003980150
3   9   3   6   0.0003980150
3   10   1   5   0.0001264233
3   10   1   6   -0.0000164319
3   10   2   4   0.0000376205
3   10   3   4   -0.0000048897
3   11   1   5   0.0000164319
3   11   1   6   0.0001264233
3   11   2   4   0.0000048897
3   11   3   4   0.0000376205
3   12   1   4   -0.0002105795
3   12   2   5   0.0000205403
3   12   3   6   0.0000205403
4   7   1   5   0.0000116513
4   7   1   6   -0.0000015144
4   7   2   4   -0.0000095363
4   7   3   4   0.0000012395
4   8   1   5   0.0000657088
4   8   1   6   -0.0000085405
4   8   2   4   0.0000025294
4   8   3   4   -0.0000003288
4   9   1   5   0.0000376205
4   9   1   6   -0.0000048897
4   9   2   4   0.0001264233
4   9   3   4   -0.0000164319
4   10   1   4   0.0002405764
4   10   2   5   0.0015667047
4   10   2   6   -0.0001888359
4   10   3   5   -0.0001888359
4   10   3   6   0.0001383839
4   11   2   5   0.0001888359
4   11   2   6   0.0013390247
4   11   3   5   0.0000892961
4   11   3   6   -0.0001888359
4   12   1   5   -0.0002142059
4   12   1   6   0.0000278414
4   12   2   4   -0.0020104723
4   12   3   4   0.0002613109
5   7   1   5   0.0000015144
5   7   1   6   0.0000116513
5   7   2   4   -0.0000012395
5   7   3   4   -0.0000095363
5   8   1   5   0.0000085405
5   8   1   6   0.0000657088
5   8   2   4   0.0000003288
5   8   3   4   0.0000025294
5   9   1   5   0.0000048897
5   9   1   6   0.0000376205
5   9   2   4   0.0000164319
5   9   3   4   0.0001264233
5   10   2   5   0.0001888359
5   10   2   6   0.0000892961
5   10   3   5   0.0013390247
5   10   3   6   -0.0001888359
5   11   1   4   0.0002405764
5   11   2   5   0.0001383839
5   11   2   6   0.0001888359
5   11   3   5   0.0001888359
5   11   3   6   0.0015667047
5   12   1   5   -0.0000278414
5   12   1   6   -0.0002142059
5   12   2   4   -0.0002613109
5   12   3   4   -0.0020104723
6   7   1   4   0.0000021858
6   7   2   5   0.0000063529
6   7   3   6   0.0000063529
6   8   1   4   0.0001779757
6   8   2   5   -0.0002636676
6   8   3   6   -0.0002636676
6   9   1   4   -0.0002105795
6   9   2   5   0.0000205403
6   9   3   6   0.0000205403
6   10   1   5   -0.0020104723
6   10   1   6   0.0002613109
6   10   2   4   -0.0002142059
6   10   3   4   0.0000278414
6   11   1   5   -0.0002613109
6   11   1   6   -0.0020104723
6   11   2   4   -0.0000278414
6   11   3   4   -0.0002142059
6   12   1   4   0.0035667830
6   12   2   5   0.0003695243
6   12   3   6   0.0003695243

End IJAB Block
Begin ABCD Block
1   4   1   4   0.2334419541
1   4   2   5   0.0346469685
1   4   3   6   0.0346469685
1   5   1   5   0.1807234141
1   5   2   4   0.0346469685
1   6   1   6   0.1807234141
1   6   3   4   0.0346469685
2   4   1   5   0.0346469685
2   4   2   4   0.1807234141
2   5   1   4   0.0346469685
2   5   2   5   0.1683553863
2   5   3   6   0.0090512186
2   6   2   6   0.1502529491
2   6   3   5   0.0090512186
3   4   1   6   0.0346469685
3   4   3   4   0.1807234141
3   5   2   6   0.0090512186
3   5   3   5   0.1502529491
3   6   1   4   0.0346469685
3   6   2   5   0.0090512186
3   6   3   6   0.1683553863

End ABCD Block
Begin AIJB Block
1   7   1   4   0.0002023928
1   7   2   4   0.0000011124
1   7   3   4   0.0001998469
1   7   4   5   0.0000116513
1   7   4   6   -0.0000015144
1   7   5   5   0.0000015144
1   7   5   6   0.0000116513
1   7   6   4   0.0000021858
1   8   1   4   0.0000011124
1   8   2   4   0.0093047497
1   8   3   4   -0.0000001553
1   8   4   5   0.0000657088
1   8   4   6   -0.0000085405
1   8   5   5   0.0000085405
1   8   5   6   0.0000657088
1   8   6   4   0.0001779757
1   9   1   4   0.0001998469
1   9   2   4   -0.0000001553
1   9   3   4   0.0008676334
1   9   4   5   0.0000376205
1   9   4   6   -0.0000048897
1   9   5   5   0.0000048897
1   9   5   6   0.0000376205
1   9   6   4   -0.0002105795
1   10   1   5   -0.0000095363
1   10   1   6   0.0000012395
1   10   2   5   0.0000025294
1   10   2   6   -0.0000003288
1   10   3   5   0.0001264233
1   10   3   6   -0.0000164319
1   10   4   4   0.0002405764
1   10   6   5   -0.0020104723
1   10   6   6   0.0002613109
1   11   1   5   -0.0000012395
1   11   1   6   -0.0000095363
1   11   2   5   0.0000003288
1   11   2   6   0.0000025294
1   11   3   5   0.0000164319
1   11   3   6   0.0001264233
1   11   5   4   0.0002405764
1   11   6   5   -0.0002613109
1   11   6   6   -0.0020104723
1   12   1   4   0.0000021858
1   12   2   4   0.0001779757
1   12   3   4   -0.0002105795
1   12   4   5   -0.0002142059
1   12   4   6   0.0000278414
1   12   5   5   -0.0000278414
1   12   5   6   -0.0002142059
1   12   6   4   0.0035667830
2   7   1   5   0.0001050333
2   7   2   5   -0.0000007123
2   7   3   5   0.0001012818
2   7   4   4   -0.0000095363
2   7   5   4   -0.0000012395
2   7   6   5   0.0000063529
2   8   1   5   -0.0000007123
2   8   2   5   0.0016186850
2   8   3   5   0.0000060800
2   8   4   4   0.0000025294
2   8   5   4   0.0000003288
2   8   6   5   -0.0002636676
2   9   1   5   0.0001012818
2   9   2   5   0.0000060800
2   9   3   5   0.0003980150
2   9   4   4   0.0001264233
2   9   5   4   0.0000164319
2   9   6   5   0.0000205403
2   10   1   4   0.0000116513
2   10   2   4   0.0000657088
2   10   3   4   0.0000376205
2   10   4   5   0.0015667047
2   10   4   6   -0.0001888359
2   10   5   5   0.0001888359
2   10   5   6   0.0000892961
2   10   6   4   -0.0002142059
2   11   1   4   0.0000015144
2   11   2   4   0.0000085405
2   11   3   4   0.0000048897
2   11   4   5   0.0001888359
2   11   4   6   0.0013390247
2   11   5   5   0.0001383839
2   11   5   6   0.0001888359
2   11   6   4   -0.0000278414
2   12   1   5   0.0000063529
2   12   2   5   -0.0002636676
2   12   3   5   0.0000205403
2   12   4   4   -0.0020104723
2   12   5   4   -0.0002613109
2   12   6   5   0.0003695243
3   7   1   6   0.0001050333
3   7   2   6   -0.0000007123
3   7   3   6   0.0001012818
3   7   4   4   0.0000012395
3   7   5   4   -0.0000095363
3   7   6   6   0.0000063529
3   8   1   6   -0.0000007123
3   8   2   6   0.0016186850
3   8   3   6   0.0000060800
3   8   4   4   -0.0000003288
3   8   5   4   0.0000025294
3   8   6   6   -0.0002636676
3   9   1   6   0.0001012818
3   9   2   6   0.0000060800
3   9   3   6   0.0003980150
3   9   4   4   -0.0000164319
3   9   5   4   0.0001264233
3   9   6   6   0.0000205403
3   10   1   4   -0.0000015144
3   10   2   4   -0.0000085405
3   10   3   4   -0.0000048897
3   10   4   5   -0.0001888359
3   10   4   6   0.0001383839
3   10   5   5   0.0013390247
3   10   5   6   -0.0001888359
3   10   6   4   0.0000278414
3   11   1   4   0.0000116513
3   11   2   4   0.0000657088
3   11   3   4   0.0000376205
3   11   4   5   0.0000892961
3   11   4   6   -0.0001888359
3   11   5   5   0.0001888359
3   11   5   6   0.0015667047
3   11   6   4   -0.0002142059
3   12   1   6   0.0000063529
3   12   2   6   -0.0002636676
3   12   3   6   0.0000205403
3   12   4   4   0.0002613109
3   12   5   4   -0.0020104723
3   12   6   6   0.0003695243

1   7   7   1   -0.1169113404
1   7   8   1   0.0000002459
1   7   9   1   0.0000802108
1   7   10   2   -0.0002061109
1   7   10   3   0.0000267892
1   7   11   2   -0.0000267892
1   7   11   3   -0.0002061109
1   7   12   1   0.0006311352
1   8   7   1   0.0000002459
1   8   8   1   -0.2859888881
1   8   9   1   0.0000311642
1   8   10   2   -0.0000587757
1   8   10   3   0.0000076394
1   8   11   2   -0.0000076394
1   8   11   3   -0.0000587757
1   8   12   1   -0.0005596558
1   9   7   1   0.0000802108
1   9   8   1   0.0000311642
1   9   9   1   -0.1151471091
1   9   10   2   -0.0023522184
1   9   10   3   0.0003057293
1   9   11   2   -0.0003057293
1   9   11   3   -0.0023522184
1   9   12   1   0.0074622905
1   10   7   2   -0.0002061109
1   10   7   3   0.0000267892
1   10   8   2   -0.0000587757
1   10   8   3   0.0000076394
1   10   9   2   -0.0023522184
1   10   9   3   0.0003057293
1   10   10   1   -0.1144952833
1   10   12   2   0.0008293972
1   10   12   3   -0.0001078008
1   11   7   2   -0.0000267892
1   11   7   3   -0.0002061109
1   11   8   2   -0.0000076394
1   11   8   3   -0.0000587757
1   11   9   2   -0.0003057293
1   11   9   3   -0.0023522184
1   11   11   1   -0.1144952833
1   11   12   2   0.0001078008
1   11   12   3   0.0008293972
1   12   7   1   0.0006311352
1   12   8   1   -0.0005596558
1   12   9   1   0.0074622905
1   12   10   2   0.0008293972
1   12   10   3   -0.0001078008
1   12   11   2   0.0001078008
1   12   11   3   0.0008293972
1   12   12   1   -0.1184271566
2   7   7   2   -0.1177691190
2   7   8   2   0.0000000253
2   7   9   2   0.0000415130
2   7   10   1   -0.0002061109
2   7   11   1   -0.0000267892
2   7   12   2   0.0005373546
2   8   7   2   0.0000000253
2   8   8   2   -0.2164256315
2   8   9   2   0.0000117717
2   8   10   1   -0.0000587757
2   8   11   1   -0.0000076394
2   8   12   2   -0.0001551547
2   9   7   2   0.0000415130
2   9   8   2   0.0000117717
2   9   9   2   -0.1169059798
2   9   10   1   -0.0023522184
2   9   11   1   -0.0003057293
2   9   12   2   0.0066006733
2   10   7   1   -0.0002061109
2   10   8   1   -0.0000587757
2   10   9   1   -0.0023522184
2   10   10   2   -0.1170102659
2   10   10   3   0.0000863032
2   10   11   2   -0.0000863032
2   10   11   3   -0.0003263907
2   10   12   1   0.0008293972
2   11   7   1   -0.0000267892
2   11   8   1   -0.0000076394
2   11   9   1   -0.0003057293
2   11   10   2   -0.0000863032
2   11   10   3   -0.0003263907
2   11   11   2   -0.1163574844
2   11   11   3   -0.0000863032
2   11   12   1   0.0001078008
2   12   7   2   0.0005373546
2   12   8   2   -0.0001551547
2   12   9   2   0.0066006733
2   12   10   1   0.0008293972
2   12   11   1   0.0001078008
2   12   12   2   -0.1192499391
3   7   7   3   -0.1177691190
3   7   8   3   0.0000000253
3   7   9   3   0.0000415130
3   7   10   1   0.0000267892
3   7   11   1   -0.0002061109
3   7   12   3   0.0005373546
3   8   7   3   0.0000000253
3   8   8   3   -0.2164256315
3   8   9   3   0.0000117717
3   8   10   1   0.0000076394
3   8   11   1   -0.0000587757
3   8   12   3   -0.0001551547
3   9   7   3   0.0000415130
3   9   8   3   0.0000117717
3   9   9   3   -0.1169059798
3   9   10   1   0.0003057293
3   9   11   1   -0.0023522184
3   9   12   3   0.0066006733
3   10   7   1   0.0000267892
3   10   8   1   0.0000076394
3   10   9   1   0.0003057293
3   10   10   2   0.0000863032
3   10   10   3   -0.1163574844
3   10   11   2   -0.0003263907
3   10   11   3   0.0000863032
3   10   12   1   -0.0001078008
3   11   7   1   -0.0002061109
3   11   8   1   -0.0000587757
3   11   9   1   -0.0023522184
3   11   10   2   -0.0003263907
3   11   10   3   0.0000863032
3   11   11   2   -0.0000863032
3   11   11   3   -0.1170102659
3   11   12   1   0.0008293972
3   12   7   3   0.0005373546
3   12   8   3   -0.0001551547
3   12   9   3   0.0066006733
3   12   10   1   -0.0001078008
3   12   11   1   0.0008293972
3   12   12   3   -0.1192499391

End AIJB Block
Begin IJKA Block
1   7   1   4   0.0037665520
1   7   2   4   -0.0000002237
1   7   3   4   -0.0006123617
1   7   4   5   -0.0019324885
1   7   4   6   0.0002511750
1   7   5   5   -0.0002511750
1   7   5   6   -0.0019324885
1   7   6   4   0.0025719898
1   8   1   4   -0.0009266314
1   8   2   4   -0.0000000781
1   8   3   4   0.0000000729
1   8   4   5   0.0000131469
1   8   4   6   -0.0000017088
1   8   5   5   0.0000017088
1   8   5   6   0.0000131469
1   8   6   4   0.0000142062
1   9   1   4   -0.0062870820
1   9   2   4   -0.0000002485
1   9   3   4   0.0001629926
1   9   4   5   -0.0018836199
1   9   4   6   0.0002448233
1   9   5   5   -0.0002448233
1   9   5   6   -0.0018836199
1   9   6   4   0.0026361596
1   10   1   5   -0.0496483604
1   10   1   6   0.0064530394
1   10   2   5   0.0000000507
1   10   2   6   -0.0000000066
1   10   3   5   0.0007772236
1   10   3   6   -0.0001010195
1   10   4   4   -0.0002241158
1   10   6   5   -0.0000436311
1   10   6   6   0.0000056709
1   11   1   5   -0.0064530394
1   11   1   6   -0.0496483604
1   11   2   5   0.0000000066
1   11   2   6   0.0000000507
1   11   3   5   0.0001010195
1   11   3   6   0.0007772236
1   11   5   4   -0.0002241158
1   11   6   5   -0.0000056709
1   11   6   6   -0.0000436311
1   12   1   4   0.0702725511
1   12   2   4   -0.0000000529
1   12   3   4   -0.0010382749
1   12   4   5   -0.0001156243
1   12   4   6   0.0000150283
1   12   5   5   -0.0000150283
1   12   5   6   -0.0001156243
1   12   6   4   -0.0000835240
2   7   1   4   -0.0000002237
2   7   2   4   -0.0000872680
2   7   3   4   -0.0000003309
2   7   4   5   -0.0000001066
2   7   4   6   0.0000000139
2   7   5   5   -0.0000000139
2   7   5   6   -0.0000001066
2   7   6   4   0.0000004115
2   8   1   4   -0.0000000781
2   8   2   4   -0.0971709441
2   8   3   4   0.0000496170
2   8   4   5   0.0000288510
2   8   4   6   -0.0000037499
2   8   5   5   0.0000037499
2   8   5   6   0.0000288510
2   8   6   4   -0.0011886393
2   9   1   4   -0.0000002485
2   9   2   4   -0.0003885998
2   9   3   4   -0.0000016738
2   9   4   5   -0.0000001864
2   9   4   6   0.0000000242
2   9   5   5   -0.0000000242
2   9   5   6   -0.0000001864
2   9   6   4   0.0000039366
2   10   1   5   0.0000000507
2   10   1   6   -0.0000000066
2   10   2   5   0.0018125774
2   10   2   6   -0.0002355895
2   10   3   5   -0.0000018631
2   10   3   6   0.0000002422
2   10   4   4   0.0000012893
2   10   6   5   0.0000082009
2   10   6   6   -0.0000010659
2   11   1   5   0.0000000066
2   11   1   6   0.0000000507
2   11   2   5   0.0002355895
2   11   2   6   0.0018125774
2   11   3   5   -0.0000002422
2   11   3   6   -0.0000018631
2   11   5   4   0.0000012893
2   11   6   5   0.0000010659
2   11   6   6   0.0000082009
2   12   1   4   -0.0000000529
2   12   2   4   -0.0113997277
2   12   3   4   0.0000041192
2   12   4   5   -0.0000062550
2   12   4   6   0.0000008130
2   12   5   5   -0.0000008130
2   12   5   6   -0.0000062550
2   12   6   4   -0.0000322432
3   7   1   4   -0.0006123617
3   7   2   4   -0.0000003309
3   7   3   4   0.0001438696
3   7   4   5   -0.0019802664
3   7   4   6   0.0002573849
3   7   5   5   -0.0002573849
3   7   5   6   -0.0019802664
3   7   6   4   0.0026951616
3   8   1   4   0.0000000729
3   8   2   4   0.0000496170
3   8   3   4   -0.0009265620
3   8   4   5   0.0001572258
3   8   4   6   -0.0000204354
3   8   5   5   0.0000204354
3   8   5   6   0.0001572258
3   8   6   4   0.0001769705
3   9   1   4   0.0001629926
3   9   2   4   -0.0000016738
3   9   3   4   -0.0036745443
3   9   4   5   -0.0079654229
3   9   4   6   0.0010353048
3   9   5   5   -0.0010353048
3   9   5   6   -0.0079654229
3   9   6   4   0.0114947747
3   10   1   5   0.0007772236
3   10   1   6   -0.0001010195
3   10   2   5   -0.0000018631
3   10   2   6   0.0000002422
3   10   3   5   -0.0318110940
3   10   3   6   0.0041346430
3   10   4   4   -0.0006993279
3   10   6   5   -0.0010218998
3   10   6   6   0.0001328213
3   11   1   5   0.0001010195
3   11   1   6   0.0007772236
3   11   2   5   -0.0000002422
3   11   2   6   -0.0000018631
3   11   3   5   -0.0041346430
3   11   3   6   -0.0318110940
3   11   5   4   -0.0006993279
3   11   6   5   -0.0001328213
3   11   6   6   -0.0010218998
3   12   1   4   -0.0010382749
3   12   2   4   0.0000041192
3   12   3   4   0.0460520211
3   12   4   5   -0.0009330799
3   12   4   6   0.0001212769
3   12   5   5   -0.0001212769
3   12   5   6   -0.0009330799
3   12   6   4   0.0011550189
4   7   1   5   -0.0019324885
4   7   1   6   0.0002511750
4   7   2   5   -0.0000001066
4   7   2   6   0.0000000139
4   7   3   5   -0.0019802664
4   7   3   6   0.0002573849
4   7   4   4   0.0000829145
4   7   6   5   -0.0000372629
4   7   6   6   0.0000048432
4   8   1   5   0.0000131469
4   8   1   6   -0.0000017088
4   8   2   5   0.0000288510
4   8   2   6   -0.0000037499
4   8   3   5   0.0001572258
4   8   3   6   -0.0000204354
4   8   4   4   -0.0009036895
4   8   6   5   -0.0000661015
4   8   6   6   0.0000085915
4   9   1   5   -0.0018836199
4   9   1   6   0.0002448233
4   9   2   5   -0.0000001864
4   9   2   6   0.0000000242
4   9   3   5   -0.0079654229
4   9   3   6   0.0010353048
4   9   4   4   -0.0033760766
4   9   6   5   -0.0002088833
4   9   6   6   0.0000271496
4   10   1   4   -0.0002241158
4   10   2   4   0.0000012893
4   10   3   4   -0.0006993279
4   10   4   5   -0.0321051980
4   10   4   6   0.0041728691
4   10   5   5   -0.0002474776
4   10   5   6   -0.0019040415
4   10   6   4   0.0027700753
4   11   4   5   -0.0036779140
4   11   4   6   -0.0282971150
4   11   5   5   -0.0019040415
4   11   5   6   0.0002474776
4   12   1   5   -0.0001156243
4   12   1   6   0.0000150283
4   12   2   5   -0.0000062550
4   12   2   6   0.0000008130
4   12   3   5   -0.0009330799
4   12   3   6   0.0001212769
4   12   4   4   0.0410549031
4   12   6   5   -0.0016593149
4   12   6   6   0.0002156693
5   7   1   5   -0.0002511750
5   7   1   6   -0.0019324885
5   7   2   5   -0.0000000139
5   7   2   6   -0.0000001066
5   7   3   5   -0.0002573849
5   7   3   6   -0.0019802664
5   7   5   4   0.0000829145
5   7   6   5   -0.0000048432
5   7   6   6   -0.0000372629
5   8   1   5   0.0000017088
5   8   1   6   0.0000131469
5   8   2   5   0.0000037499
5   8   2   6   0.0000288510
5   8   3   5   0.0000204354
5   8   3   6   0.0001572258
5   8   5   4   -0.0009036895
5   8   6   5   -0.0000085915
5   8   6   6   -0.0000661015
5   9   1   5   -0.0002448233
5   9   1   6   -0.0018836199
5   9   2   5   -0.0000000242
5   9   2   6   -0.0000001864
5   9   3   5   -0.0010353048
5   9   3   6   -0.0079654229
5   9   5   4   -0.0033760766
5   9   6   5   -0.0000271496
5   9   6   6   -0.0002088833
5   10   4   5   -0.0002474776
5   10   4   6   -0.0019040415
5   10   5   5   -0.0282971150
5   10   5   6   0.0036779140
5   11   1   4   -0.0002241158
5   11   2   4   0.0000012893
5   11   3   4   -0.0006993279
5   11   4   5   -0.0019040415
5   11   4   6   0.0002474776
5   11   5   5   -0.0041728691
5   11   5   6   -0.0321051980
5   11   6   4   0.0027700753
5   12   1   5   -0.0000150283
5   12   1   6   -0.0001156243
5   12   2   5   -0.0000008130
5   12   2   6   -0.0000062550
5   12   3   5   -0.0001212769
5   12   3   6   -0.0009330799
5   12   5   4   0.0410549031
5   12   6   5   -0.0002156693
5   12   6   6   -0.0016593149
6   7   1   4   0.0025719898
6   7   2   4   0.0000004115
6   7   3   4   0.0026951616
6   7   4   5   -0.0000372629
6   7   4   6   0.0000048432
6   7   5   5   -0.0000048432
6   7   5   6   -0.0000372629
6   7   6   4   0.0001588660
6   8   1   4   0.0000142062
6   8   2   4   -0.0011886393
6   8   3   4   0.0001769705
6   8   4   5   -0.0000661015
6   8   4   6   0.0000085915
6   8   5   5   -0.0000085915
6   8   5   6   -0.0000661015
6   8   6   4   -0.0010757384
6   9   1   4   0.0026361596
6   9   2   4   0.0000039366
6   9   3   4   0.0114947747
6   9   4   5   -0.0002088833
6   9   4   6   0.0000271496
6   9   5   5   -0.0000271496
6   9   5   6   -0.0002088833
6   9   6   4   -0.0029375985
6   10   1   5   -0.0000436311
6   10   1   6   0.0000056709
6   10   2   5   0.0000082009
6   10   2   6   -0.0000010659
6   10   3   5   -0.0010218998
6   10   3   6   0.0001328213
6   10   4   4   0.0027700753
6   10   6   5   -0.0269670815
6   10   6   6   0.0035050431
6   11   1   5   -0.0000056709
6   11   1   6   -0.0000436311
6   11   2   5   0.0000010659
6   11   2   6   0.0000082009
6   11   3   5   -0.0001328213
6   11   3   6   -0.0010218998
6   11   5   4   0.0027700753
6   11   6   5   -0.0035050431
6   11   6   6   -0.0269670815
6   12   1   4   -0.0000835240
6   12   2   4   -0.0000322432
6   12   3   4   0.0011550189
6   12   4   5   -0.0016593149
6   12   4   6   0.0002156693
6   12   5   5   -0.0002156693
6   12   5   6   -0.0016593149
6   12   6   4   0.0442105373

End IJKA Block
Begin IABC Block
1   4   1   4   -0.0000467198
1   4   2   5   -0.0000106193
1   4   3   6   -0.0000106193
1   5   1   5   -0.0000399733
1   5   2   4   -0.0000106193
1   6   1   6   -0.0000399733
1   6   3   4   -0.0000106193
2   4   1   4   -0.0001210258
2   4   2   5   0.0027143312
2   4   3   6   0.0027143312
2   5   1   5   -0.0001841196
2   5   2   4   0.0027143312
2   6   1   6   -0.0001841196
2   6   3   4   0.0027143312
3   4   1   4   -0.0002912182
3   4   2   5   0.0000139534
3   4   3   6   0.0000139534
3   5   1   5   -0.0002770973
3   5   2   4   0.0000139534
3   6   1   6   -0.0002770973
3   6   3   4   0.0000139534
4   4   1   5   0.0006286044
4   4   1   6   -0.0000817028
4   4   2   4   0.0012407841
4   4   3   4   -0.0001612708
4   5   1   4   0.0006286044
4   5   2   5   0.0013649948
4   5   2   6   -0.0000347613
4   5   3   5   -0.0001078925
4   5   3   6   0.0002674461
4   6   1   4   -0.0000817028
4   6   2   5   -0.0000347613
4   6   2   6   0.0008301027
4   6   3   5   0.0002674461
4   6   3   6   -0.0001774150
5   4   1   5   0.0000817028
5   4   1   6   0.0006286044
5   4   2   4   0.0001612708
5   4   3   4   0.0012407841
5   5   1   4   0.0000817028
5   5   2   5   0.0001774150
5   5   2   6   0.0002674461
5   5   3   5   0.0008301027
5   5   3   6   0.0000347613
5   6   1   4   0.0006286044
5   6   2   5   0.0002674461
5   6   2   6   0.0001078925
5   6   3   5   0.0000347613
5   6   3   6   0.0013649948
6   4   1   4   -0.0055154206
6   4   2   5   -0.0022142107
6   4   3   6   -0.0022142107
6   5   1   5   -0.0038364378
6   5   2   4   -0.0022142107
6   6   1   6   -0.0038364378
6   6   3   4   -0.0022142107

End IABC Block
