Begin IJ Block
1   1   -5.3051973030
1   2   0.0000699333
1   5   -0.0085192541
2   2   -6.7403580255
2   5   -0.0077050070
3   3   -5.7709295832
4   4   -5.7709295832
5   5   -5.6494386615

End IJ Block
Begin IA Block
1   1   0.1103905578
2   1   0.0133482693
3   2   0.1095630311
3   3   -0.0903128836
4   2   0.0903128836
4   3   0.1095630311
5   1   -0.2567805456

End IA Block
Begin AB Block
1   1   -1.4941781199
2   2   -1.3285096800
2   3   -0.0000000000
3   3   -1.3285096800

End AB Block
Begin IJKL Block
1   6   1   6   1.6516334003
1   6   1   7   -0.0000997238
1   6   1   10   0.0091196680
1   6   2   6   -0.0000997238
1   6   2   7   0.0000000170
1   6   2   10   -0.0000008206
1   6   3   8   0.0000001780
1   6   4   9   0.0000001780
1   6   5   6   0.0091196680
1   6   5   7   -0.0000008206
1   6   5   10   0.0000795640
1   7   1   6   -0.0000997238
1   7   1   7   0.1231220150
1   7   1   10   -0.0094256631
1   7   2   6   0.0000000170
1   7   2   7   0.0000071396
1   7   2   10   -0.0000047247
1   7   3   8   0.0000016901
1   7   4   9   0.0000016901
1   7   5   6   -0.0000008206
1   7   5   7   -0.0000881579
1   7   5   10   0.0000136295
1   8   1   8   0.1224743061
1   8   2   8   0.0000065100
1   8   3   6   0.0000001780
1   8   3   7   0.0000016901
1   8   3   10   -0.0000013150
1   8   5   8   -0.0000847040
1   9   1   9   0.1224743061
1   9   2   9   0.0000065100
1   9   4   6   0.0000001780
1   9   4   7   0.0000016901
1   9   4   10   -0.0000013150
1   9   5   9   -0.0000847040
1   10   1   6   0.0091196680
1   10   1   7   -0.0094256631
1   10   1   10   0.1278525413
1   10   2   6   -0.0000008206
1   10   2   7   -0.0000047247
1   10   2   10   0.0000068104
1   10   3   8   -0.0000013150
1   10   4   9   -0.0000013150
1   10   5   6   0.0000795640
1   10   5   7   0.0000136295
1   10   5   10   -0.0000926368
2   6   1   6   -0.0000997238
2   6   1   7   0.0000000170
2   6   1   10   -0.0000008206
2   6   2   6   0.1231220150
2   6   2   7   0.0000071396
2   6   2   10   -0.0000881579
2   6   3   8   0.0000016901
2   6   4   9   0.0000016901
2   6   5   6   -0.0094256631
2   6   5   7   -0.0000047247
2   6   5   10   0.0000136295
2   7   1   6   0.0000000170
2   7   1   7   0.0000071396
2   7   1   10   -0.0000047247
2   7   2   6   0.0000071396
2   7   2   7   0.8832347734
2   7   2   10   0.0048010475
2   7   3   8   0.1658996619
2   7   4   9   0.1658996619
2   7   5   6   -0.0000047247
2   7   5   7   0.0048010475
2   7   5   10   0.1600428745
2   8   1   8   0.0000065100
2   8   2   8   0.8296752719
2   8   3   6   0.0000016901
2   8   3   7   0.1658996619
2   8   3   10   0.0011962287
2   8   5   8   0.0047215104
2   9   1   9   0.0000065100
2   9   2   9   0.8296752719
2   9   4   6   0.0000016901
2   9   4   7   0.1658996619
2   9   4   10   0.0011962287
2   9   5   9   0.0047215104
2   10   1   6   -0.0000008206
2   10   1   7   -0.0000047247
2   10   1   10   0.0000068104
2   10   2   6   -0.0000881579
2   10   2   7   0.0048010475
2   10   2   10   0.8072170997
2   10   3   8   0.0011962287
2   10   4   9   0.0011962287
2   10   5   6   0.0000136295
2   10   5   7   0.1600428745
2   10   5   10   0.0052608811
3   6   1   8   0.0000001780
3   6   2   8   0.0000016901
3   6   3   6   0.1224743061
3   6   3   7   0.0000065100
3   6   3   10   -0.0000847040
3   6   5   8   -0.0000013150
3   7   1   8   0.0000016901
3   7   2   8   0.1658996619
3   7   3   6   0.0000065100
3   7   3   7   0.8296752719
3   7   3   10   0.0047215104
3   7   5   8   0.0011962287
3   8   1   6   0.0000001780
3   8   1   7   0.0000016901
3   8   1   10   -0.0000013150
3   8   2   6   0.0000016901
3   8   2   7   0.1658996619
3   8   2   10   0.0011962287
3   8   3   8   0.8397359806
3   8   4   9   0.0408409477
3   8   5   6   -0.0000013150
3   8   5   7   0.0011962287
3   8   5   10   0.0394545783
3   9   3   9   0.7580540851
3   9   4   8   0.0408409477
3   10   1   8   -0.0000013150
3   10   2   8   0.0011962287
3   10   3   6   -0.0000847040
3   10   3   7   0.0047215104
3   10   3   10   0.7382429217
3   10   5   8   0.0394545783
4   6   1   9   0.0000001780
4   6   2   9   0.0000016901
4   6   4   6   0.1224743061
4   6   4   7   0.0000065100
4   6   4   10   -0.0000847040
4   6   5   9   -0.0000013150
4   7   1   9   0.0000016901
4   7   2   9   0.1658996619
4   7   4   6   0.0000065100
4   7   4   7   0.8296752719
4   7   4   10   0.0047215104
4   7   5   9   0.0011962287
4   8   3   9   0.0408409477
4   8   4   8   0.7580540851
4   9   1   6   0.0000001780
4   9   1   7   0.0000016901
4   9   1   10   -0.0000013150
4   9   2   6   0.0000016901
4   9   2   7   0.1658996619
4   9   2   10   0.0011962287
4   9   3   8   0.0408409477
4   9   4   9   0.8397359806
4   9   5   6   -0.0000013150
4   9   5   7   0.0011962287
4   9   5   10   0.0394545783
4   10   1   9   -0.0000013150
4   10   2   9   0.0011962287
4   10   4   6   -0.0000847040
4   10   4   7   0.0047215104
4   10   4   10   0.7382429217
4   10   5   9   0.0394545783
5   6   1   6   0.0091196680
5   6   1   7   -0.0000008206
5   6   1   10   0.0000795640
5   6   2   6   -0.0094256631
5   6   2   7   -0.0000047247
5   6   2   10   0.0000136295
5   6   3   8   -0.0000013150
5   6   4   9   -0.0000013150
5   6   5   6   0.1278525413
5   6   5   7   0.0000068104
5   6   5   10   -0.0000926368
5   7   1   6   -0.0000008206
5   7   1   7   -0.0000881579
5   7   1   10   0.0000136295
5   7   2   6   -0.0000047247
5   7   2   7   0.0048010475
5   7   2   10   0.1600428745
5   7   3   8   0.0011962287
5   7   4   9   0.0011962287
5   7   5   6   0.0000068104
5   7   5   7   0.8072170997
5   7   5   10   0.0052608811
5   8   1   8   -0.0000847040
5   8   2   8   0.0047215104
5   8   3   6   -0.0000013150
5   8   3   7   0.0011962287
5   8   3   10   0.0394545783
5   8   5   8   0.7382429217
5   9   1   9   -0.0000847040
5   9   2   9   0.0047215104
5   9   4   6   -0.0000013150
5   9   4   7   0.0011962287
5   9   4   10   0.0394545783
5   9   5   9   0.7382429217
5   10   1   6   0.0000795640
5   10   1   7   0.0000136295
5   10   1   10   -0.0000926368
5   10   2   6   0.0000136295
5   10   2   7   0.1600428745
5   10   2   10   0.0052608811
5   10   3   8   0.0394545783
5   10   4   9   0.0394545783
5   10   5   6   -0.0000926368
5   10   5   7   0.0052608811
5   10   5   10   0.7959345539

End IJKL Block
Begin IJAB Block
1   6   1   4   0.0109249328
1   6   2   5   0.0021257561
1   6   3   6   0.0021257561
1   7   1   4   0.0000009999
1   7   2   5   0.0000034082
1   7   3   6   0.0000034082
1   8   1   5   -0.0000011255
1   8   1   6   0.0000009277
1   8   2   4   0.0000340283
1   8   3   4   -0.0000280496
1   9   1   5   -0.0000009277
1   9   1   6   -0.0000011255
1   9   2   4   0.0000280496
1   9   3   4   0.0000340283
1   10   1   4   0.0001620729
1   10   2   5   -0.0002624275
1   10   3   6   -0.0002624275
2   6   1   4   0.0000009999
2   6   2   5   0.0000034082
2   6   3   6   0.0000034082
2   7   1   4   0.0007452156
2   7   2   5   0.0001984241
2   7   3   6   0.0001984241
2   8   1   5   0.0000261796
2   8   1   6   -0.0000215799
2   8   2   4   0.0000087251
2   8   3   4   -0.0000071921
2   9   1   5   0.0000215799
2   9   1   6   0.0000261796
2   9   2   4   0.0000071921
2   9   3   4   0.0000087251
2   10   1   4   -0.0000932988
2   10   2   5   0.0000102192
2   10   3   6   0.0000102192
3   6   1   5   0.0000340283
3   6   1   6   -0.0000280496
3   6   2   4   -0.0000011255
3   6   3   4   0.0000009277
3   7   1   5   0.0000087251
3   7   1   6   -0.0000071921
3   7   2   4   0.0000261796
3   7   3   4   -0.0000215799
3   8   1   4   0.0001942904
3   8   2   5   0.0005156863
3   8   2   6   -0.0003787831
3   8   3   5   -0.0003787831
3   8   3   6   0.0003683969
3   9   2   5   0.0003787831
3   9   2   6   0.0004033548
3   9   3   5   -0.0002560654
3   9   3   6   -0.0003787831
3   10   1   5   -0.0001055934
3   10   1   6   0.0000870407
3   10   2   4   -0.0010947747
3   10   3   4   0.0009024235
4   6   1   5   0.0000280496
4   6   1   6   0.0000340283
4   6   2   4   -0.0000009277
4   6   3   4   -0.0000011255
4   7   1   5   0.0000071921
4   7   1   6   0.0000087251
4   7   2   4   0.0000215799
4   7   3   4   0.0000261796
4   8   2   5   0.0003787831
4   8   2   6   -0.0002560654
4   8   3   5   0.0004033548
4   8   3   6   -0.0003787831
4   9   1   4   0.0001942904
4   9   2   5   0.0003683969
4   9   2   6   0.0003787831
4   9   3   5   0.0003787831
4   9   3   6   0.0005156863
4   10   1   5   -0.0000870407
4   10   1   6   -0.0001055934
4   10   2   4   -0.0009024235
4   10   3   4   -0.0010947747
5   6   1   4   0.0001620729
5   6   2   5   -0.0002624275
5   6   3   6   -0.0002624275
5   7   1   4   -0.0000932988
5   7   2   5   0.0000102192
5   7   3   6   0.0000102192
5   8   1   5   -0.0010947747
5   8   1   6   0.0009024235
5   8   2   4   -0.0001055934
5   8   3   4   0.0000870407
5   9   1   5   -0.0009024235
5   9   1   6   -0.0010947747
5   9   2   4   -0.0000870407
5   9   3   4   -0.0001055934
5   10   1   4   0.0033257162
5   10   2   5   0.0002981397
5   10   3   6   0.0002981397

End IJAB Block
Begin ABCD Block
1   4   1   4   0.2355242878
1   4   2   5   0.0385069594
1   4   3   6   0.0385069594
1   5   1   5   0.1923939183
1   5   2   4   0.0385069594
1   6   1   6   0.1923939183
1   6   3   4   0.0385069594
2   4   1   5   0.0385069594
2   4   2   4   0.1923939183
2   5   1   4   0.0385069594
2   5   2   5   0.1828105058
2   5   3   6   0.0097448770
2   6   2   6   0.1633207518
2   6   3   5   0.0097448770
3   4   1   6   0.0385069594
3   4   3   4   0.1923939183
3   5   2   6   0.0097448770
3   5   3   5   0.1633207518
3   6   1   4   0.0385069594
3   6   2   5   0.0097448770
3   6   3   6   0.1828105058

End ABCD Block
Begin AIJB Block
1   6   1   4   0.0109249328
1   6   2   4   0.0000009999
1   6   3   5   0.0000340283
1   6   3   6   -0.0000280496
1   6   4   5   0.0000280496
1   6   4   6   0.0000340283
1   6   5   4   0.0001620729
1   7   1   4   0.0000009999
1   7   2   4   0.0007452156
1   7   3   5   0.0000087251
1   7   3   6   -0.0000071921
1   7   4   5   0.0000071921
1   7   4   6   0.0000087251
1   7   5   4   -0.0000932988
1   8   1   5   -0.0000011255
1   8   1   6   0.0000009277
1   8   2   5   0.0000261796
1   8   2   6   -0.0000215799
1   8   3   4   0.0001942904
1   8   5   5   -0.0010947747
1   8   5   6   0.0009024235
1   9   1   5   -0.0000009277
1   9   1   6   -0.0000011255
1   9   2   5   0.0000215799
1   9   2   6   0.0000261796
1   9   4   4   0.0001942904
1   9   5   5   -0.0009024235
1   9   5   6   -0.0010947747
1   10   1   4   0.0001620729
1   10   2   4   -0.0000932988
1   10   3   5   -0.0001055934
1   10   3   6   0.0000870407
1   10   4   5   -0.0000870407
1   10   4   6   -0.0001055934
1   10   5   4   0.0033257162
2   6   1   5   0.0021257561
2   6   2   5   0.0000034082
2   6   3   4   -0.0000011255
2   6   4   4   -0.0000009277
2   6   5   5   -0.0002624275
2   7   1   5   0.0000034082
2   7   2   5   0.0001984241
2   7   3   4   0.0000261796
2   7   4   4   0.0000215799
2   7   5   5   0.0000102192
2   8   1   4   0.0000340283
2   8   2   4   0.0000087251
2   8   3   5   0.0005156863
2   8   3   6   -0.0003787831
2   8   4   5   0.0003787831
2   8   4   6   -0.0002560654
2   8   5   4   -0.0001055934
2   9   1   4   0.0000280496
2   9   2   4   0.0000071921
2   9   3   5   0.0003787831
2   9   3   6   0.0004033548
2   9   4   5   0.0003683969
2   9   4   6   0.0003787831
2   9   5   4   -0.0000870407
2   10   1   5   -0.0002624275
2   10   2   5   0.0000102192
2   10   3   4   -0.0010947747
2   10   4   4   -0.0009024235
2   10   5   5   0.0002981397
3   6   1   6   0.0021257561
3   6   2   6   0.0000034082
3   6   3   4   0.0000009277
3   6   4   4   -0.0000011255
3   6   5   6   -0.0002624275
3   7   1   6   0.0000034082
3   7   2   6   0.0001984241
3   7   3   4   -0.0000215799
3   7   4   4   0.0000261796
3   7   5   6   0.0000102192
3   8   1   4   -0.0000280496
3   8   2   4   -0.0000071921
3   8   3   5   -0.0003787831
3   8   3   6   0.0003683969
3   8   4   5   0.0004033548
3   8   4   6   -0.0003787831
3   8   5   4   0.0000870407
3   9   1   4   0.0000340283
3   9   2   4   0.0000087251
3   9   3   5   -0.0002560654
3   9   3   6   -0.0003787831
3   9   4   5   0.0003787831
3   9   4   6   0.0005156863
3   9   5   4   -0.0001055934
3   10   1   6   -0.0002624275
3   10   2   6   0.0000102192
3   10   3   4   0.0009024235
3   10   4   4   -0.0010947747
3   10   5   6   0.0002981397

1   6   6   1   -0.2990538922
1   6   7   1   0.0000040976
1   6   8   2   -0.0000267600
1   6   8   3   0.0000220583
1   6   9   2   -0.0000220583
1   6   9   3   -0.0000267600
1   6   10   1   -0.0002916177
1   7   6   1   0.0000040976
1   7   7   1   -0.1033267481
1   7   8   2   -0.0012970958
1   7   8   3   0.0010691970
1   7   9   2   -0.0010691970
1   7   9   3   -0.0012970958
1   7   10   1   0.0060748749
1   8   6   2   -0.0000267600
1   8   6   3   0.0000220583
1   8   7   2   -0.0012970958
1   8   7   3   0.0010691970
1   8   8   1   -0.1027053506
1   8   10   2   0.0004021156
1   8   10   3   -0.0003314642
1   9   6   2   -0.0000220583
1   9   6   3   -0.0000267600
1   9   7   2   -0.0010691970
1   9   7   3   -0.0012970958
1   9   9   1   -0.1027053506
1   9   10   2   0.0003314642
1   9   10   3   0.0004021156
1   10   6   1   -0.0002916177
1   10   7   1   0.0060748749
1   10   8   2   0.0004021156
1   10   8   3   -0.0003314642
1   10   9   2   0.0003314642
1   10   9   3   0.0004021156
1   10   10   1   -0.1057857403
2   6   6   2   -0.2363560511
2   6   7   2   0.0000010500
2   6   8   1   -0.0000267600
2   6   9   1   -0.0000220583
2   6   10   2   -0.0000880466
2   7   6   2   0.0000010500
2   7   7   2   -0.1050060468
2   7   8   1   -0.0012970958
2   7   9   1   -0.0010691970
2   7   10   2   0.0058794740
2   8   6   1   -0.0000267600
2   8   7   1   -0.0012970958
2   8   8   2   -0.1047668658
2   8   8   3   0.0001746302
2   8   9   2   -0.0001746302
2   8   9   3   -0.0000339524
2   8   10   1   0.0004021156
2   9   6   1   -0.0000220583
2   9   7   1   -0.0010691970
2   9   8   2   -0.0001746302
2   9   8   3   -0.0000339524
2   9   9   2   -0.1046989610
2   9   9   3   -0.0001746302
2   9   10   1   0.0003314642
2   10   6   2   -0.0000880466
2   10   7   2   0.0058794740
2   10   8   1   0.0004021156
2   10   9   1   0.0003314642
2   10   10   2   -0.1070702481
3   6   6   3   -0.2363560511
3   6   7   3   0.0000010500
3   6   8   1   0.0000220583
3   6   9   1   -0.0000267600
3   6   10   3   -0.0000880466
3   7   6   3   0.0000010500
3   7   7   3   -0.1050060468
3   7   8   1   0.0010691970
3   7   9   1   -0.0012970958
3   7   10   3   0.0058794740
3   8   6   1   0.0000220583
3   8   7   1   0.0010691970
3   8   8   2   0.0001746302
3   8   8   3   -0.1046989610
3   8   9   2   -0.0000339524
3   8   9   3   0.0001746302
3   8   10   1   -0.0003314642
3   9   6   1   -0.0000267600
3   9   7   1   -0.0012970958
3   9   8   2   -0.0000339524
3   9   8   3   0.0001746302
3   9   9   2   -0.0001746302
3   9   9   3   -0.1047668658
3   9   10   1   0.0004021156
3   10   6   3   -0.0000880466
3   10   7   3   0.0058794740
3   10   8   1   -0.0003314642
3   10   9   1   0.0004021156
3   10   10   3   -0.1070702481

End AIJB Block
Begin IJKA Block
1   6   1   4   -0.1061896128
1   6   2   4   0.0000107285
1   6   3   5   0.0000146114
1   6   3   6   -0.0000120442
1   6   4   5   0.0000120442
1   6   4   6   0.0000146114
1   6   5   4   -0.0008841841
1   7   1   4   -0.0003672011
1   7   2   4   -0.0000003386
1   7   3   5   0.0000000088
1   7   3   6   -0.0000000072
1   7   4   5   0.0000000072
1   7   4   6   0.0000000088
1   7   5   4   0.0000007888
1   8   1   5   0.0012115360
1   8   1   6   -0.0009986700
1   8   2   5   -0.0000001571
1   8   2   6   0.0000001295
1   8   3   4   0.0000003803
1   8   5   5   0.0000013866
1   8   5   6   -0.0000011430
1   9   1   5   0.0009986700
1   9   1   6   0.0012115360
1   9   2   5   -0.0000001295
1   9   2   6   -0.0000001571
1   9   4   4   0.0000003803
1   9   5   5   0.0000011430
1   9   5   6   0.0000013866
1   10   1   4   -0.0114111647
1   10   2   4   0.0000006324
1   10   3   5   -0.0000019471
1   10   3   6   0.0000016050
1   10   4   5   -0.0000016050
1   10   4   6   -0.0000019471
1   10   5   4   -0.0000128485
2   6   1   4   0.0000107285
2   6   2   4   -0.0005163416
2   6   3   5   0.0000767490
2   6   3   6   -0.0000632642
2   6   4   5   0.0000632642
2   6   4   6   0.0000767490
2   6   5   4   0.0000793935
2   7   1   4   -0.0000003386
2   7   2   4   -0.0020034705
2   7   3   5   -0.0043882882
2   7   3   6   0.0036172691
2   7   4   5   -0.0036172691
2   7   4   6   -0.0043882882
2   7   5   4   0.0108460765
2   8   1   5   -0.0000001571
2   8   1   6   0.0000001295
2   8   2   5   -0.0181399100
2   8   2   6   0.0149527405
2   8   3   4   -0.0004042939
2   8   5   5   -0.0005167879
2   8   5   6   0.0004259886
2   9   1   5   -0.0000001295
2   9   1   6   -0.0000001571
2   9   2   5   -0.0149527405
2   9   2   6   -0.0181399100
2   9   4   4   -0.0004042939
2   9   5   5   -0.0004259886
2   9   5   6   -0.0005167879
2   10   1   4   0.0000006324
2   10   2   4   0.0449447532
2   10   3   5   -0.0005632299
2   10   3   6   0.0004642708
2   10   4   5   -0.0004642708
2   10   4   6   -0.0005632299
2   10   5   4   0.0008764896
3   6   1   5   0.0000146114
3   6   1   6   -0.0000120442
3   6   2   5   0.0000767490
3   6   2   6   -0.0000632642
3   6   3   4   -0.0005072650
3   6   5   5   -0.0000248156
3   6   5   6   0.0000204555
3   7   1   5   0.0000000088
3   7   1   6   -0.0000000072
3   7   2   5   -0.0043882882
3   7   2   6   0.0036172691
3   7   3   4   -0.0018324814
3   7   5   5   -0.0001127890
3   7   5   6   0.0000929720
3   8   1   4   0.0000003803
3   8   2   4   -0.0004042939
3   8   3   5   -0.0183556980
3   8   3   6   0.0151306148
3   8   4   5   -0.0008755067
3   8   4   6   -0.0010621205
3   8   5   4   0.0026518177
3   9   3   5   -0.0133796014
3   9   3   6   -0.0162314569
3   9   4   5   -0.0010621205
3   9   4   6   0.0008755067
3   10   1   5   -0.0000019471
3   10   1   6   0.0000016050
3   10   2   5   -0.0005632299
3   10   2   6   0.0004642708
3   10   3   4   0.0402979038
3   10   5   5   -0.0009345726
3   10   5   6   0.0007703688
4   6   1   5   0.0000120442
4   6   1   6   0.0000146114
4   6   2   5   0.0000632642
4   6   2   6   0.0000767490
4   6   4   4   -0.0005072650
4   6   5   5   -0.0000204555
4   6   5   6   -0.0000248156
4   7   1   5   0.0000000072
4   7   1   6   0.0000000088
4   7   2   5   -0.0036172691
4   7   2   6   -0.0043882882
4   7   4   4   -0.0018324814
4   7   5   5   -0.0000929720
4   7   5   6   -0.0001127890
4   8   3   5   -0.0008755067
4   8   3   6   -0.0010621205
4   8   4   5   -0.0162314569
4   8   4   6   0.0133796014
4   9   1   4   0.0000003803
4   9   2   4   -0.0004042939
4   9   3   5   -0.0010621205
4   9   3   6   0.0008755067
4   9   4   5   -0.0151306148
4   9   4   6   -0.0183556980
4   9   5   4   0.0026518177
4   10   1   5   -0.0000016050
4   10   1   6   -0.0000019471
4   10   2   5   -0.0004642708
4   10   2   6   -0.0005632299
4   10   4   4   0.0402979038
4   10   5   5   -0.0007703688
4   10   5   6   -0.0009345726
5   6   1   4   -0.0008841841
5   6   2   4   0.0000793935
5   6   3   5   -0.0000248156
5   6   3   6   0.0000204555
5   6   4   5   -0.0000204555
5   6   4   6   -0.0000248156
5   6   5   4   -0.0005758141
5   7   1   4   0.0000007888
5   7   2   4   0.0108460765
5   7   3   5   -0.0001127890
5   7   3   6   0.0000929720
5   7   4   5   -0.0000929720
5   7   4   6   -0.0001127890
5   7   5   4   -0.0016009203
5   8   1   5   0.0000013866
5   8   1   6   -0.0000011430
5   8   2   5   -0.0005167879
5   8   2   6   0.0004259886
5   8   3   4   0.0026518177
5   8   5   5   -0.0156290206
5   8   5   6   0.0128830127
5   9   1   5   0.0000011430
5   9   1   6   0.0000013866
5   9   2   5   -0.0004259886
5   9   2   6   -0.0005167879
5   9   4   4   0.0026518177
5   9   5   5   -0.0128830127
5   9   5   6   -0.0156290206
5   10   1   4   -0.0000128485
5   10   2   4   0.0008764896
5   10   3   5   -0.0009345726
5   10   3   6   0.0007703688
5   10   4   5   -0.0007703688
5   10   4   6   -0.0009345726
5   10   5   4   0.0437872813

End IJKA Block
Begin IABC Block
1   4   1   4   -0.0008851313
1   4   2   5   0.0035292430
1   4   3   6   0.0035292430
1   5   1   5   -0.0004422918
1   5   2   4   0.0035292430
1   6   1   6   -0.0004422918
1   6   3   4   0.0035292430
2   4   1   4   -0.0002627413
2   4   2   5   0.0000198187
2   4   3   6   0.0000198187
2   5   1   5   -0.0002613736
2   5   2   4   0.0000198187
2   6   1   6   -0.0002613736
2   6   3   4   0.0000198187
3   4   1   5   0.0003614516
3   4   1   6   -0.0002979448
3   4   2   4   0.0009054657
3   4   3   4   -0.0007463760
3   5   1   4   0.0003614516
3   5   2   5   0.0010149644
3   5   2   6   -0.0001253808
3   5   3   5   -0.0005858743
3   5   3   6   0.0001521056
3   6   1   4   -0.0002979448
3   6   2   5   -0.0001253808
3   6   2   6   0.0007107531
3   6   3   5   0.0001521056
3   6   3   6   -0.0008366359
4   4   1   5   0.0002979448
4   4   1   6   0.0003614516
4   4   2   4   0.0007463760
4   4   3   4   0.0009054657
4   5   1   4   0.0002979448
4   5   2   5   0.0008366359
4   5   2   6   0.0001521056
4   5   3   5   0.0007107531
4   5   3   6   0.0001253808
4   6   1   4   0.0003614516
4   6   2   5   0.0001521056
4   6   2   6   0.0005858743
4   6   3   5   0.0001253808
4   6   3   6   0.0010149644
5   4   1   4   -0.0061517496
5   4   2   5   -0.0023156542
5   4   3   6   -0.0023156542
5   5   1   5   -0.0048614619
5   5   2   4   -0.0023156542
5   6   1   6   -0.0048614619
5   6   3   4   -0.0023156542

End IABC Block
