Begin IJ Block
1   1   -5.4106704763
1   2   -0.0000507216
1   5   -0.0091418403
2   2   -6.7809187594
2   5   -0.0180534963
3   3   -5.8167650035
3   4   0.0000000000
4   4   -5.8167650034
5   5   -5.6160041204

End IJ Block
Begin IA Block
1   1   0.1065306286
1   4   0.0659582880
2   1   0.0160679880
2   4   0.0968876438
3   2   -0.0125138264
3   3   0.1258866017
4   2   0.1258866017
4   3   0.0125138264
5   1   -0.1506458877
5   4   -0.1994041911

End IA Block
Begin AB Block
1   1   -1.5328332912
1   4   -0.3290402825
2   2   -1.3563176913
3   3   -1.3563176913
4   4   -1.5749166311

End AB Block
Begin IJKL Block
1   6   1   6   1.6357716505
1   6   1   7   -0.0001348358
1   6   1   10   0.0109641289
1   6   2   6   -0.0001348358
1   6   2   7   0.0000089437
1   6   2   10   -0.0000225794
1   6   3   8   0.0000131783
1   6   4   9   0.0000131783
1   6   5   6   0.0109641289
1   6   5   7   -0.0000225794
1   6   5   10   0.0001598506
1   7   1   6   -0.0001348358
1   7   1   7   0.1383079814
1   7   1   10   -0.0119682075
1   7   2   6   0.0000030085
1   7   2   7   0.0000370002
1   7   2   10   -0.0000211868
1   7   3   8   0.0000075671
1   7   4   9   0.0000075671
1   7   5   6   0.0000001487
1   7   5   7   -0.0002888802
1   7   5   10   0.0000441699
1   8   1   8   0.1376674101
1   8   2   8   0.0000344402
1   8   3   6   -0.0000009082
1   8   3   7   0.0000082908
1   8   3   10   -0.0000059150
1   8   5   8   -0.0002754542
1   9   1   9   0.1376674101
1   9   2   9   0.0000344402
1   9   4   6   -0.0000009082
1   9   4   7   0.0000082908
1   9   4   10   -0.0000059150
1   9   5   9   -0.0002754542
1   10   1   6   0.0109641289
1   10   1   7   -0.0119682075
1   10   1   10   0.1479315057
1   10   2   6   0.0000001487
1   10   2   7   -0.0000184064
1   10   2   10   0.0000339098
1   10   3   8   -0.0000046868
1   10   4   9   -0.0000046868
1   10   5   6   0.0001710905
1   10   5   7   0.0000449728
1   10   5   10   -0.0003062395
2   6   1   6   -0.0001348358
2   6   1   7   0.0000030085
2   6   1   10   0.0000001487
2   6   2   6   0.1383079814
2   6   2   7   0.0000370002
2   6   2   10   -0.0002888802
2   6   3   8   0.0000075671
2   6   4   9   0.0000075671
2   6   5   6   -0.0119682075
2   6   5   7   -0.0000211868
2   6   5   10   0.0000441699
2   7   1   6   0.0000089437
2   7   1   7   0.0000370002
2   7   1   10   -0.0000184064
2   7   2   6   0.0000370002
2   7   2   7   0.8719020218
2   7   2   10   0.0079941824
2   7   3   8   0.1537155559
2   7   4   9   0.1537155559
2   7   5   6   -0.0000184064
2   7   5   7   0.0079941824
2   7   5   10   0.1440324246
2   8   1   8   0.0000344402
2   8   2   8   0.8187739826
2   8   3   6   0.0000082908
2   8   3   7   0.1584195166
2   8   3   10   0.0017044591
2   8   5   8   0.0072589028
2   9   1   9   0.0000344402
2   9   2   9   0.8187739826
2   9   4   6   0.0000082908
2   9   4   7   0.1584195166
2   9   4   10   0.0017044591
2   9   5   9   0.0072589028
2   10   1   6   -0.0000225794
2   10   1   7   -0.0000211868
2   10   1   10   0.0000339098
2   10   2   6   -0.0002888802
2   10   2   7   0.0079941824
2   10   2   10   0.7808815543
2   10   3   8   0.0016026189
2   10   4   9   0.0016026189
2   10   5   6   0.0000449728
2   10   5   7   0.1493030243
2   10   5   10   0.0069801010
3   6   1   8   -0.0000009082
3   6   2   8   0.0000082908
3   6   3   6   0.1376674101
3   6   3   7   0.0000344402
3   6   3   10   -0.0002754542
3   6   5   8   -0.0000059150
3   7   1   8   0.0000082908
3   7   2   8   0.1584195166
3   7   3   6   0.0000344402
3   7   3   7   0.8187739826
3   7   3   10   0.0072589028
3   7   5   8   0.0017044591
3   8   1   6   0.0000131783
3   8   1   7   0.0000075671
3   8   1   10   -0.0000046868
3   8   2   6   0.0000075671
3   8   2   7   0.1537155559
3   8   2   10   0.0016026189
3   8   3   8   0.8171717591
3   8   3   9   -0.0000000000
3   8   4   8   -0.0000000000
3   8   4   9   0.0319333326
3   8   5   6   -0.0000046868
3   8   5   7   0.0016026189
3   8   5   10   0.0300493663
3   9   3   8   -0.0000000000
3   9   3   9   0.7471826699
3   9   4   8   0.0380557567
3   9   4   9   -0.0000000000
3   10   1   8   -0.0000059150
3   10   2   8   0.0017044591
3   10   3   6   -0.0002754542
3   10   3   7   0.0072589028
3   10   3   10   0.7139470621
3   10   4   10   -0.0000000000
3   10   5   8   0.0359076581
4   6   1   9   -0.0000009082
4   6   2   9   0.0000082908
4   6   4   6   0.1376674101
4   6   4   7   0.0000344402
4   6   4   10   -0.0002754542
4   6   5   9   -0.0000059150
4   7   1   9   0.0000082908
4   7   2   9   0.1584195166
4   7   4   6   0.0000344402
4   7   4   7   0.8187739826
4   7   4   10   0.0072589028
4   7   5   9   0.0017044591
4   8   3   8   -0.0000000000
4   8   3   9   0.0380557567
4   8   4   8   0.7471826699
4   8   4   9   -0.0000000000
4   9   1   6   0.0000131783
4   9   1   7   0.0000075671
4   9   1   10   -0.0000046868
4   9   2   6   0.0000075671
4   9   2   7   0.1537155559
4   9   2   10   0.0016026189
4   9   3   8   0.0319333326
4   9   3   9   -0.0000000000
4   9   4   8   -0.0000000000
4   9   4   9   0.8171717591
4   9   5   6   -0.0000046868
4   9   5   7   0.0016026189
4   9   5   10   0.0300493663
4   10   1   9   -0.0000059150
4   10   2   9   0.0017044591
4   10   3   10   -0.0000000000
4   10   4   6   -0.0002754542
4   10   4   7   0.0072589028
4   10   4   10   0.7139470621
4   10   5   9   0.0359076581
5   6   1   6   0.0109641289
5   6   1   7   0.0000001487
5   6   1   10   0.0001710905
5   6   2   6   -0.0119682075
5   6   2   7   -0.0000184064
5   6   2   10   0.0000449728
5   6   3   8   -0.0000046868
5   6   4   9   -0.0000046868
5   6   5   6   0.1479315057
5   6   5   7   0.0000339098
5   6   5   10   -0.0003062395
5   7   1   6   -0.0000225794
5   7   1   7   -0.0002888802
5   7   1   10   0.0000449728
5   7   2   6   -0.0000211868
5   7   2   7   0.0079941824
5   7   2   10   0.1493030243
5   7   3   8   0.0016026189
5   7   4   9   0.0016026189
5   7   5   6   0.0000339098
5   7   5   7   0.7808815543
5   7   5   10   0.0069801010
5   8   1   8   -0.0002754542
5   8   2   8   0.0072589028
5   8   3   6   -0.0000059150
5   8   3   7   0.0017044591
5   8   3   10   0.0359076581
5   8   5   8   0.7139470621
5   8   5   9   -0.0000000000
5   9   1   9   -0.0002754542
5   9   2   9   0.0072589028
5   9   4   6   -0.0000059150
5   9   4   7   0.0017044591
5   9   4   10   0.0359076581
5   9   5   8   -0.0000000000
5   9   5   9   0.7139470621
5   10   1   6   0.0001598506
5   10   1   7   0.0000441699
5   10   1   10   -0.0003062395
5   10   2   6   0.0000441699
5   10   2   7   0.1440324246
5   10   2   10   0.0069801010
5   10   3   8   0.0300493663
5   10   4   9   0.0300493663
5   10   5   6   -0.0003062395
5   10   5   7   0.0069801010
5   10   5   10   0.7479258900

End IJKL Block
Begin IJAB Block
1   6   1   5   0.0128170367
1   6   1   8   0.0086196537
1   6   2   6   0.0021022139
1   6   3   7   0.0021022139
1   6   4   5   0.0086196537
1   6   4   8   0.0081864817
1   7   1   5   -0.0000015417
1   7   1   8   -0.0000024056
1   7   2   6   0.0000063253
1   7   3   7   0.0000063253
1   7   4   5   -0.0000082243
1   7   4   8   -0.0000003042
1   8   1   6   0.0000009882
1   8   1   7   -0.0000099408
1   8   2   5   -0.0000052116
1   8   2   8   -0.0000106995
1   8   3   5   0.0000524277
1   8   3   8   0.0001076344
1   8   4   6   0.0000012478
1   8   4   7   -0.0000125531
1   9   1   6   -0.0000099408
1   9   1   7   -0.0000009882
1   9   2   5   0.0000524277
1   9   2   8   0.0001076344
1   9   3   5   0.0000052116
1   9   3   8   0.0000106995
1   9   4   6   -0.0000125531
1   9   4   7   -0.0000012478
1   10   1   5   0.0003527974
1   10   1   8   0.0005888937
1   10   2   6   -0.0003030966
1   10   3   7   -0.0003030966
1   10   4   5   0.0001927606
1   10   4   8   -0.0001518909
2   6   1   5   -0.0000015417
2   6   1   8   -0.0000082243
2   6   2   6   0.0000063253
2   6   3   7   0.0000063253
2   6   4   5   -0.0000024056
2   6   4   8   -0.0000003042
2   7   1   5   0.0010859687
2   7   1   8   0.0016148534
2   7   2   6   0.0003983385
2   7   3   7   0.0003983385
2   7   4   5   0.0016148534
2   7   4   8   0.0029142134
2   8   1   6   -0.0000104180
2   8   1   7   0.0001048030
2   8   2   5   -0.0000056149
2   8   2   8   -0.0000380101
2   8   3   5   0.0000564849
2   8   3   8   0.0003823743
2   8   4   6   -0.0000865440
2   8   4   7   0.0008706152
2   9   1   6   0.0001048030
2   9   1   7   0.0000104180
2   9   2   5   0.0000564849
2   9   2   8   0.0003823743
2   9   3   5   0.0000056149
2   9   3   8   0.0000380101
2   9   4   6   0.0008706152
2   9   4   7   0.0000865440
2   10   1   5   -0.0003305593
2   10   1   8   -0.0010894881
2   10   2   6   -0.0000422469
2   10   3   7   -0.0000422469
2   10   4   5   -0.0017587653
2   10   4   8   -0.0031761442
3   6   1   6   -0.0000052116
3   6   1   7   0.0000524277
3   6   2   5   0.0000009882
3   6   2   8   0.0000012478
3   6   3   5   -0.0000099408
3   6   3   8   -0.0000125531
3   6   4   6   -0.0000106995
3   6   4   7   0.0001076344
3   7   1   6   -0.0000056149
3   7   1   7   0.0000564849
3   7   2   5   -0.0000104180
3   7   2   8   -0.0000865440
3   7   3   5   0.0001048030
3   7   3   8   0.0008706152
3   7   4   6   -0.0000380101
3   7   4   7   0.0003823743
3   8   1   5   0.0006655817
3   8   1   8   0.0008626166
3   8   2   6   0.0002113898
3   8   2   7   -0.0001095386
3   8   3   6   -0.0001095386
3   8   3   7   0.0013024380
3   8   4   5   0.0008626166
3   8   4   8   0.0016006781
3   9   2   6   -0.0001095386
3   9   2   7   0.0001723347
3   9   3   6   0.0009187135
3   9   3   7   0.0001095386
3   10   1   6   0.0000477688
3   10   1   7   -0.0004805449
3   10   2   5   0.0001580099
3   10   2   8   0.0002270328
3   10   3   5   -0.0015895485
3   10   3   8   -0.0022839048
3   10   4   6   0.0000582816
3   10   4   7   -0.0005863017
4   6   1   6   0.0000524277
4   6   1   7   0.0000052116
4   6   2   5   -0.0000099408
4   6   2   8   -0.0000125531
4   6   3   5   -0.0000009882
4   6   3   8   -0.0000012478
4   6   4   6   0.0001076344
4   6   4   7   0.0000106995
4   7   1   6   0.0000564849
4   7   1   7   0.0000056149
4   7   2   5   0.0001048030
4   7   2   8   0.0008706152
4   7   3   5   0.0000104180
4   7   3   8   0.0000865440
4   7   4   6   0.0003823743
4   7   4   7   0.0000380101
4   8   2   6   -0.0001095386
4   8   2   7   0.0009187135
4   8   3   6   0.0001723347
4   8   3   7   0.0001095386
4   9   1   5   0.0006655817
4   9   1   8   0.0008626166
4   9   2   6   0.0013024380
4   9   2   7   0.0001095386
4   9   3   6   0.0001095386
4   9   3   7   0.0002113898
4   9   4   5   0.0008626166
4   9   4   8   0.0016006781
4   10   1   6   -0.0004805449
4   10   1   7   -0.0000477688
4   10   2   5   -0.0015895485
4   10   2   8   -0.0022839048
4   10   3   5   -0.0001580099
4   10   3   8   -0.0002270328
4   10   4   6   -0.0005863017
4   10   4   7   -0.0000582816
5   6   1   5   0.0003527974
5   6   1   8   0.0001927606
5   6   2   6   -0.0003030966
5   6   3   7   -0.0003030966
5   6   4   5   0.0005888937
5   6   4   8   -0.0001518909
5   7   1   5   -0.0003305593
5   7   1   8   -0.0017587653
5   7   2   6   -0.0000422469
5   7   3   7   -0.0000422469
5   7   4   5   -0.0010894881
5   7   4   8   -0.0031761442
5   8   1   6   0.0001580099
5   8   1   7   -0.0015895485
5   8   2   5   0.0000477688
5   8   2   8   0.0000582816
5   8   3   5   -0.0004805449
5   8   3   8   -0.0005863017
5   8   4   6   0.0002270328
5   8   4   7   -0.0022839048
5   9   1   6   -0.0015895485
5   9   1   7   -0.0001580099
5   9   2   5   -0.0004805449
5   9   2   8   -0.0005863017
5   9   3   5   -0.0000477688
5   9   3   8   -0.0000582816
5   9   4   6   -0.0022839048
5   9   4   7   -0.0002270328
5   10   1   5   0.0044083761
5   10   1   8   0.0062526535
5   10   2   6   0.0007549349
5   10   3   7   0.0007549349
5   10   4   5   0.0062526535
5   10   4   8   0.0095611144

End IJAB Block
Begin ABCD Block
1   5   1   5   0.2343190183
1   5   1   8   0.0001276160
1   5   2   6   0.0363662429
1   5   3   7   0.0363662429
1   5   4   5   0.0001276160
1   5   4   8   0.0273236467
1   6   1   6   0.1860171495
1   6   2   5   0.0363676995
1   6   2   8   0.0082833577
1   6   4   6   0.0118855417
1   7   1   7   0.1860171495
1   7   3   5   0.0363676995
1   7   3   8   0.0082833577
1   7   4   7   0.0118855417
1   8   1   5   0.0001276160
1   8   1   8   0.1820332144
1   8   2   6   0.0082820752
1   8   3   7   0.0082820752
1   8   4   5   0.0273367980
1   8   4   8   0.0131172669
2   5   1   6   0.0363676995
2   5   2   5   0.1860171495
2   5   2   8   0.0118855417
2   5   4   6   0.0082833577
2   6   1   5   0.0363662429
2   6   1   8   0.0082820752
2   6   2   6   0.1748859365
2   6   3   7   0.0093562595
2   6   4   5   0.0082820752
2   6   4   8   0.0118642035
2   7   2   7   0.1561735165
2   7   3   6   0.0093561605
2   8   1   6   0.0082833577
2   8   2   5   0.0118855417
2   8   2   8   0.1587215004
2   8   4   6   0.0118654554
3   5   1   7   0.0363676995
3   5   3   5   0.1860171495
3   5   3   8   0.0118855417
3   5   4   7   0.0082833577
3   6   2   7   0.0093561605
3   6   3   6   0.1561735165
3   7   1   5   0.0363662429
3   7   1   8   0.0082820752
3   7   2   6   0.0093562595
3   7   3   7   0.1748859365
3   7   4   5   0.0082820752
3   7   4   8   0.0118642035
3   8   1   7   0.0082833577
3   8   3   5   0.0118855417
3   8   3   8   0.1587215004
3   8   4   7   0.0118654554
4   5   1   5   0.0001276160
4   5   1   8   0.0273367980
4   5   2   6   0.0082820752
4   5   3   7   0.0082820752
4   5   4   5   0.1820332144
4   5   4   8   0.0131172669
4   6   1   6   0.0118855417
4   6   2   5   0.0082833577
4   6   2   8   0.0118654554
4   6   4   6   0.1587215004
4   7   1   7   0.0118855417
4   7   3   5   0.0082833577
4   7   3   8   0.0118654554
4   7   4   7   0.1587215004
4   8   1   5   0.0273236467
4   8   1   8   0.0131172669
4   8   2   6   0.0118642035
4   8   3   7   0.0118642035
4   8   4   5   0.0131172669
4   8   4   8   0.1759065262

End ABCD Block
Begin AIJB Block
1   6   1   5   0.0099701742
1   6   1   8   0.0065782150
1   6   2   5   0.0000017301
1   6   2   8   -0.0000068800
1   6   3   6   -0.0000044098
1   6   3   7   0.0000443614
1   6   4   6   0.0000443614
1   6   4   7   0.0000044098
1   6   5   5   0.0001959467
1   6   5   8   0.0000180850
1   7   1   5   0.0000017301
1   7   1   8   0.0000019740
1   7   2   5   0.0009783989
1   7   2   8   0.0013636056
1   7   3   6   -0.0000021285
1   7   3   7   0.0000214126
1   7   4   6   0.0000214126
1   7   4   7   0.0000021285
1   7   5   5   -0.0000416526
1   7   5   8   -0.0008686699
1   8   1   6   0.0000005560
1   8   1   7   -0.0000055929
1   8   2   6   -0.0000036433
1   8   2   7   0.0000366513
1   8   3   5   0.0001864293
1   8   3   8   0.0003489136
1   8   5   6   0.0001646290
1   8   5   7   -0.0016561352
1   9   1   6   -0.0000055929
1   9   1   7   -0.0000005560
1   9   2   6   0.0000366513
1   9   2   7   0.0000036433
1   9   4   5   0.0001864293
1   9   4   8   0.0003489136
1   9   5   6   -0.0016561352
1   9   5   7   -0.0001646290
1   10   1   5   0.0001959467
1   10   1   8   0.0003792582
1   10   2   5   -0.0000416526
1   10   2   8   -0.0002531018
1   10   3   6   0.0000187028
1   10   3   7   -0.0001881461
1   10   4   6   -0.0001881461
1   10   4   7   -0.0000187028
1   10   5   5   0.0036534403
1   10   5   8   0.0048109429
2   6   1   6   0.0018519811
2   6   2   6   0.0000017562
2   6   3   5   0.0000005560
2   6   3   8   -0.0000002644
2   6   4   5   -0.0000055929
2   6   4   8   0.0000026595
2   6   5   6   -0.0002282092
2   7   1   6   0.0000017562
2   7   2   6   0.0003166956
2   7   3   5   -0.0000036433
2   7   3   8   -0.0000560091
2   7   4   5   0.0000366513
2   7   4   8   0.0005634408
2   7   5   6   0.0000193682
2   8   1   5   -0.0000044098
2   8   1   8   -0.0000095175
2   8   2   5   -0.0000021285
2   8   2   8   -0.0000162143
2   8   3   6   0.0001057526
2   8   3   7   -0.0001015904
2   8   4   6   -0.0001015904
2   8   4   7   0.0009220883
2   8   5   5   0.0000187028
2   8   5   8   0.0000375934
2   9   1   5   0.0000443614
2   9   1   8   0.0000957443
2   9   2   5   0.0000214126
2   9   2   8   0.0001631127
2   9   3   6   -0.0001015904
2   9   3   7   0.0000897919
2   9   4   6   0.0011176328
2   9   4   7   0.0001015904
2   9   5   5   -0.0001881461
2   9   5   8   -0.0003781823
2   10   1   6   -0.0002282092
2   10   2   6   0.0000193682
2   10   3   5   0.0001646290
2   10   3   8   0.0002194618
2   10   4   5   -0.0016561352
2   10   4   8   -0.0022077420
2   10   5   6   0.0003826469
3   6   1   7   0.0018519811
3   6   2   7   0.0000017562
3   6   3   5   -0.0000055929
3   6   3   8   0.0000026595
3   6   4   5   -0.0000005560
3   6   4   8   0.0000002644
3   6   5   7   -0.0002282092
3   7   1   7   0.0000017562
3   7   2   7   0.0003166956
3   7   3   5   0.0000366513
3   7   3   8   0.0005634408
3   7   4   5   0.0000036433
3   7   4   8   0.0000560091
3   7   5   7   0.0000193682
3   8   1   5   0.0000443614
3   8   1   8   0.0000957443
3   8   2   5   0.0000214126
3   8   2   8   0.0001631127
3   8   3   6   -0.0001015904
3   8   3   7   0.0011176328
3   8   4   6   0.0000897919
3   8   4   7   0.0001015904
3   8   5   5   -0.0001881461
3   8   5   8   -0.0003781823
3   9   1   5   0.0000044098
3   9   1   8   0.0000095175
3   9   2   5   0.0000021285
3   9   2   8   0.0000162143
3   9   3   6   0.0009220883
3   9   3   7   0.0001015904
3   9   4   6   0.0001015904
3   9   4   7   0.0001057526
3   9   5   5   -0.0000187028
3   9   5   8   -0.0000375934
3   10   1   7   -0.0002282092
3   10   2   7   0.0000193682
3   10   3   5   -0.0016561352
3   10   3   8   -0.0022077420
3   10   4   5   -0.0001646290
3   10   4   8   -0.0002194618
3   10   5   7   0.0003826469
4   6   1   5   0.0065782150
4   6   1   8   0.0064584487
4   6   2   5   0.0000019740
4   6   2   8   -0.0000032639
4   6   3   6   -0.0000095175
4   6   3   7   0.0000957443
4   6   4   6   0.0000957443
4   6   4   7   0.0000095175
4   6   5   5   0.0003792582
4   6   5   8   -0.0002179942
4   7   1   5   -0.0000068800
4   7   1   8   -0.0000032639
4   7   2   5   0.0013636056
4   7   2   8   0.0023285406
4   7   3   6   -0.0000162143
4   7   3   7   0.0001631127
4   7   4   6   0.0001631127
4   7   4   7   0.0000162143
4   7   5   5   -0.0002531018
4   7   5   8   -0.0015832541
4   8   1   6   -0.0000002644
4   8   1   7   0.0000026595
4   8   2   6   -0.0000560091
4   8   2   7   0.0005634408
4   8   3   5   0.0003489136
4   8   3   8   0.0008468078
4   8   5   6   0.0002194618
4   8   5   7   -0.0022077420
4   9   1   6   0.0000026595
4   9   1   7   0.0000002644
4   9   2   6   0.0005634408
4   9   2   7   0.0000560091
4   9   4   5   0.0003489136
4   9   4   8   0.0008468078
4   9   5   6   -0.0022077420
4   9   5   7   -0.0002194618
4   10   1   5   0.0000180850
4   10   1   8   -0.0002179942
4   10   2   5   -0.0008686699
4   10   2   8   -0.0015832541
4   10   3   6   0.0000375934
4   10   3   7   -0.0003781823
4   10   4   6   -0.0003781823
4   10   4   7   -0.0000375934
4   10   5   5   0.0048109429
4   10   5   8   0.0076785968

1   6   6   1   -0.2919432544
1   6   6   4   -0.0545633482
1   6   7   1   0.0000081887
1   6   7   4   0.0000012751
1   6   8   2   0.0000034125
1   6   8   3   -0.0000343291
1   6   9   2   -0.0000343291
1   6   9   3   -0.0000034125
1   6   10   1   -0.0005435433
1   6   10   4   0.0000832784
1   7   6   1   0.0000081887
1   7   6   4   0.0000012141
1   7   7   1   -0.1114499106
1   7   7   4   -0.0296363284
1   7   8   2   0.0002041017
1   7   8   3   -0.0020532220
1   7   9   2   -0.0020532220
1   7   9   3   -0.0002041017
1   7   10   1   0.0067978908
1   7   10   4   0.0030486547
1   8   6   2   0.0000033942
1   8   6   3   -0.0000341452
1   8   7   2   0.0002039644
1   8   7   3   -0.0020518414
1   8   8   1   -0.1106484945
1   8   8   4   -0.0286460431
1   8   10   2   -0.0000743571
1   8   10   3   0.0007480172
1   9   6   2   -0.0000341452
1   9   6   3   -0.0000033942
1   9   7   2   -0.0020518414
1   9   7   3   -0.0002039644
1   9   9   1   -0.1106484945
1   9   9   4   -0.0286460431
1   9   10   2   0.0007480172
1   9   10   3   0.0000743571
1   10   6   1   -0.0005435433
1   10   6   4   0.0000880242
1   10   7   1   0.0067978908
1   10   7   4   0.0030573940
1   10   8   2   -0.0000766284
1   10   8   3   0.0007708668
1   10   9   2   0.0007708668
1   10   9   3   0.0000766284
1   10   10   1   -0.1149011878
1   10   10   4   -0.0303441428
2   6   6   2   -0.2255729311
2   6   7   2   0.0000037761
2   6   8   1   0.0000033942
2   6   8   4   0.0000019654
2   6   9   1   -0.0000341452
2   6   9   4   -0.0000197710
2   6   10   2   -0.0001478351
2   7   6   2   0.0000037761
2   7   7   2   -0.1123925494
2   7   8   1   0.0002039644
2   7   8   4   0.0002510117
2   7   9   1   -0.0020518414
2   7   9   4   -0.0025251278
2   7   10   2   0.0063657681
2   8   6   1   0.0000034125
2   8   6   4   0.0000019828
2   8   7   1   0.0002041017
2   8   7   4   0.0002512205
2   8   8   2   -0.1119462520
2   8   8   3   0.0000549785
2   8   9   2   0.0000549785
2   8   9   3   -0.0002689188
2   8   10   1   -0.0000766284
2   8   10   4   -0.0000859409
2   9   6   1   -0.0000343291
2   9   6   4   -0.0000199465
2   9   7   1   -0.0020532220
2   9   7   4   -0.0025272279
2   9   8   2   0.0000549785
2   9   8   3   -0.0002786886
2   9   9   2   -0.1124938594
2   9   9   3   -0.0000549785
2   9   10   1   0.0007708668
2   9   10   4   0.0008645487
2   10   6   2   -0.0001478351
2   10   7   2   0.0063657681
2   10   8   1   -0.0000743571
2   10   8   4   -0.0000829392
2   10   9   1   0.0007480172
2   10   9   4   0.0008343516
2   10   10   2   -0.1157951301
3   6   6   3   -0.2255729311
3   6   7   3   0.0000037761
3   6   8   1   -0.0000341452
3   6   8   4   -0.0000197710
3   6   9   1   -0.0000033942
3   6   9   4   -0.0000019654
3   6   10   3   -0.0001478351
3   7   6   3   0.0000037761
3   7   7   3   -0.1123925494
3   7   8   1   -0.0020518414
3   7   8   4   -0.0025251278
3   7   9   1   -0.0002039644
3   7   9   4   -0.0002510117
3   7   10   3   0.0063657681
3   8   6   1   -0.0000343291
3   8   6   4   -0.0000199465
3   8   7   1   -0.0020532220
3   8   7   4   -0.0025272279
3   8   8   2   0.0000549785
3   8   8   3   -0.1124938594
3   8   9   2   -0.0002786886
3   8   9   3   -0.0000549785
3   8   10   1   0.0007708668
3   8   10   4   0.0008645487
3   9   6   1   -0.0000034125
3   9   6   4   -0.0000019828
3   9   7   1   -0.0002041017
3   9   7   4   -0.0002512205
3   9   8   2   -0.0002689188
3   9   8   3   -0.0000549785
3   9   9   2   -0.0000549785
3   9   9   3   -0.1119462520
3   9   10   1   0.0000766284
3   9   10   4   0.0000859409
3   10   6   3   -0.0001478351
3   10   7   3   0.0063657681
3   10   8   1   0.0007480172
3   10   8   4   0.0008343516
3   10   9   1   0.0000743571
3   10   9   4   0.0000829392
3   10   10   3   -0.1157951301
4   6   6   1   -0.0545633482
4   6   6   4   -0.2467504487
4   6   7   1   0.0000012141
4   6   7   4   0.0000047631
4   6   8   2   0.0000019828
4   6   8   3   -0.0000199465
4   6   9   2   -0.0000199465
4   6   9   3   -0.0000019828
4   6   10   1   0.0000880242
4   6   10   4   0.0000409082
4   7   6   1   0.0000012751
4   7   6   4   0.0000047631
4   7   7   1   -0.0296363284
4   7   7   4   -0.1407382176
4   7   8   2   0.0002512205
4   7   8   3   -0.0025272279
4   7   9   2   -0.0025272279
4   7   9   3   -0.0002512205
4   7   10   1   0.0030573940
4   7   10   4   0.0096141239
4   8   6   2   0.0000019654
4   8   6   3   -0.0000197710
4   8   7   2   0.0002510117
4   8   7   3   -0.0025251278
4   8   8   1   -0.0286460431
4   8   8   4   -0.1392398926
4   8   10   2   -0.0000829392
4   8   10   3   0.0008343516
4   9   6   2   -0.0000197710
4   9   6   3   -0.0000019654
4   9   7   2   -0.0025251278
4   9   7   3   -0.0002510117
4   9   9   1   -0.0286460431
4   9   9   4   -0.1392398926
4   9   10   2   0.0008343516
4   9   10   3   0.0000829392
4   10   6   1   0.0000832784
4   10   6   4   0.0000409082
4   10   7   1   0.0030486547
4   10   7   4   0.0096141239
4   10   8   2   -0.0000859409
4   10   8   3   0.0008645487
4   10   9   2   0.0008645487
4   10   9   3   0.0000859409
4   10   10   1   -0.0303441428
4   10   10   4   -0.1447663988

End AIJB Block
Begin IJKA Block
1   6   1   5   -0.1030358900
1   6   1   8   -0.0768051602
1   6   2   5   0.0000240021
1   6   2   8   0.0000138995
1   6   3   6   -0.0000020647
1   6   3   7   0.0000207700
1   6   4   6   0.0000207700
1   6   4   7   0.0000020647
1   6   5   5   -0.0010912521
1   6   5   8   -0.0009741003
1   7   1   5   -0.0002953564
1   7   1   8   -0.0003605536
1   7   2   5   -0.0000004335
1   7   2   8   -0.0000071448
1   7   3   6   0.0000000564
1   7   3   7   -0.0000005676
1   7   4   6   -0.0000005676
1   7   4   7   -0.0000000564
1   7   5   5   0.0000016769
1   7   5   8   0.0000027967
1   8   1   6   -0.0001273751
1   8   1   7   0.0012813681
1   8   2   6   0.0000001651
1   8   2   7   -0.0000016604
1   8   3   5   0.0000019258
1   8   3   8   0.0000004172
1   8   5   6   -0.0000002667
1   8   5   7   0.0000026827
1   9   1   6   0.0012813681
1   9   1   7   0.0001273751
1   9   2   6   -0.0000016604
1   9   2   7   -0.0000001651
1   9   4   5   0.0000019258
1   9   4   8   0.0000004172
1   9   5   6   0.0000026827
1   9   5   7   0.0000002667
1   10   1   5   -0.0090329083
1   10   1   8   -0.0199423726
1   10   2   5   0.0000062172
1   10   2   8   0.0000032222
1   10   3   6   0.0000008233
1   10   3   7   -0.0000082824
1   10   4   6   -0.0000082824
1   10   4   7   -0.0000008233
1   10   5   5   -0.0000155287
1   10   5   8   -0.0000086291
2   6   1   5   0.0000137331
2   6   1   8   0.0000051201
2   6   2   5   -0.0007338744
2   6   2   8   0.0011154352
2   6   3   6   -0.0000117659
2   6   3   7   0.0001183630
2   6   4   6   0.0001183630
2   6   4   7   0.0000117659
2   6   5   5   0.0001169745
2   6   5   8   -0.0001796345
2   7   1   5   -0.0000009449
2   7   1   8   -0.0000033086
2   7   2   5   -0.0026806825
2   7   2   8   -0.0168800421
2   7   3   6   0.0006922961
2   7   3   7   -0.0069643611
2   7   4   6   -0.0069643611
2   7   4   7   -0.0006922961
2   7   5   5   0.0117009623
2   7   5   8   0.0163865733
2   8   1   6   0.0000001006
2   8   1   7   -0.0000010119
2   8   2   6   0.0021548983
2   8   2   7   -0.0216778480
2   8   3   5   -0.0005488140
2   8   3   8   -0.0034639049
2   8   5   6   0.0000682519
2   8   5   7   -0.0006866008
2   9   1   6   -0.0000010119
2   9   1   7   -0.0000001006
2   9   2   6   -0.0216778480
2   9   2   7   -0.0021548983
2   9   4   5   -0.0005488140
2   9   4   8   -0.0034639049
2   9   5   6   -0.0006866008
2   9   5   7   -0.0000682519
2   10   1   5   0.0000059172
2   10   1   8   0.0000023310
2   10   2   5   0.0294814308
2   10   2   8   0.0420088074
2   10   3   6   0.0000703516
2   10   3   7   -0.0007077229
2   10   4   6   -0.0007077229
2   10   4   7   -0.0000703516
2   10   5   5   0.0004723496
2   10   5   8   -0.0013643909
3   6   1   6   -0.0000009979
3   6   1   7   0.0000100386
3   6   2   6   -0.0000112825
3   6   2   7   0.0001135002
3   6   3   5   -0.0007215868
3   6   3   8   0.0010960930
3   6   5   6   0.0000051995
3   6   5   7   -0.0000523063
3   7   1   6   -0.0000000277
3   7   1   7   0.0000002784
3   7   2   6   0.0006822025
3   7   2   7   -0.0068628216
3   7   3   5   -0.0022809452
3   7   3   8   -0.0151334214
3   7   5   6   0.0000132364
3   7   5   7   -0.0001331558
3   8   1   5   0.0000042510
3   8   1   8   -0.0000000223
3   8   2   5   -0.0005394317
3   8   2   8   -0.0033978234
3   8   3   6   0.0023422675
3   8   3   7   -0.0235627450
3   8   4   6   -0.0021092764
3   8   4   7   -0.0002096738
3   8   5   5   0.0043718181
3   8   5   8   0.0053869470
3   9   3   6   -0.0193247385
3   9   3   7   -0.0019209862
3   9   4   6   0.0002116076
3   9   4   7   -0.0021287301
3   10   1   6   0.0000012847
3   10   1   7   -0.0000129235
3   10   2   6   0.0000551482
3   10   2   7   -0.0005547796
3   10   3   5   0.0263370510
3   10   3   8   0.0366983815
3   10   5   6   0.0002170995
3   10   5   7   -0.0021839782
4   6   1   6   0.0000100386
4   6   1   7   0.0000009979
4   6   2   6   0.0001135002
4   6   2   7   0.0000112825
4   6   4   5   -0.0007215868
4   6   4   8   0.0010960930
4   6   5   6   -0.0000523063
4   6   5   7   -0.0000051995
4   7   1   6   0.0000002784
4   7   1   7   0.0000000277
4   7   2   6   -0.0068628216
4   7   2   7   -0.0006822025
4   7   4   5   -0.0022809452
4   7   4   8   -0.0151334214
4   7   5   6   -0.0001331558
4   7   5   7   -0.0000132364
4   8   3   6   -0.0021287301
4   8   3   7   -0.0002116076
4   8   4   6   0.0019209862
4   8   4   7   -0.0193247385
4   9   1   5   0.0000042510
4   9   1   8   -0.0000000223
4   9   2   5   -0.0005394317
4   9   2   8   -0.0033978234
4   9   3   6   0.0002096738
4   9   3   7   -0.0021092764
4   9   4   6   -0.0235627450
4   9   4   7   -0.0023422675
4   9   5   5   0.0043718181
4   9   5   8   0.0053869470
4   10   1   6   -0.0000129235
4   10   1   7   -0.0000012847
4   10   2   6   -0.0005547796
4   10   2   7   -0.0000551482
4   10   4   5   0.0263370510
4   10   4   8   0.0366983815
4   10   5   6   -0.0021839782
4   10   5   7   -0.0002170995
5   6   1   5   -0.0011256810
5   6   1   8   -0.0010195183
5   6   2   5   0.0001151455
5   6   2   8   -0.0001690325
5   6   3   6   0.0000051453
5   6   3   7   -0.0000517609
5   6   4   6   -0.0000517609
5   6   4   7   -0.0000051453
5   6   5   5   -0.0008736607
5   6   5   8   0.0012056494
5   7   1   5   0.0000040564
5   7   1   8   0.0000040417
5   7   2   5   0.0116196971
5   7   2   8   0.0164663292
5   7   3   6   0.0000158153
5   7   3   7   -0.0001590987
5   7   4   6   -0.0001590987
5   7   4   7   -0.0000158153
5   7   5   5   -0.0020127762
5   7   5   8   -0.0141936831
5   8   1   6   0.0000001871
5   8   1   7   -0.0000018825
5   8   2   6   0.0000492598
5   8   2   7   -0.0004955437
5   8   3   5   0.0041096552
5   8   3   8   0.0052911014
5   8   5   6   0.0018785403
5   8   5   7   -0.0188977415
5   9   1   6   -0.0000018825
5   9   1   7   -0.0000001871
5   9   2   6   -0.0004955437
5   9   2   7   -0.0000492598
5   9   4   5   0.0041096552
5   9   4   8   0.0052911014
5   9   5   6   -0.0188977415
5   9   5   7   -0.0018785403
5   10   1   5   -0.0000047319
5   10   1   8   -0.0000101923
5   10   2   5   -0.0001603529
5   10   2   8   -0.0019269107
5   10   3   6   0.0002067263
5   10   3   7   -0.0020796251
5   10   4   6   -0.0020796251
5   10   4   7   -0.0002067263
5   10   5   5   0.0364959359
5   10   5   8   0.0478871342

End IJKA Block
Begin IABC Block
1   5   1   5   -0.0004477287
1   5   1   8   -0.0018740051
1   5   2   6   0.0030414432
1   5   3   7   0.0030414432
1   5   4   5   -0.0032305940
1   5   4   8   0.0005410008
1   6   1   6   -0.0002299454
1   6   2   5   0.0030620381
1   6   2   8   0.0016329926
1   6   4   6   -0.0006831525
1   7   1   7   -0.0002299454
1   7   3   5   0.0030620381
1   7   3   8   0.0016329926
1   7   4   7   -0.0006831525
1   8   1   5   -0.0018874681
1   8   1   8   -0.0018918814
1   8   2   6   0.0016208076
1   8   3   7   0.0016208076
1   8   4   5   0.0005558252
1   8   4   8   0.0002350783
2   5   1   5   -0.0001898858
2   5   1   8   -0.0001640722
2   5   2   6   0.0000063508
2   5   3   7   0.0000063508
2   5   4   5   -0.0004481102
2   5   4   8   -0.0002528309
2   6   1   6   -0.0001966784
2   6   2   5   0.0000048410
2   6   2   8   0.0000069843
2   6   4   6   -0.0002871542
2   7   1   7   -0.0001966784
2   7   3   5   0.0000048410
2   7   3   8   0.0000069843
2   7   4   7   -0.0002871542
2   8   1   5   -0.0001704960
2   8   1   8   -0.0003334550
2   8   2   6   0.0000095701
2   8   3   7   0.0000095701
2   8   4   5   -0.0002564659
2   8   4   8   -0.0007147065
3   5   1   6   -0.0000355365
3   5   1   7   0.0003574902
3   5   2   5   -0.0000656645
3   5   2   8   -0.0000028829
3   5   3   5   0.0006605714
3   5   3   8   0.0000290015
3   5   4   6   -0.0001145503
3   5   4   7   0.0011523530
3   6   1   5   -0.0000352651
3   6   1   8   -0.0000420091
3   6   2   6   -0.0001072063
3   6   2   7   0.0002181273
3   6   3   6   0.0006419938
3   6   3   7   -0.0000217055
3   6   4   5   -0.0001151119
3   6   4   8   -0.0000882873
3   7   1   5   0.0003547596
3   7   1   8   0.0004226034
3   7   2   6   0.0002183526
3   7   2   7   -0.0000638177
3   7   3   6   -0.0000216831
3   7   3   7   0.0010784736
3   7   4   5   0.0011580024
3   7   4   8   0.0008881522
3   8   1   6   -0.0000421782
3   8   1   7   0.0004243046
3   8   2   5   -0.0000037538
3   8   2   8   -0.0000144734
3   8   3   5   0.0000377620
3   8   3   8   0.0001455990
3   8   4   6   -0.0000886388
3   8   4   7   0.0008916885
4   5   1   6   0.0003574902
4   5   1   7   0.0000355365
4   5   2   5   0.0006605714
4   5   2   8   0.0000290015
4   5   3   5   0.0000656645
4   5   3   8   0.0000028829
4   5   4   6   0.0011523530
4   5   4   7   0.0001145503
4   6   1   5   0.0003547596
4   6   1   8   0.0004226034
4   6   2   6   0.0010784736
4   6   2   7   0.0000216831
4   6   3   6   0.0000638177
4   6   3   7   0.0002183526
4   6   4   5   0.0011580024
4   6   4   8   0.0008881522
4   7   1   5   0.0000352651
4   7   1   8   0.0000420091
4   7   2   6   0.0000217055
4   7   2   7   0.0006419938
4   7   3   6   0.0002181273
4   7   3   7   0.0001072063
4   7   4   5   0.0001151119
4   7   4   8   0.0000882873
4   8   1   6   0.0004243046
4   8   1   7   0.0000421782
4   8   2   5   0.0000377620
4   8   2   8   0.0001455990
4   8   3   5   0.0000037538
4   8   3   8   0.0000144734
4   8   4   6   0.0008916885
4   8   4   7   0.0000886388
5   5   1   5   -0.0040722305
5   5   1   8   -0.0001489485
5   5   2   6   -0.0018519141
5   5   3   7   -0.0018519141
5   5   4   5   -0.0072129500
5   5   4   8   -0.0036549805
5   6   1   6   -0.0031744499
5   6   2   5   -0.0018578919
5   6   2   8   -0.0012862734
5   6   4   6   -0.0067842840
5   7   1   7   -0.0031744499
5   7   3   5   -0.0018578919
5   7   3   8   -0.0012862734
5   7   4   7   -0.0067842840
5   8   1   5   -0.0001404560
5   8   1   8   -0.0031268935
5   8   2   6   -0.0012856708
5   8   3   7   -0.0012856708
5   8   4   5   -0.0037447605
5   8   4   8   -0.0080030645

End IABC Block
