Begin IJ Block
1   1   -5.9705781858
1   2   -0.0003693804
1   5   -0.0138111850
2   2   -7.0287963659
2   5   0.0097416729
3   3   -6.0261884996
3   4   -0.0000000000
4   4   -6.0261884996
5   5   -5.9518936502

End IJ Block
Begin IA Block
1   1   0.0964685257
1   4   0.0677945616
2   1   0.0471312535
2   4   0.1502680155
3   2   0.2352107616
3   3   0.0817752077
4   2   0.0817752077
4   3   -0.2352107616
5   1   -0.2127564128
5   4   -0.1039644617

End IA Block
Begin AB Block
1   1   -1.6058619699
1   4   -0.3475091911
2   2   -1.3529846595
2   3   0.0000000000
3   3   -1.3529846595
4   4   -1.4172565141

End AB Block
Begin IJKL Block
1   6   1   6   1.6509440081
1   6   1   7   -0.0064384319
1   6   1   10   0.0295711393
1   6   2   6   -0.0064384319
1   6   2   7   0.0000426025
1   6   2   10   -0.0002043103
1   6   3   8   0.0000174814
1   6   4   9   0.0000174814
1   6   5   6   0.0295711393
1   6   5   7   -0.0002043103
1   6   5   10   0.0010383824
1   7   1   6   -0.0064384319
1   7   1   7   0.2192862584
1   7   1   10   -0.0306980967
1   7   2   6   0.0000426025
1   7   2   7   0.0012267183
1   7   2   10   -0.0002749300
1   7   3   8   0.0002938224
1   7   4   9   0.0002938224
1   7   5   6   -0.0002043103
1   7   5   7   -0.0024106237
1   7   5   10   0.0006403348
1   8   1   8   0.2158949530
1   8   2   8   0.0011225210
1   8   3   6   0.0000174814
1   8   3   7   0.0002938224
1   8   3   10   -0.0001009330
1   8   5   8   -0.0022141369
1   9   1   9   0.2158949530
1   9   2   9   0.0011225210
1   9   4   6   0.0000174814
1   9   4   7   0.0002938224
1   9   4   10   -0.0001009330
1   9   5   9   -0.0022141369
1   10   1   6   0.0295711393
1   10   1   7   -0.0306980967
1   10   1   10   0.2361484359
1   10   2   6   -0.0002043103
1   10   2   7   -0.0002749300
1   10   2   10   0.0011594947
1   10   3   8   -0.0001009330
1   10   4   9   -0.0001009330
1   10   5   6   0.0010383824
1   10   5   7   0.0006403348
1   10   5   10   -0.0025589556
2   6   1   6   -0.0064384319
2   6   1   7   0.0000426025
2   6   1   10   -0.0002043103
2   6   2   6   0.2192862584
2   6   2   7   0.0012267183
2   6   2   10   -0.0024106237
2   6   3   8   0.0002938224
2   6   4   9   0.0002938224
2   6   5   6   -0.0306980967
2   6   5   7   -0.0002749300
2   6   5   10   0.0006403348
2   7   1   6   0.0000426025
2   7   1   7   0.0012267183
2   7   1   10   -0.0002749300
2   7   2   6   0.0012267183
2   7   2   7   0.8831919335
2   7   2   10   0.0086828085
2   7   3   8   0.1643616773
2   7   4   9   0.1643616773
2   7   5   6   -0.0002749300
2   7   5   7   0.0086828085
2   7   5   10   0.1593175580
2   8   1   8   0.0011225210
2   8   2   8   0.8251758891
2   8   3   6   0.0002938224
2   8   3   7   0.1643616773
2   8   3   10   0.0025878019
2   8   5   8   0.0090912131
2   9   1   9   0.0011225210
2   9   2   9   0.8251758891
2   9   4   6   0.0002938224
2   9   4   7   0.1643616773
2   9   4   10   0.0025878019
2   9   5   9   0.0090912131
2   10   1   6   -0.0002043103
2   10   1   7   -0.0002749300
2   10   1   10   0.0011594947
2   10   2   6   -0.0024106237
2   10   2   7   0.0086828085
2   10   2   10   0.8040030257
2   10   3   8   0.0025878019
2   10   4   9   0.0025878019
2   10   5   6   0.0006403348
2   10   5   7   0.1593175580
2   10   5   10   0.0115781531
3   6   1   8   0.0000174814
3   6   2   8   0.0002938224
3   6   3   6   0.2158949530
3   6   3   7   0.0011225210
3   6   3   10   -0.0022141369
3   6   5   8   -0.0001009330
3   7   1   8   0.0002938224
3   7   2   8   0.1643616773
3   7   3   6   0.0011225210
3   7   3   7   0.8251758891
3   7   3   10   0.0090912131
3   7   5   8   0.0025878019
3   8   1   6   0.0000174814
3   8   1   7   0.0002938224
3   8   1   10   -0.0001009330
3   8   2   6   0.0002938224
3   8   2   7   0.1643616773
3   8   2   10   0.0025878019
3   8   3   8   0.8306255831
3   8   3   9   0.0000000000
3   8   4   8   0.0000000000
3   8   4   9   0.0401651865
3   8   5   6   -0.0001009330
3   8   5   7   0.0025878019
3   8   5   10   0.0390530405
3   9   3   8   0.0000000000
3   9   3   9   0.7502952102
3   9   4   8   0.0401651865
3   9   4   9   0.0000000000
3   10   1   8   -0.0001009330
3   10   2   8   0.0025878019
3   10   3   6   -0.0022141369
3   10   3   7   0.0090912131
3   10   3   10   0.7319132600
3   10   4   10   0.0000000000
3   10   5   8   0.0390530405
4   6   1   9   0.0000174814
4   6   2   9   0.0002938224
4   6   4   6   0.2158949530
4   6   4   7   0.0011225210
4   6   4   10   -0.0022141369
4   6   5   9   -0.0001009330
4   7   1   9   0.0002938224
4   7   2   9   0.1643616773
4   7   4   6   0.0011225210
4   7   4   7   0.8251758891
4   7   4   10   0.0090912131
4   7   5   9   0.0025878019
4   8   3   8   0.0000000000
4   8   3   9   0.0401651865
4   8   4   8   0.7502952102
4   8   4   9   0.0000000000
4   9   1   6   0.0000174814
4   9   1   7   0.0002938224
4   9   1   10   -0.0001009330
4   9   2   6   0.0002938224
4   9   2   7   0.1643616773
4   9   2   10   0.0025878019
4   9   3   8   0.0401651865
4   9   3   9   0.0000000000
4   9   4   8   0.0000000000
4   9   4   9   0.8306255832
4   9   5   6   -0.0001009330
4   9   5   7   0.0025878019
4   9   5   10   0.0390530405
4   10   1   9   -0.0001009330
4   10   2   9   0.0025878019
4   10   3   10   0.0000000000
4   10   4   6   -0.0022141369
4   10   4   7   0.0090912131
4   10   4   10   0.7319132600
4   10   5   9   0.0390530405
5   6   1   6   0.0295711393
5   6   1   7   -0.0002043103
5   6   1   10   0.0010383824
5   6   2   6   -0.0306980967
5   6   2   7   -0.0002749300
5   6   2   10   0.0006403348
5   6   3   8   -0.0001009330
5   6   4   9   -0.0001009330
5   6   5   6   0.2361484359
5   6   5   7   0.0011594947
5   6   5   10   -0.0025589556
5   7   1   6   -0.0002043103
5   7   1   7   -0.0024106237
5   7   1   10   0.0006403348
5   7   2   6   -0.0002749300
5   7   2   7   0.0086828085
5   7   2   10   0.1593175580
5   7   3   8   0.0025878019
5   7   4   9   0.0025878019
5   7   5   6   0.0011594947
5   7   5   7   0.8040030257
5   7   5   10   0.0115781531
5   8   1   8   -0.0022141369
5   8   2   8   0.0090912131
5   8   3   6   -0.0001009330
5   8   3   7   0.0025878019
5   8   3   10   0.0390530405
5   8   5   8   0.7319132600
5   8   5   9   0.0000000000
5   9   1   9   -0.0022141369
5   9   2   9   0.0090912131
5   9   4   6   -0.0001009330
5   9   4   7   0.0025878019
5   9   4   10   0.0390530405
5   9   5   8   0.0000000000
5   9   5   9   0.7319132600
5   10   1   6   0.0010383824
5   10   1   7   0.0006403348
5   10   1   10   -0.0025589556
5   10   2   6   0.0006403348
5   10   2   7   0.1593175580
5   10   2   10   0.0115781531
5   10   3   8   0.0390530405
5   10   4   9   0.0390530405
5   10   5   6   -0.0025589556
5   10   5   7   0.0115781531
5   10   5   10   0.7906472540

End IJKL Block
Begin IJAB Block
1   6   1   5   0.0062047550
1   6   1   8   0.0047600052
1   6   2   6   0.0007091577
1   6   3   7   0.0007091577
1   6   4   5   0.0047600052
1   6   4   8   0.0039551189
1   7   1   5   -0.0000025939
1   7   1   8   -0.0000153102
1   7   2   6   0.0000071555
1   7   3   7   0.0000071555
1   7   4   5   -0.0000194541
1   7   4   8   -0.0000224578
1   8   1   6   0.0000435229
1   8   1   7   0.0000151315
1   8   2   5   0.0000931560
1   8   2   8   0.0001286172
1   8   3   5   0.0000323873
1   8   3   8   0.0000447161
1   8   4   6   -0.0000005340
1   8   4   7   -0.0000001857
1   9   1   6   0.0000151315
1   9   1   7   -0.0000435229
1   9   2   5   0.0000323873
1   9   2   8   0.0000447161
1   9   3   5   -0.0000931560
1   9   3   8   -0.0001286172
1   9   4   6   -0.0000001857
1   9   4   7   0.0000005340
1   10   1   5   0.0001209590
1   10   1   8   0.0003157342
1   10   2   6   -0.0001667036
1   10   3   7   -0.0001667036
1   10   4   5   0.0001268313
1   10   4   8   0.0001731634
2   6   1   5   -0.0000025939
2   6   1   8   -0.0000194541
2   6   2   6   0.0000071555
2   6   3   7   0.0000071555
2   6   4   5   -0.0000153102
2   6   4   8   -0.0000224578
2   7   1   5   0.0007247990
2   7   1   8   0.0007716587
2   7   2   6   0.0007427361
2   7   3   7   0.0007427361
2   7   4   5   0.0007716587
2   7   4   8   0.0014539656
2   8   1   6   0.0004052257
2   8   1   7   0.0001408839
2   8   2   5   0.0001007895
2   8   2   8   0.0003608436
2   8   3   5   0.0000350413
2   8   3   8   0.0001254537
2   8   4   6   0.0014689208
2   8   4   7   0.0005106965
2   9   1   6   0.0001408839
2   9   1   7   -0.0004052257
2   9   2   5   0.0000350413
2   9   2   8   0.0001254537
2   9   3   5   -0.0001007895
2   9   3   8   -0.0003608436
2   9   4   6   0.0005106965
2   9   4   7   -0.0014689208
2   10   1   5   -0.0004570792
2   10   1   8   -0.0004801498
2   10   2   6   0.0000394855
2   10   3   7   0.0000394855
2   10   4   5   -0.0014136490
2   10   4   8   -0.0010972795
3   6   1   6   0.0000931560
3   6   1   7   0.0000323873
3   6   2   5   0.0000435229
3   6   2   8   -0.0000005340
3   6   3   5   0.0000151315
3   6   3   8   -0.0000001857
3   6   4   6   0.0001286172
3   6   4   7   0.0000447161
3   7   1   6   0.0001007895
3   7   1   7   0.0000350413
3   7   2   5   0.0004052257
3   7   2   8   0.0014689208
3   7   3   5   0.0001408839
3   7   3   8   0.0005106965
3   7   4   6   0.0003608436
3   7   4   7   0.0001254537
3   8   1   5   0.0002718853
3   8   1   8   0.0003662220
3   8   2   6   0.0025086723
3   8   2   7   0.0007976382
3   8   3   6   0.0007976382
3   8   3   7   0.0004917316
3   8   4   5   0.0003662220
3   8   4   8   0.0007666546
3   9   2   6   0.0007976382
3   9   2   7   -0.0020798352
3   9   3   6   0.0000628946
3   9   3   7   -0.0007976382
3   10   1   6   -0.0002630944
3   10   1   7   -0.0000914695
3   10   2   5   -0.0020669998
3   10   2   8   -0.0014828793
3   10   3   5   -0.0007186293
3   10   3   8   -0.0005155494
3   10   4   6   -0.0002788687
3   10   4   7   -0.0000969537
4   6   1   6   0.0000323873
4   6   1   7   -0.0000931560
4   6   2   5   0.0000151315
4   6   2   8   -0.0000001857
4   6   3   5   -0.0000435229
4   6   3   8   0.0000005340
4   6   4   6   0.0000447161
4   6   4   7   -0.0001286172
4   7   1   6   0.0000350413
4   7   1   7   -0.0001007895
4   7   2   5   0.0001408839
4   7   2   8   0.0005106965
4   7   3   5   -0.0004052257
4   7   3   8   -0.0014689208
4   7   4   6   0.0001254537
4   7   4   7   -0.0003608436
4   8   2   6   0.0007976382
4   8   2   7   0.0000628946
4   8   3   6   -0.0020798352
4   8   3   7   -0.0007976382
4   9   1   5   0.0002718853
4   9   1   8   0.0003662220
4   9   2   6   0.0004917316
4   9   2   7   -0.0007976382
4   9   3   6   -0.0007976382
4   9   3   7   0.0025086723
4   9   4   5   0.0003662220
4   9   4   8   0.0007666546
4   10   1   6   -0.0000914695
4   10   1   7   0.0002630944
4   10   2   5   -0.0007186293
4   10   2   8   -0.0005155494
4   10   3   5   0.0020669998
4   10   3   8   0.0014828793
4   10   4   6   -0.0000969537
4   10   4   7   0.0002788687
5   6   1   5   0.0001209590
5   6   1   8   0.0001268313
5   6   2   6   -0.0001667036
5   6   3   7   -0.0001667036
5   6   4   5   0.0003157342
5   6   4   8   0.0001731634
5   7   1   5   -0.0004570792
5   7   1   8   -0.0014136490
5   7   2   6   0.0000394855
5   7   3   7   0.0000394855
5   7   4   5   -0.0004801498
5   7   4   8   -0.0010972795
5   8   1   6   -0.0020669998
5   8   1   7   -0.0007186293
5   8   2   5   -0.0002630944
5   8   2   8   -0.0002788687
5   8   3   5   -0.0000914695
5   8   3   8   -0.0000969537
5   8   4   6   -0.0014828793
5   8   4   7   -0.0005155494
5   9   1   6   -0.0007186293
5   9   1   7   0.0020669998
5   9   2   5   -0.0000914695
5   9   2   8   -0.0000969537
5   9   3   5   0.0002630944
5   9   3   8   0.0002788687
5   9   4   6   -0.0005155494
5   9   4   7   0.0014828793
5   10   1   5   0.0024365171
5   10   1   8   0.0019398957
5   10   2   6   0.0003712405
5   10   3   7   0.0003712405
5   10   4   5   0.0019398957
5   10   4   8   0.0021978346

End IJAB Block
Begin ABCD Block
1   5   1   5   0.2216783430
1   5   1   8   0.0151042704
1   5   2   6   0.0262293406
1   5   3   7   0.0262293406
1   5   4   5   0.0151042704
1   5   4   8   0.0172292522
1   6   1   6   0.1541140079
1   6   2   5   0.0262293406
1   6   2   8   0.0050184749
1   6   4   6   0.0127154597
1   7   1   7   0.1541140079
1   7   3   5   0.0262293406
1   7   3   8   0.0050184749
1   7   4   7   0.0127154597
1   8   1   5   0.0151042704
1   8   1   8   0.1429945689
1   8   2   6   0.0050184749
1   8   3   7   0.0050184749
1   8   4   5   0.0172292522
1   8   4   8   0.0071644276
2   5   1   6   0.0262293406
2   5   2   5   0.1541140079
2   5   2   8   0.0127154597
2   5   4   6   0.0050184749
2   6   1   5   0.0262293406
2   6   1   8   0.0050184749
2   6   2   6   0.1411118766
2   6   3   7   0.0080135082
2   6   4   5   0.0050184749
2   6   4   8   0.0084262998
2   7   2   7   0.1250848602
2   7   3   6   0.0080135082
2   8   1   6   0.0050184749
2   8   2   5   0.0127154597
2   8   2   8   0.1199652248
2   8   4   6   0.0084262998
3   5   1   7   0.0262293406
3   5   3   5   0.1541140079
3   5   3   8   0.0127154597
3   5   4   7   0.0050184749
3   6   2   7   0.0080135082
3   6   3   6   0.1250848602
3   7   1   5   0.0262293406
3   7   1   8   0.0050184749
3   7   2   6   0.0080135082
3   7   3   7   0.1411118766
3   7   4   5   0.0050184749
3   7   4   8   0.0084262998
3   8   1   7   0.0050184749
3   8   3   5   0.0127154597
3   8   3   8   0.1199652248
3   8   4   7   0.0084262998
4   5   1   5   0.0151042704
4   5   1   8   0.0172292522
4   5   2   6   0.0050184749
4   5   3   7   0.0050184749
4   5   4   5   0.1429945689
4   5   4   8   0.0071644276
4   6   1   6   0.0127154597
4   6   2   5   0.0050184749
4   6   2   8   0.0084262998
4   6   4   6   0.1199652248
4   7   1   7   0.0127154597
4   7   3   5   0.0050184749
4   7   3   8   0.0084262998
4   7   4   7   0.1199652248
4   8   1   5   0.0172292522
4   8   1   8   0.0071644276
4   8   2   6   0.0084262998
4   8   3   7   0.0084262998
4   8   4   5   0.0071644276
4   8   4   8   0.1239593300

End ABCD Block
Begin AIJB Block
1   6   1   5   0.0062047550
1   6   1   8   0.0047600052
1   6   2   5   -0.0000025939
1   6   2   8   -0.0000194541
1   6   3   6   0.0000931560
1   6   3   7   0.0000323873
1   6   4   6   0.0000323873
1   6   4   7   -0.0000931560
1   6   5   5   0.0001209590
1   6   5   8   0.0001268313
1   7   1   5   -0.0000025939
1   7   1   8   -0.0000153102
1   7   2   5   0.0007247990
1   7   2   8   0.0007716587
1   7   3   6   0.0001007895
1   7   3   7   0.0000350413
1   7   4   6   0.0000350413
1   7   4   7   -0.0001007895
1   7   5   5   -0.0004570792
1   7   5   8   -0.0014136490
1   8   1   6   0.0000435229
1   8   1   7   0.0000151315
1   8   2   6   0.0004052257
1   8   2   7   0.0001408839
1   8   3   5   0.0002718853
1   8   3   8   0.0003662220
1   8   5   6   -0.0020669998
1   8   5   7   -0.0007186293
1   9   1   6   0.0000151315
1   9   1   7   -0.0000435229
1   9   2   6   0.0001408839
1   9   2   7   -0.0004052257
1   9   4   5   0.0002718853
1   9   4   8   0.0003662220
1   9   5   6   -0.0007186293
1   9   5   7   0.0020669998
1   10   1   5   0.0001209590
1   10   1   8   0.0003157342
1   10   2   5   -0.0004570792
1   10   2   8   -0.0004801498
1   10   3   6   -0.0002630944
1   10   3   7   -0.0000914695
1   10   4   6   -0.0000914695
1   10   4   7   0.0002630944
1   10   5   5   0.0024365171
1   10   5   8   0.0019398957
2   6   1   6   0.0007091577
2   6   2   6   0.0000071555
2   6   3   5   0.0000435229
2   6   3   8   -0.0000005340
2   6   4   5   0.0000151315
2   6   4   8   -0.0000001857
2   6   5   6   -0.0001667036
2   7   1   6   0.0000071555
2   7   2   6   0.0007427361
2   7   3   5   0.0004052257
2   7   3   8   0.0014689208
2   7   4   5   0.0001408839
2   7   4   8   0.0005106965
2   7   5   6   0.0000394855
2   8   1   5   0.0000931560
2   8   1   8   0.0001286172
2   8   2   5   0.0001007895
2   8   2   8   0.0003608436
2   8   3   6   0.0025086723
2   8   3   7   0.0007976382
2   8   4   6   0.0007976382
2   8   4   7   0.0000628946
2   8   5   5   -0.0002630944
2   8   5   8   -0.0002788687
2   9   1   5   0.0000323873
2   9   1   8   0.0000447161
2   9   2   5   0.0000350413
2   9   2   8   0.0001254537
2   9   3   6   0.0007976382
2   9   3   7   -0.0020798352
2   9   4   6   0.0004917316
2   9   4   7   -0.0007976382
2   9   5   5   -0.0000914695
2   9   5   8   -0.0000969537
2   10   1   6   -0.0001667036
2   10   2   6   0.0000394855
2   10   3   5   -0.0020669998
2   10   3   8   -0.0014828793
2   10   4   5   -0.0007186293
2   10   4   8   -0.0005155494
2   10   5   6   0.0003712405
3   6   1   7   0.0007091577
3   6   2   7   0.0000071555
3   6   3   5   0.0000151315
3   6   3   8   -0.0000001857
3   6   4   5   -0.0000435229
3   6   4   8   0.0000005340
3   6   5   7   -0.0001667036
3   7   1   7   0.0000071555
3   7   2   7   0.0007427361
3   7   3   5   0.0001408839
3   7   3   8   0.0005106965
3   7   4   5   -0.0004052257
3   7   4   8   -0.0014689208
3   7   5   7   0.0000394855
3   8   1   5   0.0000323873
3   8   1   8   0.0000447161
3   8   2   5   0.0000350413
3   8   2   8   0.0001254537
3   8   3   6   0.0007976382
3   8   3   7   0.0004917316
3   8   4   6   -0.0020798352
3   8   4   7   -0.0007976382
3   8   5   5   -0.0000914695
3   8   5   8   -0.0000969537
3   9   1   5   -0.0000931560
3   9   1   8   -0.0001286172
3   9   2   5   -0.0001007895
3   9   2   8   -0.0003608436
3   9   3   6   0.0000628946
3   9   3   7   -0.0007976382
3   9   4   6   -0.0007976382
3   9   4   7   0.0025086723
3   9   5   5   0.0002630944
3   9   5   8   0.0002788687
3   10   1   7   -0.0001667036
3   10   2   7   0.0000394855
3   10   3   5   -0.0007186293
3   10   3   8   -0.0005155494
3   10   4   5   0.0020669998
3   10   4   8   0.0014828793
3   10   5   7   0.0003712405
4   6   1   5   0.0047600052
4   6   1   8   0.0039551189
4   6   2   5   -0.0000153102
4   6   2   8   -0.0000224578
4   6   3   6   0.0001286172
4   6   3   7   0.0000447161
4   6   4   6   0.0000447161
4   6   4   7   -0.0001286172
4   6   5   5   0.0003157342
4   6   5   8   0.0001731634
4   7   1   5   -0.0000194541
4   7   1   8   -0.0000224578
4   7   2   5   0.0007716587
4   7   2   8   0.0014539656
4   7   3   6   0.0003608436
4   7   3   7   0.0001254537
4   7   4   6   0.0001254537
4   7   4   7   -0.0003608436
4   7   5   5   -0.0004801498
4   7   5   8   -0.0010972795
4   8   1   6   -0.0000005340
4   8   1   7   -0.0000001857
4   8   2   6   0.0014689208
4   8   2   7   0.0005106965
4   8   3   5   0.0003662220
4   8   3   8   0.0007666546
4   8   5   6   -0.0014828793
4   8   5   7   -0.0005155494
4   9   1   6   -0.0000001857
4   9   1   7   0.0000005340
4   9   2   6   0.0005106965
4   9   2   7   -0.0014689208
4   9   4   5   0.0003662220
4   9   4   8   0.0007666546
4   9   5   6   -0.0005155494
4   9   5   7   0.0014828793
4   10   1   5   0.0001268313
4   10   1   8   0.0001731634
4   10   2   5   -0.0014136490
4   10   2   8   -0.0010972795
4   10   3   6   -0.0002788687
4   10   3   7   -0.0000969537
4   10   4   6   -0.0000969537
4   10   4   7   0.0002788687
4   10   5   5   0.0019398957
4   10   5   8   0.0021978346

1   6   6   1   -0.2569049751
1   6   6   4   -0.0626652184
1   6   7   1   0.0004054227
1   6   7   4   0.0000990051
1   6   8   2   -0.0001808039
1   6   8   3   -0.0000628597
1   6   9   2   -0.0000628597
1   6   9   3   0.0001808039
1   6   10   1   -0.0014731243
1   6   10   4   -0.0003495665
1   7   6   1   0.0004054227
1   7   6   4   0.0000990051
1   7   7   1   -0.1333045685
1   7   7   4   -0.0287400111
1   7   8   2   -0.0034402047
1   7   8   3   -0.0011960484
1   7   9   2   -0.0011960484
1   7   9   3   0.0034402047
1   7   10   1   0.0099520502
1   7   10   4   0.0037363694
1   8   6   2   -0.0001808039
1   8   6   3   -0.0000628597
1   8   7   2   -0.0034402047
1   8   7   3   -0.0011960484
1   8   8   1   -0.1327162555
1   8   8   4   -0.0283546529
1   8   10   2   0.0011456761
1   8   10   3   0.0003983147
1   9   6   2   -0.0000628597
1   9   6   3   0.0001808039
1   9   7   2   -0.0011960484
1   9   7   3   0.0034402047
1   9   9   1   -0.1327162555
1   9   9   4   -0.0283546529
1   9   10   2   0.0003983147
1   9   10   3   -0.0011456761
1   10   6   1   -0.0014731243
1   10   6   4   -0.0003495665
1   10   7   1   0.0099520502
1   10   7   4   0.0037363694
1   10   8   2   0.0011456761
1   10   8   3   0.0003983147
1   10   9   2   0.0003983147
1   10   9   3   -0.0011456761
1   10   10   1   -0.1367888302
1   10   10   4   -0.0297420622
2   6   6   2   -0.1740003674
2   6   7   2   0.0001067364
2   6   8   1   -0.0001808039
2   6   8   4   -0.0001171370
2   6   9   1   -0.0000628597
2   6   9   4   -0.0000407248
2   6   10   2   -0.0003041889
2   7   6   2   0.0001067364
2   7   7   2   -0.1291467217
2   7   8   1   -0.0034402047
2   7   8   4   -0.0041620871
2   7   9   1   -0.0011960484
2   7   9   4   -0.0014470237
2   7   10   2   0.0059851913
2   8   6   1   -0.0001808039
2   8   6   4   -0.0001171370
2   8   7   1   -0.0034402047
2   8   7   4   -0.0041620871
2   8   8   2   -0.1295378811
2   8   8   3   -0.0004064601
2   8   9   2   -0.0004064601
2   8   9   3   0.0005138959
2   8   10   1   0.0011456761
2   8   10   4   0.0007193997
2   9   6   1   -0.0000628597
2   9   6   4   -0.0000407248
2   9   7   1   -0.0011960484
2   9   7   4   -0.0014470237
2   9   8   2   -0.0004064601
2   9   8   3   0.0005138959
2   9   9   2   -0.1285100893
2   9   9   3   0.0004064601
2   9   10   1   0.0003983147
2   9   10   4   0.0002501121
2   10   6   2   -0.0003041889
2   10   7   2   0.0059851913
2   10   8   1   0.0011456761
2   10   8   4   0.0007193997
2   10   9   1   0.0003983147
2   10   9   4   0.0002501121
2   10   10   2   -0.1302881288
3   6   6   3   -0.1740003674
3   6   7   3   0.0001067364
3   6   8   1   -0.0000628597
3   6   8   4   -0.0000407248
3   6   9   1   0.0001808039
3   6   9   4   0.0001171370
3   6   10   3   -0.0003041889
3   7   6   3   0.0001067364
3   7   7   3   -0.1291467217
3   7   8   1   -0.0011960484
3   7   8   4   -0.0014470237
3   7   9   1   0.0034402047
3   7   9   4   0.0041620871
3   7   10   3   0.0059851913
3   8   6   1   -0.0000628597
3   8   6   4   -0.0000407248
3   8   7   1   -0.0011960484
3   8   7   4   -0.0014470237
3   8   8   2   -0.0004064601
3   8   8   3   -0.1285100893
3   8   9   2   0.0005138959
3   8   9   3   0.0004064601
3   8   10   1   0.0003983147
3   8   10   4   0.0002501121
3   9   6   1   0.0001808039
3   9   6   4   0.0001171370
3   9   7   1   0.0034402047
3   9   7   4   0.0041620871
3   9   8   2   0.0005138959
3   9   8   3   0.0004064601
3   9   9   2   0.0004064601
3   9   9   3   -0.1295378811
3   9   10   1   -0.0011456761
3   9   10   4   -0.0007193997
3   10   6   3   -0.0003041889
3   10   7   3   0.0059851913
3   10   8   1   0.0003983147
3   10   8   4   0.0002501121
3   10   9   1   -0.0011456761
3   10   9   4   -0.0007193997
3   10   10   3   -0.1302881288
4   6   6   1   -0.0626652184
4   6   6   4   -0.1735731160
4   6   7   1   0.0000990051
4   6   7   4   0.0000821354
4   6   8   2   -0.0001171370
4   6   8   3   -0.0000407248
4   6   9   2   -0.0000407248
4   6   9   3   0.0001171370
4   6   10   1   -0.0003495665
4   6   10   4   -0.0002708940
4   7   6   1   0.0000990051
4   7   6   4   0.0000821354
4   7   7   1   -0.0287400111
4   7   7   4   -0.1423299147
4   7   8   2   -0.0041620871
4   7   8   3   -0.0014470237
4   7   9   2   -0.0014470237
4   7   9   3   0.0041620871
4   7   10   1   0.0037363694
4   7   10   4   0.0037125997
4   8   6   2   -0.0001171370
4   8   6   3   -0.0000407248
4   8   7   2   -0.0041620871
4   8   7   3   -0.0014470237
4   8   8   1   -0.0283546529
4   8   8   4   -0.1417249043
4   8   10   2   0.0007193997
4   8   10   3   0.0002501121
4   9   6   2   -0.0000407248
4   9   6   3   0.0001171370
4   9   7   2   -0.0014470237
4   9   7   3   0.0041620871
4   9   9   1   -0.0283546529
4   9   9   4   -0.1417249043
4   9   10   2   0.0002501121
4   9   10   3   -0.0007193997
4   10   6   1   -0.0003495665
4   10   6   4   -0.0002708940
4   10   7   1   0.0037363694
4   10   7   4   0.0037125997
4   10   8   2   0.0007193997
4   10   8   3   0.0002501121
4   10   9   2   0.0002501121
4   10   9   3   -0.0007193997
4   10   10   1   -0.0297420622
4   10   10   4   -0.1433744809

End AIJB Block
Begin IJKA Block
1   6   1   5   -0.0778175855
1   6   1   8   -0.0645385120
1   6   2   5   0.0003634676
1   6   2   8   0.0003489809
1   6   3   6   0.0000991701
1   6   3   7   0.0000344782
1   6   4   6   0.0000344782
1   6   4   7   -0.0000991701
1   6   5   5   -0.0017610178
1   6   5   8   -0.0017456939
1   7   1   5   -0.0005353014
1   7   1   8   0.0001050580
1   7   2   5   -0.0000304611
1   7   2   8   -0.0000481582
1   7   3   6   -0.0000115905
1   7   3   7   -0.0000040296
1   7   4   6   -0.0000040296
1   7   4   7   0.0000115905
1   7   5   5   0.0000581732
1   7   5   8   0.0000683311
1   8   1   6   0.0009603567
1   8   1   7   0.0003338851
1   8   2   6   -0.0000640822
1   8   2   7   -0.0000222793
1   8   3   5   0.0000131859
1   8   3   8   0.0000216333
1   8   5   6   0.0001037969
1   8   5   7   0.0000360868
1   9   1   6   0.0003338851
1   9   1   7   -0.0009603567
1   9   2   6   -0.0000222793
1   9   2   7   0.0000640822
1   9   4   5   0.0000131859
1   9   4   8   0.0000216333
1   9   5   6   0.0000360868
1   9   5   7   -0.0001037969
1   10   1   5   -0.0071678946
1   10   1   8   -0.0157575584
1   10   2   5   0.0000837400
1   10   2   8   0.0000554495
1   10   3   6   -0.0000288381
1   10   3   7   -0.0000100261
1   10   4   6   -0.0000100261
1   10   4   7   0.0000288381
1   10   5   5   -0.0001755581
1   10   5   8   -0.0000659708
2   6   1   5   0.0003634676
2   6   1   8   0.0003489809
2   6   2   5   -0.0023012731
2   6   2   8   -0.0003911963
2   6   3   6   0.0002850871
2   6   3   7   0.0000991156
2   6   4   6   0.0000991156
2   6   4   7   -0.0002850871
2   6   5   5   0.0006542313
2   6   5   8   0.0001348223
2   7   1   5   -0.0000304611
2   7   1   8   -0.0000481582
2   7   2   5   -0.0076398355
2   7   2   8   -0.0254020780
2   7   3   6   -0.0102497528
2   7   3   7   -0.0035635090
2   7   4   6   -0.0035635090
2   7   4   7   0.0102497528
2   7   5   5   0.0097564452
2   7   5   8   0.0063896968
2   8   1   6   -0.0000640822
2   8   1   7   -0.0000222793
2   8   2   6   -0.0390666958
2   8   2   7   -0.0135822321
2   8   3   5   -0.0010137433
2   8   3   8   -0.0040415322
2   8   5   6   -0.0015127747
2   8   5   7   -0.0005259430
2   9   1   6   -0.0000222793
2   9   1   7   0.0000640822
2   9   2   6   -0.0135822321
2   9   2   7   0.0390666958
2   9   4   5   -0.0010137433
2   9   4   8   -0.0040415322
2   9   5   6   -0.0005259430
2   9   5   7   0.0015127747
2   10   1   5   0.0000837400
2   10   1   8   0.0000554495
2   10   2   5   0.0370231525
2   10   2   8   0.0224342984
2   10   3   6   -0.0010948726
2   10   3   7   -0.0003806519
2   10   4   6   -0.0003806519
2   10   4   7   0.0010948726
2   10   5   5   0.0005809102
2   10   5   8   -0.0010260436
3   6   1   6   0.0000991701
3   6   1   7   0.0000344782
3   6   2   6   0.0002850871
3   6   2   7   0.0000991156
3   6   3   5   -0.0021707375
3   6   3   8   -0.0003563568
3   6   5   6   -0.0001567400
3   6   5   7   -0.0000544935
3   7   1   6   -0.0000115905
3   7   1   7   -0.0000040296
3   7   2   6   -0.0102497528
3   7   2   7   -0.0035635090
3   7   3   5   -0.0067968797
3   7   3   8   -0.0228566701
3   7   5   6   -0.0003488576
3   7   5   7   -0.0001212866
3   8   1   5   0.0000131859
3   8   1   8   0.0000216333
3   8   2   5   -0.0010137433
3   8   2   8   -0.0040415322
3   8   3   6   -0.0391614298
3   8   3   7   -0.0136151681
3   8   4   6   -0.0008358852
3   8   4   7   0.0024042640
3   8   5   5   0.0021754093
3   8   5   8   0.0013370685
3   9   3   6   -0.0119433978
3   9   3   7   0.0343529018
3   9   4   6   -0.0024042640
3   9   4   7   -0.0008358852
3   10   1   6   -0.0000288381
3   10   1   7   -0.0000100261
3   10   2   6   -0.0010948726
3   10   2   7   -0.0003806519
3   10   3   5   0.0324708434
3   10   3   8   0.0193521990
3   10   5   6   -0.0020644228
3   10   5   7   -0.0007177333
4   6   1   6   0.0000344782
4   6   1   7   -0.0000991701
4   6   2   6   0.0000991156
4   6   2   7   -0.0002850871
4   6   4   5   -0.0021707375
4   6   4   8   -0.0003563568
4   6   5   6   -0.0000544935
4   6   5   7   0.0001567400
4   7   1   6   -0.0000040296
4   7   1   7   0.0000115905
4   7   2   6   -0.0035635090
4   7   2   7   0.0102497528
4   7   4   5   -0.0067968797
4   7   4   8   -0.0228566701
4   7   5   6   -0.0001212866
4   7   5   7   0.0003488576
4   8   3   6   -0.0008358852
4   8   3   7   0.0024042640
4   8   4   6   -0.0343529018
4   8   4   7   -0.0119433978
4   9   1   5   0.0000131859
4   9   1   8   0.0000216333
4   9   2   5   -0.0010137433
4   9   2   8   -0.0040415322
4   9   3   6   -0.0024042640
4   9   3   7   -0.0008358852
4   9   4   6   -0.0136151681
4   9   4   7   0.0391614298
4   9   5   5   0.0021754093
4   9   5   8   0.0013370685
4   10   1   6   -0.0000100261
4   10   1   7   0.0000288381
4   10   2   6   -0.0003806519
4   10   2   7   0.0010948726
4   10   4   5   0.0324708434
4   10   4   8   0.0193521990
4   10   5   6   -0.0007177333
4   10   5   7   0.0020644228
5   6   1   5   -0.0017610178
5   6   1   8   -0.0017456939
5   6   2   5   0.0006542313
5   6   2   8   0.0001348223
5   6   3   6   -0.0001567400
5   6   3   7   -0.0000544935
5   6   4   6   -0.0000544935
5   6   4   7   0.0001567400
5   6   5   5   -0.0027725458
5   6   5   8   -0.0005595462
5   7   1   5   0.0000581732
5   7   1   8   0.0000683311
5   7   2   5   0.0097564452
5   7   2   8   0.0063896968
5   7   3   6   -0.0003488576
5   7   3   7   -0.0001212866
5   7   4   6   -0.0001212866
5   7   4   7   0.0003488576
5   7   5   5   -0.0061582025
5   7   5   8   -0.0212047500
5   8   1   6   0.0001037969
5   8   1   7   0.0000360868
5   8   2   6   -0.0015127747
5   8   2   7   -0.0005259430
5   8   3   5   0.0021754093
5   8   3   8   0.0013370685
5   8   5   6   -0.0328750597
5   8   5   7   -0.0114295996
5   9   1   6   0.0000360868
5   9   1   7   -0.0001037969
5   9   2   6   -0.0005259430
5   9   2   7   0.0015127747
5   9   4   5   0.0021754093
5   9   4   8   0.0013370685
5   9   5   6   -0.0114295996
5   9   5   7   0.0328750597
5   10   1   5   -0.0001755581
5   10   1   8   -0.0000659708
5   10   2   5   0.0005809102
5   10   2   8   -0.0010260436
5   10   3   6   -0.0020644228
5   10   3   7   -0.0007177333
5   10   4   6   -0.0007177333
5   10   4   7   0.0020644228
5   10   5   5   0.0355087695
5   10   5   8   0.0205203256

End IJKA Block
Begin IABC Block
1   5   1   5   0.0008148104
1   5   1   8   -0.0004931618
1   5   2   6   0.0012736893
1   5   3   7   0.0012736893
1   5   4   5   -0.0005042487
1   5   4   8   -0.0004623730
1   6   1   6   0.0000956686
1   6   2   5   0.0012736893
1   6   2   8   0.0007112472
1   6   4   6   -0.0000662809
1   7   1   7   0.0000956686
1   7   3   5   0.0012736893
1   7   3   8   0.0007112472
1   7   4   7   -0.0000662809
1   8   1   5   -0.0004931618
1   8   1   8   -0.0004449570
1   8   2   6   0.0007112472
1   8   3   7   0.0007112472
1   8   4   5   -0.0004623730
1   8   4   8   -0.0003846423
2   5   1   5   -0.0002609659
2   5   1   8   -0.0001381848
2   5   2   6   0.0000029695
2   5   3   7   0.0000029695
2   5   4   5   -0.0001802063
2   5   4   8   -0.0001502938
2   6   1   6   -0.0001857233
2   6   2   5   0.0000029695
2   6   2   8   -0.0000575399
2   6   4   6   -0.0001866643
2   7   1   7   -0.0001857233
2   7   3   5   0.0000029695
2   7   3   8   -0.0000575399
2   7   4   7   -0.0001866643
2   8   1   5   -0.0001381848
2   8   1   8   -0.0001630451
2   8   2   6   -0.0000575399
2   8   3   7   -0.0000575399
2   8   4   5   -0.0001502938
2   8   4   8   -0.0002312084
3   5   1   6   0.0009438442
3   5   1   7   0.0003281442
3   5   2   5   0.0010197867
3   5   2   8   0.0000235039
3   5   3   5   0.0003545470
3   5   3   8   0.0000081715
3   5   4   6   0.0013705926
3   5   4   7   0.0004765109
3   6   1   5   0.0009438442
3   6   1   8   0.0006275319
3   6   2   6   0.0008768497
3   6   2   7   0.0001104385
3   6   3   6   0.0000839755
3   6   3   7   0.0003176552
3   6   4   5   0.0013705926
3   6   4   8   0.0011129942
3   7   1   5   0.0003281442
3   7   1   8   0.0002181726
3   7   2   6   0.0001104385
3   7   2   7   0.0002415394
3   7   3   6   0.0003176552
3   7   3   7   0.0003048524
3   7   4   5   0.0004765109
3   7   4   8   0.0003869523
3   8   1   6   0.0006275319
3   8   1   7   0.0002181726
3   8   2   5   0.0000235039
3   8   2   8   -0.0004227732
3   8   3   5   0.0000081715
3   8   3   8   -0.0001469846
3   8   4   6   0.0011129942
3   8   4   7   0.0003869523
4   5   1   6   0.0003281442
4   5   1   7   -0.0009438442
4   5   2   5   0.0003545470
4   5   2   8   0.0000081715
4   5   3   5   -0.0010197867
4   5   3   8   -0.0000235039
4   5   4   6   0.0004765109
4   5   4   7   -0.0013705926
4   6   1   5   0.0003281442
4   6   1   8   0.0002181726
4   6   2   6   0.0003048524
4   6   2   7   -0.0003176552
4   6   3   6   -0.0002415394
4   6   3   7   0.0001104385
4   6   4   5   0.0004765109
4   6   4   8   0.0003869523
4   7   1   5   -0.0009438442
4   7   1   8   -0.0006275319
4   7   2   6   -0.0003176552
4   7   2   7   0.0000839755
4   7   3   6   0.0001104385
4   7   3   7   -0.0008768497
4   7   4   5   -0.0013705926
4   7   4   8   -0.0011129942
4   8   1   6   0.0002181726
4   8   1   7   -0.0006275319
4   8   2   5   0.0000081715
4   8   2   8   -0.0001469846
4   8   3   5   -0.0000235039
4   8   3   8   0.0004227732
4   8   4   6   0.0003869523
4   8   4   7   -0.0011129942
5   5   1   5   -0.0033226404
5   5   1   8   -0.0005089833
5   5   2   6   -0.0014614051
5   5   3   7   -0.0014614051
5   5   4   5   -0.0053166325
5   5   4   8   -0.0016584142
5   6   1   6   -0.0015797354
5   6   2   5   -0.0014614051
5   6   2   8   -0.0007639766
5   6   4   6   -0.0031149814
5   7   1   7   -0.0015797354
5   7   3   5   -0.0014614051
5   7   3   8   -0.0007639766
5   7   4   7   -0.0031149814
5   8   1   5   -0.0005089833
5   8   1   8   -0.0003987993
5   8   2   6   -0.0007639766
5   8   3   7   -0.0007639766
5   8   4   5   -0.0016584142
5   8   4   8   -0.0016804669

End IABC Block
