Begin IJ Block
1   1   -5.7589699015
1   2   0.0004064010
1   5   -0.0158256297
2   2   -6.9327182024
2   5   -0.0130196473
3   3   -5.9369142774
4   4   -5.9369142774
5   5   -5.7843116562

End IJ Block
Begin IA Block
1   1   0.0985654327
1   4   0.0719523949
2   1   0.0310620914
2   4   0.1197592758
3   2   0.0747007444
3   3   0.1501034955
4   2   0.1501034954
4   3   -0.0747007444
5   1   -0.1619833142
5   4   -0.0900852833

End IA Block
Begin AB Block
1   1   -1.5908200038
1   4   -0.3582998812
2   2   -1.3714454819
2   3   0.0000000000
3   3   -1.3714454819
4   4   -1.4442707298

End AB Block
Begin IJKL Block
1   6   1   6   1.6352422611
1   6   1   7   -0.0024732837
1   6   1   10   0.0239237394
1   6   2   6   -0.0024732837
1   6   2   7   -0.0000088401
1   6   2   10   -0.0000469732
1   6   3   8   -0.0000115129
1   6   4   9   -0.0000115129
1   6   5   6   0.0239237394
1   6   5   7   -0.0000469732
1   6   5   10   0.0002941568
1   7   1   6   -0.0024732837
1   7   1   7   0.1884886521
1   7   1   10   -0.0227028769
1   7   2   6   0.0000102855
1   7   2   7   0.0003769056
1   7   2   10   -0.0000785469
1   7   3   8   0.0000897942
1   7   4   9   0.0000897942
1   7   5   6   -0.0000645805
1   7   5   7   -0.0012149407
1   7   5   10   0.0002762568
1   8   1   8   0.1871042227
1   8   2   8   0.0003530148
1   8   3   6   0.0000059209
1   8   3   7   0.0000956284
1   8   3   10   -0.0000352456
1   8   5   8   -0.0011471122
1   9   1   9   0.1871042227
1   9   2   9   0.0003530148
1   9   4   6   0.0000059209
1   9   4   7   0.0000956284
1   9   4   10   -0.0000352456
1   9   5   9   -0.0011471122
1   10   1   6   0.0239237394
1   10   1   7   -0.0227028769
1   10   1   10   0.2062592232
1   10   2   6   -0.0000645805
1   10   2   7   -0.0000655865
1   10   2   10   0.0003551421
1   10   3   8   -0.0000254462
1   10   4   9   -0.0000254462
1   10   5   6   0.0007466708
1   10   5   7   0.0002766101
1   10   5   10   -0.0012758063
2   6   1   6   -0.0024732837
2   6   1   7   0.0000102855
2   6   1   10   -0.0000645805
2   6   2   6   0.1884886521
2   6   2   7   0.0003769056
2   6   2   10   -0.0012149407
2   6   3   8   0.0000897942
2   6   4   9   0.0000897942
2   6   5   6   -0.0227028769
2   6   5   7   -0.0000785469
2   6   5   10   0.0002762568
2   7   1   6   -0.0000088401
2   7   1   7   0.0003769056
2   7   1   10   -0.0000655865
2   7   2   6   0.0003769056
2   7   2   7   0.8713670554
2   7   2   10   0.0109911153
2   7   3   8   0.1519032316
2   7   4   9   0.1519032316
2   7   5   6   -0.0000655865
2   7   5   7   0.0109911153
2   7   5   10   0.1429213873
2   8   1   8   0.0003530148
2   8   2   8   0.8131370089
2   8   3   6   0.0000956284
2   8   3   7   0.1565908470
2   8   3   10   0.0022211157
2   8   5   8   0.0096964325
2   9   1   9   0.0003530148
2   9   2   9   0.8131370089
2   9   4   6   0.0000956284
2   9   4   7   0.1565908470
2   9   4   10   0.0022211157
2   9   5   9   0.0096964325
2   10   1   6   -0.0000469732
2   10   1   7   -0.0000785469
2   10   1   10   0.0003551421
2   10   2   6   -0.0012149407
2   10   2   7   0.0109911153
2   10   2   10   0.7795263513
2   10   3   8   0.0020761077
2   10   4   9   0.0020761077
2   10   5   6   0.0002766101
2   10   5   7   0.1483393735
2   10   5   10   0.0108479908
3   6   1   8   0.0000059209
3   6   2   8   0.0000956284
3   6   3   6   0.1871042227
3   6   3   7   0.0003530148
3   6   3   10   -0.0011471122
3   6   5   8   -0.0000352456
3   7   1   8   0.0000956284
3   7   2   8   0.1565908470
3   7   3   6   0.0003530148
3   7   3   7   0.8131370089
3   7   3   10   0.0096964325
3   7   5   8   0.0022211157
3   8   1   6   -0.0000115129
3   8   1   7   0.0000897942
3   8   1   10   -0.0000254462
3   8   2   6   0.0000897942
3   8   2   7   0.1519032316
3   8   2   10   0.0020761077
3   8   3   8   0.8064218673
3   8   4   9   0.0312043590
3   8   5   6   -0.0000254462
3   8   5   7   0.0020761077
3   8   5   10   0.0294241236
3   9   3   9   0.7379972062
3   9   4   8   0.0372203021
3   10   1   8   -0.0000352456
3   10   2   8   0.0022211157
3   10   3   6   -0.0011471122
3   10   3   7   0.0096964325
3   10   3   10   0.7088226325
3   10   5   8   0.0353076144
4   6   1   9   0.0000059209
4   6   2   9   0.0000956284
4   6   4   6   0.1871042227
4   6   4   7   0.0003530148
4   6   4   10   -0.0011471122
4   6   5   9   -0.0000352456
4   7   1   9   0.0000956284
4   7   2   9   0.1565908470
4   7   4   6   0.0003530148
4   7   4   7   0.8131370089
4   7   4   10   0.0096964325
4   7   5   9   0.0022211157
4   8   3   9   0.0372203021
4   8   4   8   0.7379972062
4   9   1   6   -0.0000115129
4   9   1   7   0.0000897942
4   9   1   10   -0.0000254462
4   9   2   6   0.0000897942
4   9   2   7   0.1519032316
4   9   2   10   0.0020761077
4   9   3   8   0.0312043590
4   9   4   9   0.8064218673
4   9   5   6   -0.0000254462
4   9   5   7   0.0020761077
4   9   5   10   0.0294241236
4   10   1   9   -0.0000352456
4   10   2   9   0.0022211157
4   10   4   6   -0.0011471122
4   10   4   7   0.0096964325
4   10   4   10   0.7088226325
4   10   5   9   0.0353076144
5   6   1   6   0.0239237394
5   6   1   7   -0.0000645805
5   6   1   10   0.0007466708
5   6   2   6   -0.0227028769
5   6   2   7   -0.0000655865
5   6   2   10   0.0002766101
5   6   3   8   -0.0000254462
5   6   4   9   -0.0000254462
5   6   5   6   0.2062592232
5   6   5   7   0.0003551421
5   6   5   10   -0.0012758063
5   7   1   6   -0.0000469732
5   7   1   7   -0.0012149407
5   7   1   10   0.0002766101
5   7   2   6   -0.0000785469
5   7   2   7   0.0109911153
5   7   2   10   0.1483393735
5   7   3   8   0.0020761077
5   7   4   9   0.0020761077
5   7   5   6   0.0003551421
5   7   5   7   0.7795263513
5   7   5   10   0.0108479908
5   8   1   8   -0.0011471122
5   8   2   8   0.0096964325
5   8   3   6   -0.0000352456
5   8   3   7   0.0022211157
5   8   3   10   0.0353076144
5   8   5   8   0.7088226325
5   9   1   9   -0.0011471122
5   9   2   9   0.0096964325
5   9   4   6   -0.0000352456
5   9   4   7   0.0022211157
5   9   4   10   0.0353076144
5   9   5   9   0.7088226325
5   10   1   6   0.0002941568
5   10   1   7   0.0002762568
5   10   1   10   -0.0012758063
5   10   2   6   0.0002762568
5   10   2   7   0.1429213873
5   10   2   10   0.0108479908
5   10   3   8   0.0294241236
5   10   4   9   0.0294241236
5   10   5   6   -0.0012758063
5   10   5   7   0.0108479908
5   10   5   10   0.7432588004

End IJKL Block
Begin IJAB Block
1   6   1   5   0.0094504106
1   6   1   8   0.0076600543
1   6   2   6   0.0011867606
1   6   3   7   0.0011867606
1   6   4   5   0.0076600543
1   6   4   8   0.0069275417
1   7   1   5   -0.0000138495
1   7   1   8   -0.0000226643
1   7   2   6   0.0000150951
1   7   3   7   0.0000150951
1   7   4   5   -0.0000231075
1   7   4   8   -0.0000197510
1   8   1   6   0.0000079365
1   8   1   7   0.0000159476
1   8   2   5   0.0000498470
1   8   2   8   0.0000816104
1   8   3   5   0.0001001624
1   8   3   8   0.0001639877
1   8   4   6   -0.0000097054
1   8   4   7   -0.0000195019
1   9   1   6   0.0000159476
1   9   1   7   -0.0000079365
1   9   2   5   0.0001001624
1   9   2   8   0.0001639877
1   9   3   5   -0.0000498470
1   9   3   8   -0.0000816104
1   9   4   6   -0.0000195019
1   9   4   7   0.0000097054
1   10   1   5   0.0003198316
1   10   1   8   0.0005868154
1   10   2   6   -0.0002826005
1   10   3   7   -0.0002826005
1   10   4   5   0.0002683369
1   10   4   8   0.0002635714
2   6   1   5   -0.0000138495
2   6   1   8   -0.0000231075
2   6   2   6   0.0000150951
2   6   3   7   0.0000150951
2   6   4   5   -0.0000226643
2   6   4   8   -0.0000197510
2   7   1   5   0.0010477659
2   7   1   8   0.0011775277
2   7   2   6   0.0007937859
2   7   3   7   0.0007937859
2   7   4   5   0.0011775277
2   7   4   8   0.0021457169
2   8   1   6   0.0001627546
2   8   1   7   0.0003270387
2   8   2   5   0.0000826209
2   8   2   8   0.0003325693
2   8   3   5   0.0001660182
2   8   3   8   0.0006682640
2   8   4   6   0.0007210733
2   8   4   7   0.0014489229
2   9   1   6   0.0003270387
2   9   1   7   -0.0001627546
2   9   2   5   0.0001660182
2   9   2   8   0.0006682640
2   9   3   5   -0.0000826209
2   9   3   8   -0.0003325693
2   9   4   6   0.0014489229
2   9   4   7   -0.0007210733
2   10   1   5   -0.0006024353
2   10   1   8   -0.0011670774
2   10   2   6   -0.0000178992
2   10   3   7   -0.0000178992
2   10   4   5   -0.0019482267
2   10   4   8   -0.0024084348
3   6   1   6   0.0000498470
3   6   1   7   0.0001001624
3   6   2   5   0.0000079365
3   6   2   8   -0.0000097054
3   6   3   5   0.0000159476
3   6   3   8   -0.0000195019
3   6   4   6   0.0000816104
3   6   4   7   0.0001639877
3   7   1   6   0.0000826209
3   7   1   7   0.0001660182
3   7   2   5   0.0001627546
3   7   2   8   0.0007210733
3   7   3   5   0.0003270387
3   7   3   8   0.0014489229
3   7   4   6   0.0003325693
3   7   4   7   0.0006682640
3   8   1   5   0.0006298873
3   8   1   8   0.0006805716
3   8   2   6   0.0008099534
3   8   2   7   0.0008932090
3   8   3   6   0.0008932090
3   8   3   7   0.0021602496
3   8   4   5   0.0006805716
3   8   4   8   0.0014482522
3   9   2   6   0.0008932090
3   9   2   7   -0.0000424672
3   9   3   6   0.0013927633
3   9   3   7   -0.0008932090
3   10   1   6   -0.0002705142
3   10   1   7   -0.0005435706
3   10   2   5   -0.0009509826
3   10   2   8   -0.0009132959
3   10   3   5   -0.0019109021
3   10   3   8   -0.0018351745
3   10   4   6   -0.0002919355
3   10   4   7   -0.0005866145
4   6   1   6   0.0001001624
4   6   1   7   -0.0000498470
4   6   2   5   0.0000159476
4   6   2   8   -0.0000195019
4   6   3   5   -0.0000079365
4   6   3   8   0.0000097054
4   6   4   6   0.0001639877
4   6   4   7   -0.0000816104
4   7   1   6   0.0001660182
4   7   1   7   -0.0000826209
4   7   2   5   0.0003270387
4   7   2   8   0.0014489229
4   7   3   5   -0.0001627546
4   7   3   8   -0.0007210733
4   7   4   6   0.0006682640
4   7   4   7   -0.0003325693
4   8   2   6   0.0008932090
4   8   2   7   0.0013927633
4   8   3   6   -0.0000424672
4   8   3   7   -0.0008932090
4   9   1   5   0.0006298873
4   9   1   8   0.0006805716
4   9   2   6   0.0021602496
4   9   2   7   -0.0008932090
4   9   3   6   -0.0008932090
4   9   3   7   0.0008099534
4   9   4   5   0.0006805716
4   9   4   8   0.0014482522
4   10   1   6   -0.0005435706
4   10   1   7   0.0002705142
4   10   2   5   -0.0019109021
4   10   2   8   -0.0018351745
4   10   3   5   0.0009509826
4   10   3   8   0.0009132959
4   10   4   6   -0.0005866145
4   10   4   7   0.0002919355
5   6   1   5   0.0003198316
5   6   1   8   0.0002683369
5   6   2   6   -0.0002826005
5   6   3   7   -0.0002826005
5   6   4   5   0.0005868154
5   6   4   8   0.0002635714
5   7   1   5   -0.0006024353
5   7   1   8   -0.0019482267
5   7   2   6   -0.0000178992
5   7   3   7   -0.0000178992
5   7   4   5   -0.0011670774
5   7   4   8   -0.0024084348
5   8   1   6   -0.0009509826
5   8   1   7   -0.0019109021
5   8   2   5   -0.0002705142
5   8   2   8   -0.0002919355
5   8   3   5   -0.0005435706
5   8   3   8   -0.0005866145
5   8   4   6   -0.0009132959
5   8   4   7   -0.0018351745
5   9   1   6   -0.0019109021
5   9   1   7   0.0009509826
5   9   2   5   -0.0005435706
5   9   2   8   -0.0005866145
5   9   3   5   0.0002705142
5   9   3   8   0.0002919355
5   9   4   6   -0.0018351745
5   9   4   7   0.0009132959
5   10   1   5   0.0038459696
5   10   1   8   0.0037742925
5   10   2   6   0.0006643411
5   10   3   7   0.0006643411
5   10   4   5   0.0037742925
5   10   4   8   0.0049040543

End IJAB Block
Begin ABCD Block
1   5   1   5   0.2274206589
1   5   1   8   0.0134583071
1   5   2   6   0.0294361912
1   5   3   7   0.0294361912
1   5   4   5   0.0134583071
1   5   4   8   0.0198446675
1   6   1   6   0.1645285008
1   6   2   5   0.0294364548
1   6   2   8   0.0060031141
1   6   4   6   0.0140813708
1   7   1   7   0.1645285008
1   7   3   5   0.0294364548
1   7   3   8   0.0060031141
1   7   4   7   0.0140813708
1   8   1   5   0.0134583071
1   8   1   8   0.1536881426
1   8   2   6   0.0060031477
1   8   3   7   0.0060031477
1   8   4   5   0.0198478398
1   8   4   8   0.0075915901
2   5   1   6   0.0294364548
2   5   2   5   0.1645285008
2   5   2   8   0.0140813708
2   5   4   6   0.0060031141
2   6   1   5   0.0294361912
2   6   1   8   0.0060031477
2   6   2   6   0.1507863898
2   6   3   7   0.0083121821
2   6   4   5   0.0060031477
2   6   4   8   0.0091598908
2   7   2   7   0.1341620652
2   7   3   6   0.0083121425
2   8   1   6   0.0060031141
2   8   2   5   0.0140813708
2   8   2   8   0.1292255660
2   8   4   6   0.0091602271
3   5   1   7   0.0294364548
3   5   3   5   0.1645285008
3   5   3   8   0.0140813708
3   5   4   7   0.0060031141
3   6   2   7   0.0083121425
3   6   3   6   0.1341620652
3   7   1   5   0.0294361912
3   7   1   8   0.0060031477
3   7   2   6   0.0083121821
3   7   3   7   0.1507863898
3   7   4   5   0.0060031477
3   7   4   8   0.0091598908
3   8   1   7   0.0060031141
3   8   3   5   0.0140813708
3   8   3   8   0.1292255660
3   8   4   7   0.0091602271
4   5   1   5   0.0134583071
4   5   1   8   0.0198478398
4   5   2   6   0.0060031477
4   5   3   7   0.0060031477
4   5   4   5   0.1536881426
4   5   4   8   0.0075915901
4   6   1   6   0.0140813708
4   6   2   5   0.0060031141
4   6   2   8   0.0091602271
4   6   4   6   0.1292255660
4   7   1   7   0.0140813708
4   7   3   5   0.0060031141
4   7   3   8   0.0091602271
4   7   4   7   0.1292255660
4   8   1   5   0.0198446675
4   8   1   8   0.0075915901
4   8   2   6   0.0091598908
4   8   3   7   0.0091598908
4   8   4   5   0.0075915901
4   8   4   8   0.1329974711

End ABCD Block
Begin AIJB Block
1   6   1   5   0.0073773186
1   6   1   8   0.0058386950
1   6   2   5   -0.0000042191
1   6   2   8   -0.0000139019
1   6   3   6   0.0000426206
1   6   3   7   0.0000856418
1   6   4   6   0.0000856418
1   6   4   7   -0.0000426206
1   6   5   5   0.0002066834
1   6   5   8   0.0001429549
1   7   1   5   -0.0000042191
1   7   1   8   -0.0000131233
1   7   2   5   0.0008364160
1   7   2   8   0.0009339208
1   7   3   6   0.0000363325
1   7   3   7   0.0000730064
1   7   4   6   0.0000730064
1   7   4   7   -0.0000363325
1   7   5   5   -0.0002763158
1   7   5   8   -0.0011752960
1   8   1   6   0.0000055157
1   8   1   7   0.0000110833
1   8   2   6   0.0000989690
1   8   2   7   0.0001988680
1   8   3   5   0.0002997467
1   8   3   8   0.0004217981
1   8   5   6   -0.0008536085
1   8   5   7   -0.0017152388
1   9   1   6   0.0000110833
1   9   1   7   -0.0000055157
1   9   2   6   0.0001988680
1   9   2   7   -0.0000989690
1   9   4   5   0.0002997467
1   9   4   8   0.0004217981
1   9   5   6   -0.0017152388
1   9   5   7   0.0008536085
1   10   1   5   0.0002066834
1   10   1   8   0.0004209368
1   10   2   5   -0.0002763158
1   10   2   8   -0.0004464088
1   10   3   6   -0.0001438649
1   10   3   7   -0.0002890817
1   10   4   6   -0.0002890817
1   10   4   7   0.0001438649
1   10   5   5   0.0026970512
1   10   5   8   0.0027503084
2   6   1   6   0.0010315436
2   6   2   6   0.0000075624
2   6   3   5   0.0000055157
2   6   3   8   -0.0000035370
2   6   4   5   0.0000110833
2   6   4   8   -0.0000071072
2   6   5   6   -0.0002282309
2   7   1   6   0.0000075624
2   7   2   6   0.0006375012
2   7   3   5   0.0000989690
2   7   3   8   0.0004869909
2   7   4   5   0.0001988680
2   7   4   8   0.0009785584
2   7   5   6   0.0000284461
2   8   1   5   0.0000426206
2   8   1   8   0.0000689445
2   8   2   5   0.0000363325
2   8   2   8   0.0001516373
2   8   3   6   0.0005834089
2   8   3   7   0.0007542785
2   8   4   6   0.0007542785
2   8   4   7   0.0013054396
2   8   5   5   -0.0001438649
2   8   5   8   -0.0001968994
2   9   1   5   0.0000856418
2   9   1   8   0.0001385369
2   9   2   5   0.0000730064
2   9   2   8   0.0003046996
2   9   3   6   0.0007542785
2   9   3   7   -0.0001651695
2   9   4   6   0.0017236789
2   9   4   7   -0.0007542785
2   9   5   5   -0.0002890817
2   9   5   8   -0.0003956491
2   10   1   6   -0.0002282309
2   10   2   6   0.0000284461
2   10   3   5   -0.0008536085
2   10   3   8   -0.0008041186
2   10   4   5   -0.0017152388
2   10   4   8   -0.0016157939
2   10   5   6   0.0004727612
3   6   1   7   0.0010315436
3   6   2   7   0.0000075624
3   6   3   5   0.0000110833
3   6   3   8   -0.0000071072
3   6   4   5   -0.0000055157
3   6   4   8   0.0000035370
3   6   5   7   -0.0002282309
3   7   1   7   0.0000075624
3   7   2   7   0.0006375012
3   7   3   5   0.0001988680
3   7   3   8   0.0009785584
3   7   4   5   -0.0000989690
3   7   4   8   -0.0004869909
3   7   5   7   0.0000284461
3   8   1   5   0.0000856418
3   8   1   8   0.0001385369
3   8   2   5   0.0000730064
3   8   2   8   0.0003046996
3   8   3   6   0.0007542785
3   8   3   7   0.0017236789
3   8   4   6   -0.0001651695
3   8   4   7   -0.0007542785
3   8   5   5   -0.0002890817
3   8   5   8   -0.0003956491
3   9   1   5   -0.0000426206
3   9   1   8   -0.0000689445
3   9   2   5   -0.0000363325
3   9   2   8   -0.0001516373
3   9   3   6   0.0013054396
3   9   3   7   -0.0007542785
3   9   4   6   -0.0007542785
3   9   4   7   0.0005834089
3   9   5   5   0.0001438649
3   9   5   8   0.0001968994
3   10   1   7   -0.0002282309
3   10   2   7   0.0000284461
3   10   3   5   -0.0017152388
3   10   3   8   -0.0016157939
3   10   4   5   0.0008536085
3   10   4   8   0.0008041186
3   10   5   7   0.0004727612
4   6   1   5   0.0058386950
4   6   1   8   0.0052251101
4   6   2   5   -0.0000131233
4   6   2   8   -0.0000135665
4   6   3   6   0.0000689445
4   6   3   7   0.0001385369
4   6   4   6   0.0001385369
4   6   4   7   -0.0000689445
4   6   5   5   0.0004209368
4   6   5   8   0.0001536956
4   7   1   5   -0.0000139019
4   7   1   8   -0.0000135665
4   7   2   5   0.0009339208
4   7   2   8   0.0015824039
4   7   3   6   0.0001516373
4   7   3   7   0.0003046996
4   7   4   6   0.0003046996
4   7   4   7   -0.0001516373
4   7   5   5   -0.0004464088
4   7   5   8   -0.0012834083
4   8   1   6   -0.0000035370
4   8   1   7   -0.0000071072
4   8   2   6   0.0004869909
4   8   2   7   0.0009785584
4   8   3   5   0.0004217981
4   8   3   8   0.0009312612
4   8   5   6   -0.0008041186
4   8   5   7   -0.0016157939
4   9   1   6   -0.0000071072
4   9   1   7   0.0000035370
4   9   2   6   0.0009785584
4   9   2   7   -0.0004869909
4   9   4   5   0.0004217981
4   9   4   8   0.0009312612
4   9   5   6   -0.0016157939
4   9   5   7   0.0008041186
4   10   1   5   0.0001429549
4   10   1   8   0.0001536956
4   10   2   5   -0.0011752960
4   10   2   8   -0.0012834083
4   10   3   6   -0.0001968994
4   10   3   7   -0.0003956491
4   10   4   6   -0.0003956491
4   10   4   7   0.0001968994
4   10   5   5   0.0027503084
4   10   5   8   0.0036983107

1   6   6   1   -0.2690728624
1   6   6   4   -0.0664662536
1   6   7   1   0.0001691895
1   6   7   4   0.0000333284
1   6   8   2   -0.0000673187
1   6   8   3   -0.0001352699
1   6   9   2   -0.0001352699
1   6   9   3   0.0000673187
1   6   10   1   -0.0012649926
1   6   10   4   -0.0002300222
1   7   6   1   0.0001691895
1   7   6   4   0.0000332919
1   7   7   1   -0.1271431364
1   7   7   4   -0.0295764357
1   7   8   2   -0.0014205404
1   7   8   3   -0.0028544305
1   7   9   2   -0.0028544305
1   7   9   3   0.0014205404
1   7   10   1   0.0090037320
1   7   10   4   0.0036595734
1   8   6   2   -0.0000676159
1   8   6   3   -0.0001358672
1   8   7   2   -0.0014207889
1   8   7   3   -0.0028549298
1   8   8   1   -0.1267366493
1   8   8   4   -0.0290439431
1   8   10   2   0.0005811089
1   8   10   3   0.0011676787
1   9   6   2   -0.0001358672
1   9   6   3   0.0000676159
1   9   7   2   -0.0028549298
1   9   7   3   0.0014207889
1   9   9   1   -0.1267366493
1   9   9   4   -0.0290439431
1   9   10   2   0.0011676787
1   9   10   3   -0.0005811089
1   10   6   1   -0.0012649926
1   10   6   4   -0.0002284999
1   10   7   1   0.0090037320
1   10   7   4   0.0036719737
1   10   8   2   0.0005928827
1   10   8   3   0.0011913371
1   10   9   2   0.0011913371
1   10   9   3   -0.0005928827
1   10   10   1   -0.1319831675
1   10   10   4   -0.0310058216
2   6   6   2   -0.1901405779
2   6   7   2   0.0000514512
2   6   8   1   -0.0000676159
2   6   8   4   -0.0000445320
2   6   9   1   -0.0001358672
2   6   9   4   -0.0000894825
2   6   10   2   -0.0002798836
2   7   6   2   0.0000514512
2   7   7   2   -0.1262439656
2   7   8   1   -0.0014207889
2   7   8   4   -0.0017592467
2   7   9   1   -0.0028549298
2   7   9   4   -0.0035350262
2   7   10   2   0.0065117078
2   8   6   1   -0.0000673187
2   8   6   4   -0.0000442170
2   8   7   1   -0.0014205404
2   8   7   4   -0.0017604831
2   8   8   2   -0.1259158951
2   8   8   3   -0.0004675845
2   8   9   2   -0.0004675845
2   8   9   3   -0.0003436837
2   8   10   1   0.0005928827
2   8   10   4   0.0004679292
2   9   6   1   -0.0001352699
2   9   6   4   -0.0000888496
2   9   7   1   -0.0028544305
2   9   7   4   -0.0035375104
2   9   8   2   -0.0004675845
2   9   8   3   -0.0003631805
2   9   9   2   -0.1266227594
2   9   9   3   0.0004675845
2   9   10   1   0.0011913371
2   9   10   4   0.0009402557
2   10   6   2   -0.0002798836
2   10   7   2   0.0065117078
2   10   8   1   0.0005811089
2   10   8   4   0.0004577442
2   10   9   1   0.0011676787
2   10   9   4   0.0009197900
2   10   10   2   -0.1288181580
3   6   6   3   -0.1901405779
3   6   7   3   0.0000514512
3   6   8   1   -0.0001358672
3   6   8   4   -0.0000894825
3   6   9   1   0.0000676159
3   6   9   4   0.0000445320
3   6   10   3   -0.0002798836
3   7   6   3   0.0000514512
3   7   7   3   -0.1262439656
3   7   8   1   -0.0028549298
3   7   8   4   -0.0035350262
3   7   9   1   0.0014207889
3   7   9   4   0.0017592467
3   7   10   3   0.0065117078
3   8   6   1   -0.0001352699
3   8   6   4   -0.0000888496
3   8   7   1   -0.0028544305
3   8   7   4   -0.0035375104
3   8   8   2   -0.0004675845
3   8   8   3   -0.1266227594
3   8   9   2   -0.0003631805
3   8   9   3   0.0004675845
3   8   10   1   0.0011913371
3   8   10   4   0.0009402557
3   9   6   1   0.0000673187
3   9   6   4   0.0000442170
3   9   7   1   0.0014205404
3   9   7   4   0.0017604831
3   9   8   2   -0.0003436837
3   9   8   3   0.0004675845
3   9   9   2   0.0004675845
3   9   9   3   -0.1259158951
3   9   10   1   -0.0005928827
3   9   10   4   -0.0004679292
3   10   6   3   -0.0002798836
3   10   7   3   0.0065117078
3   10   8   1   0.0011676787
3   10   8   4   0.0009197900
3   10   9   1   -0.0005811089
3   10   9   4   -0.0004577442
3   10   10   3   -0.1288181580
4   6   6   1   -0.0664662536
4   6   6   4   -0.1913065389
4   6   7   1   0.0000332919
4   6   7   4   0.0000358497
4   6   8   2   -0.0000442170
4   6   8   3   -0.0000888496
4   6   9   2   -0.0000888496
4   6   9   3   0.0000442170
4   6   10   1   -0.0002284999
4   6   10   4   -0.0002068008
4   7   6   1   0.0000333284
4   7   6   4   0.0000358497
4   7   7   1   -0.0295764357
4   7   7   4   -0.1408469336
4   7   8   2   -0.0017604831
4   7   8   3   -0.0035375104
4   7   9   2   -0.0035375104
4   7   9   3   0.0017604831
4   7   10   1   0.0036719737
4   7   10   4   0.0058750944
4   8   6   2   -0.0000445320
4   8   6   3   -0.0000894825
4   8   7   2   -0.0017592467
4   8   7   3   -0.0035350262
4   8   8   1   -0.0290439431
4   8   8   4   -0.1401350923
4   8   10   2   0.0004577442
4   8   10   3   0.0009197900
4   9   6   2   -0.0000894825
4   9   6   3   0.0000445320
4   9   7   2   -0.0035350262
4   9   7   3   0.0017592467
4   9   9   1   -0.0290439431
4   9   9   4   -0.1401350923
4   9   10   2   0.0009197900
4   9   10   3   -0.0004577442
4   10   6   1   -0.0002300222
4   10   6   4   -0.0002068008
4   10   7   1   0.0036595734
4   10   7   4   0.0058750944
4   10   8   2   0.0004679292
4   10   8   3   0.0009402557
4   10   9   2   0.0009402557
4   10   9   3   -0.0004679292
4   10   10   1   -0.0310058216
4   10   10   4   -0.1430962495

End AIJB Block
Begin IJKA Block
1   6   1   5   -0.0872395463
1   6   1   8   -0.0753563263
1   6   2   5   0.0001737048
1   6   2   8   0.0001753704
1   6   3   6   0.0000340715
1   6   3   7   0.0000684632
1   6   4   6   0.0000684632
1   6   4   7   -0.0000340715
1   6   5   5   -0.0017202491
1   6   5   8   -0.0017766122
1   7   1   5   -0.0003640355
1   7   1   8   0.0000499697
1   7   2   5   0.0000011894
1   7   2   8   -0.0000152452
1   7   3   6   -0.0000010227
1   7   3   7   -0.0000020551
1   7   4   6   -0.0000020551
1   7   4   7   0.0000010227
1   7   5   5   0.0000161644
1   7   5   8   0.0000177301
1   8   1   6   0.0007623079
1   8   1   7   0.0015317796
1   8   2   6   -0.0000066428
1   8   2   7   -0.0000133480
1   8   3   5   0.0000102535
1   8   3   8   0.0000126982
1   8   5   6   0.0000138281
1   8   5   7   0.0000277861
1   9   1   6   0.0015317796
1   9   1   7   -0.0007623079
1   9   2   6   -0.0000133480
1   9   2   7   0.0000066428
1   9   4   5   0.0000102535
1   9   4   8   0.0000126982
1   9   5   6   0.0000277861
1   9   5   7   -0.0000138281
1   10   1   5   -0.0085267039
1   10   1   8   -0.0203373156
1   10   2   5   0.0000218816
1   10   2   8   0.0000183368
1   10   3   6   -0.0000098124
1   10   3   7   -0.0000197171
1   10   4   6   -0.0000197171
1   10   4   7   0.0000098124
1   10   5   5   -0.0000560540
1   10   5   8   -0.0000093941
2   6   1   5   0.0001684495
2   6   1   8   0.0001719876
2   6   2   5   -0.0016527487
2   6   2   8   0.0001933175
2   6   3   6   0.0000998082
2   6   3   7   0.0002005543
2   6   4   6   0.0002005543
2   6   4   7   -0.0000998082
2   6   5   5   0.0003690475
2   6   5   8   -0.0000425396
2   7   1   5   0.0000002859
2   7   1   8   -0.0000057256
2   7   2   5   -0.0052798381
2   7   2   8   -0.0211992867
2   7   3   6   -0.0044395886
2   7   3   7   -0.0089208986
2   7   4   6   -0.0089208986
2   7   4   7   0.0044395886
2   7   5   5   0.0109401405
2   7   5   8   0.0097687381
2   8   1   6   -0.0000004632
2   8   1   7   -0.0000009307
2   8   2   6   -0.0130391248
2   8   2   7   -0.0262007859
2   8   3   5   -0.0010156274
2   8   3   8   -0.0044469297
2   8   5   6   -0.0004720165
2   8   5   7   -0.0009484687
2   9   1   6   -0.0000009307
2   9   1   7   0.0000004632
2   9   2   6   -0.0262007859
2   9   2   7   0.0130391248
2   9   4   5   -0.0010156274
2   9   4   8   -0.0044469297
2   9   5   6   -0.0009484687
2   9   5   7   0.0004720165
2   10   1   5   -0.0000034063
2   10   1   8   -0.0000078036
2   10   2   5   0.0304848781
2   10   2   8   0.0233654736
2   10   3   6   -0.0004047169
2   10   3   7   -0.0008132372
2   10   4   6   -0.0008132372
2   10   4   7   0.0004047169
2   10   5   5   0.0004261948
2   10   5   8   -0.0018520868
3   6   1   6   0.0000319368
3   6   1   7   0.0000641737
3   6   2   6   0.0000952110
3   6   2   7   0.0001913167
3   6   3   5   -0.0016049433
3   6   3   8   0.0001857437
3   6   5   6   -0.0000586651
3   6   5   7   -0.0001178815
3   7   1   6   0.0000008513
3   7   1   7   0.0000017105
3   7   2   6   -0.0044176699
3   7   2   7   -0.0088768552
3   7   3   5   -0.0045949581
3   7   3   8   -0.0189659078
3   7   5   6   -0.0000930049
3   7   5   7   -0.0001868837
3   8   1   5   0.0000134920
3   8   1   8   0.0000105470
3   8   2   5   -0.0010115383
3   8   2   8   -0.0043634019
3   8   3   6   -0.0141050768
3   8   3   7   -0.0283427073
3   8   4   6   -0.0026206798
3   8   4   7   0.0013042117
3   8   5   5   0.0034732376
3   8   5   8   0.0030812442
3   9   3   6   -0.0230163172
3   9   3   7   0.0114543370
3   9   4   6   -0.0013465281
3   9   4   7   -0.0027057104
3   10   1   6   -0.0000099523
3   10   1   7   -0.0000199982
3   10   2   6   -0.0003217823
3   10   2   7   -0.0006465885
3   10   3   5   0.0267550473
3   10   3   8   0.0198968822
3   10   5   6   -0.0013551578
3   10   5   7   -0.0027230509
4   6   1   6   0.0000641737
4   6   1   7   -0.0000319368
4   6   2   6   0.0001913167
4   6   2   7   -0.0000952110
4   6   4   5   -0.0016049433
4   6   4   8   0.0001857437
4   6   5   6   -0.0001178815
4   6   5   7   0.0000586651
4   7   1   6   0.0000017105
4   7   1   7   -0.0000008513
4   7   2   6   -0.0088768552
4   7   2   7   0.0044176699
4   7   4   5   -0.0045949581
4   7   4   8   -0.0189659078
4   7   5   6   -0.0001868837
4   7   5   7   0.0000930049
4   8   3   6   -0.0027057104
4   8   3   7   0.0013465281
4   8   4   6   -0.0114543370
4   8   4   7   -0.0230163172
4   9   1   5   0.0000134920
4   9   1   8   0.0000105470
4   9   2   5   -0.0010115383
4   9   2   8   -0.0043634019
4   9   3   6   -0.0013042117
4   9   3   7   -0.0026206798
4   9   4   6   -0.0283427073
4   9   4   7   0.0141050768
4   9   5   5   0.0034732376
4   9   5   8   0.0030812442
4   10   1   6   -0.0000199982
4   10   1   7   0.0000099523
4   10   2   6   -0.0006465885
4   10   2   7   0.0003217823
4   10   4   5   0.0267550473
4   10   4   8   0.0198968822
4   10   5   6   -0.0027230509
4   10   5   7   0.0013551578
5   6   1   5   -0.0018387562
5   6   1   8   -0.0018844354
5   6   2   5   0.0003491799
5   6   2   8   -0.0000375018
5   6   3   6   -0.0000572052
5   6   3   7   -0.0001149480
5   6   4   6   -0.0001149480
5   6   4   7   0.0000572052
5   6   5   5   -0.0020452404
5   6   5   8   0.0001081862
5   7   1   5   0.0000020806
5   7   1   8   -0.0000040341
5   7   2   5   0.0110597153
5   7   2   8   0.0100487842
5   7   3   6   -0.0001090886
5   7   3   7   -0.0002192025
5   7   4   6   -0.0002192025
5   7   4   7   0.0001090886
5   7   5   5   -0.0040911082
5   7   5   8   -0.0176052791
5   8   1   6   -0.0000067244
5   8   1   7   -0.0000135120
5   8   2   6   -0.0003227817
5   8   2   7   -0.0006485967
5   8   3   5   0.0034657810
5   8   3   8   0.0030927114
5   8   5   6   -0.0111806306
5   8   5   7   -0.0224663322
5   9   1   6   -0.0000135120
5   9   1   7   0.0000067244
5   9   2   6   -0.0006485967
5   9   2   7   0.0003227817
5   9   4   5   0.0034657810
5   9   4   8   0.0030927114
5   9   5   6   -0.0224663322
5   9   5   7   0.0111806306
5   10   1   5   0.0000593307
5   10   1   8   0.0000696830
5   10   2   5   -0.0001216019
5   10   2   8   -0.0022548232
5   10   3   6   -0.0012586779
5   10   3   7   -0.0025291843
5   10   4   6   -0.0025291843
5   10   4   7   0.0012586779
5   10   5   5   0.0337317492
5   10   5   8   0.0255079641

End IJKA Block
Begin IABC Block
1   5   1   5   0.0005589201
1   5   1   8   -0.0008852572
1   5   2   6   0.0017519486
1   5   3   7   0.0017519486
1   5   4   5   -0.0011699742
1   5   4   8   -0.0006632099
1   6   1   6   0.0000676021
1   6   2   5   0.0017619358
1   6   2   8   0.0010244907
1   6   4   6   -0.0001726731
1   7   1   7   0.0000676021
1   7   3   5   0.0017619358
1   7   3   8   0.0010244907
1   7   4   7   -0.0001726731
1   8   1   5   -0.0008906818
1   8   1   8   -0.0008150390
1   8   2   6   0.0010172612
1   8   3   7   0.0010172612
1   8   4   5   -0.0006620296
1   8   4   8   -0.0005859864
2   5   1   5   -0.0002777943
2   5   1   8   -0.0001751695
2   5   2   6   0.0000156705
2   5   3   7   0.0000156705
2   5   4   5   -0.0003332528
2   5   4   8   -0.0001672867
2   6   1   6   -0.0002204619
2   6   2   5   0.0000145971
2   6   2   8   -0.0000177703
2   6   4   6   -0.0002251497
2   7   1   7   -0.0002204619
2   7   3   5   0.0000145971
2   7   3   8   -0.0000177703
2   7   4   7   -0.0002251497
2   8   1   5   -0.0001763238
2   8   1   8   -0.0002310004
2   8   2   6   -0.0000150304
2   8   3   7   -0.0000150304
2   8   4   5   -0.0001662346
2   8   4   8   -0.0003416285
3   5   1   6   0.0003255996
3   5   1   7   0.0006542590
3   5   2   5   0.0004088734
3   5   2   8   0.0000941339
3   5   3   5   0.0008215892
3   5   3   8   0.0001891524
3   5   4   6   0.0007419715
3   5   4   7   0.0014909158
3   6   1   5   0.0003252478
3   6   1   8   0.0003028107
3   6   2   6   0.0004911317
3   6   2   7   0.0002787577
3   6   3   6   0.0004301658
3   6   3   7   0.0001383278
3   6   4   5   0.0007427495
3   6   4   8   0.0005453141
3   7   1   5   0.0006535522
3   7   1   8   0.0006084670
3   7   2   6   0.0002779555
3   7   2   7   0.0002140770
3   7   3   6   0.0001387270
3   7   3   7   0.0009868789
3   7   4   5   0.0014924790
3   7   4   8   0.0010957529
3   8   1   6   0.0003047843
3   8   1   7   0.0006124328
3   8   2   5   0.0000956125
3   8   2   8   -0.0000394525
3   8   3   5   0.0001921236
3   8   3   8   -0.0000792758
3   8   4   6   0.0005542334
3   8   4   7   0.0011136753
4   5   1   6   0.0006542590
4   5   1   7   -0.0003255996
4   5   2   5   0.0008215892
4   5   2   8   0.0001891524
4   5   3   5   -0.0004088734
4   5   3   8   -0.0000941339
4   5   4   6   0.0014909158
4   5   4   7   -0.0007419715
4   6   1   5   0.0006535522
4   6   1   8   0.0006084670
4   6   2   6   0.0009868789
4   6   2   7   -0.0001387270
4   6   3   6   -0.0002140770
4   6   3   7   0.0002779555
4   6   4   5   0.0014924790
4   6   4   8   0.0010957529
4   7   1   5   -0.0003252478
4   7   1   8   -0.0003028107
4   7   2   6   -0.0001383278
4   7   2   7   0.0004301658
4   7   3   6   0.0002787577
4   7   3   7   -0.0004911317
4   7   4   5   -0.0007427495
4   7   4   8   -0.0005453141
4   8   1   6   0.0006124328
4   8   1   7   -0.0003047843
4   8   2   5   0.0001921236
4   8   2   8   -0.0000792758
4   8   3   5   -0.0000956125
4   8   3   8   0.0000394525
4   8   4   6   0.0011136753
4   8   4   7   -0.0005542334
5   5   1   5   -0.0030085413
5   5   1   8   -0.0005973509
5   5   2   6   -0.0017367408
5   5   3   7   -0.0017367408
5   5   4   5   -0.0068113415
5   5   4   8   -0.0026094944
5   6   1   6   -0.0019106470
5   6   2   5   -0.0017442035
5   6   2   8   -0.0010597192
5   6   4   6   -0.0048256163
5   7   1   7   -0.0019106470
5   7   3   5   -0.0017442035
5   7   3   8   -0.0010597192
5   7   4   7   -0.0048256163
5   8   1   5   -0.0006016307
5   8   1   8   -0.0010407839
5   8   2   6   -0.0010578764
5   8   3   7   -0.0010578764
5   8   4   5   -0.0026654415
5   8   4   8   -0.0036283470

End IABC Block
