Begin IJ Block
1   1   -5.2749957643
1   2   0.0000328169
1   5   -0.0078867770
2   2   -6.7270381672
2   5   -0.0067510851
3   3   -5.7575998810
4   4   -5.7575998810
5   5   -5.6443107308

End IJ Block
Begin IA Block
1   1   0.1113346652
2   1   0.0118615915
3   2   0.1313516236
3   3   0.0153818357
4   2   -0.0153818357
4   3   0.1313516236
5   1   -0.2537639804

End IA Block
Begin AB Block
1   1   -1.4834235970
2   2   -1.3183295405
3   3   -1.3183295405

End AB Block
Begin IJKL Block
1   6   1   6   1.6516395847
1   6   1   7   -0.0000567929
1   6   1   10   0.0083678093
1   6   2   6   -0.0000567929
1   6   2   7   0.0000000092
1   6   2   10   -0.0000004661
1   6   3   8   0.0000001693
1   6   4   9   0.0000001693
1   6   5   6   0.0083678093
1   6   5   7   -0.0000004661
1   6   5   10   0.0000668028
1   7   1   6   -0.0000567929
1   7   1   7   0.1187966712
1   7   1   10   -0.0087610946
1   7   2   6   0.0000000092
1   7   2   7   0.0000056625
1   7   2   10   -0.0000037439
1   7   3   8   0.0000012716
1   7   4   9   0.0000012716
1   7   5   6   -0.0000004661
1   7   5   7   -0.0000706175
1   7   5   10   0.0000106046
1   8   1   8   0.1182009520
1   8   2   8   0.0000051550
1   8   3   6   0.0000001693
1   8   3   7   0.0000012716
1   8   3   10   -0.0000010122
1   8   5   8   -0.0000679113
1   9   1   9   0.1182009520
1   9   2   9   0.0000051550
1   9   4   6   0.0000001693
1   9   4   7   0.0000012716
1   9   4   10   -0.0000010122
1   9   5   9   -0.0000679113
1   10   1   6   0.0083678093
1   10   1   7   -0.0087610946
1   10   1   10   0.1229860990
1   10   2   6   -0.0000004661
1   10   2   7   -0.0000037439
1   10   2   10   0.0000054207
1   10   3   8   -0.0000010122
1   10   4   9   -0.0000010122
1   10   5   6   0.0000668028
1   10   5   7   0.0000106046
1   10   5   10   -0.0000739204
2   6   1   6   -0.0000567929
2   6   1   7   0.0000000092
2   6   1   10   -0.0000004661
2   6   2   6   0.1187966712
2   6   2   7   0.0000056625
2   6   2   10   -0.0000706175
2   6   3   8   0.0000012716
2   6   4   9   0.0000012716
2   6   5   6   -0.0087610946
2   6   5   7   -0.0000037439
2   6   5   10   0.0000106046
2   7   1   6   0.0000000092
2   7   1   7   0.0000056625
2   7   1   10   -0.0000037439
2   7   2   6   0.0000056625
2   7   2   7   0.8831241381
2   7   2   10   0.0043013631
2   7   3   8   0.1658784711
2   7   4   9   0.1658784711
2   7   5   6   -0.0000037439
2   7   5   7   0.0043013631
2   7   5   10   0.1604728486
2   8   1   8   0.0000051550
2   8   2   8   0.8295479794
2   8   3   6   0.0000012716
2   8   3   7   0.1658784711
2   8   3   10   0.0011080492
2   8   5   8   0.0043129159
2   9   1   9   0.0000051550
2   9   2   9   0.8295479794
2   9   4   6   0.0000012716
2   9   4   7   0.1658784711
2   9   4   10   0.0011080492
2   9   5   9   0.0043129159
2   10   1   6   -0.0000004661
2   10   1   7   -0.0000037439
2   10   1   10   0.0000054207
2   10   2   6   -0.0000706175
2   10   2   7   0.0043013631
2   10   2   10   0.8087380727
2   10   3   8   0.0011080492
2   10   4   9   0.0011080492
2   10   5   6   0.0000106046
2   10   5   7   0.1604728486
2   10   5   10   0.0049358800
3   6   1   8   0.0000001693
3   6   2   8   0.0000012716
3   6   3   6   0.1182009520
3   6   3   7   0.0000051550
3   6   3   10   -0.0000679113
3   6   5   8   -0.0000010122
3   7   1   8   0.0000012716
3   7   2   8   0.1658784711
3   7   3   6   0.0000051550
3   7   3   7   0.8295479794
3   7   3   10   0.0043129159
3   7   5   8   0.0011080492
3   8   1   6   0.0000001693
3   8   1   7   0.0000012716
3   8   1   10   -0.0000010122
3   8   2   6   0.0000012716
3   8   2   7   0.1658784711
3   8   2   10   0.0011080492
3   8   3   8   0.8396005997
3   8   4   9   0.0408374754
3   8   5   6   -0.0000010122
3   8   5   7   0.0011080492
3   8   5   10   0.0395566831
3   9   3   9   0.7579256490
3   9   4   8   0.0408374754
3   10   1   8   -0.0000010122
3   10   2   8   0.0011080492
3   10   3   6   -0.0000679113
3   10   3   7   0.0043129159
3   10   3   10   0.7395549681
3   10   5   8   0.0395566831
4   6   1   9   0.0000001693
4   6   2   9   0.0000012716
4   6   4   6   0.1182009520
4   6   4   7   0.0000051550
4   6   4   10   -0.0000679113
4   6   5   9   -0.0000010122
4   7   1   9   0.0000012716
4   7   2   9   0.1658784711
4   7   4   6   0.0000051550
4   7   4   7   0.8295479794
4   7   4   10   0.0043129159
4   7   5   9   0.0011080492
4   8   3   9   0.0408374754
4   8   4   8   0.7579256490
4   9   1   6   0.0000001693
4   9   1   7   0.0000012716
4   9   1   10   -0.0000010122
4   9   2   6   0.0000012716
4   9   2   7   0.1658784711
4   9   2   10   0.0011080492
4   9   3   8   0.0408374754
4   9   4   9   0.8396005997
4   9   5   6   -0.0000010122
4   9   5   7   0.0011080492
4   9   5   10   0.0395566831
4   10   1   9   -0.0000010122
4   10   2   9   0.0011080492
4   10   4   6   -0.0000679113
4   10   4   7   0.0043129159
4   10   4   10   0.7395549681
4   10   5   9   0.0395566831
5   6   1   6   0.0083678093
5   6   1   7   -0.0000004661
5   6   1   10   0.0000668028
5   6   2   6   -0.0087610946
5   6   2   7   -0.0000037439
5   6   2   10   0.0000106046
5   6   3   8   -0.0000010122
5   6   4   9   -0.0000010122
5   6   5   6   0.1229860990
5   6   5   7   0.0000054207
5   6   5   10   -0.0000739204
5   7   1   6   -0.0000004661
5   7   1   7   -0.0000706175
5   7   1   10   0.0000106046
5   7   2   6   -0.0000037439
5   7   2   7   0.0043013631
5   7   2   10   0.1604728486
5   7   3   8   0.0011080492
5   7   4   9   0.0011080492
5   7   5   6   0.0000054207
5   7   5   7   0.8087380727
5   7   5   10   0.0049358800
5   8   1   8   -0.0000679113
5   8   2   8   0.0043129159
5   8   3   6   -0.0000010122
5   8   3   7   0.0011080492
5   8   3   10   0.0395566831
5   8   5   8   0.7395549681
5   9   1   9   -0.0000679113
5   9   2   9   0.0043129159
5   9   4   6   -0.0000010122
5   9   4   7   0.0011080492
5   9   4   10   0.0395566831
5   9   5   9   0.7395549681
5   10   1   6   0.0000668028
5   10   1   7   0.0000106046
5   10   1   10   -0.0000739204
5   10   2   6   0.0000106046
5   10   2   7   0.1604728486
5   10   2   10   0.0049358800
5   10   3   8   0.0395566831
5   10   4   9   0.0395566831
5   10   5   6   -0.0000739204
5   10   5   7   0.0049358800
5   10   5   10   0.7989041725

End IJKL Block
Begin IJAB Block
1   6   1   4   0.0111861891
1   6   2   5   0.0022024522
1   6   3   6   0.0022024522
1   7   1   4   0.0000012945
1   7   2   5   0.0000029296
1   7   3   6   0.0000029296
1   8   1   5   -0.0000018632
1   8   1   6   -0.0000002182
1   8   2   4   0.0000398599
1   8   3   4   0.0000046678
1   9   1   5   0.0000002182
1   9   1   6   -0.0000018632
1   9   2   4   -0.0000046678
1   9   3   4   0.0000398599
1   10   1   4   0.0001547013
1   10   2   5   -0.0002586378
1   10   3   6   -0.0002586378
2   6   1   4   0.0000012945
2   6   2   5   0.0000029296
2   6   3   6   0.0000029296
2   7   1   4   0.0007132515
2   7   2   5   0.0001694370
2   7   3   6   0.0001694370
2   8   1   5   0.0000246397
2   8   1   6   0.0000028854
2   8   2   4   0.0000085176
2   8   3   4   0.0000009974
2   9   1   5   -0.0000028854
2   9   1   6   0.0000246397
2   9   2   4   -0.0000009974
2   9   3   4   0.0000085176
2   10   1   4   -0.0000777741
2   10   2   5   0.0000082705
2   10   3   6   0.0000082705
3   6   1   5   0.0000398599
3   6   1   6   0.0000046678
3   6   2   4   -0.0000018632
3   6   3   4   -0.0000002182
3   7   1   5   0.0000085176
3   7   1   6   0.0000009974
3   7   2   4   0.0000246397
3   7   3   4   0.0000028854
3   8   1   4   0.0001844410
3   8   2   5   0.0007033318
3   8   2   6   0.0000767626
3   8   3   5   0.0000767626
3   8   3   6   0.0000568147
3   9   2   5   -0.0000767626
3   9   2   6   0.0006076809
3   9   3   5   0.0000388362
3   9   3   6   0.0000767626
3   10   1   5   -0.0001221861
3   10   1   6   -0.0000143085
3   10   2   4   -0.0012891339
3   10   3   4   -0.0001509631
4   6   1   5   -0.0000046678
4   6   1   6   0.0000398599
4   6   2   4   0.0000002182
4   6   3   4   -0.0000018632
4   7   1   5   -0.0000009974
4   7   1   6   0.0000085176
4   7   2   4   -0.0000028854
4   7   3   4   0.0000246397
4   8   2   5   -0.0000767626
4   8   2   6   0.0000388362
4   8   3   5   0.0006076809
4   8   3   6   0.0000767626
4   9   1   4   0.0001844410
4   9   2   5   0.0000568147
4   9   2   6   -0.0000767626
4   9   3   5   -0.0000767626
4   9   3   6   0.0007033318
4   10   1   5   0.0000143085
4   10   1   6   -0.0001221861
4   10   2   4   0.0001509631
4   10   3   4   -0.0012891339
5   6   1   4   0.0001547013
5   6   2   5   -0.0002586378
5   6   3   6   -0.0002586378
5   7   1   4   -0.0000777741
5   7   2   5   0.0000082705
5   7   3   6   0.0000082705
5   8   1   5   -0.0012891339
5   8   1   6   -0.0001509631
5   8   2   4   -0.0001221861
5   8   3   4   -0.0000143085
5   9   1   5   0.0001509631
5   9   1   6   -0.0012891339
5   9   2   4   0.0000143085
5   9   3   4   -0.0001221861
5   10   1   4   0.0032301670
5   10   2   5   0.0002835491
5   10   3   6   0.0002835491

End IJAB Block
Begin ABCD Block
1   4   1   4   0.2356317799
1   4   2   5   0.0390583399
1   4   3   6   0.0390583399
1   5   1   5   0.1940369032
1   5   2   4   0.0390583399
1   6   1   6   0.1940369032
1   6   3   4   0.0390583399
2   4   1   5   0.0390583399
2   4   2   4   0.1940369032
2   5   1   4   0.0390583399
2   5   2   5   0.1849503298
2   5   3   6   0.0098517420
2   6   2   6   0.1652468459
2   6   3   5   0.0098517420
3   4   1   6   0.0390583399
3   4   3   4   0.1940369032
3   5   2   6   0.0098517420
3   5   3   5   0.1652468459
3   6   1   4   0.0390583399
3   6   2   5   0.0098517420
3   6   3   6   0.1849503298

End ABCD Block
Begin AIJB Block
1   6   1   4   0.0111861891
1   6   2   4   0.0000012945
1   6   3   5   0.0000398599
1   6   3   6   0.0000046678
1   6   4   5   -0.0000046678
1   6   4   6   0.0000398599
1   6   5   4   0.0001547013
1   7   1   4   0.0000012945
1   7   2   4   0.0007132515
1   7   3   5   0.0000085176
1   7   3   6   0.0000009974
1   7   4   5   -0.0000009974
1   7   4   6   0.0000085176
1   7   5   4   -0.0000777741
1   8   1   5   -0.0000018632
1   8   1   6   -0.0000002182
1   8   2   5   0.0000246397
1   8   2   6   0.0000028854
1   8   3   4   0.0001844410
1   8   5   5   -0.0012891339
1   8   5   6   -0.0001509631
1   9   1   5   0.0000002182
1   9   1   6   -0.0000018632
1   9   2   5   -0.0000028854
1   9   2   6   0.0000246397
1   9   4   4   0.0001844410
1   9   5   5   0.0001509631
1   9   5   6   -0.0012891339
1   10   1   4   0.0001547013
1   10   2   4   -0.0000777741
1   10   3   5   -0.0001221861
1   10   3   6   -0.0000143085
1   10   4   5   0.0000143085
1   10   4   6   -0.0001221861
1   10   5   4   0.0032301670
2   6   1   5   0.0022024522
2   6   2   5   0.0000029296
2   6   3   4   -0.0000018632
2   6   4   4   0.0000002182
2   6   5   5   -0.0002586378
2   7   1   5   0.0000029296
2   7   2   5   0.0001694370
2   7   3   4   0.0000246397
2   7   4   4   -0.0000028854
2   7   5   5   0.0000082705
2   8   1   4   0.0000398599
2   8   2   4   0.0000085176
2   8   3   5   0.0007033318
2   8   3   6   0.0000767626
2   8   4   5   -0.0000767626
2   8   4   6   0.0000388362
2   8   5   4   -0.0001221861
2   9   1   4   -0.0000046678
2   9   2   4   -0.0000009974
2   9   3   5   -0.0000767626
2   9   3   6   0.0006076809
2   9   4   5   0.0000568147
2   9   4   6   -0.0000767626
2   9   5   4   0.0000143085
2   10   1   5   -0.0002586378
2   10   2   5   0.0000082705
2   10   3   4   -0.0012891339
2   10   4   4   0.0001509631
2   10   5   5   0.0002835491
3   6   1   6   0.0022024522
3   6   2   6   0.0000029296
3   6   3   4   -0.0000002182
3   6   4   4   -0.0000018632
3   6   5   6   -0.0002586378
3   7   1   6   0.0000029296
3   7   2   6   0.0001694370
3   7   3   4   0.0000028854
3   7   4   4   0.0000246397
3   7   5   6   0.0000082705
3   8   1   4   0.0000046678
3   8   2   4   0.0000009974
3   8   3   5   0.0000767626
3   8   3   6   0.0000568147
3   8   4   5   0.0006076809
3   8   4   6   0.0000767626
3   8   5   4   -0.0000143085
3   9   1   4   0.0000398599
3   9   2   4   0.0000085176
3   9   3   5   0.0000388362
3   9   3   6   0.0000767626
3   9   4   5   -0.0000767626
3   9   4   6   0.0007033318
3   9   5   4   -0.0001221861
3   10   1   6   -0.0002586378
3   10   2   6   0.0000082705
3   10   3   4   -0.0001509631
3   10   4   4   -0.0012891339
3   10   5   6   0.0002835491

1   6   6   1   -0.3010671159
1   6   7   1   0.0000030479
1   6   8   2   -0.0000324583
1   6   8   3   -0.0000038010
1   6   9   2   0.0000038010
1   6   9   3   -0.0000324583
1   6   10   1   -0.0002609746
1   7   6   1   0.0000030479
1   7   7   1   -0.1011128598
1   7   8   2   -0.0015589974
1   7   8   3   -0.0001825652
1   7   9   2   0.0001825652
1   7   9   3   -0.0015589974
1   7   10   1   0.0058312020
1   8   6   2   -0.0000324583
1   8   6   3   -0.0000038010
1   8   7   2   -0.0015589974
1   8   7   3   -0.0001825652
1   8   8   1   -0.1005094680
1   8   10   2   0.0004674068
1   8   10   3   0.0000547353
1   9   6   2   0.0000038010
1   9   6   3   -0.0000324583
1   9   7   2   0.0001825652
1   9   7   3   -0.0015589974
1   9   9   1   -0.1005094680
1   9   10   2   -0.0000547353
1   9   10   3   0.0004674068
1   10   6   1   -0.0002609746
1   10   7   1   0.0058312020
1   10   8   2   0.0004674068
1   10   8   3   0.0000547353
1   10   9   2   -0.0000547353
1   10   9   3   0.0004674068
1   10   10   1   -0.1033892986
2   6   6   2   -0.2392205171
2   6   7   2   0.0000004083
2   6   8   1   -0.0000324583
2   6   9   1   0.0000038010
2   6   10   2   -0.0000791545
2   7   6   2   0.0000004083
2   7   7   2   -0.1026421538
2   7   8   1   -0.0015589974
2   7   9   1   0.0001825652
2   7   10   2   0.0056936243
2   8   6   1   -0.0000324583
2   8   7   1   -0.0015589974
2   8   8   2   -0.1025211959
2   8   8   3   -0.0000358637
2   8   9   2   0.0000358637
2   8   9   3   -0.0001510271
2   8   10   1   0.0004674068
2   9   6   1   0.0000038010
2   9   7   1   0.0001825652
2   9   8   2   0.0000358637
2   9   8   3   -0.0001510271
2   9   9   2   -0.1022191417
2   9   9   3   0.0000358637
2   9   10   1   -0.0000547353
2   10   6   2   -0.0000791545
2   10   7   2   0.0056936243
2   10   8   1   0.0004674068
2   10   9   1   -0.0000547353
2   10   10   2   -0.1045844083
3   6   6   3   -0.2392205171
3   6   7   3   0.0000004083
3   6   8   1   -0.0000038010
3   6   9   1   -0.0000324583
3   6   10   3   -0.0000791545
3   7   6   3   0.0000004083
3   7   7   3   -0.1026421538
3   7   8   1   -0.0001825652
3   7   9   1   -0.0015589974
3   7   10   3   0.0056936243
3   8   6   1   -0.0000038010
3   8   7   1   -0.0001825652
3   8   8   2   -0.0000358637
3   8   8   3   -0.1022191417
3   8   9   2   -0.0001510271
3   8   9   3   -0.0000358637
3   8   10   1   0.0000547353
3   9   6   1   -0.0000324583
3   9   7   1   -0.0015589974
3   9   8   2   -0.0001510271
3   9   8   3   -0.0000358637
3   9   9   2   0.0000358637
3   9   9   3   -0.1025211959
3   9   10   1   0.0004674068
3   10   6   3   -0.0000791545
3   10   7   3   0.0056936243
3   10   8   1   0.0000547353
3   10   9   1   0.0004674068
3   10   10   3   -0.1045844083

End AIJB Block
Begin IJKA Block
1   6   1   4   -0.1075844460
1   6   2   4   0.0000065002
1   6   3   5   0.0000187689
1   6   3   6   0.0000021979
1   6   4   5   -0.0000021979
1   6   4   6   0.0000187689
1   6   5   4   -0.0008260258
1   7   1   4   -0.0003613720
1   7   2   4   -0.0000002590
1   7   3   5   0.0000000106
1   7   3   6   0.0000000012
1   7   4   5   -0.0000000012
1   7   4   6   0.0000000106
1   7   5   4   0.0000005671
1   8   1   5   0.0014832262
1   8   1   6   0.0001736921
1   8   2   5   -0.0000001430
1   8   2   6   -0.0000000167
1   8   3   4   0.0000003146
1   8   5   5   0.0000014162
1   8   5   6   0.0000001658
1   9   1   5   -0.0001736921
1   9   1   6   0.0014832262
1   9   2   5   0.0000000167
1   9   2   6   -0.0000001430
1   9   4   4   0.0000003146
1   9   5   5   -0.0000001658
1   9   5   6   0.0000014162
1   10   1   4   -0.0112726082
1   10   2   4   0.0000004397
1   10   3   5   -0.0000022280
1   10   3   6   -0.0000002609
1   10   4   5   0.0000002609
1   10   4   6   -0.0000022280
1   10   5   4   -0.0000108456
2   6   1   4   0.0000065002
2   6   2   4   -0.0004616096
2   6   3   5   0.0000903274
2   6   3   6   0.0000105777
2   6   4   5   -0.0000105777
2   6   4   6   0.0000903274
2   6   5   4   0.0000682886
2   7   1   4   -0.0000002590
2   7   2   4   -0.0017682965
2   7   3   5   -0.0052210374
2   7   3   6   -0.0006114058
2   7   4   5   0.0006114058
2   7   4   6   -0.0052210374
2   7   5   4   0.0106392620
2   8   1   5   -0.0000001430
2   8   1   6   -0.0000000167
2   8   2   5   -0.0217220955
2   8   2   6   -0.0025437501
2   8   3   4   -0.0003593378
2   8   5   5   -0.0005965696
2   8   5   6   -0.0000698609
2   9   1   5   0.0000000167
2   9   1   6   -0.0000001430
2   9   2   5   0.0025437501
2   9   2   6   -0.0217220955
2   9   4   4   -0.0003593378
2   9   5   5   0.0000698609
2   9   5   6   -0.0005965696
2   10   1   4   0.0000004397
2   10   2   4   0.0443664496
2   10   3   5   -0.0006711258
2   10   3   6   -0.0000785917
2   10   4   5   0.0000785917
2   10   4   6   -0.0006711258
2   10   5   4   0.0008164012
3   6   1   5   0.0000187689
3   6   1   6   0.0000021979
3   6   2   5   0.0000903274
3   6   2   6   0.0000105777
3   6   3   4   -0.0004539814
3   6   5   5   -0.0000276819
3   6   5   6   -0.0000032417
3   7   1   5   0.0000000106
3   7   1   6   0.0000000012
3   7   2   5   -0.0052210374
3   7   2   6   -0.0006114058
3   7   3   4   -0.0016131913
3   7   5   5   -0.0001313638
3   7   5   6   -0.0000153833
3   8   1   4   0.0000003146
3   8   2   4   -0.0003593378
3   8   3   5   -0.0219835070
3   8   3   6   -0.0025743625
3   8   4   5   0.0001482158
3   8   4   6   -0.0012656741
3   8   5   4   0.0026045307
3   9   3   5   0.0022779308
3   9   3   6   -0.0194521587
3   9   4   5   -0.0012656741
3   9   4   6   -0.0001482158
3   10   1   5   -0.0000022280
3   10   1   6   -0.0000002609
3   10   2   5   -0.0006711258
3   10   2   6   -0.0000785917
3   10   3   4   0.0398067846
3   10   5   5   -0.0011183365
3   10   5   6   -0.0001309620
4   6   1   5   -0.0000021979
4   6   1   6   0.0000187689
4   6   2   5   -0.0000105777
4   6   2   6   0.0000903274
4   6   4   4   -0.0004539814
4   6   5   5   0.0000032417
4   6   5   6   -0.0000276819
4   7   1   5   -0.0000000012
4   7   1   6   0.0000000106
4   7   2   5   0.0006114058
4   7   2   6   -0.0052210374
4   7   4   4   -0.0016131913
4   7   5   5   0.0000153833
4   7   5   6   -0.0001313638
4   8   3   5   0.0001482158
4   8   3   6   -0.0012656741
4   8   4   5   -0.0194521587
4   8   4   6   -0.0022779308
4   9   1   4   0.0000003146
4   9   2   4   -0.0003593378
4   9   3   5   -0.0012656741
4   9   3   6   -0.0001482158
4   9   4   5   0.0025743625
4   9   4   6   -0.0219835070
4   9   5   4   0.0026045307
4   10   1   5   0.0000002609
4   10   1   6   -0.0000022280
4   10   2   5   0.0000785917
4   10   2   6   -0.0006711258
4   10   4   4   0.0398067846
4   10   5   5   0.0001309620
4   10   5   6   -0.0011183365
5   6   1   4   -0.0008260258
5   6   2   4   0.0000682886
5   6   3   5   -0.0000276819
5   6   3   6   -0.0000032417
5   6   4   5   0.0000032417
5   6   4   6   -0.0000276819
5   6   5   4   -0.0005107750
5   7   1   4   0.0000005671
5   7   2   4   0.0106392620
5   7   3   5   -0.0001313638
5   7   3   6   -0.0000153833
5   7   4   5   0.0000153833
5   7   4   6   -0.0001313638
5   7   5   4   -0.0014067801
5   8   1   5   0.0000014162
5   8   1   6   0.0000001658
5   8   2   5   -0.0005965696
5   8   2   6   -0.0000698609
5   8   3   4   0.0026045307
5   8   5   5   -0.0187861698
5   8   5   6   -0.0021999407
5   9   1   5   -0.0000001658
5   9   1   6   0.0000014162
5   9   2   5   0.0000698609
5   9   2   6   -0.0005965696
5   9   4   4   0.0026045307
5   9   5   5   0.0021999407
5   9   5   6   -0.0187861698
5   10   1   4   -0.0000108456
5   10   2   4   0.0008164012
5   10   3   5   -0.0011183365
5   10   3   6   -0.0001309620
5   10   4   5   0.0001309620
5   10   4   6   -0.0011183365
5   10   5   4   0.0433714569

End IJKA Block
Begin IABC Block
1   4   1   4   -0.0010234598
1   4   2   5   0.0036557571
1   4   3   6   0.0036557571
1   5   1   5   -0.0004880092
1   5   2   4   0.0036557571
1   6   1   6   -0.0004880092
1   6   3   4   0.0036557571
2   4   1   4   -0.0002533911
2   4   2   5   0.0000212654
2   4   3   6   0.0000212654
2   5   1   5   -0.0002528517
2   5   2   4   0.0000212654
2   6   1   6   -0.0002528517
2   6   3   4   0.0000212654
3   4   1   5   0.0004350282
3   4   1   6   0.0000509437
3   4   2   4   0.0011293085
3   4   3   4   0.0001322468
3   5   1   4   0.0004350282
3   5   2   5   0.0012617573
3   5   2   6   0.0000212613
3   5   3   5   0.0001052345
3   5   3   6   0.0001815590
3   6   1   4   0.0000509437
3   6   2   5   0.0000212613
3   6   2   6   0.0008986393
3   6   3   5   0.0001815590
3   6   3   6   0.0001477572
4   4   1   5   -0.0000509437
4   4   1   6   0.0004350282
4   4   2   4   -0.0001322468
4   4   3   4   0.0011293085
4   5   1   4   -0.0000509437
4   5   2   5   -0.0001477572
4   5   2   6   0.0001815590
4   5   3   5   0.0008986393
4   5   3   6   -0.0000212613
4   6   1   4   0.0004350282
4   6   2   5   0.0001815590
4   6   2   6   -0.0001052345
4   6   3   5   -0.0000212613
4   6   3   6   0.0012617573
5   4   1   4   -0.0062302666
5   4   2   5   -0.0023238237
5   4   3   6   -0.0023238237
5   5   1   5   -0.0050037669
5   5   2   4   -0.0023238237
5   6   1   6   -0.0050037669
5   6   3   4   -0.0023238237

End IABC Block
