Begin IJ Block
1   1   -6.1957535257
1   2   -0.0044321111
1   3   -0.0091724837
2   2   -7.1263894243
2   3   0.0297847350
3   3   -6.0896642379
4   4   -6.1102752648
4   5   -0.0000000000
5   5   -6.1102752648

End IJ Block
Begin IA Block
1   1   0.0957393616
1   4   0.0630155330
2   1   0.0546399891
2   4   0.1500196028
3   1   -0.1767397264
3   4   -0.0495303039
4   2   0.0836377392
4   3   0.2391319395
5   2   0.2391319395
5   3   -0.0836377392

End IA Block
Begin AB Block
1   1   -1.6192494066
1   4   -0.3366469119
2   2   -1.3336308941
3   3   -1.3336308941
4   4   -1.4161943869

End AB Block
Begin IJKL Block
1   6   1   6   1.6501088721
1   6   1   7   -0.0144181018
1   6   1   8   0.0399620437
1   6   2   6   -0.0144181018
1   6   2   7   0.0002179717
1   6   2   8   -0.0006331531
1   6   3   6   0.0399620437
1   6   3   7   -0.0006331531
1   6   3   8   0.0019675710
1   6   4   9   0.0000547982
1   6   5   10   0.0000547982
1   7   1   6   -0.0144181018
1   7   1   7   0.2526587963
1   7   1   8   -0.0407889142
1   7   2   6   0.0002179717
1   7   2   7   0.0033959431
1   7   2   8   -0.0006734519
1   7   3   6   -0.0006331531
1   7   3   7   -0.0048265253
1   7   3   8   0.0014835545
1   7   4   9   0.0008229480
1   7   5   10   0.0008229480
1   8   1   6   0.0399620437
1   8   1   7   -0.0407889142
1   8   1   8   0.2720475682
1   8   2   6   -0.0006331531
1   8   2   7   -0.0006734519
1   8   2   8   0.0031554974
1   8   3   6   0.0019675710
1   8   3   7   0.0014835545
1   8   3   8   -0.0050064887
1   8   4   9   -0.0002491247
1   8   5   10   -0.0002491247
1   9   1   9   0.2467999119
1   9   2   9   0.0030681814
1   9   3   9   -0.0043254305
1   9   4   6   0.0000547982
1   9   4   7   0.0008229480
1   9   4   8   -0.0002491247
1   10   1   10   0.2467999119
1   10   2   10   0.0030681814
1   10   3   10   -0.0043254305
1   10   5   6   0.0000547982
1   10   5   7   0.0008229480
1   10   5   8   -0.0002491247
2   6   1   6   -0.0144181018
2   6   1   7   0.0002179717
2   6   1   8   -0.0006331531
2   6   2   6   0.2526587963
2   6   2   7   0.0033959431
2   6   2   8   -0.0048265253
2   6   3   6   -0.0407889142
2   6   3   7   -0.0006734519
2   6   3   8   0.0014835545
2   6   4   9   0.0008229480
2   6   5   10   0.0008229480
2   7   1   6   0.0002179717
2   7   1   7   0.0033959431
2   7   1   8   -0.0006734519
2   7   2   6   0.0033959431
2   7   2   7   0.8825809712
2   7   2   8   0.0070939105
2   7   3   6   -0.0006734519
2   7   3   7   0.0070939105
2   7   3   8   0.1610339501
2   7   4   9   0.1637444947
2   7   5   10   0.1637444947
2   8   1   6   -0.0006331531
2   8   1   7   -0.0006734519
2   8   1   8   0.0031554974
2   8   2   6   -0.0048265253
2   8   2   7   0.0070939105
2   8   2   8   0.8091822839
2   8   3   6   0.0014835545
2   8   3   7   0.1610339501
2   8   3   8   0.0134687049
2   8   4   9   0.0032099028
2   8   5   10   0.0032099028
2   9   1   9   0.0030681814
2   9   2   9   0.8233458581
2   9   3   9   0.0092542826
2   9   4   6   0.0008229480
2   9   4   7   0.1637444947
2   9   4   8   0.0032099028
2   10   1   10   0.0030681814
2   10   2   10   0.8233458581
2   10   3   10   0.0092542826
2   10   5   6   0.0008229480
2   10   5   7   0.1637444947
2   10   5   8   0.0032099028
3   6   1   6   0.0399620437
3   6   1   7   -0.0006331531
3   6   1   8   0.0019675710
3   6   2   6   -0.0407889142
3   6   2   7   -0.0006734519
3   6   2   8   0.0014835545
3   6   3   6   0.2720475682
3   6   3   7   0.0031554974
3   6   3   8   -0.0050064887
3   6   4   9   -0.0002491247
3   6   5   10   -0.0002491247
3   7   1   6   -0.0006331531
3   7   1   7   -0.0048265253
3   7   1   8   0.0014835545
3   7   2   6   -0.0006734519
3   7   2   7   0.0070939105
3   7   2   8   0.1610339501
3   7   3   6   0.0031554974
3   7   3   7   0.8091822839
3   7   3   8   0.0134687049
3   7   4   9   0.0032099028
3   7   5   10   0.0032099028
3   8   1   6   0.0019675710
3   8   1   7   0.0014835545
3   8   1   8   -0.0050064887
3   8   2   6   0.0014835545
3   8   2   7   0.1610339501
3   8   2   8   0.0134687049
3   8   3   6   -0.0050064887
3   8   3   7   0.0134687049
3   8   3   8   0.8010069897
3   8   4   9   0.0393948064
3   8   5   10   0.0393948064
3   9   1   9   -0.0043254305
3   9   2   9   0.0092542826
3   9   3   9   0.7354433315
3   9   4   6   -0.0002491247
3   9   4   7   0.0032099028
3   9   4   8   0.0393948064
3   10   1   10   -0.0043254305
3   10   2   10   0.0092542826
3   10   3   10   0.7354433315
3   10   5   6   -0.0002491247
3   10   5   7   0.0032099028
3   10   5   8   0.0393948064
4   6   1   9   0.0000547982
4   6   2   9   0.0008229480
4   6   3   9   -0.0002491247
4   6   4   6   0.2467999119
4   6   4   7   0.0030681814
4   6   4   8   -0.0043254305
4   7   1   9   0.0008229480
4   7   2   9   0.1637444947
4   7   3   9   0.0032099028
4   7   4   6   0.0030681814
4   7   4   7   0.8233458581
4   7   4   8   0.0092542826
4   8   1   9   -0.0002491247
4   8   2   9   0.0032099028
4   8   3   9   0.0393948064
4   8   4   6   -0.0043254305
4   8   4   7   0.0092542826
4   8   4   8   0.7354433315
4   9   1   6   0.0000547982
4   9   1   7   0.0008229480
4   9   1   8   -0.0002491247
4   9   2   6   0.0008229480
4   9   2   7   0.1637444947
4   9   2   8   0.0032099028
4   9   3   6   -0.0002491247
4   9   3   7   0.0032099028
4   9   3   8   0.0393948064
4   9   4   9   0.8276454831
4   9   5   10   0.0399623296
4   10   4   10   0.7477208239
4   10   5   9   0.0399623296
5   6   1   10   0.0000547982
5   6   2   10   0.0008229480
5   6   3   10   -0.0002491247
5   6   5   6   0.2467999119
5   6   5   7   0.0030681814
5   6   5   8   -0.0043254305
5   7   1   10   0.0008229480
5   7   2   10   0.1637444947
5   7   3   10   0.0032099028
5   7   5   6   0.0030681814
5   7   5   7   0.8233458581
5   7   5   8   0.0092542826
5   8   1   10   -0.0002491247
5   8   2   10   0.0032099028
5   8   3   10   0.0393948064
5   8   5   6   -0.0043254305
5   8   5   7   0.0092542826
5   8   5   8   0.7354433315
5   9   4   10   0.0399623296
5   9   5   9   0.7477208239
5   10   1   6   0.0000547982
5   10   1   7   0.0008229480
5   10   1   8   -0.0002491247
5   10   2   6   0.0008229480
5   10   2   7   0.1637444947
5   10   2   8   0.0032099028
5   10   3   6   -0.0002491247
5   10   3   7   0.0032099028
5   10   3   8   0.0393948064
5   10   4   9   0.0399623296
5   10   5   10   0.8276454831

End IJKL Block
Begin IJAB Block
1   6   1   5   0.0052238803
1   6   1   8   0.0037857820
1   6   2   6   0.0004914586
1   6   3   7   0.0004914586
1   6   4   5   0.0037857820
1   6   4   8   0.0029173808
1   7   1   5   -0.0000098362
1   7   1   8   -0.0000188914
1   7   2   6   0.0000054376
1   7   3   7   0.0000054376
1   7   4   5   -0.0000261848
1   7   4   8   -0.0000267341
1   8   1   5   0.0000961355
1   8   1   8   0.0002744252
1   8   2   6   -0.0001197126
1   8   3   7   -0.0001197126
1   8   4   5   0.0001024224
1   8   4   8   0.0001604819
1   9   1   6   0.0000273668
1   9   1   7   0.0000782455
1   9   2   5   0.0000350540
1   9   2   8   0.0000448209
1   9   3   5   0.0001002243
1   9   3   8   0.0001281492
1   9   4   6   0.0000066991
1   9   4   7   0.0000191535
1   10   1   6   0.0000782455
1   10   1   7   -0.0000273668
1   10   2   5   0.0001002243
1   10   2   8   0.0001281492
1   10   3   5   -0.0000350540
1   10   3   8   -0.0000448209
1   10   4   6   0.0000191535
1   10   4   7   -0.0000066990
2   6   1   5   -0.0000098362
2   6   1   8   -0.0000261848
2   6   2   6   0.0000054376
2   6   3   7   0.0000054376
2   6   4   5   -0.0000188914
2   6   4   8   -0.0000267341
2   7   1   5   0.0005812888
2   7   1   8   0.0006171359
2   7   2   6   0.0007854505
2   7   3   7   0.0007854505
2   7   4   5   0.0006171359
2   7   4   8   0.0012684471
2   8   1   5   -0.0004833732
2   8   1   8   -0.0003918413
2   8   2   6   0.0000518720
2   8   3   7   0.0000518720
2   8   4   5   -0.0012003013
2   8   4   8   -0.0006596689
2   9   1   6   0.0001722687
2   9   1   7   0.0004925401
2   9   2   5   0.0000395102
2   9   2   8   0.0001312090
2   9   3   5   0.0001129652
2   9   3   8   0.0003751448
2   9   4   6   0.0005306002
2   9   4   7   0.0015170599
2   10   1   6   0.0004925401
2   10   1   7   -0.0001722687
2   10   2   5   0.0001129652
2   10   2   8   0.0003751448
2   10   3   5   -0.0000395102
2   10   3   8   -0.0001312090
2   10   4   6   0.0015170599
2   10   4   7   -0.0005306002
3   6   1   5   0.0000961355
3   6   1   8   0.0001024224
3   6   2   6   -0.0001197126
3   6   3   7   -0.0001197126
3   6   4   5   0.0002744252
3   6   4   8   0.0001604819
3   7   1   5   -0.0004833732
3   7   1   8   -0.0012003013
3   7   2   6   0.0000518720
3   7   3   7   0.0000518720
3   7   4   5   -0.0003918413
3   7   4   8   -0.0006596689
3   8   1   5   0.0017096371
3   8   1   8   0.0011007350
3   8   2   6   0.0003260624
3   8   3   7   0.0003260624
3   8   4   5   0.0011007350
3   8   4   8   0.0013475332
3   9   1   6   -0.0006099345
3   9   1   7   -0.0017438875
3   9   2   5   -0.0000839499
3   9   2   8   -0.0000731175
3   9   3   5   -0.0002400244
3   9   3   8   -0.0002090532
3   9   4   6   -0.0003258405
3   9   4   7   -0.0009316234
3   10   1   6   -0.0017438875
3   10   1   7   0.0006099345
3   10   2   5   -0.0002400244
3   10   2   8   -0.0002090532
3   10   3   5   0.0000839499
3   10   3   8   0.0000731175
3   10   4   6   -0.0009316234
3   10   4   7   0.0003258405
4   6   1   6   0.0000350540
4   6   1   7   0.0001002243
4   6   2   5   0.0000273668
4   6   2   8   0.0000066991
4   6   3   5   0.0000782455
4   6   3   8   0.0000191535
4   6   4   6   0.0000448209
4   6   4   7   0.0001281492
4   7   1   6   0.0000395102
4   7   1   7   0.0001129652
4   7   2   5   0.0001722687
4   7   2   8   0.0005306002
4   7   3   5   0.0004925401
4   7   3   8   0.0015170599
4   7   4   6   0.0001312090
4   7   4   7   0.0003751448
4   8   1   6   -0.0000839499
4   8   1   7   -0.0002400244
4   8   2   5   -0.0006099345
4   8   2   8   -0.0003258405
4   8   3   5   -0.0017438875
4   8   3   8   -0.0009316234
4   8   4   6   -0.0000731175
4   8   4   7   -0.0002090532
4   9   1   5   0.0002836673
4   9   1   8   0.0003818429
4   9   2   6   0.0005190597
4   9   2   7   0.0008329156
4   9   3   6   0.0008329156
4   9   3   7   0.0026091645
4   9   4   5   0.0003818429
4   9   4   8   0.0007584671
4   10   2   6   0.0008329156
4   10   2   7   -0.0000635741
4   10   3   6   0.0021536788
4   10   3   7   -0.0008329156
5   6   1   6   0.0001002243
5   6   1   7   -0.0000350540
5   6   2   5   0.0000782455
5   6   2   8   0.0000191535
5   6   3   5   -0.0000273668
5   6   3   8   -0.0000066990
5   6   4   6   0.0001281492
5   6   4   7   -0.0000448209
5   7   1   6   0.0001129652
5   7   1   7   -0.0000395102
5   7   2   5   0.0004925401
5   7   2   8   0.0015170599
5   7   3   5   -0.0001722687
5   7   3   8   -0.0005306002
5   7   4   6   0.0003751448
5   7   4   7   -0.0001312090
5   8   1   6   -0.0002400244
5   8   1   7   0.0000839499
5   8   2   5   -0.0017438875
5   8   2   8   -0.0009316234
5   8   3   5   0.0006099345
5   8   3   8   0.0003258405
5   8   4   6   -0.0002090532
5   8   4   7   0.0000731175
5   9   2   6   0.0008329156
5   9   2   7   0.0021536788
5   9   3   6   -0.0000635741
5   9   3   7   -0.0008329156
5   10   1   5   0.0002836673
5   10   1   8   0.0003818429
5   10   2   6   0.0026091645
5   10   2   7   -0.0008329156
5   10   3   6   -0.0008329156
5   10   3   7   0.0005190597
5   10   4   5   0.0003818429
5   10   4   8   0.0007584671

End IJAB Block
Begin ABCD Block
1   5   1   5   0.2155080353
1   5   1   8   0.0145306149
1   5   2   6   0.0237798716
1   5   3   7   0.0237798716
1   5   4   5   0.0145306149
1   5   4   8   0.0150063825
1   6   1   6   0.1459273513
1   6   2   5   0.0237798716
1   6   2   8   0.0046399462
1   6   4   6   0.0113070630
1   7   1   7   0.1459273513
1   7   3   5   0.0237798716
1   7   3   8   0.0046399462
1   7   4   7   0.0113070630
1   8   1   5   0.0145306149
1   8   1   8   0.1347241788
1   8   2   6   0.0046399462
1   8   3   7   0.0046399462
1   8   4   5   0.0150063825
1   8   4   8   0.0071395015
2   5   1   6   0.0237798716
2   5   2   5   0.1459273513
2   5   2   8   0.0113070630
2   5   4   6   0.0046399462
2   6   1   5   0.0237798716
2   6   1   8   0.0046399462
2   6   2   6   0.1345146328
2   6   3   7   0.0078803859
2   6   4   5   0.0046399462
2   6   4   8   0.0083332722
2   7   2   7   0.1187538609
2   7   3   6   0.0078803859
2   8   1   6   0.0046399462
2   8   2   5   0.0113070630
2   8   2   8   0.1143335018
2   8   4   6   0.0083332722
3   5   1   7   0.0237798716
3   5   3   5   0.1459273513
3   5   3   8   0.0113070630
3   5   4   7   0.0046399462
3   6   2   7   0.0078803859
3   6   3   6   0.1187538609
3   7   1   5   0.0237798716
3   7   1   8   0.0046399462
3   7   2   6   0.0078803859
3   7   3   7   0.1345146328
3   7   4   5   0.0046399462
3   7   4   8   0.0083332722
3   8   1   7   0.0046399462
3   8   3   5   0.0113070630
3   8   3   8   0.1143335018
3   8   4   7   0.0083332722
4   5   1   5   0.0145306149
4   5   1   8   0.0150063825
4   5   2   6   0.0046399462
4   5   3   7   0.0046399462
4   5   4   5   0.1347241788
4   5   4   8   0.0071395015
4   6   1   6   0.0113070630
4   6   2   5   0.0046399462
4   6   2   8   0.0083332722
4   6   4   6   0.1143335018
4   7   1   7   0.0113070630
4   7   3   5   0.0046399462
4   7   3   8   0.0083332722
4   7   4   7   0.1143335018
4   8   1   5   0.0150063825
4   8   1   8   0.0071395015
4   8   2   6   0.0083332722
4   8   3   7   0.0083332722
4   8   4   5   0.0071395015
4   8   4   8   0.1200453245

End ABCD Block
Begin AIJB Block
1   6   1   5   0.0052238803
1   6   1   8   0.0037857820
1   6   2   5   -0.0000098362
1   6   2   8   -0.0000261848
1   6   3   5   0.0000961355
1   6   3   8   0.0001024224
1   6   4   6   0.0000350540
1   6   4   7   0.0001002243
1   6   5   6   0.0001002243
1   6   5   7   -0.0000350540
1   7   1   5   -0.0000098362
1   7   1   8   -0.0000188914
1   7   2   5   0.0005812888
1   7   2   8   0.0006171359
1   7   3   5   -0.0004833732
1   7   3   8   -0.0012003013
1   7   4   6   0.0000395102
1   7   4   7   0.0001129652
1   7   5   6   0.0001129652
1   7   5   7   -0.0000395102
1   8   1   5   0.0000961355
1   8   1   8   0.0002744252
1   8   2   5   -0.0004833732
1   8   2   8   -0.0003918413
1   8   3   5   0.0017096371
1   8   3   8   0.0011007350
1   8   4   6   -0.0000839499
1   8   4   7   -0.0002400244
1   8   5   6   -0.0002400244
1   8   5   7   0.0000839499
1   9   1   6   0.0000273668
1   9   1   7   0.0000782455
1   9   2   6   0.0001722687
1   9   2   7   0.0004925401
1   9   3   6   -0.0006099345
1   9   3   7   -0.0017438875
1   9   4   5   0.0002836673
1   9   4   8   0.0003818429
1   10   1   6   0.0000782455
1   10   1   7   -0.0000273668
1   10   2   6   0.0004925401
1   10   2   7   -0.0001722687
1   10   3   6   -0.0017438875
1   10   3   7   0.0006099345
1   10   5   5   0.0002836673
1   10   5   8   0.0003818429
2   6   1   6   0.0004914586
2   6   2   6   0.0000054376
2   6   3   6   -0.0001197126
2   6   4   5   0.0000273668
2   6   4   8   0.0000066991
2   6   5   5   0.0000782455
2   6   5   8   0.0000191535
2   7   1   6   0.0000054376
2   7   2   6   0.0007854505
2   7   3   6   0.0000518720
2   7   4   5   0.0001722687
2   7   4   8   0.0005306002
2   7   5   5   0.0004925401
2   7   5   8   0.0015170599
2   8   1   6   -0.0001197126
2   8   2   6   0.0000518720
2   8   3   6   0.0003260624
2   8   4   5   -0.0006099345
2   8   4   8   -0.0003258405
2   8   5   5   -0.0017438875
2   8   5   8   -0.0009316234
2   9   1   5   0.0000350540
2   9   1   8   0.0000448209
2   9   2   5   0.0000395102
2   9   2   8   0.0001312090
2   9   3   5   -0.0000839499
2   9   3   8   -0.0000731175
2   9   4   6   0.0005190597
2   9   4   7   0.0008329156
2   9   5   6   0.0008329156
2   9   5   7   0.0021536788
2   10   1   5   0.0001002243
2   10   1   8   0.0001281492
2   10   2   5   0.0001129652
2   10   2   8   0.0003751448
2   10   3   5   -0.0002400244
2   10   3   8   -0.0002090532
2   10   4   6   0.0008329156
2   10   4   7   -0.0000635741
2   10   5   6   0.0026091645
2   10   5   7   -0.0008329156
3   6   1   7   0.0004914586
3   6   2   7   0.0000054376
3   6   3   7   -0.0001197126
3   6   4   5   0.0000782455
3   6   4   8   0.0000191535
3   6   5   5   -0.0000273668
3   6   5   8   -0.0000066990
3   7   1   7   0.0000054376
3   7   2   7   0.0007854505
3   7   3   7   0.0000518720
3   7   4   5   0.0004925401
3   7   4   8   0.0015170599
3   7   5   5   -0.0001722687
3   7   5   8   -0.0005306002
3   8   1   7   -0.0001197126
3   8   2   7   0.0000518720
3   8   3   7   0.0003260624
3   8   4   5   -0.0017438875
3   8   4   8   -0.0009316234
3   8   5   5   0.0006099345
3   8   5   8   0.0003258405
3   9   1   5   0.0001002243
3   9   1   8   0.0001281492
3   9   2   5   0.0001129652
3   9   2   8   0.0003751448
3   9   3   5   -0.0002400244
3   9   3   8   -0.0002090532
3   9   4   6   0.0008329156
3   9   4   7   0.0026091645
3   9   5   6   -0.0000635741
3   9   5   7   -0.0008329156
3   10   1   5   -0.0000350540
3   10   1   8   -0.0000448209
3   10   2   5   -0.0000395102
3   10   2   8   -0.0001312090
3   10   3   5   0.0000839499
3   10   3   8   0.0000731175
3   10   4   6   0.0021536788
3   10   4   7   -0.0008329156
3   10   5   6   -0.0008329156
3   10   5   7   0.0005190597
4   6   1   5   0.0037857820
4   6   1   8   0.0029173808
4   6   2   5   -0.0000188914
4   6   2   8   -0.0000267341
4   6   3   5   0.0002744252
4   6   3   8   0.0001604819
4   6   4   6   0.0000448209
4   6   4   7   0.0001281492
4   6   5   6   0.0001281492
4   6   5   7   -0.0000448209
4   7   1   5   -0.0000261848
4   7   1   8   -0.0000267341
4   7   2   5   0.0006171359
4   7   2   8   0.0012684471
4   7   3   5   -0.0003918413
4   7   3   8   -0.0006596689
4   7   4   6   0.0001312090
4   7   4   7   0.0003751448
4   7   5   6   0.0003751448
4   7   5   7   -0.0001312090
4   8   1   5   0.0001024224
4   8   1   8   0.0001604819
4   8   2   5   -0.0012003013
4   8   2   8   -0.0006596689
4   8   3   5   0.0011007350
4   8   3   8   0.0013475332
4   8   4   6   -0.0000731175
4   8   4   7   -0.0002090532
4   8   5   6   -0.0002090532
4   8   5   7   0.0000731175
4   9   1   6   0.0000066991
4   9   1   7   0.0000191535
4   9   2   6   0.0005306002
4   9   2   7   0.0015170599
4   9   3   6   -0.0003258405
4   9   3   7   -0.0009316234
4   9   4   5   0.0003818429
4   9   4   8   0.0007584671
4   10   1   6   0.0000191535
4   10   1   7   -0.0000066990
4   10   2   6   0.0015170599
4   10   2   7   -0.0005306002
4   10   3   6   -0.0009316234
4   10   3   7   0.0003258405
4   10   5   5   0.0003818429
4   10   5   8   0.0007584671

1   6   6   1   -0.2461818951
1   6   6   4   -0.0571696349
1   6   7   1   0.0008596751
1   6   7   4   0.0002113171
1   6   8   1   -0.0019873224
1   6   8   4   -0.0004698487
1   6   9   2   -0.0000932638
1   6   9   3   -0.0002666543
1   6   10   2   -0.0002666543
1   6   10   3   0.0000932638
1   7   6   1   0.0008596751
1   7   6   4   0.0002113171
1   7   7   1   -0.1388508432
1   7   7   4   -0.0285416902
1   7   8   1   0.0107413490
1   7   8   4   0.0037355542
1   7   9   2   -0.0013264170
1   7   9   3   -0.0037924107
1   7   10   2   -0.0037924107
1   7   10   3   0.0013264170
1   8   6   1   -0.0019873224
1   8   6   4   -0.0004698487
1   8   7   1   0.0107413490
1   8   7   4   0.0037355542
1   8   8   1   -0.1417451235
1   8   8   4   -0.0292417627
1   8   9   2   0.0003976320
1   8   9   3   0.0011368854
1   8   10   2   0.0011368854
1   8   10   3   -0.0003976320
1   9   6   2   -0.0000932638
1   9   6   3   -0.0002666543
1   9   7   2   -0.0013264170
1   9   7   3   -0.0037924107
1   9   8   2   0.0003976320
1   9   8   3   0.0011368854
1   9   9   1   -0.1382321348
1   9   9   4   -0.0282520188
1   10   6   2   -0.0002666543
1   10   6   3   0.0000932638
1   10   7   2   -0.0037924107
1   10   7   3   0.0013264170
1   10   8   2   0.0011368854
1   10   8   3   -0.0003976320
1   10   10   1   -0.1382321348
1   10   10   4   -0.0282520188
2   6   6   2   -0.1619592551
2   6   7   2   0.0001921670
2   6   8   2   -0.0003559873
2   6   9   1   -0.0000932638
2   6   9   4   -0.0000606878
2   6   10   1   -0.0002666543
2   6   10   4   -0.0001735148
2   7   6   2   0.0001921670
2   7   7   2   -0.1306090920
2   7   8   2   0.0053299170
2   7   9   1   -0.0013264170
2   7   9   4   -0.0015794494
2   7   10   1   -0.0037924107
2   7   10   4   -0.0045158656
2   8   6   2   -0.0003559873
2   8   7   2   0.0053299170
2   8   8   2   -0.1310652525
2   8   9   1   0.0003976320
2   8   9   4   0.0001995362
2   8   10   1   0.0011368854
2   8   10   4   0.0005705016
2   9   6   1   -0.0000932638
2   9   6   4   -0.0000606878
2   9   7   1   -0.0013264170
2   9   7   4   -0.0015794494
2   9   8   1   0.0003976320
2   9   8   4   0.0001995362
2   9   9   2   -0.1299105079
2   9   9   3   -0.0004524417
2   9   10   2   -0.0004524417
2   9   10   3   -0.0005676748
2   10   6   1   -0.0002666543
2   10   6   4   -0.0001735148
2   10   7   1   -0.0037924107
2   10   7   4   -0.0045158656
2   10   8   1   0.0011368854
2   10   8   4   0.0005705016
2   10   9   2   -0.0004524417
2   10   9   3   -0.0005676748
2   10   10   2   -0.1310458576
2   10   10   3   0.0004524417
3   6   6   3   -0.1619592551
3   6   7   3   0.0001921670
3   6   8   3   -0.0003559873
3   6   9   1   -0.0002666543
3   6   9   4   -0.0001735148
3   6   10   1   0.0000932638
3   6   10   4   0.0000606878
3   7   6   3   0.0001921670
3   7   7   3   -0.1306090920
3   7   8   3   0.0053299170
3   7   9   1   -0.0037924107
3   7   9   4   -0.0045158656
3   7   10   1   0.0013264170
3   7   10   4   0.0015794494
3   8   6   3   -0.0003559873
3   8   7   3   0.0053299170
3   8   8   3   -0.1310652525
3   8   9   1   0.0011368854
3   8   9   4   0.0005705016
3   8   10   1   -0.0003976320
3   8   10   4   -0.0001995362
3   9   6   1   -0.0002666543
3   9   6   4   -0.0001735148
3   9   7   1   -0.0037924107
3   9   7   4   -0.0045158656
3   9   8   1   0.0011368854
3   9   8   4   0.0005705016
3   9   9   2   -0.0004524417
3   9   9   3   -0.1310458576
3   9   10   2   -0.0005676748
3   9   10   3   0.0004524417
3   10   6   1   0.0000932638
3   10   6   4   0.0000606878
3   10   7   1   0.0013264170
3   10   7   4   0.0015794494
3   10   8   1   -0.0003976320
3   10   8   4   -0.0001995362
3   10   9   2   -0.0005676748
3   10   9   3   0.0004524417
3   10   10   2   0.0004524417
3   10   10   3   -0.1299105079
4   6   6   1   -0.0571696349
4   6   6   4   -0.1622817435
4   6   7   1   0.0002113171
4   6   7   4   0.0001251345
4   6   8   1   -0.0004698487
4   6   8   4   -0.0002753999
4   6   9   2   -0.0000606878
4   6   9   3   -0.0001735148
4   6   10   2   -0.0001735148
4   6   10   3   0.0000606878
4   7   6   1   0.0002113171
4   7   6   4   0.0001251345
4   7   7   1   -0.0285416902
4   7   7   4   -0.1452891076
4   7   8   1   0.0037355542
4   7   8   4   0.0020262110
4   7   9   2   -0.0015794494
4   7   9   3   -0.0045158656
4   7   10   2   -0.0045158656
4   7   10   3   0.0015794494
4   8   6   1   -0.0004698487
4   8   6   4   -0.0002753999
4   8   7   1   0.0037355542
4   8   7   4   0.0020262110
4   8   8   1   -0.0292417627
4   8   8   4   -0.1458321837
4   8   9   2   0.0001995362
4   8   9   3   0.0005705016
4   8   10   2   0.0005705016
4   8   10   3   -0.0001995362
4   9   6   2   -0.0000606878
4   9   6   3   -0.0001735148
4   9   7   2   -0.0015794494
4   9   7   3   -0.0045158656
4   9   8   2   0.0001995362
4   9   8   3   0.0005705016
4   9   9   1   -0.0282520188
4   9   9   4   -0.1447424245
4   10   6   2   -0.0001735148
4   10   6   3   0.0000606878
4   10   7   2   -0.0045158656
4   10   7   3   0.0015794494
4   10   8   2   0.0005705016
4   10   8   3   -0.0001995362
4   10   10   1   -0.0282520188
4   10   10   4   -0.1447424245

End AIJB Block
Begin IJKA Block
1   6   1   5   -0.0708341757
1   6   1   8   -0.0553304655
1   6   2   5   0.0007279120
1   6   2   8   0.0006480270
1   6   3   5   -0.0020835345
1   6   3   8   -0.0019384298
1   6   4   6   0.0000493334
1   6   4   7   0.0001410510
1   6   5   6   0.0001410510
1   6   5   7   -0.0000493334
1   7   1   5   -0.0005492264
1   7   1   8   0.0001748077
1   7   2   5   -0.0000857028
1   7   2   8   -0.0001326636
1   7   3   5   0.0001402956
1   7   3   8   0.0001575297
1   7   4   6   -0.0000131531
1   7   4   7   -0.0000376065
1   7   5   6   -0.0000376065
1   7   5   7   0.0000131531
1   8   1   5   -0.0049031921
1   8   1   8   -0.0134458979
1   8   2   5   0.0002019529
1   8   2   8   0.0001235954
1   8   3   5   -0.0003105170
1   8   3   8   -0.0001355445
1   8   4   6   -0.0000145500
1   8   4   7   -0.0000416004
1   8   5   6   -0.0000416004
1   8   5   7   0.0000145500
1   9   1   6   0.0000705907
1   9   1   7   0.0002018287
1   9   2   6   -0.0000658816
1   9   2   7   -0.0001883646
1   9   3   6   0.0000796744
1   9   3   7   0.0002278002
1   9   4   5   0.0000270355
1   9   4   8   0.0000383990
1   10   1   6   0.0002018287
1   10   1   7   -0.0000705907
1   10   2   6   -0.0001883646
1   10   2   7   0.0000658816
1   10   3   6   0.0002278002
1   10   3   7   -0.0000796744
1   10   5   5   0.0000270355
1   10   5   8   0.0000383990
2   6   1   5   0.0007279120
2   6   1   8   0.0006480270
2   6   2   5   -0.0031291815
2   6   2   8   -0.0009651420
2   6   3   5   0.0010163597
2   6   3   8   0.0003458745
2   6   4   6   0.0001138045
2   6   4   7   0.0003253828
2   6   5   6   0.0003253828
2   6   5   7   -0.0001138045
2   7   1   5   -0.0000857028
2   7   1   8   -0.0001326636
2   7   2   5   -0.0089294459
2   7   2   8   -0.0253475518
2   7   3   5   0.0081769127
2   7   3   8   0.0036610543
2   7   4   6   -0.0036649409
2   7   4   7   -0.0104785764
2   7   5   6   -0.0104785764
2   7   5   7   0.0036649409
2   8   1   5   0.0002019529
2   8   1   8   0.0001235954
2   8   2   5   0.0304026457
2   8   2   8   0.0126207232
2   8   3   5   -0.0001046611
2   8   3   8   -0.0015527555
2   8   4   6   -0.0004138522
2   8   4   7   -0.0011832610
2   8   5   6   -0.0011832610
2   8   5   7   0.0004138522
2   9   1   6   -0.0000658816
2   9   1   7   -0.0001883646
2   9   2   6   -0.0138007905
2   9   2   7   -0.0394583812
2   9   3   6   -0.0005925422
2   9   3   7   -0.0016941607
2   9   4   5   -0.0009222728
2   9   4   8   -0.0038868770
2   10   1   6   -0.0001883646
2   10   1   7   0.0000658816
2   10   2   6   -0.0394583812
2   10   2   7   0.0138007905
2   10   3   6   -0.0016941607
2   10   3   7   0.0005925422
2   10   5   5   -0.0009222728
2   10   5   8   -0.0038868770
3   6   1   5   -0.0020835345
3   6   1   8   -0.0019384298
3   6   2   5   0.0010163597
3   6   2   8   0.0003458745
3   6   3   5   -0.0037399490
3   6   3   8   -0.0012435228
3   6   4   6   -0.0000669364
3   6   4   7   -0.0001913804
3   6   5   6   -0.0001913804
3   6   5   7   0.0000669364
3   7   1   5   0.0001402956
3   7   1   8   0.0001575297
3   7   2   5   0.0081769127
3   7   2   8   0.0036610543
3   7   3   5   -0.0073160587
3   7   3   8   -0.0214052897
3   7   4   6   -0.0001548589
3   7   4   7   -0.0004427630
3   7   5   6   -0.0004427630
3   7   5   7   0.0001548589
3   8   1   5   -0.0003105170
3   8   1   8   -0.0001355445
3   8   2   5   -0.0001046611
3   8   2   8   -0.0015527555
3   8   3   5   0.0294547919
3   8   3   8   0.0114378712
3   8   4   6   -0.0007431006
3   8   4   7   -0.0021246281
3   8   5   6   -0.0021246281
3   8   5   7   0.0007431006
3   9   1   6   0.0000796744
3   9   1   7   0.0002278002
3   9   2   6   -0.0005925422
3   9   2   7   -0.0016941607
3   9   3   6   -0.0116940289
3   9   3   7   -0.0334348564
3   9   4   5   0.0017145799
3   9   4   8   0.0005952951
3   10   1   6   0.0002278002
3   10   1   7   -0.0000796744
3   10   2   6   -0.0016941607
3   10   2   7   0.0005925422
3   10   3   6   -0.0334348564
3   10   3   7   0.0116940289
3   10   5   5   0.0017145799
3   10   5   8   0.0005952951
4   6   1   6   0.0000493334
4   6   1   7   0.0001410510
4   6   2   6   0.0001138045
4   6   2   7   0.0003253828
4   6   3   6   -0.0000669364
4   6   3   7   -0.0001913804
4   6   4   5   -0.0028772684
4   6   4   8   -0.0008647870
4   7   1   6   -0.0000131531
4   7   1   7   -0.0000376065
4   7   2   6   -0.0036649409
4   7   2   7   -0.0104785764
4   7   3   6   -0.0001548589
4   7   3   7   -0.0004427630
4   7   4   5   -0.0078003169
4   7   4   8   -0.0227223924
4   8   1   6   -0.0000145500
4   8   1   7   -0.0000416004
4   8   2   6   -0.0004138522
4   8   2   7   -0.0011832610
4   8   3   6   -0.0007431006
4   8   3   7   -0.0021246281
4   8   4   5   0.0264521413
4   8   4   8   0.0106639992
4   9   1   5   0.0000270355
4   9   1   8   0.0000383990
4   9   2   5   -0.0009222728
4   9   2   8   -0.0038868770
4   9   3   5   0.0017145799
4   9   3   8   0.0005952951
4   9   4   6   -0.0138094765
4   9   4   7   -0.0394832158
4   9   5   6   -0.0024476745
4   9   5   7   0.0008560879
4   10   4   6   -0.0345878669
4   10   4   7   0.0120973007
4   10   5   6   -0.0008560879
4   10   5   7   -0.0024476745
5   6   1   6   0.0001410510
5   6   1   7   -0.0000493334
5   6   2   6   0.0003253828
5   6   2   7   -0.0001138045
5   6   3   6   -0.0001913804
5   6   3   7   0.0000669364
5   6   5   5   -0.0028772684
5   6   5   8   -0.0008647870
5   7   1   6   -0.0000376065
5   7   1   7   0.0000131531
5   7   2   6   -0.0104785764
5   7   2   7   0.0036649409
5   7   3   6   -0.0004427630
5   7   3   7   0.0001548589
5   7   5   5   -0.0078003169
5   7   5   8   -0.0227223924
5   8   1   6   -0.0000416004
5   8   1   7   0.0000145500
5   8   2   6   -0.0011832610
5   8   2   7   0.0004138522
5   8   3   6   -0.0021246281
5   8   3   7   0.0007431006
5   8   5   5   0.0264521413
5   8   5   8   0.0106639992
5   9   4   6   -0.0024476745
5   9   4   7   0.0008560879
5   9   5   6   -0.0120973007
5   9   5   7   -0.0345878669
5   10   1   5   0.0000270355
5   10   1   8   0.0000383990
5   10   2   5   -0.0009222728
5   10   2   8   -0.0038868770
5   10   3   5   0.0017145799
5   10   3   8   0.0005952951
5   10   4   6   -0.0008560879
5   10   4   7   -0.0024476745
5   10   5   6   -0.0394832158
5   10   5   7   0.0138094765

End IJKA Block
Begin IABC Block
1   5   1   5   0.0009502173
1   5   1   8   -0.0002769359
1   5   2   6   0.0009238939
1   5   3   7   0.0009238939
1   5   4   5   -0.0001350581
1   5   4   8   -0.0002867748
1   6   1   6   0.0001170456
1   6   2   5   0.0009238939
1   6   2   8   0.0005028922
1   6   4   6   0.0000026537
1   7   1   7   0.0001170456
1   7   3   5   0.0009238939
1   7   3   8   0.0005028922
1   7   4   7   0.0000026537
1   8   1   5   -0.0002769359
1   8   1   8   -0.0002867309
1   8   2   6   0.0005028922
1   8   3   7   0.0005028922
1   8   4   5   -0.0002867748
1   8   4   8   -0.0002358443
2   5   1   5   -0.0002347314
2   5   1   8   -0.0001048236
2   5   2   6   -0.0000077709
2   5   3   7   -0.0000077709
2   5   4   5   -0.0001202562
2   5   4   8   -0.0001072644
2   6   1   6   -0.0001322563
2   6   2   5   -0.0000077709
2   6   2   8   -0.0000735323
2   6   4   6   -0.0001561469
2   7   1   7   -0.0001322563
2   7   3   5   -0.0000077709
2   7   3   8   -0.0000735323
2   7   4   7   -0.0001561469
2   8   1   5   -0.0001048236
2   8   1   8   -0.0001006564
2   8   2   6   -0.0000735323
2   8   3   7   -0.0000735323
2   8   4   5   -0.0001072644
2   8   4   8   -0.0001635037
3   5   1   5   -0.0023261132
3   5   1   8   -0.0003928980
3   5   2   6   -0.0010901958
3   5   3   7   -0.0010901958
3   5   4   5   -0.0043737642
3   5   4   8   -0.0012379595
3   6   1   6   -0.0009966440
3   6   2   5   -0.0010901958
3   6   2   8   -0.0005304174
3   6   4   6   -0.0022432524
3   7   1   7   -0.0009966440
3   7   3   5   -0.0010901958
3   7   3   8   -0.0005304174
3   7   4   7   -0.0022432524
3   8   1   5   -0.0003928980
3   8   1   8   0.0000395842
3   8   2   6   -0.0005304174
3   8   3   7   -0.0005304174
3   8   4   5   -0.0012379595
3   8   4   8   -0.0008480114
4   5   1   6   0.0003831056
4   5   1   7   0.0010953522
4   5   2   5   0.0003271050
4   5   2   8   0.0000086514
4   5   3   5   0.0009352387
4   5   3   8   0.0000247355
4   5   4   6   0.0005012055
4   5   4   7   0.0014330164
4   6   1   5   0.0003831056
4   6   1   8   0.0002541951
4   6   2   6   0.0002472830
4   6   2   7   0.0003124753
4   6   3   6   0.0000820660
4   6   3   7   0.0001092900
4   6   4   5   0.0005012055
4   6   4   8   0.0004162865
4   7   1   5   0.0010953522
4   7   1   8   0.0007267791
4   7   2   6   0.0003124753
4   7   2   7   0.0000287030
4   7   3   6   0.0001092900
4   7   3   7   0.0007070167
4   7   4   5   0.0014330164
4   7   4   8   0.0011902210
4   8   1   6   0.0002541951
4   8   1   7   0.0007267791
4   8   2   5   0.0000086514
4   8   2   8   -0.0001992276
4   8   3   5   0.0000247355
4   8   3   8   -0.0005696193
4   8   4   6   0.0004162865
4   8   4   7   0.0011902210
5   5   1   6   0.0010953522
5   5   1   7   -0.0003831056
5   5   2   5   0.0009352387
5   5   2   8   0.0000247355
5   5   3   5   -0.0003271050
5   5   3   8   -0.0000086514
5   5   4   6   0.0014330164
5   5   4   7   -0.0005012055
5   6   1   5   0.0010953522
5   6   1   8   0.0007267791
5   6   2   6   0.0007070167
5   6   2   7   -0.0001092900
5   6   3   6   -0.0000287030
5   6   3   7   0.0003124753
5   6   4   5   0.0014330164
5   6   4   8   0.0011902210
5   7   1   5   -0.0003831056
5   7   1   8   -0.0002541951
5   7   2   6   -0.0001092900
5   7   2   7   0.0000820660
5   7   3   6   0.0003124753
5   7   3   7   -0.0002472830
5   7   4   5   -0.0005012055
5   7   4   8   -0.0004162865
5   8   1   6   0.0007267791
5   8   1   7   -0.0002541951
5   8   2   5   0.0000247355
5   8   2   8   -0.0005696193
5   8   3   5   -0.0000086514
5   8   3   8   0.0001992276
5   8   4   6   0.0011902210
5   8   4   7   -0.0004162865

End IABC Block
