Begin IJ Block
1   1   -6.3338706508
1   2   -0.0093488546
1   3   -0.0056566357
2   2   -7.1818004885
2   3   0.0422125661
3   3   -6.1644688342
4   4   -6.1395825846
4   5   0.0000000000
5   5   -6.1395825846

End IJ Block
Begin IA Block
1   1   0.0949578221
1   4   0.0600047076
2   1   0.0472246540
2   4   0.1197230298
3   1   -0.1086613028
3   4   -0.0002738024
4   2   0.0295457102
4   3   -0.1810091401
5   2   0.1810091401
5   3   0.0295457102

End IA Block
Begin AB Block
1   1   -1.6269585559
1   4   -0.3316905071
2   2   -1.3248961180
3   3   -1.3248961180
4   4   -1.4202551382

End AB Block
Begin IJKL Block
1   6   1   6   1.6323068739
1   6   1   7   -0.0217794970
1   6   1   8   0.0483858600
1   6   2   6   -0.0217794970
1   6   2   7   0.0003624692
1   6   2   8   -0.0009701851
1   6   3   6   0.0483858600
1   6   3   7   -0.0009701851
1   6   3   8   0.0020387650
1   6   4   9   -0.0000422246
1   6   5   10   -0.0000422246
1   7   1   6   -0.0217794970
1   7   1   7   0.2736808619
1   7   1   8   -0.0480136204
1   7   2   6   0.0005289267
1   7   2   7   0.0055896794
1   7   2   8   -0.0009615967
1   7   3   6   -0.0012182453
1   7   3   7   -0.0068033744
1   7   3   8   0.0021923750
1   7   4   9   0.0013244192
1   7   5   10   0.0013244192
1   8   1   6   0.0483858600
1   8   1   7   -0.0480136204
1   8   1   8   0.2960492715
1   8   2   6   -0.0012182453
1   8   2   7   -0.0008879537
1   8   2   8   0.0051138624
1   8   3   6   0.0031046213
1   8   3   7   0.0022237025
1   8   3   8   -0.0067588594
1   8   4   9   -0.0003202353
1   8   5   10   -0.0003202353
1   9   1   9   0.2664554857
1   9   2   9   0.0050072381
1   9   3   9   -0.0059746922
1   9   4   6   0.0001338545
1   9   4   7   0.0013870561
1   9   4   8   -0.0004018744
1   10   1   10   0.2664554857
1   10   2   10   0.0050072381
1   10   3   10   -0.0059746922
1   10   5   6   0.0001338545
1   10   5   7   0.0013870561
1   10   5   8   -0.0004018744
2   6   1   6   -0.0217794970
2   6   1   7   0.0005289267
2   6   1   8   -0.0012182453
2   6   2   6   0.2736808619
2   6   2   7   0.0055896794
2   6   2   8   -0.0068033744
2   6   3   6   -0.0480136204
2   6   3   7   -0.0009615967
2   6   3   8   0.0021923750
2   6   4   9   0.0013244192
2   6   5   10   0.0013244192
2   7   1   6   0.0003624692
2   7   1   7   0.0055896794
2   7   1   8   -0.0008879537
2   7   2   6   0.0055896794
2   7   2   7   0.8694611036
2   7   2   8   0.0065551639
2   7   3   6   -0.0008879537
2   7   3   7   0.0065551639
2   7   3   8   0.1487033120
2   7   4   9   0.1495464167
2   7   5   10   0.1495464167
2   8   1   6   -0.0009701851
2   8   1   7   -0.0009615967
2   8   1   8   0.0051138624
2   8   2   6   -0.0068033744
2   8   2   7   0.0065551639
2   8   2   8   0.7978908568
2   8   3   6   0.0022237025
2   8   3   7   0.1536866031
2   8   3   8   0.0148885085
2   8   4   9   0.0032069694
2   8   5   10   0.0032069694
2   9   1   9   0.0050072381
2   9   2   9   0.8059258749
2   9   3   9   0.0090816259
2   9   3   10   -0.0000000000
2   9   4   6   0.0013870561
2   9   4   7   0.1543179438
2   9   4   8   0.0033596383
2   10   1   10   0.0050072381
2   10   2   10   0.8059258749
2   10   3   9   -0.0000000000
2   10   3   10   0.0090816259
2   10   5   6   0.0013870561
2   10   5   7   0.1543179438
2   10   5   8   0.0033596383
3   6   1   6   0.0483858600
3   6   1   7   -0.0012182453
3   6   1   8   0.0031046213
3   6   2   6   -0.0480136204
3   6   2   7   -0.0008879537
3   6   2   8   0.0022237025
3   6   3   6   0.2960492715
3   6   3   7   0.0051138624
3   6   3   8   -0.0067588594
3   6   4   9   -0.0003202353
3   6   5   10   -0.0003202353
3   7   1   6   -0.0009701851
3   7   1   7   -0.0068033744
3   7   1   8   0.0022237025
3   7   2   6   -0.0009615967
3   7   2   7   0.0065551639
3   7   2   8   0.1536866031
3   7   3   6   0.0051138624
3   7   3   7   0.7978908568
3   7   3   8   0.0148885085
3   7   4   9   0.0032069694
3   7   5   10   0.0032069694
3   8   1   6   0.0020387650
3   8   1   7   0.0021923750
3   8   1   8   -0.0067588594
3   8   2   6   0.0021923750
3   8   2   7   0.1487033120
3   8   2   8   0.0148885085
3   8   3   6   -0.0067588594
3   8   3   7   0.0148885085
3   8   3   8   0.7791442865
3   8   4   9   0.0302687350
3   8   5   10   0.0302687350
3   9   1   9   -0.0059746922
3   9   2   9   0.0090816259
3   9   2   10   -0.0000000000
3   9   3   9   0.7203648776
3   9   4   6   -0.0004018744
3   9   4   7   0.0033596383
3   9   4   8   0.0362544875
3   10   1   10   -0.0059746922
3   10   2   9   -0.0000000000
3   10   2   10   0.0090816259
3   10   3   10   0.7203648776
3   10   5   6   -0.0004018744
3   10   5   7   0.0033596383
3   10   5   8   0.0362544875
4   6   1   9   0.0001338545
4   6   2   9   0.0013870561
4   6   3   9   -0.0004018744
4   6   4   6   0.2664554857
4   6   4   7   0.0050072381
4   6   4   8   -0.0059746922
4   7   1   9   0.0013870561
4   7   2   9   0.1543179438
4   7   3   9   0.0033596383
4   7   4   6   0.0050072381
4   7   4   7   0.8059258749
4   7   4   8   0.0090816259
4   7   5   8   -0.0000000000
4   8   1   9   -0.0004018744
4   8   2   9   0.0033596383
4   8   3   9   0.0362544875
4   8   4   6   -0.0059746922
4   8   4   7   0.0090816259
4   8   4   8   0.7203648776
4   8   5   7   -0.0000000000
4   9   1   6   -0.0000422246
4   9   1   7   0.0013244192
4   9   1   8   -0.0003202353
4   9   2   6   0.0013244192
4   9   2   7   0.1495464167
4   9   2   8   0.0032069694
4   9   3   6   -0.0003202353
4   9   3   7   0.0032069694
4   9   3   8   0.0302687350
4   9   4   9   0.7938968940
4   9   5   10   0.0303852803
4   10   4   10   0.7272189704
4   10   5   9   0.0362926432
5   6   1   10   0.0001338545
5   6   2   10   0.0013870561
5   6   3   10   -0.0004018744
5   6   5   6   0.2664554857
5   6   5   7   0.0050072381
5   6   5   8   -0.0059746922
5   7   1   10   0.0013870561
5   7   2   10   0.1543179438
5   7   3   10   0.0033596383
5   7   4   8   -0.0000000000
5   7   5   6   0.0050072381
5   7   5   7   0.8059258749
5   7   5   8   0.0090816259
5   8   1   10   -0.0004018744
5   8   2   10   0.0033596383
5   8   3   10   0.0362544875
5   8   4   7   -0.0000000000
5   8   5   6   -0.0059746922
5   8   5   7   0.0090816259
5   8   5   8   0.7203648776
5   9   4   10   0.0362926432
5   9   5   9   0.7272189704
5   10   1   6   -0.0000422246
5   10   1   7   0.0013244192
5   10   1   8   -0.0003202353
5   10   2   6   0.0013244192
5   10   2   7   0.1495464167
5   10   2   8   0.0032069694
5   10   3   6   -0.0003202353
5   10   3   7   0.0032069694
5   10   3   8   0.0302687350
5   10   4   9   0.0303852803
5   10   5   10   0.7938968940

End IJKL Block
Begin IJAB Block
1   6   1   5   0.0061708350
1   6   1   8   0.0043779095
1   6   2   6   0.0004592469
1   6   3   7   0.0004592469
1   6   4   5   0.0043779095
1   6   4   8   0.0032870510
1   7   1   5   -0.0000588417
1   7   1   8   -0.0000463511
1   7   2   6   0.0000146535
1   7   3   7   0.0000146535
1   7   4   5   -0.0000610111
1   7   4   8   -0.0000453934
1   8   1   5   0.0002147060
1   8   1   8   0.0003899374
1   8   2   6   -0.0001327004
1   8   3   7   -0.0001327004
1   8   4   5   0.0001848580
1   8   4   8   0.0002361999
1   9   1   6   0.0000210271
1   9   1   7   -0.0001288208
1   9   2   5   0.0000247287
1   9   2   8   0.0000305868
1   9   3   5   -0.0001514982
1   9   3   8   -0.0001873873
1   9   4   6   0.0000068661
1   9   4   7   -0.0000420647
1   10   1   6   0.0001288208
1   10   1   7   0.0000210271
1   10   2   5   0.0001514982
1   10   2   8   0.0001873873
1   10   3   5   0.0000247287
1   10   3   8   0.0000305868
1   10   4   6   0.0000420647
1   10   4   7   0.0000068661
2   6   1   5   -0.0000588417
2   6   1   8   -0.0000610111
2   6   2   6   0.0000146535
2   6   3   7   0.0000146535
2   6   4   5   -0.0000463511
2   6   4   8   -0.0000453934
2   7   1   5   0.0006172201
2   7   1   8   0.0006507848
2   7   2   6   0.0009946773
2   7   3   7   0.0009946773
2   7   4   5   0.0006507848
2   7   4   8   0.0014281143
2   8   1   5   -0.0006387085
2   8   1   8   -0.0006593584
2   8   2   6   0.0000315058
2   8   3   7   0.0000315058
2   8   4   5   -0.0012302352
2   8   4   8   -0.0006212134
2   9   1   6   0.0001040427
2   9   1   7   -0.0006374081
2   9   2   5   0.0000487257
2   9   2   8   0.0001370768
2   9   3   5   -0.0002985133
2   9   3   8   -0.0008397888
2   9   4   6   0.0002921181
2   9   4   7   -0.0017896351
2   10   1   6   0.0006374081
2   10   1   7   0.0001040427
2   10   2   5   0.0002985133
2   10   2   8   0.0008397888
2   10   3   5   0.0000487257
2   10   3   8   0.0001370768
2   10   4   6   0.0017896351
2   10   4   7   0.0002921181
3   6   1   5   0.0002147060
3   6   1   8   0.0001848580
3   6   2   6   -0.0001327004
3   6   3   7   -0.0001327004
3   6   4   5   0.0003899374
3   6   4   8   0.0002361999
3   7   1   5   -0.0006387085
3   7   1   8   -0.0012302352
3   7   2   6   0.0000315058
3   7   3   7   0.0000315058
3   7   4   5   -0.0006593584
3   7   4   8   -0.0006212134
3   8   1   5   0.0015793598
3   8   1   8   0.0009070587
3   8   2   6   0.0005486958
3   8   3   7   0.0005486958
3   8   4   5   0.0009070587
3   8   4   8   0.0014914633
3   9   1   6   -0.0002490495
3   9   1   7   0.0015257797
3   9   2   5   -0.0000744088
3   9   2   8   -0.0000469887
3   9   3   5   0.0004558587
3   9   3   8   0.0002878723
3   9   4   6   -0.0001078165
3   9   4   7   0.0006605281
3   10   1   6   -0.0015257797
3   10   1   7   -0.0002490495
3   10   2   5   -0.0004558587
3   10   2   8   -0.0002878723
3   10   3   5   -0.0000744088
3   10   3   8   -0.0000469887
3   10   4   6   -0.0006605281
3   10   4   7   -0.0001078165
4   6   1   6   0.0000247287
4   6   1   7   -0.0001514982
4   6   2   5   0.0000210271
4   6   2   8   0.0000068661
4   6   3   5   -0.0001288208
4   6   3   8   -0.0000420647
4   6   4   6   0.0000305868
4   6   4   7   -0.0001873873
4   7   1   6   0.0000487257
4   7   1   7   -0.0002985133
4   7   2   5   0.0001040427
4   7   2   8   0.0002921181
4   7   3   5   -0.0006374081
4   7   3   8   -0.0017896351
4   7   4   6   0.0001370768
4   7   4   7   -0.0008397888
4   8   1   6   -0.0000744088
4   8   1   7   0.0004558587
4   8   2   5   -0.0002490495
4   8   2   8   -0.0001078165
4   8   3   5   0.0015257797
4   8   3   8   0.0006605281
4   8   4   6   -0.0000469887
4   8   4   7   0.0002878723
4   9   1   5   0.0004910942
4   9   1   8   0.0005601876
4   9   2   6   0.0005295870
4   9   2   7   -0.0004508332
4   9   3   6   -0.0004508332
4   9   3   7   0.0032179877
4   9   4   5   0.0005601876
4   9   4   8   0.0011723437
4   10   2   6   0.0004508332
4   10   2   7   -0.0004500790
4   10   3   6   -0.0022383217
4   10   3   7   -0.0004508332
5   6   1   6   0.0001514982
5   6   1   7   0.0000247287
5   6   2   5   0.0001288208
5   6   2   8   0.0000420647
5   6   3   5   0.0000210271
5   6   3   8   0.0000068661
5   6   4   6   0.0001873873
5   6   4   7   0.0000305868
5   7   1   6   0.0002985133
5   7   1   7   0.0000487257
5   7   2   5   0.0006374081
5   7   2   8   0.0017896351
5   7   3   5   0.0001040427
5   7   3   8   0.0002921181
5   7   4   6   0.0008397888
5   7   4   7   0.0001370768
5   8   1   6   -0.0004558587
5   8   1   7   -0.0000744088
5   8   2   5   -0.0015257797
5   8   2   8   -0.0006605281
5   8   3   5   -0.0002490495
5   8   3   8   -0.0001078165
5   8   4   6   -0.0002878723
5   8   4   7   -0.0000469887
5   9   2   6   0.0004508332
5   9   2   7   -0.0022383217
5   9   3   6   -0.0004500790
5   9   3   7   -0.0004508332
5   10   1   5   0.0004910942
5   10   1   8   0.0005601876
5   10   2   6   0.0032179877
5   10   2   7   0.0004508332
5   10   3   6   0.0004508332
5   10   3   7   0.0005295870
5   10   4   5   0.0005601876
5   10   4   8   0.0011723437

End IJAB Block
Begin ABCD Block
1   5   1   5   0.2118971180
1   5   1   8   0.0137728584
1   5   2   6   0.0226477386
1   5   3   7   0.0226477386
1   5   4   5   0.0137728584
1   5   4   8   0.0139404287
1   6   1   6   0.1420578845
1   6   2   5   0.0226479180
1   6   2   8   0.0045945872
1   6   4   6   0.0106466337
1   7   1   7   0.1420578845
1   7   3   5   0.0226479180
1   7   3   8   0.0045945872
1   7   4   7   0.0106466337
1   8   1   5   0.0137728584
1   8   1   8   0.1309204545
1   8   2   6   0.0045944820
1   8   3   7   0.0045944820
1   8   4   5   0.0139407728
1   8   4   8   0.0071836084
2   5   1   6   0.0226479180
2   5   2   5   0.1420578845
2   5   2   8   0.0106466337
2   5   4   6   0.0045945872
2   6   1   5   0.0226477386
2   6   1   8   0.0045944820
2   6   2   6   0.1317191090
2   6   3   7   0.0078454547
2   6   4   5   0.0045944820
2   6   4   8   0.0084585237
2   7   2   7   0.1160282441
2   7   3   6   0.0078454102
2   8   1   6   0.0045945872
2   8   2   5   0.0106466337
2   8   2   8   0.1122032062
2   8   4   6   0.0084588713
3   5   1   7   0.0226479180
3   5   3   5   0.1420578845
3   5   3   8   0.0106466337
3   5   4   7   0.0045945872
3   6   2   7   0.0078454102
3   6   3   6   0.1160282441
3   7   1   5   0.0226477386
3   7   1   8   0.0045944820
3   7   2   6   0.0078454547
3   7   3   7   0.1317191090
3   7   4   5   0.0045944820
3   7   4   8   0.0084585237
3   8   1   7   0.0045945872
3   8   3   5   0.0106466337
3   8   3   8   0.1122032062
3   8   4   7   0.0084588713
4   5   1   5   0.0137728584
4   5   1   8   0.0139407728
4   5   2   6   0.0045944820
4   5   3   7   0.0045944820
4   5   4   5   0.1309204545
4   5   4   8   0.0071836084
4   6   1   6   0.0106466337
4   6   2   5   0.0045945872
4   6   2   8   0.0084588713
4   6   4   6   0.1122032062
4   7   1   7   0.0106466337
4   7   3   5   0.0045945872
4   7   3   8   0.0084588713
4   7   4   7   0.1122032062
4   8   1   5   0.0139404287
4   8   1   8   0.0071836084
4   8   2   6   0.0084585237
4   8   3   7   0.0084585237
4   8   4   5   0.0071836084
4   8   4   8   0.1192414281

End ABCD Block
Begin AIJB Block
1   6   1   5   0.0047323396
1   6   1   8   0.0033000927
1   6   2   5   -0.0000295861
1   6   2   8   -0.0000363868
1   6   3   5   0.0001180464
1   6   3   8   0.0001012219
1   6   4   6   0.0000200581
1   6   4   7   -0.0001228842
1   6   5   6   0.0001228842
1   6   5   7   0.0000200581
1   7   1   5   -0.0000295861
1   7   1   8   -0.0000275861
1   7   2   5   0.0004702447
1   7   2   8   0.0004798084
1   7   3   5   -0.0003914676
1   7   3   8   -0.0008246551
1   7   4   6   0.0000205722
1   7   4   7   -0.0001260338
1   7   5   6   0.0001260338
1   7   5   7   0.0000205722
1   8   1   5   0.0001180464
1   8   1   8   0.0002669794
1   8   2   5   -0.0003914676
1   8   2   8   -0.0003032631
1   8   3   5   0.0011478970
1   8   3   8   0.0007149259
1   8   4   6   -0.0000447291
1   8   4   7   0.0002740286
1   8   5   6   -0.0002740286
1   8   5   7   -0.0000447291
1   9   1   6   0.0000170246
1   9   1   7   -0.0001042995
1   9   2   6   0.0000700126
1   9   2   7   -0.0004289259
1   9   3   6   -0.0002043839
1   9   3   7   0.0012521395
1   9   4   5   0.0003656936
1   9   4   8   0.0004837436
1   10   1   6   0.0001042995
1   10   1   7   0.0000170246
1   10   2   6   0.0004289259
1   10   2   7   0.0000700126
1   10   3   6   -0.0012521395
1   10   3   7   -0.0002043839
1   10   5   5   0.0003656936
1   10   5   8   0.0004837436
2   6   1   6   0.0003992428
2   6   2   6   0.0000069620
2   6   3   6   -0.0001018440
2   6   4   5   0.0000170246
2   6   4   8   0.0000064163
2   6   5   5   0.0001042995
2   6   5   8   0.0000393090
2   7   1   6   0.0000069620
2   7   2   6   0.0007773880
2   7   3   6   0.0000503705
2   7   4   5   0.0000700126
2   7   4   8   0.0002026245
2   7   5   5   0.0004289259
2   7   5   8   0.0012413611
2   8   1   6   -0.0001018440
2   8   2   6   0.0000503705
2   8   3   6   0.0003486134
2   8   4   5   -0.0002043839
2   8   4   8   -0.0000939478
2   8   5   5   -0.0012521395
2   8   5   8   -0.0005755629
2   9   1   5   0.0000200581
2   9   1   8   0.0000242903
2   9   2   5   0.0000205722
2   9   2   8   0.0000649668
2   9   3   5   -0.0000447291
2   9   3   8   -0.0000357123
2   9   4   6   0.0003196890
2   9   4   7   -0.0003421605
2   9   5   6   0.0003421605
2   9   5   7   -0.0018329235
2   10   1   5   0.0001228842
2   10   1   8   0.0001488122
2   10   2   5   0.0001260338
2   10   2   8   0.0003980135
2   10   3   5   -0.0002740286
2   10   3   8   -0.0002187883
2   10   4   6   0.0003421605
2   10   4   7   -0.0002074417
2   10   5   6   0.0023600542
2   10   5   7   0.0003421605
3   6   1   7   0.0003992428
3   6   2   7   0.0000069620
3   6   3   7   -0.0001018440
3   6   4   5   -0.0001042995
3   6   4   8   -0.0000393090
3   6   5   5   0.0000170246
3   6   5   8   0.0000064163
3   7   1   7   0.0000069620
3   7   2   7   0.0007773880
3   7   3   7   0.0000503705
3   7   4   5   -0.0004289259
3   7   4   8   -0.0012413611
3   7   5   5   0.0000700126
3   7   5   8   0.0002026245
3   8   1   7   -0.0001018440
3   8   2   7   0.0000503705
3   8   3   7   0.0003486134
3   8   4   5   0.0012521395
3   8   4   8   0.0005755629
3   8   5   5   -0.0002043839
3   8   5   8   -0.0000939478
3   9   1   5   -0.0001228842
3   9   1   8   -0.0001488122
3   9   2   5   -0.0001260338
3   9   2   8   -0.0003980135
3   9   3   5   0.0002740286
3   9   3   8   0.0002187883
3   9   4   6   -0.0003421605
3   9   4   7   0.0023600542
3   9   5   6   -0.0002074417
3   9   5   7   -0.0003421605
3   10   1   5   0.0000200581
3   10   1   8   0.0000242903
3   10   2   5   0.0000205722
3   10   2   8   0.0000649668
3   10   3   5   -0.0000447291
3   10   3   8   -0.0000357123
3   10   4   6   -0.0018329235
3   10   4   7   -0.0003421605
3   10   5   6   0.0003421605
3   10   5   7   0.0003196890
4   6   1   5   0.0033000927
4   6   1   8   0.0024386186
4   6   2   5   -0.0000275861
4   6   2   8   -0.0000293269
4   6   3   5   0.0002669794
4   6   3   8   0.0001505490
4   6   4   6   0.0000242903
4   6   4   7   -0.0001488122
4   6   5   6   0.0001488122
4   6   5   7   0.0000242903
4   7   1   5   -0.0000363868
4   7   1   8   -0.0000293269
4   7   2   5   0.0004798084
4   7   2   8   0.0010054851
4   7   3   5   -0.0003032631
4   7   3   8   -0.0003436904
4   7   4   6   0.0000649668
4   7   4   7   -0.0003980135
4   7   5   6   0.0003980135
4   7   5   7   0.0000649668
4   8   1   5   0.0001012219
4   8   1   8   0.0001505490
4   8   2   5   -0.0008246551
4   8   2   8   -0.0003436904
4   8   3   5   0.0007149259
4   8   3   8   0.0011575904
4   8   4   6   -0.0000357123
4   8   4   7   0.0002187883
4   8   5   6   -0.0002187883
4   8   5   7   -0.0000357123
4   9   1   6   0.0000064163
4   9   1   7   -0.0000393090
4   9   2   6   0.0002026245
4   9   2   7   -0.0012413611
4   9   3   6   -0.0000939478
4   9   3   7   0.0005755629
4   9   4   5   0.0004837436
4   9   4   8   0.0008912857
4   10   1   6   0.0000393090
4   10   1   7   0.0000064163
4   10   2   6   0.0012413611
4   10   2   7   0.0002026245
4   10   3   6   -0.0005755629
4   10   3   7   -0.0000939478
4   10   5   5   0.0004837436
4   10   5   8   0.0008912857

1   6   6   1   -0.2406815887
1   6   6   4   -0.0541286219
1   6   7   1   0.0012831102
1   6   7   4   0.0003074171
1   6   8   1   -0.0024154940
1   6   8   4   -0.0005559047
1   6   9   2   -0.0000657801
1   6   9   3   0.0004029959
1   6   10   2   -0.0004029959
1   6   10   3   -0.0000657801
1   7   6   1   0.0012831102
1   7   6   4   0.0003075772
1   7   7   1   -0.1418655991
1   7   7   4   -0.0286365929
1   7   8   1   0.0111939911
1   7   8   4   0.0037286538
1   7   9   2   -0.0006831678
1   7   9   3   0.0041853663
1   7   10   2   -0.0041853663
1   7   10   3   -0.0006831678
1   8   6   1   -0.0024154940
1   8   6   4   -0.0005549857
1   8   7   1   0.0111939911
1   8   7   4   0.0037344082
1   8   8   1   -0.1447808377
1   8   8   4   -0.0292458295
1   8   9   2   0.0002173678
1   8   9   3   -0.0013316844
1   8   10   2   0.0013316844
1   8   10   3   0.0002173678
1   9   6   2   -0.0000660854
1   9   6   3   0.0004048664
1   9   7   2   -0.0006830291
1   9   7   3   0.0041845162
1   9   8   2   0.0002152755
1   9   8   3   -0.0013188660
1   9   9   1   -0.1415340118
1   9   9   4   -0.0284512401
1   10   6   2   -0.0004048664
1   10   6   3   -0.0000660854
1   10   7   2   -0.0041845162
1   10   7   3   -0.0006830291
1   10   8   2   0.0013188660
1   10   8   3   0.0002152755
1   10   10   1   -0.1415340118
1   10   10   4   -0.0284512401
2   6   6   2   -0.1565402055
2   6   7   2   0.0002555684
2   6   8   2   -0.0003821887
2   6   9   1   -0.0000660854
2   6   9   4   -0.0000430645
2   6   10   1   -0.0004048664
2   6   10   4   -0.0002638310
2   7   6   2   0.0002555684
2   7   7   2   -0.1312915601
2   7   8   2   0.0049527193
2   7   9   1   -0.0006830291
2   7   9   4   -0.0008060075
2   7   10   1   -0.0041845162
2   7   10   4   -0.0049379324
2   8   6   2   -0.0003821887
2   8   7   2   0.0049527193
2   8   8   2   -0.1315372761
2   8   9   1   0.0002152755
2   8   9   4   0.0001002831
2   8   10   1   0.0013188660
2   8   10   4   0.0006143755
2   9   6   1   -0.0000657801
2   9   6   4   -0.0000426362
2   9   7   1   -0.0006831678
2   9   7   4   -0.0008067356
2   9   8   1   0.0002173678
2   9   8   4   0.0001009629
2   9   9   2   -0.1305096196
2   9   9   3   0.0002597925
2   9   10   2   -0.0002597925
2   9   10   3   0.0007644258
2   10   6   1   -0.0004029959
2   10   6   4   -0.0002612068
2   10   7   1   -0.0041853663
2   10   7   4   -0.0049423930
2   10   8   1   0.0013316844
2   10   8   4   0.0006185399
2   10   9   2   -0.0002597925
2   10   9   3   0.0007847642
2   10   10   2   -0.1320588096
2   10   10   3   -0.0002597925
3   6   6   3   -0.1565402055
3   6   7   3   0.0002555684
3   6   8   3   -0.0003821887
3   6   9   1   0.0004048664
3   6   9   4   0.0002638310
3   6   10   1   -0.0000660854
3   6   10   4   -0.0000430645
3   7   6   3   0.0002555684
3   7   7   3   -0.1312915601
3   7   8   3   0.0049527193
3   7   9   1   0.0041845162
3   7   9   4   0.0049379324
3   7   10   1   -0.0006830291
3   7   10   4   -0.0008060075
3   8   6   3   -0.0003821887
3   8   7   3   0.0049527193
3   8   8   3   -0.1315372761
3   8   9   1   -0.0013188660
3   8   9   4   -0.0006143755
3   8   10   1   0.0002152755
3   8   10   4   0.0001002831
3   9   6   1   0.0004029959
3   9   6   4   0.0002612068
3   9   7   1   0.0041853663
3   9   7   4   0.0049423930
3   9   8   1   -0.0013316844
3   9   8   4   -0.0006185399
3   9   9   2   0.0002597925
3   9   9   3   -0.1320588096
3   9   10   2   0.0007847642
3   9   10   3   0.0002597925
3   10   6   1   -0.0000657801
3   10   6   4   -0.0000426362
3   10   7   1   -0.0006831678
3   10   7   4   -0.0008067356
3   10   8   1   0.0002173678
3   10   8   4   0.0001009629
3   10   9   2   0.0007644258
3   10   9   3   0.0002597925
3   10   10   2   -0.0002597925
3   10   10   3   -0.1305096196
4   6   6   1   -0.0541286219
4   6   6   4   -0.1578111773
4   6   7   1   0.0003075772
4   6   7   4   0.0001385019
4   6   8   1   -0.0005549857
4   6   8   4   -0.0002607656
4   6   9   2   -0.0000426362
4   6   9   3   0.0002612068
4   6   10   2   -0.0002612068
4   6   10   3   -0.0000426362
4   7   6   1   0.0003074171
4   7   6   4   0.0001385019
4   7   7   1   -0.0286365929
4   7   7   4   -0.1470238234
4   7   8   1   0.0037344082
4   7   8   4   0.0012233803
4   7   9   2   -0.0008067356
4   7   9   3   0.0049423930
4   7   10   2   -0.0049423930
4   7   10   3   -0.0008067356
4   8   6   1   -0.0005559047
4   8   6   4   -0.0002607656
4   8   7   1   0.0037286538
4   8   7   4   0.0012233803
4   8   8   1   -0.0292458295
4   8   8   4   -0.1473847073
4   8   9   2   0.0001009629
4   8   9   3   -0.0006185399
4   8   10   2   0.0006185399
4   8   10   3   0.0001009629
4   9   6   2   -0.0000430645
4   9   6   3   0.0002638310
4   9   7   2   -0.0008060075
4   9   7   3   0.0049379324
4   9   8   2   0.0001002831
4   9   8   3   -0.0006143755
4   9   9   1   -0.0284512401
4   9   9   4   -0.1464587183
4   10   6   2   -0.0002638310
4   10   6   3   -0.0000430645
4   10   7   2   -0.0049379324
4   10   7   3   -0.0008060075
4   10   8   2   0.0006143755
4   10   8   3   0.0001002831
4   10   10   1   -0.0284512401
4   10   10   4   -0.1464587183

End AIJB Block
Begin IJKA Block
1   6   1   5   -0.0683027339
1   6   1   8   -0.0514384213
1   6   2   5   0.0011220262
1   6   2   8   0.0009517861
1   6   3   5   -0.0026087460
1   6   3   8   -0.0023106016
1   6   4   6   0.0000308132
1   6   4   7   -0.0001887742
1   6   5   6   0.0001887742
1   6   5   7   0.0000308132
1   7   1   5   -0.0002557573
1   7   1   8   0.0003652959
1   7   2   5   -0.0001184524
1   7   2   8   -0.0001944131
1   7   3   5   0.0001976055
1   7   3   8   0.0002009994
1   7   4   6   -0.0000097347
1   7   4   7   0.0000596385
1   7   5   6   -0.0000596385
1   7   5   7   -0.0000097347
1   8   1   5   -0.0041653045
1   8   1   8   -0.0132071606
1   8   2   5   0.0002529774
1   8   2   8   0.0001625356
1   8   3   5   -0.0003638956
1   8   3   8   -0.0001838446
1   8   4   6   -0.0000090933
1   8   4   7   0.0000557092
1   8   5   6   -0.0000557092
1   8   5   7   -0.0000090933
1   9   1   6   0.0000558350
1   9   1   7   -0.0003420682
1   9   2   6   -0.0000431900
1   9   2   7   0.0002645997
1   9   3   6   0.0000471919
1   9   3   7   -0.0002891168
1   9   4   5   0.0000486953
1   9   4   8   0.0000562639
1   10   1   6   0.0003420682
1   10   1   7   0.0000558350
1   10   2   6   -0.0002645997
1   10   2   7   -0.0000431900
1   10   3   6   0.0002891168
1   10   3   7   0.0000471919
1   10   5   5   0.0000486953
1   10   5   8   0.0000562639
2   6   1   5   0.0011195412
2   6   1   8   0.0009528253
2   6   2   5   -0.0036344150
2   6   2   8   -0.0012930122
2   6   3   5   0.0012042262
2   6   3   8   0.0004462972
2   6   4   6   0.0000539363
2   6   4   7   -0.0003304358
2   6   5   6   0.0003304358
2   6   5   7   0.0000539363
2   7   1   5   -0.0001001124
2   7   1   8   -0.0001541986
2   7   2   5   -0.0081560683
2   7   2   8   -0.0211584887
2   7   3   5   0.0071061703
2   7   3   8   0.0023620213
2   7   4   6   -0.0017657751
2   7   4   7   0.0108178624
2   7   5   6   -0.0108178624
2   7   5   7   -0.0017657751
2   8   1   5   0.0001852115
2   8   1   8   0.0001045960
2   8   2   5   0.0197274882
2   8   2   8   0.0048382770
2   8   3   5   -0.0009941145
2   8   3   8   -0.0027562359
2   8   4   6   -0.0001808031
2   8   4   7   0.0011076736
2   8   5   6   -0.0011076736
2   8   5   7   -0.0001808031
2   9   1   6   -0.0000307703
2   9   1   7   0.0001885114
2   9   2   6   -0.0050800420
2   9   2   7   0.0311224210
2   9   3   6   -0.0002391359
2   9   3   7   0.0014650445
2   9   4   5   -0.0010063003
2   9   4   8   -0.0042308615
2   10   1   6   -0.0001885114
2   10   1   7   -0.0000307703
2   10   2   6   -0.0311224210
2   10   2   7   -0.0050800420
2   10   3   6   -0.0014650445
2   10   3   7   -0.0002391359
2   10   5   5   -0.0010063003
2   10   5   8   -0.0042308615
3   6   1   5   -0.0026909107
3   6   1   8   -0.0023448816
3   6   2   5   0.0011431940
3   6   2   8   0.0004279437
3   6   3   5   -0.0043620021
3   6   3   8   -0.0016615612
3   6   4   6   -0.0000356615
3   6   4   7   0.0002184769
3   6   5   6   -0.0002184769
3   6   5   7   -0.0000356615
3   7   1   5   0.0001505658
3   7   1   8   0.0001344580
3   7   2   5   0.0071771498
3   7   2   8   0.0025543964
3   7   3   5   -0.0066288604
3   7   3   8   -0.0180443023
3   7   4   6   -0.0000774802
3   7   4   7   0.0004746753
3   7   5   6   -0.0004746753
3   7   5   7   -0.0000774802
3   8   1   5   -0.0002270205
3   8   1   8   -0.0000917975
3   8   2   5   -0.0011847363
3   8   2   8   -0.0028809050
3   8   3   5   0.0210637311
3   8   3   8   0.0049763842
3   8   4   6   -0.0004767967
3   8   4   7   0.0029210523
3   8   5   6   -0.0029210523
3   8   5   7   -0.0004767967
3   9   1   6   0.0000262894
3   9   1   7   -0.0001610597
3   9   2   6   -0.0001828158
3   9   2   7   0.0011200046
3   9   3   6   -0.0043478832
3   9   3   7   0.0266369159
3   9   4   5   0.0020106343
3   9   4   8   0.0005540518
3   10   1   6   0.0001610597
3   10   1   7   0.0000262894
3   10   2   6   -0.0011200046
3   10   2   7   -0.0001828158
3   10   3   6   -0.0266369159
3   10   3   7   -0.0043478832
3   10   5   5   0.0020106343
3   10   5   8   0.0005540518
4   6   1   6   0.0000309302
4   6   1   7   -0.0001894914
4   6   2   6   0.0000507124
4   6   2   7   -0.0003106847
4   6   3   6   -0.0000368150
4   6   3   7   0.0002255440
4   6   4   5   -0.0033171394
4   6   4   8   -0.0011622722
4   7   1   6   -0.0000053816
4   7   1   7   0.0000329701
4   7   2   6   -0.0017643524
4   7   2   7   0.0108091468
4   7   3   6   -0.0000723404
4   7   3   7   0.0004431870
4   7   4   5   -0.0068999795
4   7   4   8   -0.0188499884
4   8   1   6   -0.0000109715
4   8   1   7   0.0000672162
4   8   2   6   -0.0001532622
4   8   2   7   0.0009389474
4   8   3   6   -0.0005026374
4   8   3   7   0.0030793628
4   8   4   5   0.0169733196
4   8   4   8   0.0037619567
4   9   1   5   0.0000442060
4   9   1   8   0.0000522354
4   9   2   5   -0.0010557644
4   9   2   8   -0.0041710922
4   9   3   5   0.0019462838
4   9   3   8   0.0005662225
4   9   4   6   -0.0054602653
4   9   4   7   0.0334518249
4   9   5   6   -0.0031025307
4   9   5   7   -0.0005064190
4   10   4   6   -0.0270988332
4   10   4   7   -0.0044232809
4   10   5   6   -0.0005305654
4   10   5   7   0.0032504610
5   6   1   6   0.0001894914
5   6   1   7   0.0000309302
5   6   2   6   0.0003106847
5   6   2   7   0.0000507124
5   6   3   6   -0.0002255440
5   6   3   7   -0.0000368150
5   6   5   5   -0.0033171394
5   6   5   8   -0.0011622722
5   7   1   6   -0.0000329701
5   7   1   7   -0.0000053816
5   7   2   6   -0.0108091468
5   7   2   7   -0.0017643524
5   7   3   6   -0.0004431870
5   7   3   7   -0.0000723404
5   7   5   5   -0.0068999795
5   7   5   8   -0.0188499884
5   8   1   6   -0.0000672162
5   8   1   7   -0.0000109715
5   8   2   6   -0.0009389474
5   8   2   7   -0.0001532622
5   8   3   6   -0.0030793628
5   8   3   7   -0.0005026374
5   8   5   5   0.0169733196
5   8   5   8   0.0037619567
5   9   4   6   -0.0032504610
5   9   4   7   -0.0005305654
5   9   5   6   -0.0044232809
5   9   5   7   0.0270988332
5   10   1   5   0.0000442060
5   10   1   8   0.0000522354
5   10   2   5   -0.0010557644
5   10   2   8   -0.0041710922
5   10   3   5   0.0019462838
5   10   3   8   0.0005662225
5   10   4   6   -0.0005064190
5   10   4   7   0.0031025307
5   10   5   6   -0.0334518249
5   10   5   7   -0.0054602653

End IJKA Block
Begin IABC Block
1   5   1   5   0.0010352469
1   5   1   8   -0.0001797036
1   5   2   6   0.0007463191
1   5   3   7   0.0007463191
1   5   4   5   0.0000557946
1   5   4   8   -0.0002064247
1   6   1   6   0.0001450366
1   6   2   5   0.0007496564
1   6   2   8   0.0004073334
1   6   4   6   0.0000561026
1   7   1   7   0.0001450366
1   7   3   5   0.0007496564
1   7   3   8   0.0004073334
1   7   4   7   0.0000561026
1   8   1   5   -0.0001833847
1   8   1   8   -0.0002363193
1   8   2   6   0.0004053264
1   8   3   7   0.0004053264
1   8   4   5   -0.0002078863
1   8   4   8   -0.0001738678
2   5   1   5   -0.0002532178
2   5   1   8   -0.0000840609
2   5   2   6   0.0000024362
2   5   3   7   0.0000024362
2   5   4   5   -0.0001242319
2   5   4   8   -0.0000470914
2   6   1   6   -0.0001146407
2   6   2   5   0.0000014147
2   6   2   8   -0.0000506519
2   6   4   6   -0.0001257698
2   7   1   7   -0.0001146407
2   7   3   5   0.0000014147
2   7   3   8   -0.0000506519
2   7   4   7   -0.0001257698
2   8   1   5   -0.0000853055
2   8   1   8   -0.0000681243
2   8   2   6   -0.0000481532
2   8   3   7   -0.0000481532
2   8   4   5   -0.0000489241
2   8   4   8   -0.0000663355
3   5   1   5   -0.0014367679
3   5   1   8   -0.0004470313
3   5   2   6   -0.0008489325
3   5   3   7   -0.0008489325
3   5   4   5   -0.0042717380
3   5   4   8   -0.0011232674
3   6   1   6   -0.0007231899
3   6   2   5   -0.0008494019
3   6   2   8   -0.0004011039
3   6   4   6   -0.0020702729
3   7   1   7   -0.0007231899
3   7   3   5   -0.0008494019
3   7   3   8   -0.0004011039
3   7   4   7   -0.0020702729
3   8   1   5   -0.0004497824
3   8   1   8   0.0000558823
3   8   2   6   -0.0004034072
3   8   3   7   -0.0004034072
3   8   4   5   -0.0011429833
3   8   4   8   -0.0006846411
4   5   1   6   0.0002077976
4   5   1   7   -0.0012730531
4   5   2   5   0.0001753317
4   5   2   8   0.0000398400
4   5   3   5   -0.0010741542
4   5   3   8   -0.0002440760
4   5   4   6   0.0002919686
4   5   4   7   -0.0017887196
4   6   1   5   0.0002068586
4   6   1   8   0.0001528203
4   6   2   6   0.0001299180
4   6   2   7   -0.0003049938
4   6   3   6   -0.0001871285
4   6   3   7   0.0000495900
4   6   4   5   0.0002901822
4   6   4   8   0.0002247810
4   7   1   5   -0.0012673003
4   7   1   8   -0.0009362399
4   7   2   6   -0.0003038087
4   7   2   7   0.0000305446
4   7   3   6   0.0000497834
4   7   3   7   -0.0007959310
4   7   4   5   -0.0017777754
4   7   4   8   -0.0013771004
4   8   1   6   0.0001548022
4   8   1   7   -0.0009483818
4   8   2   5   0.0000396522
4   8   2   8   -0.0000485627
4   8   3   5   -0.0002429256
4   8   3   8   0.0002975149
4   8   4   6   0.0002292761
4   8   4   7   -0.0014046395
5   5   1   6   0.0012730531
5   5   1   7   0.0002077976
5   5   2   5   0.0010741542
5   5   2   8   0.0002440760
5   5   3   5   0.0001753317
5   5   3   8   0.0000398400
5   5   4   6   0.0017887196
5   5   4   7   0.0002919686
5   6   1   5   0.0012673003
5   6   1   8   0.0009362399
5   6   2   6   0.0007959310
5   6   2   7   0.0000497834
5   6   3   6   0.0000305446
5   6   3   7   0.0003038087
5   6   4   5   0.0017777754
5   6   4   8   0.0013771004
5   7   1   5   0.0002068586
5   7   1   8   0.0001528203
5   7   2   6   0.0000495900
5   7   2   7   0.0001871285
5   7   3   6   0.0003049938
5   7   3   7   0.0001299180
5   7   4   5   0.0002901822
5   7   4   8   0.0002247810
5   8   1   6   0.0009483818
5   8   1   7   0.0001548022
5   8   2   5   0.0002429256
5   8   2   8   -0.0002975149
5   8   3   5   0.0000396522
5   8   3   8   -0.0000485627
5   8   4   6   0.0014046395
5   8   4   7   0.0002292761

End IABC Block
