Begin IJ Block
1   1   -40.8822147095
1   2   0.0000460306
1   3   0.7525966970
1   6   0.0228577862
2   2   -5.8599061976
2   3   0.0002920368
2   6   -0.0154396752
3   3   -9.2830253402
3   6   -0.0689939697
4   4   -8.1671589176
4   5   -0.0000000000
5   5   -8.1671589177
6   6   -7.7911789709

End IJ Block
Begin IA Block
1   1   -0.0052198904
2   1   0.1049973574
3   1   0.0309982846
4   2   0.0468829391
4   3   0.1969583072
5   2   0.1969583072
5   3   -0.0468829391
6   1   -0.1989466982

End IA Block
Begin AB Block
1   1   -1.8034582707
2   2   -1.6137678720
3   3   -1.6137678720

End AB Block
Begin IJKL Block
1   7   1   7   5.3484831997
1   7   1   8   -0.0000228631
1   7   1   9   -0.5325231617
1   7   1   12   -0.0159759178
1   7   2   7   -0.0000228631
1   7   2   8   -0.0000006985
1   7   2   9   0.0000024113
1   7   2   12   0.0000010437
1   7   3   7   -0.5325231617
1   7   3   8   0.0000024113
1   7   3   9   0.0816463742
1   7   3   12   0.0026438841
1   7   4   10   0.0317718582
1   7   5   11   0.0317718582
1   7   6   7   -0.0159759178
1   7   6   8   0.0000010437
1   7   6   9   0.0026438841
1   7   6   12   0.0282429588
1   8   1   7   -0.0000228631
1   8   1   8   0.1573224333
1   8   1   9   0.0000988338
1   8   1   12   -0.0005475498
1   8   2   7   0.0000003128
1   8   2   8   -0.0000025547
1   8   2   9   0.0000003933
1   8   2   12   -0.0000001551
1   8   3   7   0.0000029372
1   8   3   8   0.0000046063
1   8   3   9   -0.0000007644
1   8   3   12   0.0000014558
1   8   4   10   0.0000029580
1   8   5   11   0.0000029580
1   8   6   7   0.0000007632
1   8   6   8   -0.0012271778
1   8   6   9   -0.0000018951
1   8   6   12   0.0000110079
1   9   1   7   -0.5325231617
1   9   1   8   0.0000988338
1   9   1   9   1.2639722831
1   9   1   12   0.0222601374
1   9   2   7   0.0000029372
1   9   2   8   -0.0000007623
1   9   2   9   -0.0000011609
1   9   2   12   0.0000002316
1   9   3   7   0.0862155509
1   9   3   8   -0.0000011065
1   9   3   9   -0.0238044039
1   9   3   12   -0.0006516466
1   9   4   10   0.0360920010
1   9   5   11   0.0360920010
1   9   6   7   0.0025641729
1   9   6   8   -0.0000012684
1   9   6   9   -0.0007790784
1   9   6   12   0.0324502366
1   10   1   10   1.1686162697
1   10   2   10   -0.0000009155
1   10   3   10   -0.0155883511
1   10   4   7   0.0369593328
1   10   4   8   0.0000029815
1   10   4   9   0.0367371453
1   10   4   12   0.0008673374
1   10   6   10   -0.0005888797
1   11   1   11   1.1686162697
1   11   2   11   -0.0000009155
1   11   3   11   -0.0155883511
1   11   5   7   0.0369593328
1   11   5   8   0.0000029815
1   11   5   9   0.0367371453
1   11   5   12   0.0008673374
1   11   6   11   -0.0005888797
1   12   1   7   -0.0159759178
1   12   1   8   -0.0005475498
1   12   1   9   0.0222601374
1   12   1   12   1.0939859026
1   12   2   7   0.0000007632
1   12   2   8   -0.0000002247
1   12   2   9   -0.0000004813
1   12   2   12   -0.0000006054
1   12   3   7   0.0025641729
1   12   3   8   0.0000011536
1   12   3   9   -0.0007042950
1   12   3   12   -0.0143828110
1   12   4   10   0.0007898948
1   12   5   11   0.0007898948
1   12   6   7   0.0335374769
1   12   6   8   0.0000103520
1   12   6   9   0.0335034412
1   12   6   12   0.0006626324
2   7   1   7   -0.0000228631
2   7   1   8   0.0000003128
2   7   1   9   0.0000029372
2   7   1   12   0.0000007632
2   7   2   7   0.1573224333
2   7   2   8   -0.0000025547
2   7   2   9   0.0000046063
2   7   2   12   -0.0012271778
2   7   3   7   0.0000988338
2   7   3   8   0.0000003933
2   7   3   9   -0.0000007644
2   7   3   12   -0.0000018951
2   7   4   10   0.0000029580
2   7   5   11   0.0000029580
2   7   6   7   -0.0005475498
2   7   6   8   -0.0000001551
2   7   6   9   0.0000014558
2   7   6   12   0.0000110079
2   8   1   7   -0.0000006985
2   8   1   8   -0.0000025547
2   8   1   9   -0.0000007623
2   8   1   12   -0.0000002247
2   8   2   7   -0.0000025547
2   8   2   8   1.6352862233
2   8   2   9   -0.0008671696
2   8   2   12   0.0200946619
2   8   3   7   -0.0000007623
2   8   3   8   -0.0008671696
2   8   3   9   -0.0000088986
2   8   3   12   -0.0000082877
2   8   4   10   -0.0000097738
2   8   5   11   -0.0000097738
2   8   6   7   -0.0000002247
2   8   6   8   0.0200946619
2   8   6   9   -0.0000082877
2   8   6   12   0.0001208999
2   9   1   7   0.0000024113
2   9   1   8   0.0000003933
2   9   1   9   -0.0000011609
2   9   1   12   -0.0000004813
2   9   2   7   0.0000046063
2   9   2   8   -0.0008671696
2   9   2   9   0.1576416617
2   9   2   12   -0.0157242106
2   9   3   7   -0.0000011065
2   9   3   8   0.0000036154
2   9   3   9   0.0000746615
2   9   3   12   -0.0000111745
2   9   4   10   0.0000181090
2   9   5   11   0.0000181090
2   9   6   7   0.0000011536
2   9   6   8   -0.0000160623
2   9   6   9   -0.0005263800
2   9   6   12   0.0001059643
2   10   1   10   -0.0000009155
2   10   2   10   0.1568477659
2   10   3   10   0.0000717537
2   10   4   7   0.0000029815
2   10   4   8   -0.0000000972
2   10   4   9   0.0000197482
2   10   4   12   -0.0000060177
2   10   6   10   -0.0005090086
2   11   1   11   -0.0000009155
2   11   2   11   0.1568477659
2   11   3   11   0.0000717537
2   11   5   7   0.0000029815
2   11   5   8   -0.0000000972
2   11   5   9   0.0000197482
2   11   5   12   -0.0000060177
2   11   6   11   -0.0005090086
2   12   1   7   0.0000010437
2   12   1   8   -0.0000001551
2   12   1   9   0.0000002316
2   12   1   12   -0.0000006054
2   12   2   7   -0.0012271778
2   12   2   8   0.0200946619
2   12   2   9   -0.0157242106
2   12   2   12   0.1732856652
2   12   3   7   -0.0000012684
2   12   3   8   -0.0000160623
2   12   3   9   -0.0000066184
2   12   3   12   0.0000714749
2   12   4   10   -0.0000034971
2   12   5   11   -0.0000034971
2   12   6   7   0.0000103520
2   12   6   8   0.0005022740
2   12   6   9   0.0001058147
2   12   6   12   -0.0005595894
3   7   1   7   -0.5325231617
3   7   1   8   0.0000029372
3   7   1   9   0.0862155509
3   7   1   12   0.0025641729
3   7   2   7   0.0000988338
3   7   2   8   -0.0000007623
3   7   2   9   -0.0000011065
3   7   2   12   -0.0000012684
3   7   3   7   1.2639722831
3   7   3   8   -0.0000011609
3   7   3   9   -0.0238044039
3   7   3   12   -0.0007790784
3   7   4   10   0.0360920010
3   7   5   11   0.0360920010
3   7   6   7   0.0222601374
3   7   6   8   0.0000002316
3   7   6   9   -0.0006516466
3   7   6   12   0.0324502366
3   8   1   7   0.0000024113
3   8   1   8   0.0000046063
3   8   1   9   -0.0000011065
3   8   1   12   0.0000011536
3   8   2   7   0.0000003933
3   8   2   8   -0.0008671696
3   8   2   9   0.0000036154
3   8   2   12   -0.0000160623
3   8   3   7   -0.0000011609
3   8   3   8   0.1576416617
3   8   3   9   0.0000746615
3   8   3   12   -0.0005263800
3   8   4   10   0.0000181090
3   8   5   11   0.0000181090
3   8   6   7   -0.0000004813
3   8   6   8   -0.0157242106
3   8   6   9   -0.0000111745
3   8   6   12   0.0001059643
3   9   1   7   0.0816463742
3   9   1   8   -0.0000007644
3   9   1   9   -0.0238044039
3   9   1   12   -0.0007042950
3   9   2   7   -0.0000007644
3   9   2   8   -0.0000088986
3   9   2   9   0.0000746615
3   9   2   12   -0.0000066184
3   9   3   7   -0.0238044039
3   9   3   8   0.0000746615
3   9   3   9   0.8717622151
3   9   3   12   0.0111740720
3   9   4   10   0.1530841685
3   9   5   11   0.1530841685
3   9   6   7   -0.0007042950
3   9   6   8   -0.0000066184
3   9   6   9   0.0111740720
3   9   6   12   0.1407586917
3   10   1   10   -0.0155883511
3   10   2   10   0.0000717537
3   10   3   10   0.8169221094
3   10   4   7   0.0367371453
3   10   4   8   0.0000197482
3   10   4   9   0.1577369976
3   10   4   12   0.0021584488
3   10   6   10   0.0097721031
3   11   1   11   -0.0155883511
3   11   2   11   0.0000717537
3   11   3   11   0.8169221094
3   11   5   7   0.0367371453
3   11   5   8   0.0000197482
3   11   5   9   0.1577369976
3   11   5   12   0.0021584488
3   11   6   11   0.0097721031
3   12   1   7   0.0026438841
3   12   1   8   0.0000014558
3   12   1   9   -0.0006516466
3   12   1   12   -0.0143828110
3   12   2   7   -0.0000018951
3   12   2   8   -0.0000082877
3   12   2   9   -0.0000111745
3   12   2   12   0.0000714749
3   12   3   7   -0.0007790784
3   12   3   8   -0.0005263800
3   12   3   9   0.0111740720
3   12   3   12   0.7718208654
3   12   4   10   0.0020346382
3   12   5   11   0.0020346382
3   12   6   7   0.0335034412
3   12   6   8   0.0001058147
3   12   6   9   0.1463153410
3   12   6   12   0.0100002801
4   7   1   10   0.0369593328
4   7   2   10   0.0000029815
4   7   3   10   0.0367371453
4   7   4   7   1.1686162697
4   7   4   8   -0.0000009155
4   7   4   9   -0.0155883511
4   7   4   12   -0.0005888797
4   7   6   10   0.0008673374
4   8   1   10   0.0000029815
4   8   2   10   -0.0000000972
4   8   3   10   0.0000197482
4   8   4   7   -0.0000009155
4   8   4   8   0.1568477659
4   8   4   9   0.0000717537
4   8   4   12   -0.0005090086
4   8   6   10   -0.0000060177
4   9   1   10   0.0367371453
4   9   2   10   0.0000197482
4   9   3   10   0.1577369976
4   9   4   7   -0.0155883511
4   9   4   8   0.0000717537
4   9   4   9   0.8169221094
4   9   4   12   0.0097721031
4   9   6   10   0.0021584488
4   10   1   7   0.0317718582
4   10   1   8   0.0000029580
4   10   1   9   0.0360920010
4   10   1   12   0.0007898948
4   10   2   7   0.0000029580
4   10   2   8   -0.0000097738
4   10   2   9   0.0000181090
4   10   2   12   -0.0000034971
4   10   3   7   0.0360920010
4   10   3   8   0.0000181090
4   10   3   9   0.1530841685
4   10   3   12   0.0020346382
4   10   4   10   0.8136844668
4   10   4   11   0.0000000000
4   10   5   10   0.0000000000
4   10   5   11   0.0316815042
4   10   6   7   0.0007898948
4   10   6   8   -0.0000034971
4   10   6   9   0.0020346382
4   10   6   12   0.0290997769
4   11   4   10   0.0000000000
4   11   4   11   0.7442421200
4   11   5   10   0.0377608426
4   11   5   11   0.0000000000
4   12   1   10   0.0008673374
4   12   2   10   -0.0000060177
4   12   3   10   0.0021584488
4   12   4   7   -0.0005888797
4   12   4   8   -0.0005090086
4   12   4   9   0.0097721031
4   12   4   12   0.7046364714
4   12   5   12   0.0000000000
4   12   6   10   0.0349621438
5   7   1   11   0.0369593328
5   7   2   11   0.0000029815
5   7   3   11   0.0367371453
5   7   5   7   1.1686162697
5   7   5   8   -0.0000009155
5   7   5   9   -0.0155883511
5   7   5   12   -0.0005888797
5   7   6   11   0.0008673374
5   8   1   11   0.0000029815
5   8   2   11   -0.0000000972
5   8   3   11   0.0000197482
5   8   5   7   -0.0000009155
5   8   5   8   0.1568477659
5   8   5   9   0.0000717537
5   8   5   12   -0.0005090086
5   8   6   11   -0.0000060177
5   9   1   11   0.0367371453
5   9   2   11   0.0000197482
5   9   3   11   0.1577369976
5   9   5   7   -0.0155883511
5   9   5   8   0.0000717537
5   9   5   9   0.8169221094
5   9   5   12   0.0097721031
5   9   6   11   0.0021584488
5   10   4   10   0.0000000000
5   10   4   11   0.0377608426
5   10   5   10   0.7442421200
5   10   5   11   0.0000000000
5   11   1   7   0.0317718582
5   11   1   8   0.0000029580
5   11   1   9   0.0360920010
5   11   1   12   0.0007898948
5   11   2   7   0.0000029580
5   11   2   8   -0.0000097738
5   11   2   9   0.0000181090
5   11   2   12   -0.0000034971
5   11   3   7   0.0360920010
5   11   3   8   0.0000181090
5   11   3   9   0.1530841685
5   11   3   12   0.0020346382
5   11   4   10   0.0316815042
5   11   4   11   0.0000000000
5   11   5   10   0.0000000000
5   11   5   11   0.8136844668
5   11   6   7   0.0007898948
5   11   6   8   -0.0000034971
5   11   6   9   0.0020346382
5   11   6   12   0.0290997769
5   12   1   11   0.0008673374
5   12   2   11   -0.0000060177
5   12   3   11   0.0021584488
5   12   4   12   0.0000000000
5   12   5   7   -0.0005888797
5   12   5   8   -0.0005090086
5   12   5   9   0.0097721031
5   12   5   12   0.7046364714
5   12   6   11   0.0349621438
6   7   1   7   -0.0159759178
6   7   1   8   0.0000007632
6   7   1   9   0.0025641729
6   7   1   12   0.0335374769
6   7   2   7   -0.0005475498
6   7   2   8   -0.0000002247
6   7   2   9   0.0000011536
6   7   2   12   0.0000103520
6   7   3   7   0.0222601374
6   7   3   8   -0.0000004813
6   7   3   9   -0.0007042950
6   7   3   12   0.0335034412
6   7   4   10   0.0007898948
6   7   5   11   0.0007898948
6   7   6   7   1.0939859026
6   7   6   8   -0.0000006054
6   7   6   9   -0.0143828110
6   7   6   12   0.0006626324
6   8   1   7   0.0000010437
6   8   1   8   -0.0012271778
6   8   1   9   -0.0000012684
6   8   1   12   0.0000103520
6   8   2   7   -0.0000001551
6   8   2   8   0.0200946619
6   8   2   9   -0.0000160623
6   8   2   12   0.0005022740
6   8   3   7   0.0000002316
6   8   3   8   -0.0157242106
6   8   3   9   -0.0000066184
6   8   3   12   0.0001058147
6   8   4   10   -0.0000034971
6   8   5   11   -0.0000034971
6   8   6   7   -0.0000006054
6   8   6   8   0.1732856652
6   8   6   9   0.0000714749
6   8   6   12   -0.0005595894
6   9   1   7   0.0026438841
6   9   1   8   -0.0000018951
6   9   1   9   -0.0007790784
6   9   1   12   0.0335034412
6   9   2   7   0.0000014558
6   9   2   8   -0.0000082877
6   9   2   9   -0.0005263800
6   9   2   12   0.0001058147
6   9   3   7   -0.0006516466
6   9   3   8   -0.0000111745
6   9   3   9   0.0111740720
6   9   3   12   0.1463153410
6   9   4   10   0.0020346382
6   9   5   11   0.0020346382
6   9   6   7   -0.0143828110
6   9   6   8   0.0000714749
6   9   6   9   0.7718208654
6   9   6   12   0.0100002801
6   10   1   10   -0.0005888797
6   10   2   10   -0.0005090086
6   10   3   10   0.0097721031
6   10   4   7   0.0008673374
6   10   4   8   -0.0000060177
6   10   4   9   0.0021584488
6   10   4   12   0.0349621438
6   10   6   10   0.7046364714
6   10   6   11   0.0000000000
6   11   1   11   -0.0005888797
6   11   2   11   -0.0005090086
6   11   3   11   0.0097721031
6   11   5   7   0.0008673374
6   11   5   8   -0.0000060177
6   11   5   9   0.0021584488
6   11   5   12   0.0349621438
6   11   6   10   0.0000000000
6   11   6   11   0.7046364714
6   12   1   7   0.0282429588
6   12   1   8   0.0000110079
6   12   1   9   0.0324502366
6   12   1   12   0.0006626324
6   12   2   7   0.0000110079
6   12   2   8   0.0001208999
6   12   2   9   0.0001059643
6   12   2   12   -0.0005595894
6   12   3   7   0.0324502366
6   12   3   8   0.0001059643
6   12   3   9   0.1407586917
6   12   3   12   0.0100002801
6   12   4   10   0.0290997769
6   12   5   11   0.0290997769
6   12   6   7   0.0006626324
6   12   6   8   -0.0005595894
6   12   6   9   0.0100002801
6   12   6   12   0.7282605911

End IJKL Block
Begin IJAB Block
1   7   1   4   0.0002199818
1   7   2   5   0.0001238851
1   7   3   6   0.0001238851
1   8   1   4   0.0000008898
1   8   2   5   -0.0000004851
1   8   3   6   -0.0000004851
1   9   1   4   0.0002217926
1   9   2   5   0.0001235509
1   9   3   6   0.0001235509
1   10   1   5   0.0000007183
1   10   1   6   0.0000030175
1   10   2   4   0.0000042312
1   10   3   4   0.0000177754
1   11   1   5   0.0000030175
1   11   1   6   -0.0000007183
1   11   2   4   0.0000177754
1   11   3   4   -0.0000042312
1   12   1   4   -0.0000355185
1   12   2   5   0.0000041504
1   12   3   6   0.0000041504
2   7   1   4   0.0000008898
2   7   2   5   -0.0000004851
2   7   3   6   -0.0000004851
2   8   1   4   0.0116686319
2   8   2   5   0.0016775357
2   8   3   6   0.0016775357
2   9   1   4   -0.0000119144
2   9   2   5   0.0000143968
2   9   3   6   0.0000143968
2   10   1   5   0.0000000352
2   10   1   6   0.0000001478
2   10   2   4   0.0000193674
2   10   3   4   0.0000813638
2   11   1   5   0.0000001478
2   11   1   6   -0.0000000352
2   11   2   4   0.0000813638
2   11   3   4   -0.0000193674
2   12   1   4   0.0004581965
2   12   2   5   -0.0003903078
2   12   3   6   -0.0003903078
3   7   1   4   0.0002217926
3   7   2   5   0.0001235509
3   7   3   6   0.0001235509
3   8   1   4   -0.0000119144
3   8   2   5   0.0000143968
3   8   3   6   0.0000143968
3   9   1   4   0.0011555531
3   9   2   5   0.0005531717
3   9   3   6   0.0005531717
3   10   1   5   0.0000573129
3   10   1   6   0.0002407751
3   10   2   4   0.0000282616
3   10   3   4   0.0001187287
3   11   1   5   0.0002407751
3   11   1   6   -0.0000573129
3   11   2   4   0.0001187287
3   11   3   4   -0.0000282616
3   12   1   4   -0.0006010135
3   12   2   5   -0.0000157510
3   12   3   6   -0.0000157510
4   7   1   5   0.0000042312
4   7   1   6   0.0000177754
4   7   2   4   0.0000007183
4   7   3   4   0.0000030175
4   8   1   5   0.0000193674
4   8   1   6   0.0000813638
4   8   2   4   0.0000000352
4   8   3   4   0.0000001478
4   9   1   5   0.0000282616
4   9   1   6   0.0001187287
4   9   2   4   0.0000573129
4   9   3   4   0.0002407751
4   10   1   4   0.0007105876
4   10   2   5   0.0003275601
4   10   2   6   0.0003497062
4   10   3   5   0.0003497062
4   10   3   6   0.0017134566
4   11   2   5   0.0003497062
4   11   2   6   0.0001948827
4   11   3   5   0.0011910138
4   11   3   6   -0.0003497062
4   12   1   5   -0.0001399689
4   12   1   6   -0.0005880185
4   12   2   4   -0.0004736797
4   12   3   4   -0.0019899595
5   7   1   5   0.0000177754
5   7   1   6   -0.0000042312
5   7   2   4   0.0000030175
5   7   3   4   -0.0000007183
5   8   1   5   0.0000813638
5   8   1   6   -0.0000193674
5   8   2   4   0.0000001478
5   8   3   4   -0.0000000352
5   9   1   5   0.0001187287
5   9   1   6   -0.0000282616
5   9   2   4   0.0002407751
5   9   3   4   -0.0000573129
5   10   2   5   0.0003497062
5   10   2   6   0.0011910138
5   10   3   5   0.0001948827
5   10   3   6   -0.0003497062
5   11   1   4   0.0007105876
5   11   2   5   0.0017134566
5   11   2   6   -0.0003497062
5   11   3   5   -0.0003497062
5   11   3   6   0.0003275601
5   12   1   5   -0.0005880185
5   12   1   6   0.0001399689
5   12   2   4   -0.0019899595
5   12   3   4   0.0004736797
6   7   1   4   -0.0000355185
6   7   2   5   0.0000041504
6   7   3   6   0.0000041504
6   8   1   4   0.0004581965
6   8   2   5   -0.0003903078
6   8   3   6   -0.0003903078
6   9   1   4   -0.0006010135
6   9   2   5   -0.0000157510
6   9   3   6   -0.0000157510
6   10   1   5   -0.0004736797
6   10   1   6   -0.0019899595
6   10   2   4   -0.0001399689
6   10   3   4   -0.0005880185
6   11   1   5   -0.0019899595
6   11   1   6   0.0004736797
6   11   2   4   -0.0005880185
6   11   3   4   0.0001399689
6   12   1   4   0.0053879578
6   12   2   5   0.0005618498
6   12   3   6   0.0005618498

End IJAB Block
Begin ABCD Block
1   4   1   4   0.2323259262
1   4   2   5   0.0335802213
1   4   3   6   0.0335802213
1   5   1   5   0.1774951330
1   5   2   4   0.0335815099
1   6   1   6   0.1774951330
1   6   3   4   0.0335815099
2   4   1   5   0.0335815099
2   4   2   4   0.1774951330
2   5   1   4   0.0335802213
2   5   2   5   0.1646912623
2   5   3   6   0.0088825228
2   6   2   6   0.1469262113
2   6   3   5   0.0088825282
3   4   1   6   0.0335815099
3   4   3   4   0.1774951330
3   5   2   6   0.0088825282
3   5   3   5   0.1469262113
3   6   1   4   0.0335802213
3   6   2   5   0.0088825228
3   6   3   6   0.1646912623

End ABCD Block
Begin AIJB Block
1   7   1   4   0.0002252248
1   7   2   4   0.0000011025
1   7   3   4   0.0002097082
1   7   4   5   0.0000029543
1   7   4   6   0.0000124112
1   7   5   5   0.0000124112
1   7   5   6   -0.0000029543
1   7   6   4   -0.0000064402
1   8   1   4   0.0000011025
1   8   2   4   0.0088798799
1   8   3   4   -0.0000041561
1   8   4   5   0.0000155972
1   8   4   6   0.0000655248
1   8   5   5   0.0000655248
1   8   5   6   -0.0000155972
1   8   6   4   0.0002894697
1   9   1   4   0.0002097082
1   9   2   4   -0.0000041561
1   9   3   4   0.0009191442
1   9   4   5   0.0000105707
1   9   4   6   0.0000444080
1   9   5   5   0.0000444080
1   9   5   6   -0.0000105707
1   9   6   4   -0.0001348628
1   10   1   5   -0.0000010297
1   10   1   6   -0.0000043259
1   10   2   5   0.0000000440
1   10   2   6   0.0000001848
1   10   3   5   0.0000230030
1   10   3   6   0.0000966370
1   10   4   4   0.0002534772
1   10   6   5   -0.0004300014
1   10   6   6   -0.0018064643
1   11   1   5   -0.0000043259
1   11   1   6   0.0000010297
1   11   2   5   0.0000001848
1   11   2   6   -0.0000000440
1   11   3   5   0.0000966370
1   11   3   6   -0.0000230030
1   11   5   4   0.0002534772
1   11   6   5   -0.0018064643
1   11   6   6   0.0004300014
1   12   1   4   -0.0000064402
1   12   2   4   0.0002894697
1   12   3   4   -0.0001348628
1   12   4   5   -0.0000662461
1   12   4   6   -0.0002783042
1   12   5   5   -0.0002783042
1   12   5   6   0.0000662461
1   12   6   4   0.0033421635
2   7   1   5   0.0001250168
2   7   2   5   -0.0000007277
2   7   3   5   0.0001144476
2   7   4   4   -0.0000010297
2   7   5   4   -0.0000043259
2   7   6   5   0.0000081797
2   8   1   5   -0.0000007277
2   8   2   5   0.0015019946
2   8   3   5   0.0000082867
2   8   4   4   0.0000000440
2   8   5   4   0.0000001848
2   8   6   5   -0.0003229941
2   9   1   5   0.0001144476
2   9   2   5   0.0000082867
2   9   3   5   0.0004568824
2   9   4   4   0.0000230030
2   9   5   4   0.0000966370
2   9   6   5   0.0000189687
2   10   1   4   0.0000029543
2   10   2   4   0.0000155972
2   10   3   4   0.0000105707
2   10   4   5   0.0002202019
2   10   4   6   0.0003201306
2   10   5   5   0.0003201306
2   10   5   6   0.0011973929
2   10   6   4   -0.0000662461
2   11   1   4   0.0000124112
2   11   2   4   0.0000655248
2   11   3   4   0.0000444080
2   11   4   5   0.0003201306
2   11   4   6   0.0000712946
2   11   5   5   0.0014888894
2   11   5   6   -0.0003201306
2   11   6   4   -0.0002783042
2   12   1   5   0.0000081797
2   12   2   5   -0.0003229941
2   12   3   5   0.0000189687
2   12   4   4   -0.0004300014
2   12   5   4   -0.0018064643
2   12   6   5   0.0006027205
3   7   1   6   0.0001250168
3   7   2   6   -0.0000007277
3   7   3   6   0.0001144476
3   7   4   4   -0.0000043259
3   7   5   4   0.0000010297
3   7   6   6   0.0000081797
3   8   1   6   -0.0000007277
3   8   2   6   0.0015019946
3   8   3   6   0.0000082867
3   8   4   4   0.0000001848
3   8   5   4   -0.0000000440
3   8   6   6   -0.0003229941
3   9   1   6   0.0001144476
3   9   2   6   0.0000082867
3   9   3   6   0.0004568824
3   9   4   4   0.0000966370
3   9   5   4   -0.0000230030
3   9   6   6   0.0000189687
3   10   1   4   0.0000124112
3   10   2   4   0.0000655248
3   10   3   4   0.0000444080
3   10   4   5   0.0003201306
3   10   4   6   0.0014888894
3   10   5   5   0.0000712946
3   10   5   6   -0.0003201306
3   10   6   4   -0.0002783042
3   11   1   4   -0.0000029543
3   11   2   4   -0.0000155972
3   11   3   4   -0.0000105707
3   11   4   5   0.0011973929
3   11   4   6   -0.0003201306
3   11   5   5   -0.0003201306
3   11   5   6   0.0002202019
3   11   6   4   0.0000662461
3   12   1   6   0.0000081797
3   12   2   6   -0.0003229941
3   12   3   6   0.0000189687
3   12   4   4   -0.0018064643
3   12   5   4   0.0004300014
3   12   6   6   0.0006027205

1   7   7   1   -0.1209254373
1   7   8   1   0.0000003974
1   7   9   1   0.0001074823
1   7   10   2   -0.0000513625
1   7   10   3   -0.0002157773
1   7   11   2   -0.0002157773
1   7   11   3   0.0000513625
1   7   12   1   0.0006509203
1   8   7   1   0.0000003974
1   8   8   1   -0.2827937185
1   8   9   1   0.0000497688
1   8   10   2   -0.0000170322
1   8   10   3   -0.0000715536
1   8   11   2   -0.0000715536
1   8   11   3   0.0000170322
1   8   12   1   -0.0009524934
1   9   7   1   0.0001074823
1   9   8   1   0.0000497688
1   9   9   1   -0.1185299170
1   9   10   2   -0.0005895330
1   9   10   3   -0.0024766668
1   9   11   2   -0.0024766668
1   9   11   3   0.0005895330
1   9   12   1   0.0077334349
1   10   7   2   -0.0000519096
1   10   7   3   -0.0002180756
1   10   8   2   -0.0000172127
1   10   8   3   -0.0000723117
1   10   9   2   -0.0005895566
1   10   9   3   -0.0024767661
1   10   10   1   -0.1179201419
1   10   12   2   0.0002525251
1   10   12   3   0.0010608744
1   11   7   2   -0.0002180756
1   11   7   3   0.0000519096
1   11   8   2   -0.0000723117
1   11   8   3   0.0000172127
1   11   9   2   -0.0024767661
1   11   9   3   0.0005895566
1   11   11   1   -0.1179201419
1   11   12   2   0.0010608744
1   11   12   3   -0.0002525251
1   12   7   1   0.0006509203
1   12   8   1   -0.0009524934
1   12   9   1   0.0077334349
1   12   10   2   0.0002595162
1   12   10   3   0.0010902444
1   12   11   2   0.0010902444
1   12   11   3   -0.0002595162
1   12   12   1   -0.1238395765
2   7   7   2   -0.1205418348
2   7   8   2   0.0000000772
2   7   9   2   0.0000503501
2   7   10   1   -0.0000519096
2   7   11   1   -0.0002180756
2   7   12   2   0.0005311878
2   8   7   2   0.0000000772
2   8   8   2   -0.2111795465
2   8   9   2   0.0000177485
2   8   10   1   -0.0000172127
2   8   11   1   -0.0000723117
2   8   12   2   -0.0002299334
2   9   7   2   0.0000503501
2   9   8   2   0.0000177485
2   9   9   2   -0.1194277713
2   9   10   1   -0.0005895566
2   9   11   1   -0.0024767661
2   9   12   2   0.0066532338
2   10   7   1   -0.0000513625
2   10   8   1   -0.0000170322
2   10   9   1   -0.0005895330
2   10   10   2   -0.1189898395
2   10   10   3   -0.0001827051
2   10   11   2   -0.0001827051
2   10   11   3   -0.0003547733
2   10   12   1   0.0002595162
2   11   7   1   -0.0002157773
2   11   8   1   -0.0000715536
2   11   9   1   -0.0024766668
2   11   10   2   -0.0001827051
2   11   10   3   -0.0003692927
2   11   11   2   -0.1197139055
2   11   11   3   0.0001827051
2   11   12   1   0.0010902444
2   12   7   2   0.0005311878
2   12   8   2   -0.0002299334
2   12   9   2   0.0066532338
2   12   10   1   0.0002525251
2   12   11   1   0.0010608744
2   12   12   2   -0.1235157221
3   7   7   3   -0.1205418348
3   7   8   3   0.0000000772
3   7   9   3   0.0000503501
3   7   10   1   -0.0002180756
3   7   11   1   0.0000519096
3   7   12   3   0.0005311878
3   8   7   3   0.0000000772
3   8   8   3   -0.2111795465
3   8   9   3   0.0000177485
3   8   10   1   -0.0000723117
3   8   11   1   0.0000172127
3   8   12   3   -0.0002299334
3   9   7   3   0.0000503501
3   9   8   3   0.0000177485
3   9   9   3   -0.1194277713
3   9   10   1   -0.0024767661
3   9   11   1   0.0005895566
3   9   12   3   0.0066532338
3   10   7   1   -0.0002157773
3   10   8   1   -0.0000715536
3   10   9   1   -0.0024766668
3   10   10   2   -0.0001827051
3   10   10   3   -0.1197139055
3   10   11   2   -0.0003692927
3   10   11   3   0.0001827051
3   10   12   1   0.0010902444
3   11   7   1   0.0000513625
3   11   8   1   0.0000170322
3   11   9   1   0.0005895330
3   11   10   2   -0.0003547733
3   11   10   3   0.0001827051
3   11   11   2   0.0001827051
3   11   11   3   -0.1189898395
3   11   12   1   -0.0002595162
3   12   7   3   0.0005311878
3   12   8   3   -0.0002299334
3   12   9   3   0.0066532338
3   12   10   1   0.0010608744
3   12   11   1   -0.0002525251
3   12   12   3   -0.1235157221

End AIJB Block
Begin IJKA Block
1   7   1   4   0.0041611214
1   7   2   4   -0.0000005088
1   7   3   4   -0.0007072368
1   7   4   5   -0.0004754405
1   7   4   6   -0.0019973569
1   7   5   5   -0.0019973569
1   7   5   6   0.0004754405
1   7   6   4   0.0025989817
1   8   1   4   -0.0010839739
1   8   2   4   0.0000000536
1   8   3   4   0.0000031740
1   8   4   5   0.0000033812
1   8   4   6   0.0000142046
1   8   5   5   0.0000142046
1   8   5   6   -0.0000033812
1   8   6   4   0.0000160937
1   9   1   4   -0.0053724277
1   9   2   4   -0.0000003825
1   9   3   4   0.0000849347
1   9   4   5   -0.0004522607
1   9   4   6   -0.0018999768
1   9   5   5   -0.0018999768
1   9   5   6   0.0004522607
1   9   6   4   0.0025489095
1   10   1   5   -0.0071536629
1   10   1   6   -0.0300530081
1   10   2   5   0.0000000626
1   10   2   6   0.0000002628
1   10   3   5   -0.0000480806
1   10   3   6   -0.0002019897
1   10   4   4   -0.0002323300
1   10   6   5   -0.0000184632
1   10   6   6   -0.0000775650
1   11   1   5   -0.0300530080
1   11   1   6   0.0071536629
1   11   2   5   0.0000002628
1   11   2   6   -0.0000000626
1   11   3   5   -0.0002019897
1   11   3   6   0.0000480806
1   11   5   4   -0.0002323300
1   11   6   5   -0.0000775650
1   11   6   6   0.0000184632
1   12   1   4   0.0300765406
1   12   2   4   -0.0000006816
1   12   3   4   0.0008680153
1   12   4   5   -0.0000302903
1   12   4   6   -0.0001272517
1   12   5   5   -0.0001272517
1   12   5   6   0.0000302903
1   12   6   4   0.0000017153
2   7   1   4   0.0000022140
2   7   2   4   -0.0000867770
2   7   3   4   0.0000018392
2   7   4   5   -0.0000000396
2   7   4   6   -0.0000001662
2   7   5   5   -0.0000001662
2   7   5   6   0.0000000396
2   7   6   4   0.0000007040
2   8   1   4   -0.0000000773
2   8   2   4   -0.0966718972
2   8   3   4   0.0000692034
2   8   4   5   0.0000077282
2   8   4   6   0.0000324667
2   8   5   5   0.0000324667
2   8   5   6   -0.0000077282
2   8   6   4   -0.0015954981
2   9   1   4   0.0000021549
2   9   2   4   -0.0001551969
2   9   3   4   0.0000074101
2   9   4   5   -0.0000000892
2   9   4   6   -0.0000003747
2   9   5   5   -0.0000003747
2   9   5   6   0.0000000892
2   9   6   4   0.0000028048
2   10   1   5   -0.0000000289
2   10   1   6   -0.0000001212
2   10   2   5   0.0003121991
2   10   2   6   0.0013115688
2   10   3   5   -0.0000005541
2   10   3   6   -0.0000023279
2   10   4   4   0.0000057579
2   10   6   5   0.0000007441
2   10   6   6   0.0000031259
2   11   1   5   -0.0000001212
2   11   1   6   0.0000000289
2   11   2   5   0.0013115688
2   11   2   6   -0.0003121991
2   11   3   5   -0.0000023279
2   11   3   6   0.0000005541
2   11   5   4   0.0000057579
2   11   6   5   0.0000031259
2   11   6   6   -0.0000007441
2   12   1   4   0.0000001553
2   12   2   4   -0.0121017147
2   12   3   4   0.0000036438
2   12   4   5   -0.0000033846
2   12   4   6   -0.0000142189
2   12   5   5   -0.0000142189
2   12   5   6   0.0000033846
2   12   6   4   -0.0000008672
3   7   1   4   -0.0007894438
3   7   2   4   -0.0000004820
3   7   3   4   0.0000979768
3   7   4   5   -0.0005106089
3   7   4   6   -0.0021451017
3   7   5   5   -0.0021451017
3   7   5   6   0.0005106089
3   7   6   4   0.0028785618
3   8   1   4   0.0000033770
3   8   2   4   0.0000726719
3   8   3   4   -0.0010587115
3   8   4   5   0.0000376677
3   8   4   6   0.0001582447
3   8   5   5   0.0001582447
3   8   5   6   -0.0000376677
3   8   6   4   0.0001925002
3   9   1   4   0.0000008541
3   9   2   4   0.0000033796
3   9   3   4   -0.0036640482
3   9   4   5   -0.0019421175
3   9   4   6   -0.0081589633
3   9   5   5   -0.0081589633
3   9   5   6   0.0019421175
3   9   6   4   0.0116701154
3   10   1   5   -0.0001177123
3   10   1   6   -0.0004945170
3   10   2   5   0.0000004379
3   10   2   6   0.0000018397
3   10   3   5   -0.0057482813
3   10   3   6   -0.0241489075
3   10   4   4   -0.0007768233
3   10   6   5   -0.0001881168
3   10   6   6   -0.0007902912
3   11   1   5   -0.0004945170
3   11   1   6   0.0001177123
3   11   2   5   0.0000018397
3   11   2   6   -0.0000004379
3   11   3   5   -0.0241489075
3   11   3   6   0.0057482813
3   11   5   4   -0.0007768233
3   11   6   5   -0.0007902912
3   11   6   6   0.0001881168
3   12   1   4   0.0014004189
3   12   2   4   -0.0000086702
3   12   3   4   0.0291489653
3   12   4   5   -0.0002189268
3   12   4   6   -0.0009197261
3   12   5   5   -0.0009197261
3   12   5   6   0.0002189268
3   12   6   4   0.0005933362
4   7   1   5   -0.0005709299
4   7   1   6   -0.0023985139
4   7   2   5   -0.0000000384
4   7   2   6   -0.0000001615
4   7   3   5   -0.0005316139
4   7   3   6   -0.0022333451
4   7   4   4   0.0000775049
4   7   6   5   -0.0000105918
4   7   6   6   -0.0000444967
4   8   1   5   0.0000029926
4   8   1   6   0.0000125721
4   8   2   5   0.0000058585
4   8   2   6   0.0000246117
4   8   3   5   0.0000358006
4   8   3   6   0.0001504008
4   8   4   4   -0.0010402905
4   8   6   5   -0.0000193152
4   8   6   6   -0.0000811445
4   9   1   5   -0.0004807135
4   9   1   6   -0.0020195089
4   9   2   5   0.0000000976
4   9   2   6   0.0000004100
4   9   3   5   -0.0019287974
4   9   3   6   -0.0081030044
4   9   4   4   -0.0031140736
4   9   6   5   -0.0000309511
4   9   6   6   -0.0001300275
4   10   1   4   -0.0001973868
4   10   2   4   0.0000116984
4   10   3   4   -0.0007782587
4   10   4   5   -0.0062490998
4   10   4   6   -0.0262528786
4   10   5   5   -0.0024441908
4   10   5   6   0.0005818026
4   10   6   4   0.0040708840
4   11   4   5   -0.0213117111
4   11   4   6   0.0050729297
4   11   5   5   -0.0005943675
4   11   5   6   -0.0024969767
4   12   1   5   -0.0000303701
4   12   1   6   -0.0001275868
4   12   2   5   -0.0000025297
4   12   2   6   -0.0000106275
4   12   3   5   -0.0001738345
4   12   3   6   -0.0007302901
4   12   4   4   0.0254832787
4   12   6   5   -0.0006260425
4   12   6   6   -0.0026300455
5   7   1   5   -0.0023985139
5   7   1   6   0.0005709299
5   7   2   5   -0.0000001615
5   7   2   6   0.0000000384
5   7   3   5   -0.0022333451
5   7   3   6   0.0005316139
5   7   5   4   0.0000775049
5   7   6   5   -0.0000444967
5   7   6   6   0.0000105918
5   8   1   5   0.0000125721
5   8   1   6   -0.0000029926
5   8   2   5   0.0000246117
5   8   2   6   -0.0000058585
5   8   3   5   0.0001504008
5   8   3   6   -0.0000358006
5   8   5   4   -0.0010402905
5   8   6   5   -0.0000811445
5   8   6   6   0.0000193152
5   9   1   5   -0.0020195089
5   9   1   6   0.0004807135
5   9   2   5   0.0000004100
5   9   2   6   -0.0000000976
5   9   3   5   -0.0081030044
5   9   3   6   0.0019287974
5   9   5   4   -0.0031140736
5   9   6   5   -0.0001300275
5   9   6   6   0.0000309511
5   10   4   5   -0.0024969767
5   10   4   6   0.0005943675
5   10   5   5   -0.0050729297
5   10   5   6   -0.0213117111
5   11   1   4   -0.0001973868
5   11   2   4   0.0000116984
5   11   3   4   -0.0007782587
5   11   4   5   -0.0005818026
5   11   4   6   -0.0024441908
5   11   5   5   -0.0262528786
5   11   5   6   0.0062490998
5   11   6   4   0.0040708840
5   12   1   5   -0.0001275868
5   12   1   6   0.0000303701
5   12   2   5   -0.0000106275
5   12   2   6   0.0000025297
5   12   3   5   -0.0007302901
5   12   3   6   0.0001738345
5   12   5   4   0.0254832787
5   12   6   5   -0.0026300455
5   12   6   6   0.0006260425
6   7   1   4   0.0033854361
6   7   2   4   0.0000000808
6   7   3   4   0.0031531673
6   7   4   5   -0.0000083499
6   7   4   6   -0.0000350783
6   7   5   5   -0.0000350783
6   7   5   6   0.0000083499
6   7   6   4   0.0001586036
6   8   1   4   0.0000141778
6   8   2   4   -0.0018233859
6   8   3   4   0.0001795564
6   8   4   5   -0.0000205534
6   8   4   6   -0.0000863461
6   8   5   5   -0.0000863461
6   8   5   6   0.0000205534
6   8   6   4   -0.0013172957
6   9   1   4   0.0029204797
6   9   2   4   -0.0000052817
6   9   3   4   0.0118337184
6   9   4   5   -0.0000413251
6   9   4   6   -0.0001736094
6   9   5   5   -0.0001736094
6   9   5   6   0.0000413251
6   9   6   4   -0.0028208002
6   10   1   5   -0.0000201638
6   10   1   6   -0.0000847095
6   10   2   5   -0.0000041495
6   10   2   6   -0.0000174324
6   10   3   5   -0.0001134331
6   10   3   6   -0.0004765401
6   10   4   4   0.0039093687
6   10   6   5   -0.0050183338
6   10   6   6   -0.0210823502
6   11   1   5   -0.0000847095
6   11   1   6   0.0000201638
6   11   2   5   -0.0000174324
6   11   2   6   0.0000041495
6   11   3   5   -0.0004765401
6   11   3   6   0.0001134331
6   11   5   4   0.0039093687
6   11   6   5   -0.0210823502
6   11   6   6   0.0050183338
6   12   1   4   0.0000695638
6   12   2   4   0.0000985023
6   12   3   4   -0.0002000943
6   12   4   5   -0.0005706768
6   12   4   6   -0.0023974507
6   12   5   5   -0.0023974507
6   12   5   6   0.0005706768
6   12   6   4   0.0352504709

End IJKA Block
Begin IABC Block
1   4   1   4   -0.0000446060
1   4   2   5   -0.0000111931
1   4   3   6   -0.0000111931
1   5   1   5   -0.0000364494
1   5   2   4   -0.0000113017
1   6   1   6   -0.0000364494
1   6   3   4   -0.0000113017
2   4   1   4   0.0000467786
2   4   2   5   0.0024923648
2   4   3   6   0.0024923648
2   5   1   5   -0.0000611372
2   5   2   4   0.0025092226
2   6   1   6   -0.0000611372
2   6   3   4   0.0025092226
3   4   1   4   -0.0002201120
3   4   2   5   0.0000310296
3   4   3   6   0.0000310296
3   5   1   5   -0.0001864612
3   5   2   4   0.0000314700
3   6   1   6   -0.0001864612
3   6   3   4   0.0000314700
4   4   1   5   0.0001137129
4   4   1   6   0.0004777152
4   4   2   4   0.0001549642
4   4   3   4   0.0006510150
4   5   1   4   0.0001129736
4   5   2   5   0.0002479122
4   5   2   6   0.0002588739
4   5   3   5   0.0005254366
4   5   3   6   0.0000612189
4   6   1   4   0.0004746096
4   6   2   5   0.0002571847
4   6   2   6   0.0001250722
4   6   3   5   0.0000616210
4   6   3   6   0.0010414952
5   4   1   5   0.0004777152
5   4   1   6   -0.0001137129
5   4   2   4   0.0006510150
5   4   3   4   -0.0001549642
5   5   1   4   0.0004746096
5   5   2   5   0.0010414952
5   5   2   6   -0.0000616210
5   5   3   5   -0.0001250722
5   5   3   6   0.0002571847
5   6   1   4   -0.0001129736
5   6   2   5   -0.0000612189
5   6   2   6   0.0005254366
5   6   3   5   0.0002588739
5   6   3   6   -0.0002479122
6   4   1   4   -0.0037973948
6   4   2   5   -0.0022941291
6   4   3   6   -0.0022941291
6   5   1   5   -0.0032490507
6   5   2   4   -0.0023187275
6   6   1   6   -0.0032490507
6   6   3   4   -0.0023187275

End IABC Block
