Begin IJ Block
1   1   -5.5203064940
1   2   0.0001167849
1   5   -0.0119615861
2   2   -6.8293631004
2   5   -0.0193428232
3   3   -5.8558241577
3   4   0.0000000000
4   4   -5.8558241576
5   5   -5.6569738373

End IJ Block
Begin IA Block
1   1   0.1036019446
1   4   0.0713730099
2   1   0.0209502558
2   4   0.1109590366
3   2   -0.0089068820
3   3   0.1428829731
4   2   0.1428829731
4   3   0.0089068820
5   1   -0.1641622447
5   4   -0.1657964749

End IA Block
Begin AB Block
1   1   -1.5566836175
1   4   -0.3500341922
2   2   -1.3708956716
3   3   -1.3708956716
4   4   -1.5367045062

End AB Block
Begin IJKL Block
1   6   1   6   1.6356725238
1   6   1   7   -0.0005227349
1   6   1   10   0.0151340888
1   6   2   6   -0.0005227349
1   6   2   7   0.0000050664
1   6   2   10   -0.0000246603
1   6   3   8   0.0000076143
1   6   4   9   0.0000076143
1   6   5   6   0.0151340888
1   6   5   7   -0.0000246603
1   6   5   10   0.0001623672
1   7   1   6   -0.0005227349
1   7   1   7   0.1540498251
1   7   1   10   -0.0149503794
1   7   2   6   0.0000031887
1   7   2   7   0.0000783979
1   7   2   10   -0.0000262306
1   7   3   8   0.0000179938
1   7   4   9   0.0000179938
1   7   5   6   -0.0000063043
1   7   5   7   -0.0004818219
1   7   5   10   0.0000865956
1   8   1   8   0.1532815479
1   8   2   8   0.0000739663
1   8   3   6   -0.0000003029
1   8   3   7   0.0000194814
1   8   3   10   -0.0000092706
1   8   5   8   -0.0004613258
1   9   1   9   0.1532815479
1   9   2   9   0.0000739663
1   9   4   6   -0.0000003029
1   9   4   7   0.0000194814
1   9   4   10   -0.0000092706
1   9   5   9   -0.0004613258
1   10   1   6   0.0151340888
1   10   1   7   -0.0149503794
1   10   1   10   0.1664578842
1   10   2   6   -0.0000063043
1   10   2   7   -0.0000213153
1   10   2   10   0.0000723801
1   10   3   8   -0.0000067338
1   10   4   9   -0.0000067338
1   10   5   6   0.0003021882
1   10   5   7   0.0000868928
1   10   5   10   -0.0005078654
2   6   1   6   -0.0005227349
2   6   1   7   0.0000031887
2   6   1   10   -0.0000063043
2   6   2   6   0.1540498251
2   6   2   7   0.0000783979
2   6   2   10   -0.0004818219
2   6   3   8   0.0000179938
2   6   4   9   0.0000179938
2   6   5   6   -0.0149503794
2   6   5   7   -0.0000262306
2   6   5   10   0.0000865956
2   7   1   6   0.0000050664
2   7   1   7   0.0000783979
2   7   1   10   -0.0000213153
2   7   2   6   0.0000783979
2   7   2   7   0.8718531549
2   7   2   10   0.0094661534
2   7   3   8   0.1531790553
2   7   4   9   0.1531790553
2   7   5   6   -0.0000213153
2   7   5   7   0.0094661534
2   7   5   10   0.1429363432
2   8   1   8   0.0000739663
2   8   2   8   0.8171567609
2   8   3   6   0.0000194814
2   8   3   7   0.1578566175
2   8   3   10   0.0018895638
2   8   5   8   0.0083663212
2   9   1   9   0.0000739663
2   9   2   9   0.8171567609
2   9   4   6   0.0000194814
2   9   4   7   0.1578566175
2   9   4   10   0.0018895638
2   9   5   9   0.0083663212
2   10   1   6   -0.0000246603
2   10   1   7   -0.0000262306
2   10   1   10   0.0000723801
2   10   2   6   -0.0004818219
2   10   2   7   0.0094661534
2   10   2   10   0.7783466196
2   10   3   8   0.0017713847
2   10   4   9   0.0017713847
2   10   5   6   0.0000868928
2   10   5   7   0.1483234949
2   10   5   10   0.0083658940
3   6   1   8   -0.0000003029
3   6   2   8   0.0000194814
3   6   3   6   0.1532815479
3   6   3   7   0.0000739663
3   6   3   10   -0.0004613258
3   6   5   8   -0.0000092706
3   7   1   8   0.0000194814
3   7   2   8   0.1578566175
3   7   3   6   0.0000739663
3   7   3   7   0.8171567609
3   7   3   10   0.0083663212
3   7   5   8   0.0018895638
3   8   1   6   0.0000076143
3   8   1   7   0.0000179938
3   8   1   10   -0.0000067338
3   8   2   6   0.0000179938
3   8   2   7   0.1531790553
3   8   2   10   0.0017713847
3   8   3   8   0.8140033995
3   8   3   9   -0.0000000000
3   8   4   8   -0.0000000000
3   8   4   9   0.0317110830
3   8   5   6   -0.0000067338
3   8   5   7   0.0017713847
3   8   5   10   0.0296789486
3   9   3   8   -0.0000000000
3   9   3   9   0.7444934721
3   9   4   8   0.0377988443
3   9   4   9   -0.0000000000
3   10   1   8   -0.0000092706
3   10   2   8   0.0018895638
3   10   3   6   -0.0004613258
3   10   3   7   0.0083663212
3   10   3   10   0.7105251166
3   10   4   10   -0.0000000000
3   10   5   8   0.0355378812
4   6   1   9   -0.0000003029
4   6   2   9   0.0000194814
4   6   4   6   0.1532815479
4   6   4   7   0.0000739663
4   6   4   10   -0.0004613258
4   6   5   9   -0.0000092706
4   7   1   9   0.0000194814
4   7   2   9   0.1578566175
4   7   4   6   0.0000739663
4   7   4   7   0.8171567609
4   7   4   10   0.0083663212
4   7   5   9   0.0018895638
4   8   3   8   -0.0000000000
4   8   3   9   0.0377988443
4   8   4   8   0.7444934721
4   8   4   9   -0.0000000000
4   9   1   6   0.0000076143
4   9   1   7   0.0000179938
4   9   1   10   -0.0000067338
4   9   2   6   0.0000179938
4   9   2   7   0.1531790553
4   9   2   10   0.0017713847
4   9   3   8   0.0317110830
4   9   3   9   -0.0000000000
4   9   4   8   -0.0000000000
4   9   4   9   0.8140033994
4   9   5   6   -0.0000067338
4   9   5   7   0.0017713847
4   9   5   10   0.0296789486
4   10   1   9   -0.0000092706
4   10   2   9   0.0018895638
4   10   3   10   -0.0000000000
4   10   4   6   -0.0004613258
4   10   4   7   0.0083663212
4   10   4   10   0.7105251166
4   10   5   9   0.0355378812
5   6   1   6   0.0151340888
5   6   1   7   -0.0000063043
5   6   1   10   0.0003021882
5   6   2   6   -0.0149503794
5   6   2   7   -0.0000213153
5   6   2   10   0.0000868928
5   6   3   8   -0.0000067338
5   6   4   9   -0.0000067338
5   6   5   6   0.1664578842
5   6   5   7   0.0000723801
5   6   5   10   -0.0005078654
5   7   1   6   -0.0000246603
5   7   1   7   -0.0004818219
5   7   1   10   0.0000868928
5   7   2   6   -0.0000262306
5   7   2   7   0.0094661534
5   7   2   10   0.1483234949
5   7   3   8   0.0017713847
5   7   4   9   0.0017713847
5   7   5   6   0.0000723801
5   7   5   7   0.7783466196
5   7   5   10   0.0083658940
5   8   1   8   -0.0004613258
5   8   2   8   0.0083663212
5   8   3   6   -0.0000092706
5   8   3   7   0.0018895638
5   8   3   10   0.0355378812
5   8   5   8   0.7105251166
5   8   5   9   -0.0000000000
5   9   1   9   -0.0004613258
5   9   2   9   0.0083663212
5   9   4   6   -0.0000092706
5   9   4   7   0.0018895638
5   9   4   10   0.0355378812
5   9   5   8   -0.0000000000
5   9   5   9   0.7105251166
5   10   1   6   0.0001623672
5   10   1   7   0.0000865956
5   10   1   10   -0.0005078654
5   10   2   6   0.0000865956
5   10   2   7   0.1429363432
5   10   2   10   0.0083658940
5   10   3   8   0.0296789486
5   10   4   9   0.0296789486
5   10   5   6   -0.0005078654
5   10   5   7   0.0083658940
5   10   5   10   0.7418417246

End IJKL Block
Begin IJAB Block
1   6   1   5   0.0116292011
1   6   1   8   0.0087915145
1   6   2   6   0.0017838322
1   6   3   7   0.0017838322
1   6   4   5   0.0087915145
1   6   4   8   0.0083417347
1   7   1   5   -0.0000049012
1   7   1   8   -0.0000086164
1   7   2   6   0.0000093364
1   7   3   7   0.0000093364
1   7   4   5   -0.0000119460
1   7   4   8   -0.0000039817
1   8   1   6   0.0000004006
1   8   1   7   -0.0000064261
1   8   2   5   -0.0000045741
1   8   2   8   -0.0000089903
1   8   3   5   0.0000733764
1   8   3   8   0.0001442218
1   8   4   6   0.0000012455
1   8   4   7   -0.0000199807
1   9   1   6   -0.0000064261
1   9   1   7   -0.0000004006
1   9   2   5   0.0000733764
1   9   2   8   0.0001442218
1   9   3   5   0.0000045741
1   9   3   8   0.0000089903
1   9   4   6   -0.0000199807
1   9   4   7   -0.0000012455
1   10   1   5   0.0003537467
1   10   1   8   0.0006358285
1   10   2   6   -0.0003114828
1   10   3   7   -0.0003114828
1   10   4   5   0.0002289842
1   10   4   8   0.0000305545
2   6   1   5   -0.0000049012
2   6   1   8   -0.0000119460
2   6   2   6   0.0000093364
2   6   3   7   0.0000093364
2   6   4   5   -0.0000086164
2   6   4   8   -0.0000039817
2   7   1   5   0.0011065919
2   7   1   8   0.0015293512
2   7   2   6   0.0005357385
2   7   3   7   0.0005357385
2   7   4   5   0.0015293512
2   7   4   8   0.0028255640
2   8   1   6   -0.0000112028
2   8   1   7   0.0001797132
2   8   2   5   -0.0000059436
2   8   2   8   -0.0000331848
2   8   3   5   0.0000953465
2   8   3   8   0.0005323464
2   8   4   6   -0.0000743883
2   8   4   7   0.0011933273
2   9   1   6   0.0001797132
2   9   1   7   0.0000112028
2   9   2   5   0.0000953465
2   9   2   8   0.0005323464
2   9   3   5   0.0000059436
2   9   3   8   0.0000331848
2   9   4   6   0.0011933273
2   9   4   7   0.0000743883
2   10   1   5   -0.0004254539
2   10   1   8   -0.0011977563
2   10   2   6   -0.0000355391
2   10   3   7   -0.0000355391
2   10   4   5   -0.0019487327
2   10   4   8   -0.0032942242
3   6   1   6   -0.0000045741
3   6   1   7   0.0000733764
3   6   2   5   0.0000004006
3   6   2   8   0.0000012455
3   6   3   5   -0.0000064261
3   6   3   8   -0.0000199807
3   6   4   6   -0.0000089903
3   6   4   7   0.0001442218
3   7   1   6   -0.0000059436
3   7   1   7   0.0000953465
3   7   2   5   -0.0000112028
3   7   2   8   -0.0000743883
3   7   3   5   0.0001797132
3   7   3   8   0.0011933273
3   7   4   6   -0.0000331848
3   7   4   7   0.0005323464
3   8   1   5   0.0006581238
3   8   1   8   0.0008071078
3   8   2   6   0.0002639645
3   8   2   7   -0.0000937239
3   8   3   6   -0.0000937239
3   8   3   7   0.0017616280
3   8   4   5   0.0008071078
3   8   4   8   0.0016588998
3   9   2   6   -0.0000937239
3   9   2   7   0.0002519033
3   9   3   6   0.0012457602
3   9   3   7   0.0000937239
3   10   1   6   0.0000335159
3   10   1   7   -0.0005376572
3   10   2   5   0.0001161305
3   10   2   8   0.0001522184
3   10   3   5   -0.0018629500
3   10   3   8   -0.0024418667
3   10   4   6   0.0000424546
3   10   4   7   -0.0006810504
4   6   1   6   0.0000733764
4   6   1   7   0.0000045741
4   6   2   5   -0.0000064261
4   6   2   8   -0.0000199807
4   6   3   5   -0.0000004006
4   6   3   8   -0.0000012455
4   6   4   6   0.0001442218
4   6   4   7   0.0000089903
4   7   1   6   0.0000953465
4   7   1   7   0.0000059436
4   7   2   5   0.0001797132
4   7   2   8   0.0011933273
4   7   3   5   0.0000112028
4   7   3   8   0.0000743883
4   7   4   6   0.0005323464
4   7   4   7   0.0000331848
4   8   2   6   -0.0000937239
4   8   2   7   0.0012457602
4   8   3   6   0.0002519033
4   8   3   7   0.0000937239
4   9   1   5   0.0006581238
4   9   1   8   0.0008071078
4   9   2   6   0.0017616280
4   9   2   7   0.0000937239
4   9   3   6   0.0000937239
4   9   3   7   0.0002639645
4   9   4   5   0.0008071078
4   9   4   8   0.0016588998
4   10   1   6   -0.0005376572
4   10   1   7   -0.0000335159
4   10   2   5   -0.0018629500
4   10   2   8   -0.0024418667
4   10   3   5   -0.0001161305
4   10   3   8   -0.0001522184
4   10   4   6   -0.0006810504
4   10   4   7   -0.0000424546
5   6   1   5   0.0003537467
5   6   1   8   0.0002289842
5   6   2   6   -0.0003114828
5   6   3   7   -0.0003114828
5   6   4   5   0.0006358285
5   6   4   8   0.0000305545
5   7   1   5   -0.0004254539
5   7   1   8   -0.0019487327
5   7   2   6   -0.0000355391
5   7   3   7   -0.0000355391
5   7   4   5   -0.0011977563
5   7   4   8   -0.0032942242
5   8   1   6   0.0001161305
5   8   1   7   -0.0018629500
5   8   2   5   0.0000335159
5   8   2   8   0.0000424546
5   8   3   5   -0.0005376572
5   8   3   8   -0.0006810504
5   8   4   6   0.0001522184
5   8   4   7   -0.0024418667
5   9   1   6   -0.0018629500
5   9   1   7   -0.0001161305
5   9   2   5   -0.0005376572
5   9   2   8   -0.0006810504
5   9   3   5   -0.0000335159
5   9   3   8   -0.0000424546
5   9   4   6   -0.0024418667
5   9   4   7   -0.0001522184
5   10   1   5   0.0044174877
5   10   1   8   0.0056597295
5   10   2   6   0.0007055205
5   10   3   7   0.0007055205
5   10   4   5   0.0056597295
5   10   4   8   0.0084417340

End IJAB Block
Begin ABCD Block
1   5   1   5   0.2328040928
1   5   1   8   0.0056487248
1   5   2   6   0.0341017565
1   5   3   7   0.0341017565
1   5   4   5   0.0056487248
1   5   4   8   0.0241480440
1   6   1   6   0.1791057170
1   6   2   5   0.0341024867
1   6   2   8   0.0077828051
1   6   4   6   0.0136100138
1   7   1   7   0.1791057170
1   7   3   5   0.0341024867
1   7   3   8   0.0077828051
1   7   4   7   0.0136100138
1   8   1   5   0.0056487248
1   8   1   8   0.1714417591
1   8   2   6   0.0077823096
1   8   3   7   0.0077823096
1   8   4   5   0.0241569624
1   8   4   8   0.0106699990
2   5   1   6   0.0341024867
2   5   2   5   0.1791057170
2   5   2   8   0.0136100138
2   5   4   6   0.0077828051
2   6   1   5   0.0341017565
2   6   1   8   0.0077823096
2   6   2   6   0.1665416444
2   6   3   7   0.0089659024
2   6   4   5   0.0077823096
2   6   4   8   0.0110122507
2   7   2   7   0.1486098953
2   7   3   6   0.0089658467
2   8   1   6   0.0077828051
2   8   2   5   0.0136100138
2   8   2   8   0.1475964508
2   8   4   6   0.0110129768
3   5   1   7   0.0341024867
3   5   3   5   0.1791057170
3   5   3   8   0.0136100138
3   5   4   7   0.0077828051
3   6   2   7   0.0089658467
3   6   3   6   0.1486098953
3   7   1   5   0.0341017565
3   7   1   8   0.0077823096
3   7   2   6   0.0089659024
3   7   3   7   0.1665416444
3   7   4   5   0.0077823096
3   7   4   8   0.0110122507
3   8   1   7   0.0077828051
3   8   3   5   0.0136100138
3   8   3   8   0.1475964508
3   8   4   7   0.0110129768
4   5   1   5   0.0056487248
4   5   1   8   0.0241569624
4   5   2   6   0.0077823096
4   5   3   7   0.0077823096
4   5   4   5   0.1714417591
4   5   4   8   0.0106699990
4   6   1   6   0.0136100138
4   6   2   5   0.0077828051
4   6   2   8   0.0110129768
4   6   4   6   0.1475964508
4   7   1   7   0.0136100138
4   7   3   5   0.0077828051
4   7   3   8   0.0110129768
4   7   4   7   0.1475964508
4   8   1   5   0.0241480440
4   8   1   8   0.0106699990
4   8   2   6   0.0110122507
4   8   3   7   0.0110122507
4   8   4   5   0.0106699990
4   8   4   8   0.1573778333

End ABCD Block
Begin AIJB Block
1   6   1   5   0.0090762527
1   6   1   8   0.0067137317
1   6   2   5   0.0000000438
1   6   2   8   -0.0000084221
1   6   3   6   -0.0000039256
1   6   3   7   0.0000629733
1   6   4   6   0.0000629733
1   6   4   7   0.0000039256
1   6   5   5   0.0002206394
1   6   5   8   0.0000742781
1   7   1   5   0.0000000438
1   7   1   8   -0.0000024550
1   7   2   5   0.0009313273
1   7   2   8   0.0012608823
1   7   3   6   -0.0000024760
1   7   3   7   0.0000397195
1   7   4   6   0.0000397195
1   7   4   7   0.0000024760
1   7   5   5   -0.0001275929
1   7   5   8   -0.0010711225
1   8   1   6   0.0000002936
1   8   1   7   -0.0000047105
1   8   2   6   -0.0000055677
1   8   2   7   0.0000893168
1   8   3   5   0.0002463688
1   8   3   8   0.0004007893
1   8   5   6   0.0001134099
1   8   5   7   -0.0018193054
1   9   1   6   -0.0000047105
1   9   1   7   -0.0000002936
1   9   2   6   0.0000893168
1   9   2   7   0.0000055677
1   9   4   5   0.0002463688
1   9   4   8   0.0004007893
1   9   5   6   -0.0018193054
1   9   5   7   -0.0001134099
1   10   1   5   0.0002206394
1   10   1   8   0.0004409229
1   10   2   5   -0.0001275929
1   10   2   8   -0.0003751214
1   10   3   6   0.0000153237
1   10   3   7   -0.0002458207
1   10   4   6   -0.0002458207
1   10   4   7   -0.0000153237
1   10   5   5   0.0032959956
1   10   5   8   0.0042417064
2   6   1   6   0.0015622273
2   6   2   6   0.0000037466
2   6   3   5   0.0000002936
2   6   3   8   0.0000001911
2   6   4   5   -0.0000047105
2   6   4   8   -0.0000030648
2   6   5   6   -0.0002465164
2   7   1   6   0.0000037466
2   7   2   6   0.0004311472
2   7   3   5   -0.0000055677
2   7   3   8   -0.0000490530
2   7   4   5   0.0000893168
2   7   4   8   0.0007869016
2   7   5   6   0.0000234186
2   8   1   5   -0.0000039256
2   8   1   8   -0.0000078451
2   8   2   5   -0.0000024760
2   8   2   8   -0.0000144259
2   8   3   6   0.0001407696
2   8   3   7   -0.0000844657
2   8   4   6   -0.0000844657
2   8   4   7   0.0012160815
2   8   5   5   0.0000153237
2   8   5   8   0.0000279200
2   9   1   5   0.0000629733
2   9   1   8   0.0001258504
2   9   2   5   0.0000397195
2   9   2   8   0.0002314181
2   9   3   6   -0.0000844657
2   9   3   7   0.0001336410
2   9   4   6   0.0014904921
2   9   4   7   0.0000844657
2   9   5   5   -0.0002458207
2   9   5   8   -0.0004478880
2   10   1   6   -0.0002465164
2   10   2   6   0.0000234186
2   10   3   5   0.0001134099
2   10   3   8   0.0001413346
2   10   4   5   -0.0018193054
2   10   4   8   -0.0022672703
2   10   5   6   0.0004299341
3   6   1   7   0.0015622273
3   6   2   7   0.0000037466
3   6   3   5   -0.0000047105
3   6   3   8   -0.0000030648
3   6   4   5   -0.0000002936
3   6   4   8   -0.0000001911
3   6   5   7   -0.0002465164
3   7   1   7   0.0000037466
3   7   2   7   0.0004311472
3   7   3   5   0.0000893168
3   7   3   8   0.0007869016
3   7   4   5   0.0000055677
3   7   4   8   0.0000490530
3   7   5   7   0.0000234186
3   8   1   5   0.0000629733
3   8   1   8   0.0001258504
3   8   2   5   0.0000397195
3   8   2   8   0.0002314181
3   8   3   6   -0.0000844657
3   8   3   7   0.0014904921
3   8   4   6   0.0001336410
3   8   4   7   0.0000844657
3   8   5   5   -0.0002458207
3   8   5   8   -0.0004478880
3   9   1   5   0.0000039256
3   9   1   8   0.0000078451
3   9   2   5   0.0000024760
3   9   2   8   0.0000144259
3   9   3   6   0.0012160815
3   9   3   7   0.0000844657
3   9   4   6   0.0000844657
3   9   4   7   0.0001407696
3   9   5   5   -0.0000153237
3   9   5   8   -0.0000279200
3   10   1   7   -0.0002465164
3   10   2   7   0.0000234186
3   10   3   5   -0.0018193054
3   10   3   8   -0.0022672703
3   10   4   5   -0.0001134099
3   10   4   8   -0.0001413346
3   10   5   7   0.0004299341
4   6   1   5   0.0067137317
4   6   1   8   0.0064445154
4   6   2   5   -0.0000024550
4   6   2   8   -0.0000045324
4   6   3   6   -0.0000078451
4   6   3   7   0.0001258504
4   6   4   6   0.0001258504
4   6   4   7   0.0000078451
4   6   5   5   0.0004409229
4   6   5   8   -0.0000592345
4   7   1   5   -0.0000084221
4   7   1   8   -0.0000045324
4   7   2   5   0.0012608823
4   7   2   8   0.0021917850
4   7   3   6   -0.0000144259
4   7   3   7   0.0002314181
4   7   4   6   0.0002314181
4   7   4   7   0.0000144259
4   7   5   5   -0.0003751214
4   7   5   8   -0.0017068597
4   8   1   6   0.0000001911
4   8   1   7   -0.0000030648
4   8   2   6   -0.0000490530
4   8   2   7   0.0007869016
4   8   3   5   0.0004007893
4   8   3   8   0.0009645957
4   8   5   6   0.0001413346
4   8   5   7   -0.0022672703
4   9   1   6   -0.0000030648
4   9   1   7   -0.0000001911
4   9   2   6   0.0007869016
4   9   2   7   0.0000490530
4   9   4   5   0.0004007893
4   9   4   8   0.0009645957
4   9   5   6   -0.0022672703
4   9   5   7   -0.0001413346
4   10   1   5   0.0000742781
4   10   1   8   -0.0000592345
4   10   2   5   -0.0010711225
4   10   2   8   -0.0017068597
4   10   3   6   0.0000279200
4   10   3   7   -0.0004478880
4   10   4   6   -0.0004478880
4   10   4   7   -0.0000279200
4   10   5   5   0.0042417064
4   10   5   8   0.0065764923

1   6   6   1   -0.2845077999
1   6   6   4   -0.0619087040
1   6   7   1   0.0000340797
1   6   7   4   0.0000022036
1   6   8   2   0.0000040146
1   6   8   3   -0.0000644018
1   6   9   2   -0.0000644018
1   6   9   3   -0.0000040146
1   6   10   1   -0.0007851567
1   6   10   4   0.0000139388
1   7   6   1   0.0000340797
1   7   6   4   0.0000019559
1   7   7   1   -0.1172357825
1   7   7   4   -0.0302413292
1   7   8   2   0.0001528506
1   7   8   3   -0.0024520085
1   7   9   2   -0.0024520085
1   7   9   3   -0.0001528506
1   7   10   1   0.0075779482
1   7   10   4   0.0033569937
1   8   6   2   0.0000040332
1   8   6   3   -0.0000646994
1   8   7   2   0.0001528256
1   8   7   3   -0.0024516069
1   8   8   1   -0.1165979421
1   8   8   4   -0.0293943352
1   8   10   2   -0.0000604611
1   8   10   3   0.0009699084
1   9   6   2   -0.0000646994
1   9   6   3   -0.0000040332
1   9   7   2   -0.0024516069
1   9   7   3   -0.0001528256
1   9   9   1   -0.1165979421
1   9   9   4   -0.0293943352
1   9   10   2   0.0009699084
1   9   10   3   0.0000604611
1   10   6   1   -0.0007851567
1   10   6   4   0.0000178247
1   10   7   1   0.0075779482
1   10   7   4   0.0033683865
1   10   8   2   -0.0000621224
1   10   8   3   0.0009965584
1   10   9   2   0.0009965584
1   10   9   3   0.0000621224
1   10   10   1   -0.1215070478
1   10   10   4   -0.0313905248
2   6   6   2   -0.2138449669
2   6   7   2   0.0000130931
2   6   8   1   0.0000040332
2   6   8   4   0.0000026076
2   6   9   1   -0.0000646994
2   6   9   4   -0.0000418302
2   6   10   2   -0.0001998901
2   7   6   2   0.0000130931
2   7   7   2   -0.1182862632
2   7   8   1   0.0001528256
2   7   8   4   0.0001932717
2   7   9   1   -0.0024516069
2   7   9   4   -0.0031004373
2   7   10   2   0.0066286564
2   8   6   1   0.0000040146
2   8   6   4   0.0000025934
2   8   7   1   0.0001528506
2   8   7   4   0.0001934196
2   8   8   2   -0.1178121163
2   8   8   3   0.0000475002
2   8   9   2   0.0000475002
2   8   9   3   -0.0003727379
2   8   10   1   -0.0000621224
2   8   10   4   -0.0000632580
2   9   6   1   -0.0000644018
2   9   6   4   -0.0000416033
2   9   7   1   -0.0024520085
2   9   7   4   -0.0031028112
2   9   8   2   0.0000475002
2   9   8   3   -0.0003862924
2   9   9   2   -0.1185711466
2   9   9   3   -0.0000475002
2   9   10   1   0.0009965584
2   9   10   4   0.0010147766
2   10   6   2   -0.0001998901
2   10   7   2   0.0066286564
2   10   8   1   -0.0000604611
2   10   8   4   -0.0000612922
2   10   9   1   0.0009699084
2   10   9   4   0.0009832408
2   10   10   2   -0.1216456913
3   6   6   3   -0.2138449669
3   6   7   3   0.0000130931
3   6   8   1   -0.0000646994
3   6   8   4   -0.0000418302
3   6   9   1   -0.0000040332
3   6   9   4   -0.0000026076
3   6   10   3   -0.0001998901
3   7   6   3   0.0000130931
3   7   7   3   -0.1182862632
3   7   8   1   -0.0024516069
3   7   8   4   -0.0031004373
3   7   9   1   -0.0001528256
3   7   9   4   -0.0001932717
3   7   10   3   0.0066286564
3   8   6   1   -0.0000644018
3   8   6   4   -0.0000416033
3   8   7   1   -0.0024520085
3   8   7   4   -0.0031028112
3   8   8   2   0.0000475002
3   8   8   3   -0.1185711466
3   8   9   2   -0.0003862924
3   8   9   3   -0.0000475002
3   8   10   1   0.0009965584
3   8   10   4   0.0010147766
3   9   6   1   -0.0000040146
3   9   6   4   -0.0000025934
3   9   7   1   -0.0001528506
3   9   7   4   -0.0001934196
3   9   8   2   -0.0003727379
3   9   8   3   -0.0000475002
3   9   9   2   -0.0000475002
3   9   9   3   -0.1178121163
3   9   10   1   0.0000621224
3   9   10   4   0.0000632580
3   10   6   3   -0.0001998901
3   10   7   3   0.0066286564
3   10   8   1   0.0009699084
3   10   8   4   0.0009832408
3   10   9   1   0.0000604611
3   10   9   4   0.0000612922
3   10   10   3   -0.1216456913
4   6   6   1   -0.0619087040
4   6   6   4   -0.2263187338
4   6   7   1   0.0000019559
4   6   7   4   0.0000065826
4   6   8   2   0.0000025934
4   6   8   3   -0.0000416033
4   6   9   2   -0.0000416033
4   6   9   3   -0.0000025934
4   6   10   1   0.0000178247
4   6   10   4   -0.0000035959
4   7   6   1   0.0000022036
4   7   6   4   0.0000065826
4   7   7   1   -0.0302413292
4   7   7   4   -0.1423815902
4   7   8   2   0.0001934196
4   7   8   3   -0.0031028112
4   7   9   2   -0.0031028112
4   7   9   3   -0.0001934196
4   7   10   1   0.0033683865
4   7   10   4   0.0088593934
4   8   6   2   0.0000026076
4   8   6   3   -0.0000418302
4   8   7   2   0.0001932717
4   8   7   3   -0.0031004373
4   8   8   1   -0.0293943352
4   8   8   4   -0.1411743859
4   8   10   2   -0.0000612922
4   8   10   3   0.0009832408
4   9   6   2   -0.0000418302
4   9   6   3   -0.0000026076
4   9   7   2   -0.0031004373
4   9   7   3   -0.0001932717
4   9   9   1   -0.0293943352
4   9   9   4   -0.1411743859
4   9   10   2   0.0009832408
4   9   10   3   0.0000612922
4   10   6   1   0.0000139388
4   10   6   4   -0.0000035959
4   10   7   1   0.0033569937
4   10   7   4   0.0088593934
4   10   8   2   -0.0000632580
4   10   8   3   0.0010147766
4   10   9   2   0.0010147766
4   10   9   3   0.0000632580
4   10   10   1   -0.0313905248
4   10   10   4   -0.1460543891

End AIJB Block
Begin IJKA Block
1   6   1   5   -0.0978100444
1   6   1   8   -0.0806401262
1   6   2   5   0.0000529724
1   6   2   8   0.0000465653
1   6   3   6   -0.0000021273
1   6   3   7   0.0000341252
1   6   4   6   0.0000341252
1   6   4   7   0.0000021273
1   6   5   5   -0.0013187696
1   6   5   8   -0.0013189011
1   7   1   5   -0.0003274633
1   7   1   8   -0.0002503199
1   7   2   5   0.0000016340
1   7   2   8   -0.0000088321
1   7   3   6   0.0000000486
1   7   3   7   -0.0000007794
1   7   4   6   -0.0000007794
1   7   4   7   -0.0000000486
1   7   5   5   0.0000035048
1   7   5   8   0.0000045283
1   8   1   6   -0.0000964462
1   8   1   7   0.0015471761
1   8   2   6   0.0000001938
1   8   2   7   -0.0000031084
1   8   3   5   0.0000036363
1   8   3   8   0.0000025086
1   8   5   6   -0.0000003296
1   8   5   7   0.0000052880
1   9   1   6   0.0015471761
1   9   1   7   0.0000964462
1   9   2   6   -0.0000031084
1   9   2   7   -0.0000001938
1   9   4   5   0.0000036363
1   9   4   8   0.0000025086
1   9   5   6   0.0000052880
1   9   5   7   0.0000003296
1   10   1   5   -0.0092219054
1   10   1   8   -0.0217805288
1   10   2   5   0.0000075751
1   10   2   8   0.0000063207
1   10   3   6   0.0000006256
1   10   3   7   -0.0000100360
1   10   4   6   -0.0000100360
1   10   4   7   -0.0000006256
1   10   5   5   -0.0000147926
1   10   5   8   0.0000016262
2   6   1   5   0.0000428613
2   6   1   8   0.0000376849
2   6   2   5   -0.0009988173
2   6   2   8   0.0009048717
2   6   3   6   -0.0000094178
2   6   3   7   0.0001510793
2   6   4   6   0.0001510793
2   6   4   7   0.0000094178
2   6   5   5   0.0001780471
2   6   5   8   -0.0001643586
2   7   1   5   -0.0000001133
2   7   1   8   -0.0000035021
2   7   2   5   -0.0035033275
2   7   2   8   -0.0194399793
2   7   3   6   0.0005092418
2   7   3   7   -0.0081691860
2   7   4   6   -0.0081691860
2   7   4   7   -0.0005092418
2   7   5   5   0.0116690731
2   7   5   8   0.0147175641
2   8   1   6   0.0000000150
2   8   1   7   -0.0000002405
2   8   2   6   0.0015444973
2   8   2   7   -0.0247766128
2   8   3   5   -0.0007301208
2   8   3   8   -0.0039601960
2   8   5   6   0.0000516015
2   8   5   7   -0.0008277834
2   9   1   6   -0.0000002405
2   9   1   7   -0.0000000150
2   9   2   6   -0.0247766128
2   9   2   7   -0.0015444973
2   9   4   5   -0.0007301208
2   9   4   8   -0.0039601960
2   9   5   6   -0.0008277834
2   9   5   7   -0.0000516015
2   10   1   5   0.0000019559
2   10   1   8   -0.0000004929
2   10   2   5   0.0313717094
2   10   2   8   0.0369439235
2   10   3   6   0.0000493947
2   10   3   7   -0.0007923826
2   10   4   6   -0.0007923826
2   10   4   7   -0.0000493947
2   10   5   5   0.0005750935
2   10   5   8   -0.0016936201
3   6   1   6   -0.0000015656
3   6   1   7   0.0000251154
3   6   2   6   -0.0000090235
3   6   2   7   0.0001447543
3   6   3   5   -0.0009800409
3   6   3   8   0.0008858593
3   6   5   6   0.0000047244
3   6   5   7   -0.0000757880
3   7   1   6   -0.0000000395
3   7   1   7   0.0000006340
3   7   2   6   0.0005037093
3   7   2   7   -0.0080804348
3   7   3   5   -0.0030358181
3   7   3   8   -0.0174094326
3   7   5   6   0.0000097346
3   7   5   7   -0.0001561613
3   8   1   5   0.0000065654
3   8   1   8   0.0000014096
3   8   2   5   -0.0007185730
3   8   2   8   -0.0038887958
3   8   3   6   0.0016770255
3   8   3   7   -0.0269026117
3   8   4   6   -0.0024456733
3   8   4   7   -0.0001524557
3   8   5   5   0.0040368973
3   8   5   8   0.0047318205
3   9   3   6   -0.0219677383
3   9   3   7   -0.0013694008
3   9   4   6   0.0001551690
3   9   4   7   -0.0024892000
3   10   1   6   0.0000007944
3   10   1   7   -0.0000127436
3   10   2   6   0.0000389983
3   10   2   7   -0.0006256056
3   10   3   5   0.0278385424
3   10   3   8   0.0319882586
3   10   5   6   0.0001592277
3   10   5   7   -0.0025543086
4   6   1   6   0.0000251154
4   6   1   7   0.0000015656
4   6   2   6   0.0001447543
4   6   2   7   0.0000090235
4   6   4   5   -0.0009800409
4   6   4   8   0.0008858593
4   6   5   6   -0.0000757880
4   6   5   7   -0.0000047244
4   7   1   6   0.0000006340
4   7   1   7   0.0000000395
4   7   2   6   -0.0080804348
4   7   2   7   -0.0005037093
4   7   4   5   -0.0030358181
4   7   4   8   -0.0174094326
4   7   5   6   -0.0001561613
4   7   5   7   -0.0000097346
4   8   3   6   -0.0024892000
4   8   3   7   -0.0001551690
4   8   4   6   0.0013694008
4   8   4   7   -0.0219677383
4   9   1   5   0.0000065654
4   9   1   8   0.0000014096
4   9   2   5   -0.0007185730
4   9   2   8   -0.0038887958
4   9   3   6   0.0001524557
4   9   3   7   -0.0024456733
4   9   4   6   -0.0269026117
4   9   4   7   -0.0016770255
4   9   5   5   0.0040368973
4   9   5   8   0.0047318205
4   10   1   6   -0.0000127436
4   10   1   7   -0.0000007944
4   10   2   6   -0.0006256056
4   10   2   7   -0.0000389983
4   10   4   5   0.0278385424
4   10   4   8   0.0319882586
4   10   5   6   -0.0025543086
4   10   5   7   -0.0001592277
5   6   1   5   -0.0013845178
5   6   1   8   -0.0013967412
5   6   2   5   0.0001719519
5   6   2   8   -0.0001530075
5   6   3   6   0.0000046117
5   6   3   7   -0.0000739805
5   6   4   6   -0.0000739805
5   6   4   7   -0.0000046117
5   6   5   5   -0.0012108850
5   6   5   8   0.0009681166
5   7   1   5   0.0000027831
5   7   1   8   0.0000007854
5   7   2   5   0.0117067964
5   7   2   8   0.0149207095
5   7   3   6   0.0000115156
5   7   3   7   -0.0001847319
5   7   4   6   -0.0001847319
5   7   4   7   -0.0000115156
5   7   5   5   -0.0026741550
5   7   5   8   -0.0162914296
5   8   1   6   0.0000006017
5   8   1   7   -0.0000096529
5   8   2   6   0.0000361193
5   8   2   7   -0.0005794210
5   8   3   5   0.0039042327
5   8   3   8   0.0047017753
5   8   5   6   0.0013386037
5   8   5   7   -0.0214736963
5   9   1   6   -0.0000096529
5   9   1   7   -0.0000006017
5   9   2   6   -0.0005794210
5   9   2   7   -0.0000361193
5   9   4   5   0.0039042327
5   9   4   8   0.0047017753
5   9   5   6   -0.0214736963
5   9   5   7   -0.0013386037
5   10   1   5   0.0000328829
5   10   1   8   0.0000277614
5   10   2   5   -0.0000384804
5   10   2   8   -0.0022049737
5   10   3   6   0.0001496708
5   10   3   7   -0.0024009990
5   10   4   6   -0.0024009990
5   10   4   7   -0.0001496708
5   10   5   5   0.0366863746
5   10   5   8   0.0414506663

End IJKA Block
Begin IABC Block
1   5   1   5   -0.0000450791
1   5   1   8   -0.0015872008
1   5   2   6   0.0025840856
1   5   3   7   0.0025840856
1   5   4   5   -0.0025809410
1   5   4   8   -0.0002764666
1   6   1   6   -0.0001054359
1   6   2   5   0.0026005699
1   6   2   8   0.0014903374
1   6   4   6   -0.0005150378
1   7   1   7   -0.0001054359
1   7   3   5   0.0026005699
1   7   3   8   0.0014903374
1   7   4   7   -0.0005150378
1   8   1   5   -0.0015972286
1   8   1   8   -0.0015850146
1   8   2   6   0.0014792314
1   8   3   7   0.0014792314
1   8   4   5   -0.0002682984
1   8   4   8   -0.0003594448
2   5   1   5   -0.0002359342
2   5   1   8   -0.0001853654
2   5   2   6   0.0000074248
2   5   3   7   0.0000074248
2   5   4   5   -0.0004427641
2   5   4   8   -0.0002575434
2   6   1   6   -0.0002248113
2   6   2   5   0.0000059786
2   6   2   8   -0.0000017212
2   6   4   6   -0.0002845364
2   7   1   7   -0.0002248113
2   7   3   5   0.0000059786
2   7   3   8   -0.0000017212
2   7   4   7   -0.0002845364
2   8   1   5   -0.0001890959
2   8   1   8   -0.0003419517
2   8   2   6   0.0000011195
2   8   3   7   0.0000011195
2   8   4   5   -0.0002572252
2   8   4   8   -0.0006502445
3   5   1   6   -0.0000288925
3   5   1   7   0.0004634901
3   5   2   5   -0.0000463368
3   5   2   8   -0.0000063725
3   5   3   5   0.0007433291
3   5   3   8   0.0001022267
3   5   4   6   -0.0000888344
3   5   4   7   0.0014250699
3   6   1   5   -0.0000287916
3   6   1   8   -0.0000329318
3   6   2   6   -0.0000706965
3   6   2   7   0.0002576873
3   6   3   6   0.0006188076
3   6   3   7   -0.0000160585
3   6   4   5   -0.0000892120
3   6   4   8   -0.0000685295
3   7   1   5   0.0004618713
3   7   1   8   0.0005282876
3   7   2   6   0.0002576086
3   7   2   7   -0.0000385745
3   7   3   6   -0.0000160634
3   7   3   7   0.0011341035
3   7   4   5   0.0014311264
3   7   4   8   0.0010993409
3   8   1   6   -0.0000330587
3   8   1   7   0.0005303232
3   8   2   5   -0.0000067966
3   8   2   8   -0.0000036938
3   8   3   5   0.0001090303
3   8   3   8   0.0000592555
3   8   4   6   -0.0000691331
3   8   4   7   0.0011090230
4   5   1   6   0.0004634901
4   5   1   7   0.0000288925
4   5   2   5   0.0007433291
4   5   2   8   0.0001022267
4   5   3   5   0.0000463368
4   5   3   8   0.0000063725
4   5   4   6   0.0014250699
4   5   4   7   0.0000888344
4   6   1   5   0.0004618713
4   6   1   8   0.0005282876
4   6   2   6   0.0011341035
4   6   2   7   0.0000160634
4   6   3   6   0.0000385745
4   6   3   7   0.0002576086
4   6   4   5   0.0014311264
4   6   4   8   0.0010993409
4   7   1   5   0.0000287916
4   7   1   8   0.0000329318
4   7   2   6   0.0000160585
4   7   2   7   0.0006188076
4   7   3   6   0.0002576873
4   7   3   7   0.0000706965
4   7   4   5   0.0000892120
4   7   4   8   0.0000685295
4   8   1   6   0.0005303232
4   8   1   7   0.0000330587
4   8   2   5   0.0001090303
4   8   2   8   0.0000592555
4   8   3   5   0.0000067966
4   8   3   8   0.0000036938
4   8   4   6   0.0011090230
4   8   4   7   0.0000691331
5   5   1   5   -0.0036497315
5   5   1   8   -0.0003597805
5   5   2   6   -0.0019056004
5   5   3   7   -0.0019056004
5   5   4   5   -0.0075207571
5   5   4   8   -0.0034555891
5   6   1   6   -0.0027319149
5   6   2   5   -0.0019129390
5   6   2   8   -0.0012983433
5   6   4   6   -0.0064766060
5   7   1   7   -0.0027319149
5   7   3   5   -0.0019129390
5   7   3   8   -0.0012983433
5   7   4   7   -0.0064766060
5   8   1   5   -0.0003559456
5   8   1   8   -0.0023044982
5   8   2   6   -0.0012960892
5   8   3   7   -0.0012960892
5   8   4   5   -0.0035391384
5   8   4   8   -0.0065967367

End IABC Block
