Begin IJ Block
1   1   -41.2928874196
1   2   0.0081885249
1   3   0.7499389398
1   4   0.0517684791
2   2   -7.0847747857
2   3   -0.0448197291
2   4   0.0279560219
3   3   -9.6887548762
3   4   0.0163869363
4   4   -8.5309870133
5   5   -8.4616658313
5   6   0.0000000000
6   6   -8.4616658313

End IJ Block
Begin IA Block
1   1   -0.0142778655
2   1   0.1044876816
3   1   0.0735461525
4   1   -0.1296898338
5   2   0.2534039083
5   3   -0.0846665830
6   2   0.0846665830
6   3   0.2534039083

End IA Block
Begin AB Block
1   1   -1.9218565826
2   2   -1.5806231900
3   3   -1.5806231900

End AB Block
Begin IJKL Block
1   7   1   7   5.3478384141
1   7   1   8   -0.0055148730
1   7   1   9   -0.5305774520
1   7   1   10   -0.0314839149
1   7   2   7   -0.0055148730
1   7   2   8   -0.0000269886
1   7   2   9   0.0008382293
1   7   2   10   -0.0001230098
1   7   3   7   -0.5305774520
1   7   3   8   0.0008382293
1   7   3   9   0.0810155825
1   7   3   10   0.0043706527
1   7   4   7   -0.0314839149
1   7   4   8   -0.0001230098
1   7   4   9   0.0043706527
1   7   4   10   0.0304322140
1   7   5   11   0.0307078363
1   7   6   12   0.0307078363
1   8   1   7   -0.0055148730
1   8   1   8   0.2939130593
1   8   1   9   0.0135692812
1   8   1   10   -0.0120067758
1   8   2   7   0.0000115801
1   8   2   8   0.0000374558
1   8   2   9   0.0000003047
1   8   2   10   -0.0000016031
1   8   3   7   0.0008889917
1   8   3   8   0.0001079945
1   8   3   9   -0.0002355458
1   8   3   10   0.0000641009
1   8   4   7   -0.0001636382
1   8   4   8   -0.0043993035
1   8   4   9   -0.0003483083
1   8   4   10   0.0005850958
1   8   5   11   0.0004216848
1   8   6   12   0.0004216848
1   9   1   7   -0.5305774520
1   9   1   8   0.0135692812
1   9   1   9   1.2605027372
1   9   1   10   0.0269243164
1   9   2   7   0.0008889917
1   9   2   8   -0.0000113822
1   9   2   9   -0.0002483614
1   9   2   10   -0.0002380250
1   9   3   7   0.0855554629
1   9   3   8   -0.0002450465
1   9   3   9   -0.0235158651
1   9   3   10   -0.0018462842
1   9   4   7   0.0042869341
1   9   4   8   -0.0003348947
1   9   4   9   -0.0032529230
1   9   4   10   0.0346592153
1   9   5   11   0.0350413619
1   9   6   12   0.0350413619
1   10   1   7   -0.0314839149
1   10   1   8   -0.0120067758
1   10   1   9   0.0269243164
1   10   1   10   1.1458063497
1   10   2   7   -0.0001636382
1   10   2   8   -0.0000011530
1   10   2   9   -0.0002504158
1   10   2   10   -0.0001701447
1   10   3   7   0.0042869341
1   10   3   8   0.0000654139
1   10   3   9   -0.0019198924
1   10   3   10   -0.0150427762
1   10   4   7   0.0356180936
1   10   4   8   0.0005850068
1   10   4   9   0.0353998110
1   10   4   10   0.0018536095
1   10   5   11   0.0015702902
1   10   6   12   0.0015702902
1   11   1   11   1.1496628555
1   11   2   11   -0.0001627188
1   11   3   11   -0.0151818074
1   11   4   11   -0.0014513416
1   11   5   7   0.0359165484
1   11   5   8   0.0004295946
1   11   5   9   0.0357617425
1   11   5   10   0.0016965477
1   12   1   12   1.1496628555
1   12   2   12   -0.0001627188
1   12   3   12   -0.0151818074
1   12   4   12   -0.0014513416
1   12   6   7   0.0359165484
1   12   6   8   0.0004295946
1   12   6   9   0.0357617425
1   12   6   10   0.0016965477
2   7   1   7   -0.0055148730
2   7   1   8   0.0000115801
2   7   1   9   0.0008889917
2   7   1   10   -0.0001636382
2   7   2   7   0.2939130593
2   7   2   8   0.0000374558
2   7   2   9   0.0001079945
2   7   2   10   -0.0043993035
2   7   3   7   0.0135692812
2   7   3   8   0.0000003047
2   7   3   9   -0.0002355458
2   7   3   10   -0.0003483083
2   7   4   7   -0.0120067758
2   7   4   8   -0.0000016031
2   7   4   9   0.0000641009
2   7   4   10   0.0005850958
2   7   5   11   0.0004216848
2   7   6   12   0.0004216848
2   8   1   7   -0.0000269886
2   8   1   8   0.0000374558
2   8   1   9   -0.0000113822
2   8   1   10   -0.0000011530
2   8   2   7   0.0000374558
2   8   2   8   1.6300552912
2   8   2   9   -0.0336129966
2   8   2   10   0.0573137513
2   8   3   7   -0.0000113822
2   8   3   8   -0.0336129966
2   8   3   9   0.0010227690
2   8   3   10   -0.0019279331
2   8   4   7   -0.0000011530
2   8   4   8   0.0573137513
2   8   4   9   -0.0019279331
2   8   4   10   0.0032649736
2   8   5   11   -0.0000074022
2   8   6   12   -0.0000074022
2   9   1   7   0.0008382293
2   9   1   8   0.0000003047
2   9   1   9   -0.0002483614
2   9   1   10   -0.0002504158
2   9   2   7   0.0001079945
2   9   2   8   -0.0336129966
2   9   2   9   0.2988671107
2   9   2   10   -0.0567865154
2   9   3   7   -0.0002450465
2   9   3   8   0.0012659124
2   9   3   9   0.0094074133
2   9   3   10   -0.0015011075
2   9   4   7   0.0000654139
2   9   4   8   -0.0022665138
2   9   4   9   -0.0099182393
2   9   4   10   0.0033631570
2   9   5   11   0.0023031223
2   9   6   12   0.0023031223
2   10   1   7   -0.0001230098
2   10   1   8   -0.0000016031
2   10   1   9   -0.0002380250
2   10   1   10   -0.0001701447
2   10   2   7   -0.0043993035
2   10   2   8   0.0573137513
2   10   2   9   -0.0567865154
2   10   2   10   0.3203737469
2   10   3   7   -0.0003348947
2   10   3   8   -0.0022665138
2   10   3   9   -0.0013953072
2   10   3   10   0.0085244509
2   10   4   7   0.0005850068
2   10   4   8   0.0044510152
2   10   4   9   0.0034238654
2   10   4   10   -0.0096676601
2   10   5   11   -0.0005305428
2   10   6   12   -0.0005305428
2   11   1   11   -0.0001627188
2   11   2   11   0.2884522892
2   11   3   11   0.0083674952
2   11   4   11   -0.0085690234
2   11   5   7   0.0004295946
2   11   5   8   0.0002473964
2   11   5   9   0.0024047181
2   11   5   10   -0.0006514369
2   12   1   12   -0.0001627188
2   12   2   12   0.2884522892
2   12   3   12   0.0083674952
2   12   4   12   -0.0085690234
2   12   6   7   0.0004295946
2   12   6   8   0.0002473964
2   12   6   9   0.0024047181
2   12   6   10   -0.0006514369
3   7   1   7   -0.5305774520
3   7   1   8   0.0008889917
3   7   1   9   0.0855554629
3   7   1   10   0.0042869341
3   7   2   7   0.0135692812
3   7   2   8   -0.0000113822
3   7   2   9   -0.0002450465
3   7   2   10   -0.0003348947
3   7   3   7   1.2605027372
3   7   3   8   -0.0002483614
3   7   3   9   -0.0235158651
3   7   3   10   -0.0032529230
3   7   4   7   0.0269243164
3   7   4   8   -0.0002380250
3   7   4   9   -0.0018462842
3   7   4   10   0.0346592153
3   7   5   11   0.0350413619
3   7   6   12   0.0350413619
3   8   1   7   0.0008382293
3   8   1   8   0.0001079945
3   8   1   9   -0.0002450465
3   8   1   10   0.0000654139
3   8   2   7   0.0000003047
3   8   2   8   -0.0336129966
3   8   2   9   0.0012659124
3   8   2   10   -0.0022665138
3   8   3   7   -0.0002483614
3   8   3   8   0.2988671107
3   8   3   9   0.0094074133
3   8   3   10   -0.0099182393
3   8   4   7   -0.0002504158
3   8   4   8   -0.0567865154
3   8   4   9   -0.0015011075
3   8   4   10   0.0033631570
3   8   5   11   0.0023031223
3   8   6   12   0.0023031223
3   9   1   7   0.0810155825
3   9   1   8   -0.0002355458
3   9   1   9   -0.0235158651
3   9   1   10   -0.0019198924
3   9   2   7   -0.0002355458
3   9   2   8   0.0010227690
3   9   2   9   0.0094074133
3   9   2   10   -0.0013953072
3   9   3   7   -0.0235158651
3   9   3   8   0.0094074133
3   9   3   9   0.8689405547
3   9   3   10   0.0035570635
3   9   4   7   -0.0019198924
3   9   4   8   -0.0013953072
3   9   4   9   0.0035570635
3   9   4   10   0.1507517701
3   9   5   11   0.1490504041
3   9   6   12   0.1490504041
3   10   1   7   0.0043706527
3   10   1   8   0.0000641009
3   10   1   9   -0.0018462842
3   10   1   10   -0.0150427762
3   10   2   7   -0.0003483083
3   10   2   8   -0.0019279331
3   10   2   9   -0.0015011075
3   10   2   10   0.0085244509
3   10   3   7   -0.0032529230
3   10   3   8   -0.0099182393
3   10   3   9   0.0035570635
3   10   3   10   0.8044296236
3   10   4   7   0.0353998110
3   10   4   8   0.0034238654
3   10   4   9   0.1555959462
3   10   4   10   0.0158956467
3   10   5   11   0.0034446122
3   10   6   12   0.0034446122
3   11   1   11   -0.0151818074
3   11   2   11   0.0083674952
3   11   3   11   0.8044299223
3   11   3   12   -0.0000000000
3   11   4   11   0.0079573301
3   11   5   7   0.0357617425
3   11   5   8   0.0024047181
3   11   5   9   0.1538434591
3   11   5   10   0.0035844454
3   12   1   12   -0.0151818074
3   12   2   12   0.0083674952
3   12   3   11   -0.0000000000
3   12   3   12   0.8044299222
3   12   4   12   0.0079573301
3   12   6   7   0.0357617425
3   12   6   8   0.0024047181
3   12   6   9   0.1538434591
3   12   6   10   0.0035844454
4   7   1   7   -0.0314839149
4   7   1   8   -0.0001636382
4   7   1   9   0.0042869341
4   7   1   10   0.0356180936
4   7   2   7   -0.0120067758
4   7   2   8   -0.0000011530
4   7   2   9   0.0000654139
4   7   2   10   0.0005850068
4   7   3   7   0.0269243164
4   7   3   8   -0.0002504158
4   7   3   9   -0.0019198924
4   7   3   10   0.0353998110
4   7   4   7   1.1458063497
4   7   4   8   -0.0001701447
4   7   4   9   -0.0150427762
4   7   4   10   0.0018536095
4   7   5   11   0.0015702902
4   7   6   12   0.0015702902
4   8   1   7   -0.0001230098
4   8   1   8   -0.0043993035
4   8   1   9   -0.0003348947
4   8   1   10   0.0005850068
4   8   2   7   -0.0000016031
4   8   2   8   0.0573137513
4   8   2   9   -0.0022665138
4   8   2   10   0.0044510152
4   8   3   7   -0.0002380250
4   8   3   8   -0.0567865154
4   8   3   9   -0.0013953072
4   8   3   10   0.0034238654
4   8   4   7   -0.0001701447
4   8   4   8   0.3203737469
4   8   4   9   0.0085244509
4   8   4   10   -0.0096676601
4   8   5   11   -0.0005305428
4   8   6   12   -0.0005305428
4   9   1   7   0.0043706527
4   9   1   8   -0.0003483083
4   9   1   9   -0.0032529230
4   9   1   10   0.0353998110
4   9   2   7   0.0000641009
4   9   2   8   -0.0019279331
4   9   2   9   -0.0099182393
4   9   2   10   0.0034238654
4   9   3   7   -0.0018462842
4   9   3   8   -0.0015011075
4   9   3   9   0.0035570635
4   9   3   10   0.1555959462
4   9   4   7   -0.0150427762
4   9   4   8   0.0085244509
4   9   4   9   0.8044296236
4   9   4   10   0.0158956467
4   9   5   11   0.0034446122
4   9   6   12   0.0034446122
4   10   1   7   0.0304322140
4   10   1   8   0.0005850958
4   10   1   9   0.0346592153
4   10   1   10   0.0018536095
4   10   2   7   0.0005850958
4   10   2   8   0.0032649736
4   10   2   9   0.0033631570
4   10   2   10   -0.0096676601
4   10   3   7   0.0346592153
4   10   3   8   0.0033631570
4   10   3   9   0.1507517701
4   10   3   10   0.0158956467
4   10   4   7   0.0018536095
4   10   4   8   -0.0096676601
4   10   4   9   0.0158956467
4   10   4   10   0.7923730196
4   10   5   11   0.0306757694
4   10   6   12   0.0306757694
4   11   1   11   -0.0014513416
4   11   2   11   -0.0085690234
4   11   3   11   0.0079573301
4   11   4   11   0.7252550709
4   11   4   12   -0.0000000000
4   11   5   7   0.0016965477
4   11   5   8   -0.0006514369
4   11   5   9   0.0035844454
4   11   5   10   0.0366978584
4   12   1   12   -0.0014513416
4   12   2   12   -0.0085690234
4   12   3   12   0.0079573301
4   12   4   11   -0.0000000000
4   12   4   12   0.7252550709
4   12   6   7   0.0016965477
4   12   6   8   -0.0006514369
4   12   6   9   0.0035844454
4   12   6   10   0.0366978584
5   7   1   11   0.0359165484
5   7   2   11   0.0004295946
5   7   3   11   0.0357617425
5   7   4   11   0.0016965477
5   7   5   7   1.1496628555
5   7   5   8   -0.0001627188
5   7   5   9   -0.0151818074
5   7   5   10   -0.0014513416
5   8   1   11   0.0004295946
5   8   2   11   0.0002473964
5   8   3   11   0.0024047181
5   8   4   11   -0.0006514369
5   8   5   7   -0.0001627188
5   8   5   8   0.2884522892
5   8   5   9   0.0083674952
5   8   5   10   -0.0085690234
5   9   1   11   0.0357617425
5   9   2   11   0.0024047181
5   9   3   11   0.1538434591
5   9   4   11   0.0035844454
5   9   5   7   -0.0151818074
5   9   5   8   0.0083674952
5   9   5   9   0.8044299223
5   9   5   10   0.0079573301
5   9   6   9   -0.0000000000
5   10   1   11   0.0016965477
5   10   2   11   -0.0006514369
5   10   3   11   0.0035844454
5   10   4   11   0.0366978584
5   10   5   7   -0.0014513416
5   10   5   8   -0.0085690234
5   10   5   9   0.0079573301
5   10   5   10   0.7252550709
5   10   6   10   -0.0000000000
5   11   1   7   0.0307078363
5   11   1   8   0.0004216848
5   11   1   9   0.0350413619
5   11   1   10   0.0015702902
5   11   2   7   0.0004216848
5   11   2   8   -0.0000074022
5   11   2   9   0.0023031223
5   11   2   10   -0.0005305428
5   11   3   7   0.0350413619
5   11   3   8   0.0023031223
5   11   3   9   0.1490504041
5   11   3   10   0.0034446122
5   11   4   7   0.0015702902
5   11   4   8   -0.0005305428
5   11   4   9   0.0034446122
5   11   4   10   0.0306757694
5   11   5   11   0.7914942851
5   11   5   12   -0.0000000000
5   11   6   11   -0.0000000000
5   11   6   12   0.0302287666
5   12   5   11   -0.0000000000
5   12   5   12   0.7251479236
5   12   6   11   0.0361175949
5   12   6   12   -0.0000000000
6   7   1   12   0.0359165484
6   7   2   12   0.0004295946
6   7   3   12   0.0357617425
6   7   4   12   0.0016965477
6   7   6   7   1.1496628555
6   7   6   8   -0.0001627188
6   7   6   9   -0.0151818074
6   7   6   10   -0.0014513416
6   8   1   12   0.0004295946
6   8   2   12   0.0002473964
6   8   3   12   0.0024047181
6   8   4   12   -0.0006514369
6   8   6   7   -0.0001627188
6   8   6   8   0.2884522892
6   8   6   9   0.0083674952
6   8   6   10   -0.0085690234
6   9   1   12   0.0357617425
6   9   2   12   0.0024047181
6   9   3   12   0.1538434591
6   9   4   12   0.0035844454
6   9   5   9   -0.0000000000
6   9   6   7   -0.0151818074
6   9   6   8   0.0083674952
6   9   6   9   0.8044299222
6   9   6   10   0.0079573301
6   10   1   12   0.0016965477
6   10   2   12   -0.0006514369
6   10   3   12   0.0035844454
6   10   4   12   0.0366978584
6   10   5   10   -0.0000000000
6   10   6   7   -0.0014513416
6   10   6   8   -0.0085690234
6   10   6   9   0.0079573301
6   10   6   10   0.7252550709
6   11   5   11   -0.0000000000
6   11   5   12   0.0361175949
6   11   6   11   0.7251479236
6   11   6   12   -0.0000000000
6   12   1   7   0.0307078363
6   12   1   8   0.0004216848
6   12   1   9   0.0350413619
6   12   1   10   0.0015702902
6   12   2   7   0.0004216848
6   12   2   8   -0.0000074022
6   12   2   9   0.0023031223
6   12   2   10   -0.0005305428
6   12   3   7   0.0350413619
6   12   3   8   0.0023031223
6   12   3   9   0.1490504041
6   12   3   10   0.0034446122
6   12   4   7   0.0015702902
6   12   4   8   -0.0005305428
6   12   4   9   0.0034446122
6   12   4   10   0.0306757694
6   12   5   11   0.0302287666
6   12   5   12   -0.0000000000
6   12   6   11   -0.0000000000
6   12   6   12   0.7914942851

End IJKL Block
Begin IJAB Block
1   7   1   4   0.0001101029
1   7   2   5   0.0002353652
1   7   3   6   0.0002353652
1   8   1   4   0.0000057104
1   8   2   5   -0.0000005855
1   8   3   6   -0.0000005855
1   9   1   4   0.0000653920
1   9   2   5   0.0002321749
1   9   3   6   0.0002321749
1   10   1   4   -0.0000414392
1   10   2   5   0.0000156966
1   10   3   6   0.0000156966
1   11   1   5   0.0000112359
1   11   1   6   -0.0000037541
1   11   2   4   0.0000516277
1   11   3   4   -0.0000172497
1   12   1   5   0.0000037541
1   12   1   6   0.0000112359
1   12   2   4   0.0000172497
1   12   3   4   0.0000516277
2   7   1   4   0.0000057104
2   7   2   5   -0.0000005855
2   7   3   6   -0.0000005855
2   8   1   4   0.0057284174
2   8   2   5   0.0003512316
2   8   3   6   0.0003512316
2   9   1   4   -0.0000899533
2   9   2   5   0.0000156049
2   9   3   6   0.0000156049
2   10   1   4   0.0002254116
2   10   2   5   -0.0001039098
2   10   3   6   -0.0001039098
2   11   1   5   0.0001638815
2   11   1   6   -0.0000547556
2   11   2   4   0.0001561134
2   11   3   4   -0.0000521602
2   12   1   5   0.0000547556
2   12   1   6   0.0001638815
2   12   2   4   0.0000521602
2   12   3   4   0.0001561134
3   7   1   4   0.0000653920
3   7   2   5   0.0002321749
3   7   3   6   0.0002321749
3   8   1   4   -0.0000899533
3   8   2   5   0.0000156049
3   8   3   6   0.0000156049
3   9   1   4   0.0005306144
3   9   2   5   0.0009970131
3   9   3   6   0.0009970131
3   10   1   4   -0.0006233892
3   10   2   5   0.0000465162
3   10   3   6   0.0000465162
3   11   1   5   0.0006898760
3   11   1   6   -0.0002304994
3   11   2   4   0.0003134038
3   11   3   4   -0.0001047136
3   12   1   5   0.0002304994
3   12   1   6   0.0006898760
3   12   2   4   0.0001047136
3   12   3   4   0.0003134038
4   7   1   4   -0.0000414392
4   7   2   5   0.0000156966
4   7   3   6   0.0000156966
4   8   1   4   0.0002254116
4   8   2   5   -0.0001039098
4   8   3   6   -0.0001039098
4   9   1   4   -0.0006233892
4   9   2   5   0.0000465162
4   9   3   6   0.0000465162
4   10   1   4   0.0011753373
4   10   2   5   0.0004988696
4   10   3   6   0.0004988696
4   11   1   5   -0.0012378588
4   11   1   6   0.0004135898
4   11   2   4   -0.0003849771
4   11   3   4   0.0001286274
4   12   1   5   -0.0004135898
4   12   1   6   -0.0012378588
4   12   2   4   -0.0001286274
4   12   3   4   -0.0003849771
5   7   1   5   0.0000516277
5   7   1   6   -0.0000172497
5   7   2   4   0.0000112359
5   7   3   4   -0.0000037541
5   8   1   5   0.0001561134
5   8   1   6   -0.0000521602
5   8   2   4   0.0001638815
5   8   3   4   -0.0000547556
5   9   1   5   0.0003134038
5   9   1   6   -0.0001047136
5   9   2   4   0.0006898760
5   9   3   4   -0.0002304994
5   10   1   5   -0.0003849771
5   10   1   6   0.0001286274
5   10   2   4   -0.0012378588
5   10   3   4   0.0004135898
5   11   1   4   0.0005006755
5   11   2   5   0.0029974760
5   11   2   6   -0.0008528568
5   11   3   5   -0.0008528568
5   11   3   6   0.0007298615
5   12   2   5   0.0008528568
5   12   2   6   0.0020274016
5   12   3   5   0.0002402128
5   12   3   6   -0.0008528568
6   7   1   5   0.0000172497
6   7   1   6   0.0000516277
6   7   2   4   0.0000037541
6   7   3   4   0.0000112359
6   8   1   5   0.0000521602
6   8   1   6   0.0001561134
6   8   2   4   0.0000547556
6   8   3   4   0.0001638815
6   9   1   5   0.0001047136
6   9   1   6   0.0003134038
6   9   2   4   0.0002304994
6   9   3   4   0.0006898760
6   10   1   5   -0.0001286274
6   10   1   6   -0.0003849771
6   10   2   4   -0.0004135898
6   10   3   4   -0.0012378588
6   11   2   5   0.0008528568
6   11   2   6   0.0002402128
6   11   3   5   0.0020274016
6   11   3   6   -0.0008528568
6   12   1   4   0.0005006755
6   12   2   5   0.0007298615
6   12   2   6   0.0008528568
6   12   3   5   0.0008528568
6   12   3   6   0.0029974760

End IJAB Block
Begin ABCD Block
1   4   1   4   0.2079483918
1   4   2   5   0.0216186905
1   4   3   6   0.0216186905
1   5   1   5   0.1384048134
1   5   2   4   0.0216188237
1   6   1   6   0.1384048134
1   6   3   4   0.0216188237
2   4   1   5   0.0216188237
2   4   2   4   0.1384048134
2   5   1   4   0.0216186905
2   5   2   5   0.1292802707
2   5   3   6   0.0078337306
2   6   2   6   0.1136128655
2   6   3   5   0.0078336747
3   4   1   6   0.0216188237
3   4   3   4   0.1384048134
3   5   2   6   0.0078336747
3   5   3   5   0.1136128655
3   6   1   4   0.0216186905
3   6   2   5   0.0078337306
3   6   3   6   0.1292802707

End ABCD Block
Begin AIJB Block
1   7   1   4   0.0001066025
1   7   2   4   0.0000052368
1   7   3   4   0.0000542389
1   7   4   4   -0.0000213978
1   7   5   5   0.0000373826
1   7   5   6   -0.0000124902
1   7   6   5   0.0000124902
1   7   6   6   0.0000373826
1   8   1   4   0.0000052368
1   8   2   4   0.0042930627
1   8   3   4   -0.0000485901
1   8   4   4   0.0001164143
1   8   5   5   0.0001207019
1   8   5   6   -0.0000403286
1   8   6   5   0.0000403286
1   8   6   6   0.0001207019
1   9   1   4   0.0000542389
1   9   2   4   -0.0000485901
1   9   3   4   0.0003895993
1   9   4   4   -0.0003711496
1   9   5   5   0.0001247025
1   9   5   6   -0.0000416652
1   9   6   5   0.0000416652
1   9   6   6   0.0001247025
1   10   1   4   -0.0000213978
1   10   2   4   0.0001164143
1   10   3   4   -0.0003711496
1   10   4   4   0.0008361039
1   10   5   5   -0.0002313375
1   10   5   6   0.0000772938
1   10   6   5   -0.0000772938
1   10   6   6   -0.0002313375
1   11   1   5   -0.0000100990
1   11   1   6   0.0000033743
1   11   2   5   0.0001324565
1   11   2   6   -0.0000442560
1   11   3   5   0.0004393677
1   11   3   6   -0.0001468003
1   11   4   5   -0.0009784839
1   11   4   6   0.0003269282
1   11   5   4   0.0003950124
1   12   1   5   -0.0000033743
1   12   1   6   -0.0000100990
1   12   2   5   0.0000442560
1   12   2   6   0.0001324565
1   12   3   5   0.0001468003
1   12   3   6   0.0004393677
1   12   4   5   -0.0003269282
1   12   4   6   -0.0009784839
1   12   6   4   0.0003950124
2   7   1   5   0.0002296974
2   7   2   5   -0.0000006108
2   7   3   5   0.0002084196
2   7   4   5   0.0000184867
2   7   5   4   -0.0000100990
2   7   6   4   -0.0000033743
2   8   1   5   -0.0000006108
2   8   2   5   0.0003161782
2   8   3   5   0.0000073516
2   8   4   5   -0.0000771875
2   8   5   4   0.0001324565
2   8   6   4   0.0000442560
2   9   1   5   0.0002084196
2   9   2   5   0.0000073516
2   9   3   5   0.0007693942
2   9   4   5   0.0000551870
2   9   5   4   0.0004393677
2   9   6   4   0.0001468003
2   10   1   5   0.0000184867
2   10   2   5   -0.0000771875
2   10   3   5   0.0000551870
2   10   4   5   0.0003162108
2   10   5   4   -0.0009784839
2   10   6   4   -0.0003269282
2   11   1   4   0.0000373826
2   11   2   4   0.0001207019
2   11   3   4   0.0001247025
2   11   4   4   -0.0002313375
2   11   5   5   0.0021588744
2   11   5   6   -0.0006336869
2   11   6   5   0.0006336869
2   11   6   6   0.0000494085
2   12   1   4   0.0000124902
2   12   2   4   0.0000403286
2   12   3   4   0.0000416652
2   12   4   4   -0.0000772938
2   12   5   5   0.0006336869
2   12   5   6   0.0016354669
2   12   6   5   0.0004739991
2   12   6   6   0.0006336869
3   7   1   6   0.0002296974
3   7   2   6   -0.0000006108
3   7   3   6   0.0002084196
3   7   4   6   0.0000184867
3   7   5   4   0.0000033743
3   7   6   4   -0.0000100990
3   8   1   6   -0.0000006108
3   8   2   6   0.0003161782
3   8   3   6   0.0000073516
3   8   4   6   -0.0000771875
3   8   5   4   -0.0000442560
3   8   6   4   0.0001324565
3   9   1   6   0.0002084196
3   9   2   6   0.0000073516
3   9   3   6   0.0007693942
3   9   4   6   0.0000551870
3   9   5   4   -0.0001468003
3   9   6   4   0.0004393677
3   10   1   6   0.0000184867
3   10   2   6   -0.0000771875
3   10   3   6   0.0000551870
3   10   4   6   0.0003162108
3   10   5   4   0.0003269282
3   10   6   4   -0.0009784839
3   11   1   4   -0.0000124902
3   11   2   4   -0.0000403286
3   11   3   4   -0.0000416652
3   11   4   4   0.0000772938
3   11   5   5   -0.0006336869
3   11   5   6   0.0004739991
3   11   6   5   0.0016354669
3   11   6   6   -0.0006336869
3   12   1   4   0.0000373826
3   12   2   4   0.0001207019
3   12   3   4   0.0001247025
3   12   4   4   -0.0002313375
3   12   5   5   0.0000494085
3   12   5   6   -0.0006336869
3   12   6   5   0.0006336869
3   12   6   6   0.0021588744

1   7   7   1   -0.1446772592
1   7   8   1   -0.0000081326
1   7   9   1   0.0000129140
1   7   10   1   0.0009681910
1   7   11   2   -0.0003771571
1   7   11   3   0.0001260147
1   7   12   2   -0.0001260147
1   7   12   3   -0.0003771571
1   8   7   1   -0.0000081326
1   8   8   1   -0.2348183360
1   8   9   1   0.0018768796
1   8   10   1   -0.0027774684
1   8   11   2   -0.0004776822
1   8   11   3   0.0001596018
1   8   12   2   -0.0001596018
1   8   12   3   -0.0004776822
1   9   7   1   0.0000129140
1   9   8   1   0.0018768796
1   9   9   1   -0.1447556506
1   9   10   1   0.0115441055
1   9   11   2   -0.0042014268
1   9   11   3   0.0014037686
1   9   12   2   -0.0014037686
1   9   12   3   -0.0042014268
1   10   7   1   0.0009681910
1   10   8   1   -0.0027774684
1   10   9   1   0.0115441055
1   10   10   1   -0.1468135239
1   10   11   2   0.0011982360
1   10   11   3   -0.0004003511
1   10   12   2   0.0004003511
1   10   12   3   0.0011982360
1   11   7   2   -0.0003784249
1   11   7   3   0.0001264383
1   11   8   2   -0.0004802525
1   11   8   3   0.0001604606
1   11   9   2   -0.0041995580
1   11   9   3   0.0014031442
1   11   10   2   0.0011890453
1   11   10   3   -0.0003972804
1   11   11   1   -0.1443674050
1   12   7   2   -0.0001264383
1   12   7   3   -0.0003784249
1   12   8   2   -0.0001604606
1   12   8   3   -0.0004802525
1   12   9   2   -0.0014031442
1   12   9   3   -0.0041995580
1   12   10   2   0.0003972804
1   12   10   3   0.0011890453
1   12   12   1   -0.1443674050
2   7   7   2   -0.1333827308
2   7   8   2   -0.0000017360
2   7   9   2   0.0000819652
2   7   10   2   0.0003764725
2   7   11   1   -0.0003784249
2   7   12   1   -0.0001264383
2   8   7   2   -0.0000017360
2   8   8   2   -0.1516228752
2   8   9   2   0.0003347696
2   8   10   2   -0.0003950518
2   8   11   1   -0.0004802525
2   8   12   1   -0.0001604606
2   9   7   2   0.0000819652
2   9   8   2   0.0003347696
2   9   9   2   -0.1315262011
2   9   10   2   0.0045462180
2   9   11   1   -0.0041995580
2   9   12   1   -0.0014031442
2   10   7   2   0.0003764725
2   10   8   2   -0.0003950518
2   10   9   2   0.0045462180
2   10   10   2   -0.1313380635
2   10   11   1   0.0011890453
2   10   12   1   0.0003972804
2   11   7   1   -0.0003771571
2   11   8   1   -0.0004776822
2   11   9   1   -0.0042014268
2   11   10   1   0.0011982360
2   11   11   2   -0.1321674580
2   11   11   3   0.0005043086
2   11   12   2   -0.0005043086
2   11   12   3   -0.0006799519
2   12   7   1   -0.0001260147
2   12   8   1   -0.0001596018
2   12   9   1   -0.0014037686
2   12   10   1   0.0004003511
2   12   11   2   -0.0005043086
2   12   11   3   -0.0006609267
2   12   12   2   -0.1308265794
2   12   12   3   -0.0005043086
3   7   7   3   -0.1333827308
3   7   8   3   -0.0000017360
3   7   9   3   0.0000819652
3   7   10   3   0.0003764725
3   7   11   1   0.0001264383
3   7   12   1   -0.0003784249
3   8   7   3   -0.0000017360
3   8   8   3   -0.1516228752
3   8   9   3   0.0003347696
3   8   10   3   -0.0003950518
3   8   11   1   0.0001604606
3   8   12   1   -0.0004802525
3   9   7   3   0.0000819652
3   9   8   3   0.0003347696
3   9   9   3   -0.1315262011
3   9   10   3   0.0045462180
3   9   11   1   0.0014031442
3   9   12   1   -0.0041995580
3   10   7   3   0.0003764725
3   10   8   3   -0.0003950518
3   10   9   3   0.0045462180
3   10   10   3   -0.1313380635
3   10   11   1   -0.0003972804
3   10   12   1   0.0011890453
3   11   7   1   0.0001260147
3   11   8   1   0.0001596018
3   11   9   1   0.0014037686
3   11   10   1   -0.0004003511
3   11   11   2   0.0005043086
3   11   11   3   -0.1308265794
3   11   12   2   -0.0006609267
3   11   12   3   0.0005043086
3   12   7   1   -0.0003771571
3   12   8   1   -0.0004776822
3   12   9   1   -0.0042014268
3   12   10   1   0.0011982360
3   12   11   2   -0.0006799519
3   12   11   3   0.0005043086
3   12   12   2   -0.0005043086
3   12   12   3   -0.1321674580

End AIJB Block
Begin IJKA Block
1   7   1   4   0.0113385623
1   7   2   4   -0.0000298734
1   7   3   4   -0.0019350114
1   7   4   4   0.0013706275
1   7   5   5   -0.0026645752
1   7   5   6   0.0008902802
1   7   6   5   -0.0008902802
1   7   6   6   -0.0026645752
1   8   1   4   -0.0043033458
1   8   2   4   -0.0000008123
1   8   3   4   0.0000046774
1   8   4   4   0.0001387671
1   8   5   5   0.0000127890
1   8   5   6   -0.0000042730
1   8   6   5   0.0000042730
1   8   6   6   0.0000127890
1   9   1   4   -0.0135482559
1   9   2   4   -0.0000058971
1   9   3   4   0.0002630095
1   9   4   4   0.0014627846
1   9   5   5   -0.0025131157
1   9   5   6   0.0008396750
1   9   6   5   -0.0008396750
1   9   6   6   -0.0025131157
1   10   1   4   0.0215483472
1   10   2   4   0.0000010692
1   10   3   4   0.0000813723
1   10   4   4   -0.0005458852
1   10   5   5   -0.0002079501
1   10   5   6   0.0000694797
1   10   6   5   -0.0000694797
1   10   6   6   -0.0002079501
1   11   1   5   -0.0411102639
1   11   1   6   0.0137356428
1   11   2   5   0.0000064291
1   11   2   6   -0.0000021481
1   11   3   5   -0.0000076454
1   11   3   6   0.0000025544
1   11   4   5   -0.0001009334
1   11   4   6   0.0000337236
1   11   5   4   -0.0004958393
1   12   1   5   -0.0137356428
1   12   1   6   -0.0411102639
1   12   2   5   0.0000021481
1   12   2   6   0.0000064291
1   12   3   5   -0.0000025544
1   12   3   6   -0.0000076454
1   12   4   5   -0.0000337236
1   12   4   6   -0.0001009334
1   12   6   4   -0.0004958393
2   7   1   4   -0.0000257247
2   7   2   4   -0.0001752266
2   7   3   4   -0.0000089933
2   7   4   4   0.0000235887
2   7   5   5   -0.0000311310
2   7   5   6   0.0000104014
2   7   6   5   -0.0000104014
2   7   6   6   -0.0000311310
2   8   1   4   -0.0000023169
2   8   2   4   -0.0645788217
2   8   3   4   0.0016223236
2   8   4   4   -0.0028897435
2   8   5   5   0.0002099735
2   8   5   6   -0.0000701558
2   8   6   5   0.0000701558
2   8   6   6   0.0002099735
2   9   1   4   -0.0000059111
2   9   2   4   0.0001168928
2   9   3   4   -0.0002188878
2   9   4   4   0.0003098092
2   9   5   5   -0.0001085226
2   9   5   6   0.0000362593
2   9   6   5   -0.0000362593
2   9   6   6   -0.0001085226
2   10   1   4   0.0000066597
2   10   2   4   -0.0034059470
2   10   3   4   0.0003749245
2   10   4   4   -0.0004799494
2   10   5   5   -0.0000567479
2   10   5   6   0.0000189604
2   10   6   5   -0.0000189604
2   10   6   6   -0.0000567479
2   11   1   5   -0.0000050765
2   11   1   6   0.0000016962
2   11   2   5   -0.0003076257
2   11   2   6   0.0001027830
2   11   3   5   -0.0004369990
2   11   3   6   0.0001460088
2   11   4   5   0.0004126685
2   11   4   6   -0.0001378796
2   11   5   4   0.0000674550
2   12   1   5   -0.0000016962
2   12   1   6   -0.0000050765
2   12   2   5   -0.0001027830
2   12   2   6   -0.0003076257
2   12   3   5   -0.0001460088
2   12   3   6   -0.0004369990
2   12   4   5   0.0001378796
2   12   4   6   0.0004126685
2   12   6   4   0.0000674550
3   7   1   4   -0.0021078962
3   7   2   4   -0.0000101490
3   7   3   4   0.0003070020
3   7   4   4   0.0016255608
3   7   5   5   -0.0028513949
3   7   5   6   0.0009526998
3   7   6   5   -0.0009526998
3   7   6   6   -0.0028513949
3   8   1   4   0.0000048795
3   8   2   4   0.0016239757
3   8   3   4   -0.0043127893
3   8   4   4   0.0015392555
3   8   5   5   0.0003093749
3   8   5   6   -0.0001033675
3   8   6   5   0.0001033675
3   8   6   6   0.0003093749
3   9   1   4   0.0001009493
3   9   2   4   -0.0001940511
3   9   3   4   -0.0084862670
3   9   4   4   0.0059043179
3   9   5   5   -0.0103216867
3   9   5   6   0.0034486522
3   9   6   5   -0.0034486522
3   9   6   6   -0.0103216867
3   10   1   4   0.0002655524
3   10   2   4   0.0003082832
3   10   3   4   0.0160304373
3   10   4   4   -0.0014813940
3   10   5   5   -0.0010930341
3   10   5   6   0.0003652014
3   10   6   5   -0.0003652014
3   10   6   6   -0.0010930341
3   11   1   5   -0.0003366645
3   11   1   6   0.0001124854
3   11   2   5   -0.0003438957
3   11   2   6   0.0001149014
3   11   3   5   -0.0297065603
3   11   3   6   0.0099254702
3   11   4   5   -0.0014434676
3   11   4   6   0.0004822872
3   11   5   4   -0.0008938478
3   12   1   5   -0.0001124854
3   12   1   6   -0.0003366645
3   12   2   5   -0.0001149014
3   12   2   6   -0.0003438957
3   12   3   5   -0.0099254702
3   12   3   6   -0.0297065603
3   12   4   5   -0.0004822872
3   12   4   6   -0.0014434676
3   12   6   4   -0.0008938478
4   7   1   4   0.0016554670
4   7   2   4   0.0000228093
4   7   3   4   0.0017016101
4   7   4   4   0.0003504354
4   7   5   5   -0.0001284252
4   7   5   6   0.0000429091
4   7   6   5   -0.0000429091
4   7   6   6   -0.0001284252
4   8   1   4   0.0001257613
4   8   2   4   -0.0029562770
4   8   3   4   0.0014650804
4   8   4   4   -0.0050767464
4   8   5   5   -0.0002186907
4   8   5   6   0.0000730683
4   8   6   5   -0.0000730683
4   8   6   6   -0.0002186907
4   9   1   4   0.0015473678
4   9   2   4   0.0002595056
4   9   3   4   0.0059692873
4   9   4   4   -0.0070404687
4   9   5   5   -0.0005047840
4   9   5   6   0.0001686570
4   9   6   5   -0.0001686570
4   9   6   6   -0.0005047840
4   10   1   4   -0.0004904979
4   10   2   4   -0.0003634979
4   10   3   4   -0.0015899312
4   10   4   4   0.0171298202
4   10   5   5   -0.0027984346
4   10   5   6   0.0009350049
4   10   6   5   -0.0009350049
4   10   6   6   -0.0027984346
4   11   1   5   -0.0001007862
4   11   1   6   0.0000336744
4   11   2   5   0.0002752753
4   11   2   6   -0.0000919742
4   11   3   5   -0.0011313485
4   11   3   6   0.0003780029
4   11   4   5   -0.0255509535
4   11   4   6   0.0085370109
4   11   5   4   0.0015927989
4   12   1   5   -0.0000336744
4   12   1   6   -0.0001007862
4   12   2   5   0.0000919742
4   12   2   6   0.0002752753
4   12   3   5   -0.0003780029
4   12   3   6   -0.0011313485
4   12   4   5   -0.0085370109
4   12   4   6   -0.0255509535
4   12   6   4   0.0015927989
5   7   1   5   -0.0031412514
5   7   1   6   0.0010495458
5   7   2   5   -0.0000325357
5   7   2   6   0.0000108707
5   7   3   5   -0.0029545218
5   7   3   6   0.0009871563
5   7   4   5   -0.0001505347
5   7   4   6   0.0000502962
5   7   5   4   0.0002107780
5   8   1   5   0.0000055312
5   8   1   6   -0.0000018481
5   8   2   5   0.0002128731
5   8   2   6   -0.0000711246
5   8   3   5   0.0002865396
5   8   3   6   -0.0000957378
5   8   4   5   -0.0002252070
5   8   4   6   0.0000752455
5   8   5   4   -0.0038368033
5   9   1   5   -0.0026391965
5   9   1   6   0.0008818007
5   9   2   5   -0.0000747247
5   9   2   6   0.0000249668
5   9   3   5   -0.0103211526
5   9   3   6   0.0034484737
5   9   4   5   -0.0004779658
5   9   4   6   0.0001596966
5   9   5   4   -0.0071101955
5   10   1   5   -0.0002090305
5   10   1   6   0.0000698407
5   10   2   5   -0.0000704279
5   10   2   6   0.0000235312
5   10   3   5   -0.0009412165
5   10   3   6   0.0003144765
5   10   4   5   -0.0029225818
5   10   4   6   0.0009764846
5   10   5   4   0.0136399192
5   11   1   4   -0.0004589144
5   11   2   4   0.0000563736
5   11   3   4   -0.0009758569
5   11   4   4   0.0015305602
5   11   5   5   -0.0318527850
5   11   5   6   0.0106425606
5   11   6   5   -0.0009846181
5   11   6   6   -0.0029469250
5   12   5   5   -0.0086252600
5   12   5   6   -0.0258150797
5   12   6   5   -0.0030907803
5   12   6   6   0.0010326826
6   7   1   5   -0.0010495458
6   7   1   6   -0.0031412514
6   7   2   5   -0.0000108707
6   7   2   6   -0.0000325357
6   7   3   5   -0.0009871563
6   7   3   6   -0.0029545218
6   7   4   5   -0.0000502962
6   7   4   6   -0.0001505347
6   7   6   4   0.0002107780
6   8   1   5   0.0000018481
6   8   1   6   0.0000055312
6   8   2   5   0.0000711246
6   8   2   6   0.0002128731
6   8   3   5   0.0000957378
6   8   3   6   0.0002865396
6   8   4   5   -0.0000752455
6   8   4   6   -0.0002252070
6   8   6   4   -0.0038368033
6   9   1   5   -0.0008818007
6   9   1   6   -0.0026391965
6   9   2   5   -0.0000249668
6   9   2   6   -0.0000747247
6   9   3   5   -0.0034484737
6   9   3   6   -0.0103211526
6   9   4   5   -0.0001596966
6   9   4   6   -0.0004779658
6   9   6   4   -0.0071101955
6   10   1   5   -0.0000698407
6   10   1   6   -0.0002090305
6   10   2   5   -0.0000235312
6   10   2   6   -0.0000704279
6   10   3   5   -0.0003144765
6   10   3   6   -0.0009412165
6   10   4   5   -0.0009764846
6   10   4   6   -0.0029225818
6   10   6   4   0.0136399192
6   11   5   5   -0.0010326826
6   11   5   6   -0.0030907803
6   11   6   5   -0.0258150797
6   11   6   6   0.0086252600
6   12   1   4   -0.0004589144
6   12   2   4   0.0000563736
6   12   3   4   -0.0009758569
6   12   4   4   0.0015305602
6   12   5   5   -0.0029469250
6   12   5   6   0.0009846181
6   12   6   5   -0.0106425606
6   12   6   6   -0.0318527850

End IJKA Block
Begin IABC Block
1   4   1   4   -0.0000389488
1   4   2   5   -0.0000286966
1   4   3   6   -0.0000286966
1   5   1   5   -0.0000129167
1   5   2   4   -0.0000288441
1   6   1   6   -0.0000129167
1   6   3   4   -0.0000288441
2   4   1   4   0.0010616193
2   4   2   5   0.0006165072
2   4   3   6   0.0006165072
2   5   1   5   0.0001432351
2   5   2   4   0.0006191513
2   6   1   6   0.0001432351
2   6   3   4   0.0006191513
3   4   1   4   -0.0002133036
3   4   2   5   0.0000021741
3   4   3   6   0.0000021741
3   5   1   5   -0.0000610189
3   5   2   4   0.0000000402
3   6   1   6   -0.0000610189
3   6   3   4   0.0000000402
4   4   1   4   -0.0010276495
4   4   2   5   -0.0006736961
4   4   3   6   -0.0006736961
4   5   1   5   -0.0005935424
4   5   2   4   -0.0006726487
4   6   1   6   -0.0005935424
4   6   3   4   -0.0006726487
5   4   1   5   0.0013399260
5   4   1   6   -0.0004476922
5   4   2   4   0.0010139444
5   4   3   4   -0.0003387762
5   5   1   4   0.0013319452
5   5   2   5   0.0006937761
5   5   2   6   -0.0000947526
5   5   3   5   -0.0000426882
5   5   3   6   0.0002824211
5   6   1   4   -0.0004450257
5   6   2   5   -0.0000943617
5   6   2   6   0.0001277642
5   6   3   5   0.0002835909
5   6   3   6   -0.0002318025
6   4   1   5   0.0004476922
6   4   1   6   0.0013399260
6   4   2   4   0.0003387762
6   4   3   4   0.0010139444
6   5   1   4   0.0004450257
6   5   2   5   0.0002318025
6   5   2   6   0.0002835909
6   5   3   5   0.0001277642
6   5   3   6   0.0000943617
6   6   1   4   0.0013319452
6   6   2   5   0.0002824211
6   6   2   6   0.0000426882
6   6   3   5   0.0000947526
6   6   3   6   0.0006937761

End IABC Block
