Begin IJ Block
1   1   -41.0719113502
1   2   0.0009216122
1   3   0.7517698329
1   6   0.0321479701
2   2   -6.4068747516
2   3   -0.0035480255
2   6   -0.0083551845
3   3   -9.4719168694
3   6   -0.0363845228
4   4   -8.3178544795
4   5   -0.0000000000
5   5   -8.3178544795
6   6   -8.1649763148

End IJ Block
Begin IA Block
1   1   -0.0109441427
1   4   -0.0414569046
2   1   0.1010770626
2   4   0.0686359720
3   1   0.0726417637
3   4   0.2395918478
4   2   -0.1906403140
4   3   0.3281945294
5   2   0.3281945294
5   3   0.1906403140
6   1   -0.3275481355
6   4   -0.1763793454

End IA Block
Begin AB Block
1   1   -1.8747454470
1   4   -0.4073251704
2   2   -1.6144303235
2   3   0.0000000000
3   3   -1.6144303235
4   4   -1.7053391835

End AB Block
Begin IJKL Block
1   7   1   7   5.3561253436
1   7   1   8   -0.0005981845
1   7   1   9   -0.5335610172
1   7   1   12   -0.0209347533
1   7   2   7   -0.0005981845
1   7   2   8   0.0000001550
1   7   2   9   0.0000971952
1   7   2   12   -0.0000351068
1   7   3   7   -0.5335610172
1   7   3   8   0.0000971952
1   7   3   9   0.0861185248
1   7   3   12   0.0032232084
1   7   4   10   0.0359561801
1   7   5   11   0.0359561801
1   7   6   7   -0.0209347533
1   7   6   8   -0.0000351068
1   7   6   9   0.0032232084
1   7   6   12   0.0338555485
1   8   1   7   -0.0005981845
1   8   1   8   0.2181483604
1   8   1   9   0.0016379201
1   8   1   12   -0.0027455536
1   8   2   7   0.0000001550
1   8   2   8   -0.0000050693
1   8   2   9   0.0000000465
1   8   2   12   -0.0000001799
1   8   3   7   0.0000971952
1   8   3   8   0.0000167891
1   8   3   9   -0.0000258359
1   8   3   12   0.0000140608
1   8   4   10   0.0000491089
1   8   5   11   0.0000491089
1   8   6   7   -0.0000351068
1   8   6   8   -0.0024065218
1   8   6   9   -0.0000508521
1   8   6   12   0.0000798549
1   9   1   7   -0.5335610172
1   9   1   8   0.0016379201
1   9   1   9   1.2646195142
1   9   1   12   0.0246747021
1   9   2   7   0.0000971952
1   9   2   8   0.0000000465
1   9   2   9   -0.0000280905
1   9   2   12   -0.0000410030
1   9   3   7   0.0861185248
1   9   3   8   -0.0000258359
1   9   3   9   -0.0232086628
1   9   3   12   -0.0010914045
1   9   4   10   0.0372566698
1   9   5   11   0.0372566698
1   9   6   7   0.0032232084
1   9   6   8   -0.0000508521
1   9   6   9   -0.0015112225
1   9   6   12   0.0352588958
1   10   1   10   1.1638110800
1   10   2   10   -0.0000178939
1   10   3   10   -0.0144923721
1   10   4   7   0.0359561801
1   10   4   8   0.0000491089
1   10   4   9   0.0372566698
1   10   4   12   0.0011325809
1   10   6   10   -0.0008358293
1   11   1   11   1.1638110800
1   11   2   11   -0.0000178939
1   11   3   11   -0.0144923721
1   11   5   7   0.0359561801
1   11   5   8   0.0000491089
1   11   5   9   0.0372566698
1   11   5   12   0.0011325809
1   11   6   11   -0.0008358293
1   12   1   7   -0.0209347533
1   12   1   8   -0.0027455536
1   12   1   9   0.0246747021
1   12   1   12   1.1234691066
1   12   2   7   -0.0000351068
1   12   2   8   -0.0000001799
1   12   2   9   -0.0000410030
1   12   2   12   -0.0000191825
1   12   3   7   0.0032232084
1   12   3   8   0.0000140608
1   12   3   9   -0.0010914045
1   12   3   12   -0.0136459803
1   12   4   10   0.0011325809
1   12   5   11   0.0011325809
1   12   6   7   0.0338555485
1   12   6   8   0.0000798549
1   12   6   9   0.0352588958
1   12   6   12   0.0011391664
2   7   1   7   -0.0005981845
2   7   1   8   0.0000001550
2   7   1   9   0.0000971952
2   7   1   12   -0.0000351068
2   7   2   7   0.2181483604
2   7   2   8   -0.0000050693
2   7   2   9   0.0000167891
2   7   2   12   -0.0024065218
2   7   3   7   0.0016379201
2   7   3   8   0.0000000465
2   7   3   9   -0.0000258359
2   7   3   12   -0.0000508521
2   7   4   10   0.0000491089
2   7   5   11   0.0000491089
2   7   6   7   -0.0027455536
2   7   6   8   -0.0000001799
2   7   6   9   0.0000140608
2   7   6   12   0.0000798549
2   8   1   7   0.0000001550
2   8   1   8   -0.0000050693
2   8   1   9   0.0000000465
2   8   1   12   -0.0000001799
2   8   2   7   -0.0000050693
2   8   2   8   1.6509440081
2   8   2   9   -0.0064384319
2   8   2   12   0.0295711393
2   8   3   7   0.0000000465
2   8   3   8   -0.0064384319
2   8   3   9   0.0000426025
2   8   3   12   -0.0002043103
2   8   4   10   0.0000174814
2   8   5   11   0.0000174814
2   8   6   7   -0.0000001799
2   8   6   8   0.0295711393
2   8   6   9   -0.0002043103
2   8   6   12   0.0010383824
2   9   1   7   0.0000971952
2   9   1   8   0.0000000465
2   9   1   9   -0.0000280905
2   9   1   12   -0.0000410030
2   9   2   7   0.0000167891
2   9   2   8   -0.0064384319
2   9   2   9   0.2192862584
2   9   2   12   -0.0306980967
2   9   3   7   -0.0000258359
2   9   3   8   0.0000426025
2   9   3   9   0.0012267183
2   9   3   12   -0.0002749300
2   9   4   10   0.0002938224
2   9   5   11   0.0002938224
2   9   6   7   0.0000140608
2   9   6   8   -0.0002043103
2   9   6   9   -0.0024106237
2   9   6   12   0.0006403348
2   10   1   10   -0.0000178939
2   10   2   10   0.2158949530
2   10   3   10   0.0011225210
2   10   4   7   0.0000491089
2   10   4   8   0.0000174814
2   10   4   9   0.0002938224
2   10   4   12   -0.0001009330
2   10   6   10   -0.0022141369
2   11   1   11   -0.0000178939
2   11   2   11   0.2158949530
2   11   3   11   0.0011225210
2   11   5   7   0.0000491089
2   11   5   8   0.0000174814
2   11   5   9   0.0002938224
2   11   5   12   -0.0001009330
2   11   6   11   -0.0022141369
2   12   1   7   -0.0000351068
2   12   1   8   -0.0000001799
2   12   1   9   -0.0000410030
2   12   1   12   -0.0000191825
2   12   2   7   -0.0024065218
2   12   2   8   0.0295711393
2   12   2   9   -0.0306980967
2   12   2   12   0.2361484359
2   12   3   7   -0.0000508521
2   12   3   8   -0.0002043103
2   12   3   9   -0.0002749300
2   12   3   12   0.0011594947
2   12   4   10   -0.0001009330
2   12   5   11   -0.0001009330
2   12   6   7   0.0000798549
2   12   6   8   0.0010383824
2   12   6   9   0.0006403348
2   12   6   12   -0.0025589556
3   7   1   7   -0.5335610172
3   7   1   8   0.0000971952
3   7   1   9   0.0861185248
3   7   1   12   0.0032232084
3   7   2   7   0.0016379201
3   7   2   8   0.0000000465
3   7   2   9   -0.0000258359
3   7   2   12   -0.0000508521
3   7   3   7   1.2646195142
3   7   3   8   -0.0000280905
3   7   3   9   -0.0232086628
3   7   3   12   -0.0015112225
3   7   4   10   0.0372566698
3   7   5   11   0.0372566698
3   7   6   7   0.0246747021
3   7   6   8   -0.0000410030
3   7   6   9   -0.0010914045
3   7   6   12   0.0352588958
3   8   1   7   0.0000971952
3   8   1   8   0.0000167891
3   8   1   9   -0.0000258359
3   8   1   12   0.0000140608
3   8   2   7   0.0000000465
3   8   2   8   -0.0064384319
3   8   2   9   0.0000426025
3   8   2   12   -0.0002043103
3   8   3   7   -0.0000280905
3   8   3   8   0.2192862584
3   8   3   9   0.0012267183
3   8   3   12   -0.0024106237
3   8   4   10   0.0002938224
3   8   5   11   0.0002938224
3   8   6   7   -0.0000410030
3   8   6   8   -0.0306980967
3   8   6   9   -0.0002749300
3   8   6   12   0.0006403348
3   9   1   7   0.0861185248
3   9   1   8   -0.0000258359
3   9   1   9   -0.0232086628
3   9   1   12   -0.0010914045
3   9   2   7   -0.0000258359
3   9   2   8   0.0000426025
3   9   2   9   0.0012267183
3   9   2   12   -0.0002749300
3   9   3   7   -0.0232086628
3   9   3   8   0.0012267183
3   9   3   9   0.8831919335
3   9   3   12   0.0086828085
3   9   4   10   0.1643616773
3   9   5   11   0.1643616773
3   9   6   7   -0.0010914045
3   9   6   8   -0.0002749300
3   9   6   9   0.0086828085
3   9   6   12   0.1593175580
3   10   1   10   -0.0144923721
3   10   2   10   0.0011225210
3   10   3   10   0.8251758891
3   10   4   7   0.0372566698
3   10   4   8   0.0002938224
3   10   4   9   0.1643616773
3   10   4   12   0.0025878019
3   10   6   10   0.0090912131
3   11   1   11   -0.0144923721
3   11   2   11   0.0011225210
3   11   3   11   0.8251758891
3   11   5   7   0.0372566698
3   11   5   8   0.0002938224
3   11   5   9   0.1643616773
3   11   5   12   0.0025878019
3   11   6   11   0.0090912131
3   12   1   7   0.0032232084
3   12   1   8   0.0000140608
3   12   1   9   -0.0010914045
3   12   1   12   -0.0136459803
3   12   2   7   -0.0000508521
3   12   2   8   -0.0002043103
3   12   2   9   -0.0002749300
3   12   2   12   0.0011594947
3   12   3   7   -0.0015112225
3   12   3   8   -0.0024106237
3   12   3   9   0.0086828085
3   12   3   12   0.8040030257
3   12   4   10   0.0025878019
3   12   5   11   0.0025878019
3   12   6   7   0.0352588958
3   12   6   8   0.0006403348
3   12   6   9   0.1593175580
3   12   6   12   0.0115781531
4   7   1   10   0.0359561801
4   7   2   10   0.0000491089
4   7   3   10   0.0372566698
4   7   4   7   1.1638110800
4   7   4   8   -0.0000178939
4   7   4   9   -0.0144923721
4   7   4   12   -0.0008358293
4   7   6   10   0.0011325809
4   8   1   10   0.0000491089
4   8   2   10   0.0000174814
4   8   3   10   0.0002938224
4   8   4   7   -0.0000178939
4   8   4   8   0.2158949530
4   8   4   9   0.0011225210
4   8   4   12   -0.0022141369
4   8   6   10   -0.0001009330
4   9   1   10   0.0372566698
4   9   2   10   0.0002938224
4   9   3   10   0.1643616773
4   9   4   7   -0.0144923721
4   9   4   8   0.0011225210
4   9   4   9   0.8251758891
4   9   4   12   0.0090912131
4   9   6   10   0.0025878019
4   10   1   7   0.0359561801
4   10   1   8   0.0000491089
4   10   1   9   0.0372566698
4   10   1   12   0.0011325809
4   10   2   7   0.0000491089
4   10   2   8   0.0000174814
4   10   2   9   0.0002938224
4   10   2   12   -0.0001009330
4   10   3   7   0.0372566698
4   10   3   8   0.0002938224
4   10   3   9   0.1643616773
4   10   3   12   0.0025878019
4   10   4   10   0.8306255832
4   10   4   11   0.0000000000
4   10   5   10   0.0000000000
4   10   5   11   0.0401651865
4   10   6   7   0.0011325809
4   10   6   8   -0.0001009330
4   10   6   9   0.0025878019
4   10   6   12   0.0390530405
4   11   4   10   0.0000000000
4   11   4   11   0.7502952102
4   11   5   10   0.0401651865
4   11   5   11   0.0000000000
4   12   1   10   0.0011325809
4   12   2   10   -0.0001009330
4   12   3   10   0.0025878019
4   12   4   7   -0.0008358293
4   12   4   8   -0.0022141369
4   12   4   9   0.0090912131
4   12   4   12   0.7319132600
4   12   5   12   0.0000000000
4   12   6   10   0.0390530405
5   7   1   11   0.0359561801
5   7   2   11   0.0000491089
5   7   3   11   0.0372566698
5   7   5   7   1.1638110800
5   7   5   8   -0.0000178939
5   7   5   9   -0.0144923721
5   7   5   12   -0.0008358293
5   7   6   11   0.0011325809
5   8   1   11   0.0000491089
5   8   2   11   0.0000174814
5   8   3   11   0.0002938224
5   8   5   7   -0.0000178939
5   8   5   8   0.2158949530
5   8   5   9   0.0011225210
5   8   5   12   -0.0022141369
5   8   6   11   -0.0001009330
5   9   1   11   0.0372566698
5   9   2   11   0.0002938224
5   9   3   11   0.1643616773
5   9   5   7   -0.0144923721
5   9   5   8   0.0011225210
5   9   5   9   0.8251758891
5   9   5   12   0.0090912131
5   9   6   11   0.0025878019
5   10   4   10   0.0000000000
5   10   4   11   0.0401651865
5   10   5   10   0.7502952102
5   10   5   11   0.0000000000
5   11   1   7   0.0359561801
5   11   1   8   0.0000491089
5   11   1   9   0.0372566698
5   11   1   12   0.0011325809
5   11   2   7   0.0000491089
5   11   2   8   0.0000174814
5   11   2   9   0.0002938224
5   11   2   12   -0.0001009330
5   11   3   7   0.0372566698
5   11   3   8   0.0002938224
5   11   3   9   0.1643616773
5   11   3   12   0.0025878019
5   11   4   10   0.0401651865
5   11   4   11   0.0000000000
5   11   5   10   0.0000000000
5   11   5   11   0.8306255831
5   11   6   7   0.0011325809
5   11   6   8   -0.0001009330
5   11   6   9   0.0025878019
5   11   6   12   0.0390530405
5   12   1   11   0.0011325809
5   12   2   11   -0.0001009330
5   12   3   11   0.0025878019
5   12   4   12   0.0000000000
5   12   5   7   -0.0008358293
5   12   5   8   -0.0022141369
5   12   5   9   0.0090912131
5   12   5   12   0.7319132600
5   12   6   11   0.0390530405
6   7   1   7   -0.0209347533
6   7   1   8   -0.0000351068
6   7   1   9   0.0032232084
6   7   1   12   0.0338555485
6   7   2   7   -0.0027455536
6   7   2   8   -0.0000001799
6   7   2   9   0.0000140608
6   7   2   12   0.0000798549
6   7   3   7   0.0246747021
6   7   3   8   -0.0000410030
6   7   3   9   -0.0010914045
6   7   3   12   0.0352588958
6   7   4   10   0.0011325809
6   7   5   11   0.0011325809
6   7   6   7   1.1234691066
6   7   6   8   -0.0000191825
6   7   6   9   -0.0136459803
6   7   6   12   0.0011391664
6   8   1   7   -0.0000351068
6   8   1   8   -0.0024065218
6   8   1   9   -0.0000508521
6   8   1   12   0.0000798549
6   8   2   7   -0.0000001799
6   8   2   8   0.0295711393
6   8   2   9   -0.0002043103
6   8   2   12   0.0010383824
6   8   3   7   -0.0000410030
6   8   3   8   -0.0306980967
6   8   3   9   -0.0002749300
6   8   3   12   0.0006403348
6   8   4   10   -0.0001009330
6   8   5   11   -0.0001009330
6   8   6   7   -0.0000191825
6   8   6   8   0.2361484359
6   8   6   9   0.0011594947
6   8   6   12   -0.0025589556
6   9   1   7   0.0032232084
6   9   1   8   -0.0000508521
6   9   1   9   -0.0015112225
6   9   1   12   0.0352588958
6   9   2   7   0.0000140608
6   9   2   8   -0.0002043103
6   9   2   9   -0.0024106237
6   9   2   12   0.0006403348
6   9   3   7   -0.0010914045
6   9   3   8   -0.0002749300
6   9   3   9   0.0086828085
6   9   3   12   0.1593175580
6   9   4   10   0.0025878019
6   9   5   11   0.0025878019
6   9   6   7   -0.0136459803
6   9   6   8   0.0011594947
6   9   6   9   0.8040030257
6   9   6   12   0.0115781531
6   10   1   10   -0.0008358293
6   10   2   10   -0.0022141369
6   10   3   10   0.0090912131
6   10   4   7   0.0011325809
6   10   4   8   -0.0001009330
6   10   4   9   0.0025878019
6   10   4   12   0.0390530405
6   10   6   10   0.7319132600
6   10   6   11   0.0000000000
6   11   1   11   -0.0008358293
6   11   2   11   -0.0022141369
6   11   3   11   0.0090912131
6   11   5   7   0.0011325809
6   11   5   8   -0.0001009330
6   11   5   9   0.0025878019
6   11   5   12   0.0390530405
6   11   6   10   0.0000000000
6   11   6   11   0.7319132600
6   12   1   7   0.0338555485
6   12   1   8   0.0000798549
6   12   1   9   0.0352588958
6   12   1   12   0.0011391664
6   12   2   7   0.0000798549
6   12   2   8   0.0010383824
6   12   2   9   0.0006403348
6   12   2   12   -0.0025589556
6   12   3   7   0.0352588958
6   12   3   8   0.0006403348
6   12   3   9   0.1593175580
6   12   3   12   0.0115781531
6   12   4   10   0.0390530405
6   12   5   11   0.0390530405
6   12   6   7   0.0011391664
6   12   6   8   -0.0025589556
6   12   6   9   0.0115781531
6   12   6   12   0.7906472540

End IJKL Block
Begin IJAB Block
1   7   1   5   0.0001825395
1   7   1   8   0.0001898700
1   7   2   6   0.0002066766
1   7   3   7   0.0002066766
1   7   4   5   0.0001898700
1   7   4   8   0.0003707879
1   8   1   5   0.0000033496
1   8   1   8   0.0000006351
1   8   2   6   -0.0000016958
1   8   3   7   -0.0000016958
1   8   4   5   0.0000023370
1   8   4   8   0.0000003609
1   9   1   5   0.0001530600
1   9   1   8   0.0000935515
1   9   2   6   0.0001981394
1   9   3   7   0.0001981394
1   9   4   5   0.0000895379
1   9   4   8   0.0000028337
1   10   1   6   0.0000103170
1   10   1   7   -0.0000177612
1   10   2   5   -0.0000164693
1   10   2   8   -0.0000626031
1   10   3   5   0.0000283525
1   10   3   8   0.0001077736
1   10   4   6   0.0000316323
1   10   4   7   -0.0000544562
1   11   1   6   -0.0000177612
1   11   1   7   -0.0000103170
1   11   2   5   0.0000283525
1   11   2   8   0.0001077736
1   11   3   5   0.0000164693
1   11   3   8   0.0000626031
1   11   4   6   -0.0000544562
1   11   4   7   -0.0000316323
1   12   1   5   -0.0000065218
1   12   1   8   -0.0000808918
1   12   2   6   0.0000133780
1   12   3   7   0.0000133780
1   12   4   5   0.0000368599
1   12   4   8   -0.0000301091
2   7   1   5   0.0000033496
2   7   1   8   0.0000023370
2   7   2   6   -0.0000016958
2   7   3   7   -0.0000016958
2   7   4   5   0.0000006351
2   7   4   8   0.0000003609
2   8   1   5   0.0062047550
2   8   1   8   0.0047600052
2   8   2   6   0.0007091577
2   8   3   7   0.0007091577
2   8   4   5   0.0047600052
2   8   4   8   0.0039551189
2   9   1   5   -0.0000025939
2   9   1   8   -0.0000153102
2   9   2   6   0.0000071555
2   9   3   7   0.0000071555
2   9   4   5   -0.0000194541
2   9   4   8   -0.0000224578
2   10   1   6   -0.0000231444
2   10   1   7   0.0000398440
2   10   2   5   -0.0000495381
2   10   2   8   -0.0000683955
2   10   3   5   0.0000852817
2   10   3   8   0.0001177454
2   10   4   6   0.0000002840
2   10   4   7   -0.0000004889
2   11   1   6   0.0000398440
2   11   1   7   0.0000231444
2   11   2   5   0.0000852817
2   11   2   8   0.0001177454
2   11   3   5   0.0000495381
2   11   3   8   0.0000683955
2   11   4   6   -0.0000004889
2   11   4   7   -0.0000002840
2   12   1   5   0.0001209590
2   12   1   8   0.0003157342
2   12   2   6   -0.0001667036
2   12   3   7   -0.0001667036
2   12   4   5   0.0001268313
2   12   4   8   0.0001731634
3   7   1   5   0.0001530600
3   7   1   8   0.0000895379
3   7   2   6   0.0001981394
3   7   3   7   0.0001981394
3   7   4   5   0.0000935515
3   7   4   8   0.0000028337
3   8   1   5   -0.0000025939
3   8   1   8   -0.0000194541
3   8   2   6   0.0000071555
3   8   3   7   0.0000071555
3   8   4   5   -0.0000153102
3   8   4   8   -0.0000224578
3   9   1   5   0.0007247990
3   9   1   8   0.0007716587
3   9   2   6   0.0007427361
3   9   3   7   0.0007427361
3   9   4   5   0.0007716587
3   9   4   8   0.0014539656
3   10   1   6   -0.0002154890
3   10   1   7   0.0003709725
3   10   2   5   -0.0000535974
3   10   2   8   -0.0001918877
3   10   3   5   0.0000922699
3   10   3   8   0.0003303420
3   10   4   6   -0.0007811359
3   10   4   7   0.0013447550
3   11   1   6   0.0003709725
3   11   1   7   0.0002154890
3   11   2   5   0.0000922699
3   11   2   8   0.0003303420
3   11   3   5   0.0000535974
3   11   3   8   0.0001918877
3   11   4   6   0.0013447550
3   11   4   7   0.0007811359
3   12   1   5   -0.0004570792
3   12   1   8   -0.0004801498
3   12   2   6   0.0000394855
3   12   3   7   0.0000394855
3   12   4   5   -0.0014136490
3   12   4   8   -0.0010972795
4   7   1   6   -0.0000164693
4   7   1   7   0.0000283525
4   7   2   5   0.0000103170
4   7   2   8   0.0000316323
4   7   3   5   -0.0000177612
4   7   3   8   -0.0000544562
4   7   4   6   -0.0000626031
4   7   4   7   0.0001077736
4   8   1   6   -0.0000495381
4   8   1   7   0.0000852817
4   8   2   5   -0.0000231444
4   8   2   8   0.0000002840
4   8   3   5   0.0000398440
4   8   3   8   -0.0000004889
4   8   4   6   -0.0000683955
4   8   4   7   0.0001177454
4   9   1   6   -0.0000535974
4   9   1   7   0.0000922699
4   9   2   5   -0.0002154890
4   9   2   8   -0.0007811359
4   9   3   5   0.0003709725
4   9   3   8   0.0013447550
4   9   4   6   -0.0001918877
4   9   4   7   0.0003303420
4   10   1   5   0.0002718853
4   10   1   8   0.0003662220
4   10   2   6   0.0008631991
4   10   2   7   -0.0011169003
4   10   3   6   -0.0011169003
4   10   3   7   0.0021372048
4   10   4   5   0.0003662220
4   10   4   8   0.0007666546
4   11   2   6   -0.0011169003
4   11   2   7   -0.0004343621
4   11   3   6   0.0017083678
4   11   3   7   0.0011169003
4   12   1   6   0.0001399071
4   12   1   7   -0.0002408554
4   12   2   5   0.0010991795
4   12   2   8   0.0007885586
4   12   3   5   -0.0018922792
4   12   3   8   -0.0013575336
4   12   4   6   0.0001482955
4   12   4   7   -0.0002552963
5   7   1   6   0.0000283525
5   7   1   7   0.0000164693
5   7   2   5   -0.0000177612
5   7   2   8   -0.0000544562
5   7   3   5   -0.0000103170
5   7   3   8   -0.0000316323
5   7   4   6   0.0001077736
5   7   4   7   0.0000626031
5   8   1   6   0.0000852817
5   8   1   7   0.0000495381
5   8   2   5   0.0000398440
5   8   2   8   -0.0000004889
5   8   3   5   0.0000231444
5   8   3   8   -0.0000002840
5   8   4   6   0.0001177454
5   8   4   7   0.0000683955
5   9   1   6   0.0000922699
5   9   1   7   0.0000535974
5   9   2   5   0.0003709725
5   9   2   8   0.0013447550
5   9   3   5   0.0002154890
5   9   3   8   0.0007811359
5   9   4   6   0.0003303420
5   9   4   7   0.0001918877
5   10   2   6   -0.0011169003
5   10   2   7   0.0017083678
5   10   3   6   -0.0004343621
5   10   3   7   0.0011169003
5   11   1   5   0.0002718853
5   11   1   8   0.0003662220
5   11   2   6   0.0021372048
5   11   2   7   0.0011169003
5   11   3   6   0.0011169003
5   11   3   7   0.0008631991
5   11   4   5   0.0003662220
5   11   4   8   0.0007666546
5   12   1   6   -0.0002408554
5   12   1   7   -0.0001399071
5   12   2   5   -0.0018922792
5   12   2   8   -0.0013575336
5   12   3   5   -0.0010991795
5   12   3   8   -0.0007885586
5   12   4   6   -0.0002552963
5   12   4   7   -0.0001482955
6   7   1   5   -0.0000065218
6   7   1   8   0.0000368599
6   7   2   6   0.0000133780
6   7   3   7   0.0000133780
6   7   4   5   -0.0000808918
6   7   4   8   -0.0000301091
6   8   1   5   0.0001209590
6   8   1   8   0.0001268313
6   8   2   6   -0.0001667036
6   8   3   7   -0.0001667036
6   8   4   5   0.0003157342
6   8   4   8   0.0001731634
6   9   1   5   -0.0004570792
6   9   1   8   -0.0014136490
6   9   2   6   0.0000394855
6   9   3   7   0.0000394855
6   9   4   5   -0.0004801498
6   9   4   8   -0.0010972795
6   10   1   6   0.0010991795
6   10   1   7   -0.0018922792
6   10   2   5   0.0001399071
6   10   2   8   0.0001482955
6   10   3   5   -0.0002408554
6   10   3   8   -0.0002552963
6   10   4   6   0.0007885586
6   10   4   7   -0.0013575336
6   11   1   6   -0.0018922792
6   11   1   7   -0.0010991795
6   11   2   5   -0.0002408554
6   11   2   8   -0.0002552963
6   11   3   5   -0.0001399071
6   11   3   8   -0.0001482955
6   11   4   6   -0.0013575336
6   11   4   7   -0.0007885586
6   12   1   5   0.0024365171
6   12   1   8   0.0019398957
6   12   2   6   0.0003712405
6   12   3   7   0.0003712405
6   12   4   5   0.0019398957
6   12   4   8   0.0021978346

End IJAB Block
Begin ABCD Block
1   5   1   5   0.2216783430
1   5   1   8   0.0151042704
1   5   2   6   0.0262293406
1   5   3   7   0.0262293406
1   5   4   5   0.0151042704
1   5   4   8   0.0172292522
1   6   1   6   0.1541140079
1   6   2   5   0.0262293406
1   6   2   8   0.0050184749
1   6   4   6   0.0127154597
1   7   1   7   0.1541140079
1   7   3   5   0.0262293406
1   7   3   8   0.0050184749
1   7   4   7   0.0127154597
1   8   1   5   0.0151042704
1   8   1   8   0.1429945689
1   8   2   6   0.0050184749
1   8   3   7   0.0050184749
1   8   4   5   0.0172292522
1   8   4   8   0.0071644276
2   5   1   6   0.0262293406
2   5   2   5   0.1541140079
2   5   2   8   0.0127154597
2   5   4   6   0.0050184749
2   6   1   5   0.0262293406
2   6   1   8   0.0050184749
2   6   2   6   0.1411118766
2   6   3   7   0.0080135082
2   6   4   5   0.0050184749
2   6   4   8   0.0084262998
2   7   2   7   0.1250848602
2   7   3   6   0.0080135082
2   8   1   6   0.0050184749
2   8   2   5   0.0127154597
2   8   2   8   0.1199652248
2   8   4   6   0.0084262998
3   5   1   7   0.0262293406
3   5   3   5   0.1541140079
3   5   3   8   0.0127154597
3   5   4   7   0.0050184749
3   6   2   7   0.0080135082
3   6   3   6   0.1250848602
3   7   1   5   0.0262293406
3   7   1   8   0.0050184749
3   7   2   6   0.0080135082
3   7   3   7   0.1411118766
3   7   4   5   0.0050184749
3   7   4   8   0.0084262998
3   8   1   7   0.0050184749
3   8   3   5   0.0127154597
3   8   3   8   0.1199652248
3   8   4   7   0.0084262998
4   5   1   5   0.0151042704
4   5   1   8   0.0172292522
4   5   2   6   0.0050184749
4   5   3   7   0.0050184749
4   5   4   5   0.1429945689
4   5   4   8   0.0071644276
4   6   1   6   0.0127154597
4   6   2   5   0.0050184749
4   6   2   8   0.0084262998
4   6   4   6   0.1199652248
4   7   1   7   0.0127154597
4   7   3   5   0.0050184749
4   7   3   8   0.0084262998
4   7   4   7   0.1199652248
4   8   1   5   0.0172292522
4   8   1   8   0.0071644276
4   8   2   6   0.0084262998
4   8   3   7   0.0084262998
4   8   4   5   0.0071644276
4   8   4   8   0.1239593300

End ABCD Block
Begin AIJB Block
1   7   1   5   0.0001825395
1   7   1   8   0.0001898700
1   7   2   5   0.0000033496
1   7   2   8   0.0000023370
1   7   3   5   0.0001530600
1   7   3   8   0.0000895379
1   7   4   6   -0.0000164693
1   7   4   7   0.0000283525
1   7   5   6   0.0000283525
1   7   5   7   0.0000164693
1   7   6   5   -0.0000065218
1   7   6   8   0.0000368599
1   8   1   5   0.0000033496
1   8   1   8   0.0000006351
1   8   2   5   0.0062047550
1   8   2   8   0.0047600052
1   8   3   5   -0.0000025939
1   8   3   8   -0.0000194541
1   8   4   6   -0.0000495381
1   8   4   7   0.0000852817
1   8   5   6   0.0000852817
1   8   5   7   0.0000495381
1   8   6   5   0.0001209590
1   8   6   8   0.0001268313
1   9   1   5   0.0001530600
1   9   1   8   0.0000935515
1   9   2   5   -0.0000025939
1   9   2   8   -0.0000153102
1   9   3   5   0.0007247990
1   9   3   8   0.0007716587
1   9   4   6   -0.0000535974
1   9   4   7   0.0000922699
1   9   5   6   0.0000922699
1   9   5   7   0.0000535974
1   9   6   5   -0.0004570792
1   9   6   8   -0.0014136490
1   10   1   6   0.0000103170
1   10   1   7   -0.0000177612
1   10   2   6   -0.0000231444
1   10   2   7   0.0000398440
1   10   3   6   -0.0002154890
1   10   3   7   0.0003709725
1   10   4   5   0.0002718853
1   10   4   8   0.0003662220
1   10   6   6   0.0010991795
1   10   6   7   -0.0018922792
1   11   1   6   -0.0000177612
1   11   1   7   -0.0000103170
1   11   2   6   0.0000398440
1   11   2   7   0.0000231444
1   11   3   6   0.0003709725
1   11   3   7   0.0002154890
1   11   5   5   0.0002718853
1   11   5   8   0.0003662220
1   11   6   6   -0.0018922792
1   11   6   7   -0.0010991795
1   12   1   5   -0.0000065218
1   12   1   8   -0.0000808918
1   12   2   5   0.0001209590
1   12   2   8   0.0003157342
1   12   3   5   -0.0004570792
1   12   3   8   -0.0004801498
1   12   4   6   0.0001399071
1   12   4   7   -0.0002408554
1   12   5   6   -0.0002408554
1   12   5   7   -0.0001399071
1   12   6   5   0.0024365171
1   12   6   8   0.0019398957
2   7   1   6   0.0002066766
2   7   2   6   -0.0000016958
2   7   3   6   0.0001981394
2   7   4   5   0.0000103170
2   7   4   8   0.0000316323
2   7   5   5   -0.0000177612
2   7   5   8   -0.0000544562
2   7   6   6   0.0000133780
2   8   1   6   -0.0000016958
2   8   2   6   0.0007091577
2   8   3   6   0.0000071555
2   8   4   5   -0.0000231444
2   8   4   8   0.0000002840
2   8   5   5   0.0000398440
2   8   5   8   -0.0000004889
2   8   6   6   -0.0001667036
2   9   1   6   0.0001981394
2   9   2   6   0.0000071555
2   9   3   6   0.0007427361
2   9   4   5   -0.0002154890
2   9   4   8   -0.0007811359
2   9   5   5   0.0003709725
2   9   5   8   0.0013447550
2   9   6   6   0.0000394855
2   10   1   5   -0.0000164693
2   10   1   8   -0.0000626031
2   10   2   5   -0.0000495381
2   10   2   8   -0.0000683955
2   10   3   5   -0.0000535974
2   10   3   8   -0.0001918877
2   10   4   6   0.0008631991
2   10   4   7   -0.0011169003
2   10   5   6   -0.0011169003
2   10   5   7   0.0017083678
2   10   6   5   0.0001399071
2   10   6   8   0.0001482955
2   11   1   5   0.0000283525
2   11   1   8   0.0001077736
2   11   2   5   0.0000852817
2   11   2   8   0.0001177454
2   11   3   5   0.0000922699
2   11   3   8   0.0003303420
2   11   4   6   -0.0011169003
2   11   4   7   -0.0004343621
2   11   5   6   0.0021372048
2   11   5   7   0.0011169003
2   11   6   5   -0.0002408554
2   11   6   8   -0.0002552963
2   12   1   6   0.0000133780
2   12   2   6   -0.0001667036
2   12   3   6   0.0000394855
2   12   4   5   0.0010991795
2   12   4   8   0.0007885586
2   12   5   5   -0.0018922792
2   12   5   8   -0.0013575336
2   12   6   6   0.0003712405
3   7   1   7   0.0002066766
3   7   2   7   -0.0000016958
3   7   3   7   0.0001981394
3   7   4   5   -0.0000177612
3   7   4   8   -0.0000544562
3   7   5   5   -0.0000103170
3   7   5   8   -0.0000316323
3   7   6   7   0.0000133780
3   8   1   7   -0.0000016958
3   8   2   7   0.0007091577
3   8   3   7   0.0000071555
3   8   4   5   0.0000398440
3   8   4   8   -0.0000004889
3   8   5   5   0.0000231444
3   8   5   8   -0.0000002840
3   8   6   7   -0.0001667036
3   9   1   7   0.0001981394
3   9   2   7   0.0000071555
3   9   3   7   0.0007427361
3   9   4   5   0.0003709725
3   9   4   8   0.0013447550
3   9   5   5   0.0002154890
3   9   5   8   0.0007811359
3   9   6   7   0.0000394855
3   10   1   5   0.0000283525
3   10   1   8   0.0001077736
3   10   2   5   0.0000852817
3   10   2   8   0.0001177454
3   10   3   5   0.0000922699
3   10   3   8   0.0003303420
3   10   4   6   -0.0011169003
3   10   4   7   0.0021372048
3   10   5   6   -0.0004343621
3   10   5   7   0.0011169003
3   10   6   5   -0.0002408554
3   10   6   8   -0.0002552963
3   11   1   5   0.0000164693
3   11   1   8   0.0000626031
3   11   2   5   0.0000495381
3   11   2   8   0.0000683955
3   11   3   5   0.0000535974
3   11   3   8   0.0001918877
3   11   4   6   0.0017083678
3   11   4   7   0.0011169003
3   11   5   6   0.0011169003
3   11   5   7   0.0008631991
3   11   6   5   -0.0001399071
3   11   6   8   -0.0001482955
3   12   1   7   0.0000133780
3   12   2   7   -0.0001667036
3   12   3   7   0.0000394855
3   12   4   5   -0.0018922792
3   12   4   8   -0.0013575336
3   12   5   5   -0.0010991795
3   12   5   8   -0.0007885586
3   12   6   7   0.0003712405
4   7   1   5   0.0001898700
4   7   1   8   0.0003707879
4   7   2   5   0.0000006351
4   7   2   8   0.0000003609
4   7   3   5   0.0000935515
4   7   3   8   0.0000028337
4   7   4   6   -0.0000626031
4   7   4   7   0.0001077736
4   7   5   6   0.0001077736
4   7   5   7   0.0000626031
4   7   6   5   -0.0000808918
4   7   6   8   -0.0000301091
4   8   1   5   0.0000023370
4   8   1   8   0.0000003609
4   8   2   5   0.0047600052
4   8   2   8   0.0039551189
4   8   3   5   -0.0000153102
4   8   3   8   -0.0000224578
4   8   4   6   -0.0000683955
4   8   4   7   0.0001177454
4   8   5   6   0.0001177454
4   8   5   7   0.0000683955
4   8   6   5   0.0003157342
4   8   6   8   0.0001731634
4   9   1   5   0.0000895379
4   9   1   8   0.0000028337
4   9   2   5   -0.0000194541
4   9   2   8   -0.0000224578
4   9   3   5   0.0007716587
4   9   3   8   0.0014539656
4   9   4   6   -0.0001918877
4   9   4   7   0.0003303420
4   9   5   6   0.0003303420
4   9   5   7   0.0001918877
4   9   6   5   -0.0004801498
4   9   6   8   -0.0010972795
4   10   1   6   0.0000316323
4   10   1   7   -0.0000544562
4   10   2   6   0.0000002840
4   10   2   7   -0.0000004889
4   10   3   6   -0.0007811359
4   10   3   7   0.0013447550
4   10   4   5   0.0003662220
4   10   4   8   0.0007666546
4   10   6   6   0.0007885586
4   10   6   7   -0.0013575336
4   11   1   6   -0.0000544562
4   11   1   7   -0.0000316323
4   11   2   6   -0.0000004889
4   11   2   7   -0.0000002840
4   11   3   6   0.0013447550
4   11   3   7   0.0007811359
4   11   5   5   0.0003662220
4   11   5   8   0.0007666546
4   11   6   6   -0.0013575336
4   11   6   7   -0.0007885586
4   12   1   5   0.0000368599
4   12   1   8   -0.0000301091
4   12   2   5   0.0001268313
4   12   2   8   0.0001731634
4   12   3   5   -0.0014136490
4   12   3   8   -0.0010972795
4   12   4   6   0.0001482955
4   12   4   7   -0.0002552963
4   12   5   6   -0.0002552963
4   12   5   7   -0.0001482955
4   12   6   5   0.0019398957
4   12   6   8   0.0021978346

1   7   7   1   -0.1345330083
1   7   7   4   -0.0300029247
1   7   8   1   -0.0000015515
1   7   8   4   -0.0000004451
1   7   9   1   0.0000646323
1   7   9   4   0.0000633251
1   7   10   2   0.0001654102
1   7   10   3   -0.0002847600
1   7   11   2   -0.0002847600
1   7   11   3   -0.0001654102
1   7   12   1   0.0008464065
1   7   12   4   0.0004044180
1   8   7   1   -0.0000015515
1   8   7   4   -0.0000004451
1   8   8   1   -0.2569049751
1   8   8   4   -0.0626652184
1   8   9   1   0.0004054227
1   8   9   4   0.0000990051
1   8   10   2   0.0000961471
1   8   10   3   -0.0001655208
1   8   11   2   -0.0001655208
1   8   11   3   -0.0000961471
1   8   12   1   -0.0014731243
1   8   12   4   -0.0003495665
1   9   7   1   0.0000646323
1   9   7   4   0.0000633251
1   9   8   1   0.0004054227
1   9   8   4   0.0000990051
1   9   9   1   -0.1333045685
1   9   9   4   -0.0287400111
1   9   10   2   0.0018294160
1   9   10   3   -0.0031494090
1   9   11   2   -0.0031494090
1   9   11   3   -0.0018294160
1   9   12   1   0.0099520502
1   9   12   4   0.0037363694
1   10   7   2   0.0001654102
1   10   7   3   -0.0002847600
1   10   8   2   0.0000961471
1   10   8   3   -0.0001655208
1   10   9   2   0.0018294160
1   10   9   3   -0.0031494090
1   10   10   1   -0.1327162555
1   10   10   4   -0.0283546529
1   10   12   2   -0.0006092423
1   10   12   3   0.0010488337
1   11   7   2   -0.0002847600
1   11   7   3   -0.0001654102
1   11   8   2   -0.0001655208
1   11   8   3   -0.0000961471
1   11   9   2   -0.0031494090
1   11   9   3   -0.0018294160
1   11   11   1   -0.1327162555
1   11   11   4   -0.0283546529
1   11   12   2   0.0010488337
1   11   12   3   0.0006092423
1   12   7   1   0.0008464065
1   12   7   4   0.0004044180
1   12   8   1   -0.0014731243
1   12   8   4   -0.0003495665
1   12   9   1   0.0099520502
1   12   9   4   0.0037363694
1   12   10   2   -0.0006092423
1   12   10   3   0.0010488337
1   12   11   2   0.0010488337
1   12   11   3   0.0006092423
1   12   12   1   -0.1367888302
1   12   12   4   -0.0297420622
2   7   7   2   -0.1308261703
2   7   8   2   -0.0000006429
2   7   9   2   0.0000796234
2   7   10   1   0.0001654102
2   7   10   4   0.0002350854
2   7   11   1   -0.0002847600
2   7   11   4   -0.0004047084
2   7   12   2   0.0004881449
2   8   7   2   -0.0000006429
2   8   8   2   -0.1740003674
2   8   9   2   0.0001067364
2   8   10   1   0.0000961471
2   8   10   4   0.0000622906
2   8   11   1   -0.0001655208
2   8   11   4   -0.0001072356
2   8   12   2   -0.0003041889
2   9   7   2   0.0000796234
2   9   8   2   0.0001067364
2   9   9   2   -0.1291467217
2   9   10   1   0.0018294160
2   9   10   4   0.0022132953
2   9   11   1   -0.0031494090
2   9   11   4   -0.0038102717
2   9   12   2   0.0059851913
2   10   7   1   0.0001654102
2   10   7   4   0.0002350854
2   10   8   1   0.0000961471
2   10   8   4   0.0000622906
2   10   9   1   0.0018294160
2   10   9   4   0.0022132953
2   10   10   2   -0.1286993816
2   10   10   3   0.0005691496
2   10   11   2   0.0005691496
2   10   11   3   -0.0003246037
2   10   12   1   -0.0006092423
2   10   12   4   -0.0003825590
2   11   7   1   -0.0002847600
2   11   7   4   -0.0004047084
2   11   8   1   -0.0001655208
2   11   8   4   -0.0001072356
2   11   9   1   -0.0031494090
2   11   9   4   -0.0038102717
2   11   10   2   0.0005691496
2   11   10   3   -0.0003246037
2   11   11   2   -0.1293485889
2   11   11   3   -0.0005691496
2   11   12   1   0.0010488337
2   11   12   4   0.0006585899
2   12   7   2   0.0004881449
2   12   8   2   -0.0003041889
2   12   9   2   0.0059851913
2   12   10   1   -0.0006092423
2   12   10   4   -0.0003825590
2   12   11   1   0.0010488337
2   12   11   4   0.0006585899
2   12   12   2   -0.1302881288
3   7   7   3   -0.1308261703
3   7   8   3   -0.0000006429
3   7   9   3   0.0000796234
3   7   10   1   -0.0002847600
3   7   10   4   -0.0004047084
3   7   11   1   -0.0001654102
3   7   11   4   -0.0002350854
3   7   12   3   0.0004881449
3   8   7   3   -0.0000006429
3   8   8   3   -0.1740003674
3   8   9   3   0.0001067364
3   8   10   1   -0.0001655208
3   8   10   4   -0.0001072356
3   8   11   1   -0.0000961471
3   8   11   4   -0.0000622906
3   8   12   3   -0.0003041889
3   9   7   3   0.0000796234
3   9   8   3   0.0001067364
3   9   9   3   -0.1291467217
3   9   10   1   -0.0031494090
3   9   10   4   -0.0038102717
3   9   11   1   -0.0018294160
3   9   11   4   -0.0022132953
3   9   12   3   0.0059851913
3   10   7   1   -0.0002847600
3   10   7   4   -0.0004047084
3   10   8   1   -0.0001655208
3   10   8   4   -0.0001072356
3   10   9   1   -0.0031494090
3   10   9   4   -0.0038102717
3   10   10   2   0.0005691496
3   10   10   3   -0.1293485889
3   10   11   2   -0.0003246037
3   10   11   3   -0.0005691496
3   10   12   1   0.0010488337
3   10   12   4   0.0006585899
3   11   7   1   -0.0001654102
3   11   7   4   -0.0002350854
3   11   8   1   -0.0000961471
3   11   8   4   -0.0000622906
3   11   9   1   -0.0018294160
3   11   9   4   -0.0022132953
3   11   10   2   -0.0003246037
3   11   10   3   -0.0005691496
3   11   11   2   -0.0005691496
3   11   11   3   -0.1286993816
3   11   12   1   0.0006092423
3   11   12   4   0.0003825590
3   12   7   3   0.0004881449
3   12   8   3   -0.0003041889
3   12   9   3   0.0059851913
3   12   10   1   0.0010488337
3   12   10   4   0.0006585899
3   12   11   1   0.0006092423
3   12   11   4   0.0003825590
3   12   12   3   -0.1302881288
4   7   7   1   -0.0300029247
4   7   7   4   -0.1442267287
4   7   8   1   -0.0000004451
4   7   8   4   -0.0000003903
4   7   9   1   0.0000633251
4   7   9   4   0.0001080929
4   7   10   2   0.0002350854
4   7   10   3   -0.0004047084
4   7   11   2   -0.0004047084
4   7   11   3   -0.0002350854
4   7   12   1   0.0004044180
4   7   12   4   0.0004260008
4   8   7   1   -0.0000004451
4   8   7   4   -0.0000003903
4   8   8   1   -0.0626652184
4   8   8   4   -0.1735731160
4   8   9   1   0.0000990051
4   8   9   4   0.0000821354
4   8   10   2   0.0000622906
4   8   10   3   -0.0001072356
4   8   11   2   -0.0001072356
4   8   11   3   -0.0000622906
4   8   12   1   -0.0003495665
4   8   12   4   -0.0002708940
4   9   7   1   0.0000633251
4   9   7   4   0.0001080929
4   9   8   1   0.0000990051
4   9   8   4   0.0000821354
4   9   9   1   -0.0287400111
4   9   9   4   -0.1423299147
4   9   10   2   0.0022132953
4   9   10   3   -0.0038102717
4   9   11   2   -0.0038102717
4   9   11   3   -0.0022132953
4   9   12   1   0.0037363694
4   9   12   4   0.0037125997
4   10   7   2   0.0002350854
4   10   7   3   -0.0004047084
4   10   8   2   0.0000622906
4   10   8   3   -0.0001072356
4   10   9   2   0.0022132953
4   10   9   3   -0.0038102717
4   10   10   1   -0.0283546529
4   10   10   4   -0.1417249043
4   10   12   2   -0.0003825590
4   10   12   3   0.0006585899
4   11   7   2   -0.0004047084
4   11   7   3   -0.0002350854
4   11   8   2   -0.0001072356
4   11   8   3   -0.0000622906
4   11   9   2   -0.0038102717
4   11   9   3   -0.0022132953
4   11   11   1   -0.0283546529
4   11   11   4   -0.1417249043
4   11   12   2   0.0006585899
4   11   12   3   0.0003825590
4   12   7   1   0.0004044180
4   12   7   4   0.0004260008
4   12   8   1   -0.0003495665
4   12   8   4   -0.0002708940
4   12   9   1   0.0037363694
4   12   9   4   0.0037125997
4   12   10   2   -0.0003825590
4   12   10   3   0.0006585899
4   12   11   2   0.0006585899
4   12   11   3   0.0003825590
4   12   12   1   -0.0297420622
4   12   12   4   -0.1433744809

End AIJB Block
Begin IJKA Block
1   7   1   5   0.0084529663
1   7   1   8   0.0311722367
1   7   2   5   -0.0000042415
1   7   2   8   -0.0000075131
1   7   3   5   -0.0013923751
1   7   3   8   -0.0050643013
1   7   4   6   0.0013692283
1   7   4   7   -0.0023571784
1   7   5   6   -0.0023571784
1   7   5   7   -0.0013692283
1   7   6   5   0.0022712458
1   7   6   8   0.0013785401
1   8   1   5   -0.0023063892
1   8   1   8   -0.0004244617
1   8   2   5   0.0000010869
1   8   2   8   0.0000007159
1   8   3   5   0.0000011369
1   8   3   8   0.0000021886
1   8   4   6   -0.0000115589
1   8   4   7   0.0000198991
1   8   5   6   0.0000198991
1   8   5   7   0.0000115589
1   8   6   5   0.0000524586
1   8   6   8   0.0000119605
1   9   1   5   -0.0134514426
1   9   1   8   -0.0471940668
1   9   2   5   -0.0000021780
1   9   2   8   -0.0000002608
1   9   3   5   0.0003638722
1   9   3   8   0.0013619540
1   9   4   6   0.0013228064
1   9   4   7   -0.0022772615
1   9   5   6   -0.0022772615
1   9   5   7   -0.0013228064
1   9   6   5   0.0023304082
1   9   6   8   0.0017202161
1   10   1   6   0.0334651303
1   10   1   7   -0.0576114908
1   10   2   6   -0.0000007164
1   10   2   7   0.0000012332
1   10   3   6   -0.0005514753
1   10   3   7   0.0009493857
1   10   4   5   -0.0004371938
1   10   4   8   -0.0016555324
1   10   6   6   0.0000149313
1   10   6   7   -0.0000257048
1   11   1   6   -0.0576114908
1   11   1   7   -0.0334651303
1   11   2   6   0.0000012332
1   11   2   7   0.0000007164
1   11   3   6   0.0009493857
1   11   3   7   0.0005514753
1   11   5   5   -0.0004371938
1   11   5   8   -0.0016555324
1   11   6   6   -0.0000257048
1   11   6   7   -0.0000149313
1   12   1   5   0.0585314843
1   12   1   8   0.0368967119
1   12   2   5   -0.0000007898
1   12   2   8   0.0000007924
1   12   3   5   -0.0009200699
1   12   3   8   -0.0005759544
1   12   4   6   0.0000885319
1   12   4   7   -0.0001524111
1   12   5   6   -0.0001524111
1   12   5   7   -0.0000885319
1   12   6   5   -0.0003226141
1   12   6   8   -0.0013196281
2   7   1   5   -0.0000042415
2   7   1   8   -0.0000075131
2   7   2   5   -0.0001621832
2   7   2   8   -0.0001158978
2   7   3   5   -0.0000030282
2   7   3   8   -0.0000009326
2   7   4   6   0.0000018488
2   7   4   7   -0.0000031827
2   7   5   6   -0.0000031827
2   7   5   7   -0.0000018488
2   7   6   5   0.0000052583
2   7   6   8   0.0000030426
2   8   1   5   0.0000010869
2   8   1   8   0.0000007159
2   8   2   5   -0.0778175855
2   8   2   8   -0.0645385120
2   8   3   5   0.0003634676
2   8   3   8   0.0003489809
2   8   4   6   -0.0000527362
2   8   4   7   0.0000907874
2   8   5   6   0.0000907874
2   8   5   7   0.0000527362
2   8   6   5   -0.0017610178
2   8   6   8   -0.0017456939
2   9   1   5   -0.0000021780
2   9   1   8   -0.0000002608
2   9   2   5   -0.0005353014
2   9   2   8   0.0001050580
2   9   3   5   -0.0000304611
2   9   3   8   -0.0000481582
2   9   4   6   0.0000061635
2   9   4   7   -0.0000106108
2   9   5   6   -0.0000106108
2   9   5   7   -0.0000061635
2   9   6   5   0.0000581732
2   9   6   8   0.0000683311
2   10   1   6   -0.0000007164
2   10   1   7   0.0000012332
2   10   2   6   -0.0005106940
2   10   2   7   0.0008791791
2   10   3   6   0.0000340773
2   10   3   7   -0.0000586654
2   10   4   5   0.0000131859
2   10   4   8   0.0000216333
2   10   6   6   -0.0000551966
2   10   6   7   0.0000950231
2   11   1   6   0.0000012332
2   11   1   7   0.0000007164
2   11   2   6   0.0008791791
2   11   2   7   0.0005106940
2   11   3   6   -0.0000586654
2   11   3   7   -0.0000340773
2   11   5   5   0.0000131859
2   11   5   8   0.0000216333
2   11   6   6   0.0000950231
2   11   6   7   0.0000551966
2   12   1   5   -0.0000007898
2   12   1   8   0.0000007924
2   12   2   5   -0.0071678946
2   12   2   8   -0.0157575584
2   12   3   5   0.0000837400
2   12   3   8   0.0000554495
2   12   4   6   0.0000153354
2   12   4   7   -0.0000264005
2   12   5   6   -0.0000264005
2   12   5   7   -0.0000153354
2   12   6   5   -0.0001755581
2   12   6   8   -0.0000659708
3   7   1   5   -0.0013923751
3   7   1   8   -0.0050643013
3   7   2   5   -0.0000030282
3   7   2   8   -0.0000009326
3   7   3   5   0.0003073202
3   7   3   8   0.0012627614
3   7   4   6   0.0014074717
3   7   4   7   -0.0024230159
3   7   5   6   -0.0024230159
3   7   5   7   -0.0014074717
3   7   6   5   0.0024327389
3   7   6   8   0.0017366855
3   8   1   5   0.0000011369
3   8   1   8   0.0000021886
3   8   2   5   0.0003634676
3   8   2   8   0.0003489809
3   8   3   5   -0.0023012731
3   8   3   8   -0.0003911963
3   8   4   6   -0.0001516023
3   8   4   7   0.0002609891
3   8   5   6   0.0002609891
3   8   5   7   0.0001516023
3   8   6   5   0.0006542313
3   8   6   8   0.0001348223
3   9   1   5   0.0003638722
3   9   1   8   0.0013619540
3   9   2   5   -0.0000304611
3   9   2   8   -0.0000481582
3   9   3   5   -0.0076398355
3   9   3   8   -0.0254020780
3   9   4   6   0.0054505657
3   9   4   7   -0.0093833556
3   9   5   6   -0.0093833556
3   9   5   7   -0.0054505657
3   9   6   5   0.0097564452
3   9   6   8   0.0063896968
3   10   1   6   -0.0005514753
3   10   1   7   0.0009493857
3   10   2   6   0.0000340773
3   10   2   7   -0.0000586654
3   10   3   6   0.0207747053
3   10   3   7   -0.0357644429
3   10   4   5   -0.0010137433
3   10   4   8   -0.0040415322
3   10   6   6   0.0008044563
3   10   6   7   -0.0013849019
3   11   1   6   0.0009493857
3   11   1   7   0.0005514753
3   11   2   6   -0.0000586654
3   11   2   7   -0.0000340773
3   11   3   6   -0.0357644429
3   11   3   7   -0.0207747053
3   11   5   5   -0.0010137433
3   11   5   8   -0.0040415322
3   11   6   6   -0.0013849020
3   11   6   7   -0.0008044563
3   12   1   5   -0.0009200699
3   12   1   8   -0.0005759544
3   12   2   5   0.0000837400
3   12   2   8   0.0000554495
3   12   3   5   0.0370231525
3   12   3   8   0.0224342984
3   12   4   6   0.0005822262
3   12   4   7   -0.0010023245
3   12   5   6   -0.0010023245
3   12   5   7   -0.0005822262
3   12   6   5   0.0005809102
3   12   6   8   -0.0010260436
4   7   1   6   0.0013692283
4   7   1   7   -0.0023571784
4   7   2   6   0.0000018488
4   7   2   7   -0.0000031827
4   7   3   6   0.0014074717
4   7   3   7   -0.0024230159
4   7   4   5   0.0001870241
4   7   4   8   0.0007681050
4   7   6   6   0.0000443348
4   7   6   7   -0.0000763240
4   8   1   6   -0.0000115589
4   8   1   7   0.0000198991
4   8   2   6   -0.0000527362
4   8   2   7   0.0000907874
4   8   3   6   -0.0001516023
4   8   3   7   0.0002609891
4   8   4   5   -0.0021707375
4   8   4   8   -0.0003563568
4   8   6   6   0.0000833505
4   8   6   7   -0.0001434910
4   9   1   6   0.0013228064
4   9   1   7   -0.0022772615
4   9   2   6   0.0000061635
4   9   2   7   -0.0000106108
4   9   3   6   0.0054505657
4   9   3   7   -0.0093833556
4   9   4   5   -0.0067968797
4   9   4   8   -0.0228566701
4   9   6   6   0.0001855139
4   9   6   7   -0.0003193692
4   10   1   5   -0.0004371938
4   10   1   8   -0.0016555324
4   10   2   5   0.0000131859
4   10   2   8   0.0000216333
4   10   3   5   -0.0010137433
4   10   3   8   -0.0040415322
4   10   4   6   0.0208250824
4   10   4   7   -0.0358511691
4   10   5   6   -0.0022010349
4   10   5   7   -0.0012785283
4   10   6   5   0.0021754093
4   10   6   8   0.0013370685
4   11   4   6   -0.0314490993
4   11   4   7   -0.0182680259
4   11   5   6   0.0012785283
4   11   5   7   -0.0022010349
4   12   1   6   0.0000885319
4   12   1   7   -0.0001524111
4   12   2   6   0.0000153354
4   12   2   7   -0.0000264005
4   12   3   6   0.0005822262
4   12   3   7   -0.0010023245
4   12   4   5   0.0324708434
4   12   4   8   0.0193521990
4   12   6   6   0.0010978091
4   12   6   7   -0.0018899201
5   7   1   6   -0.0023571784
5   7   1   7   -0.0013692283
5   7   2   6   -0.0000031827
5   7   2   7   -0.0000018488
5   7   3   6   -0.0024230159
5   7   3   7   -0.0014074717
5   7   5   5   0.0001870241
5   7   5   8   0.0007681050
5   7   6   6   -0.0000763240
5   7   6   7   -0.0000443348
5   8   1   6   0.0000198991
5   8   1   7   0.0000115589
5   8   2   6   0.0000907874
5   8   2   7   0.0000527362
5   8   3   6   0.0002609891
5   8   3   7   0.0001516023
5   8   5   5   -0.0021707375
5   8   5   8   -0.0003563568
5   8   6   6   -0.0001434910
5   8   6   7   -0.0000833505
5   9   1   6   -0.0022772615
5   9   1   7   -0.0013228064
5   9   2   6   -0.0000106108
5   9   2   7   -0.0000061635
5   9   3   6   -0.0093833556
5   9   3   7   -0.0054505657
5   9   5   5   -0.0067968797
5   9   5   8   -0.0228566701
5   9   6   6   -0.0003193692
5   9   6   7   -0.0001855139
5   10   4   6   -0.0022010349
5   10   4   7   -0.0012785283
5   10   5   6   0.0182680259
5   10   5   7   -0.0314490993
5   11   1   5   -0.0004371938
5   11   1   8   -0.0016555324
5   11   2   5   0.0000131859
5   11   2   8   0.0000216333
5   11   3   5   -0.0010137433
5   11   3   8   -0.0040415322
5   11   4   6   0.0012785283
5   11   4   7   -0.0022010349
5   11   5   6   -0.0358511691
5   11   5   7   -0.0208250824
5   11   6   5   0.0021754093
5   11   6   8   0.0013370685
5   12   1   6   -0.0001524111
5   12   1   7   -0.0000885319
5   12   2   6   -0.0000264005
5   12   2   7   -0.0000153354
5   12   3   6   -0.0010023245
5   12   3   7   -0.0005822262
5   12   5   5   0.0324708434
5   12   5   8   0.0193521990
5   12   6   6   -0.0018899201
5   12   6   7   -0.0010978091
6   7   1   5   0.0022712458
6   7   1   8   0.0013785401
6   7   2   5   0.0000052583
6   7   2   8   0.0000030426
6   7   3   5   0.0024327389
6   7   3   8   0.0017366855
6   7   4   6   0.0000443348
6   7   4   7   -0.0000763240
6   7   5   6   -0.0000763240
6   7   5   7   -0.0000443348
6   7   6   5   0.0003103815
6   7   6   8   0.0008252487
6   8   1   5   0.0000524586
6   8   1   8   0.0000119605
6   8   2   5   -0.0017610178
6   8   2   8   -0.0017456939
6   8   3   5   0.0006542313
6   8   3   8   0.0001348223
6   8   4   6   0.0000833505
6   8   4   7   -0.0001434910
6   8   5   6   -0.0001434910
6   8   5   7   -0.0000833505
6   8   6   5   -0.0027725458
6   8   6   8   -0.0005595462
6   9   1   5   0.0023304082
6   9   1   8   0.0017202161
6   9   2   5   0.0000581732
6   9   2   8   0.0000683311
6   9   3   5   0.0097564452
6   9   3   8   0.0063896968
6   9   4   6   0.0001855139
6   9   4   7   -0.0003193692
6   9   5   6   -0.0003193692
6   9   5   7   -0.0001855139
6   9   6   5   -0.0061582025
6   9   6   8   -0.0212047500
6   10   1   6   0.0000149313
6   10   1   7   -0.0000257048
6   10   2   6   -0.0000551966
6   10   2   7   0.0000950231
6   10   3   6   0.0008044563
6   10   3   7   -0.0013849019
6   10   4   5   0.0021754093
6   10   4   8   0.0013370685
6   10   6   6   0.0174821459
6   10   6   7   -0.0300961771
6   11   1   6   -0.0000257048
6   11   1   7   -0.0000149313
6   11   2   6   0.0000950231
6   11   2   7   0.0000551966
6   11   3   6   -0.0013849020
6   11   3   7   -0.0008044563
6   11   5   5   0.0021754093
6   11   5   8   0.0013370685
6   11   6   6   -0.0300961771
6   11   6   7   -0.0174821459
6   12   1   5   -0.0003226141
6   12   1   8   -0.0013196281
6   12   2   5   -0.0001755581
6   12   2   8   -0.0000659708
6   12   3   5   0.0005809102
6   12   3   8   -0.0010260436
6   12   4   6   0.0010978091
6   12   4   7   -0.0018899201
6   12   5   6   -0.0018899201
6   12   5   7   -0.0010978091
6   12   6   5   0.0355087695
6   12   6   8   0.0205203256

End IJKA Block
Begin IABC Block
1   5   1   5   -0.0000566347
1   5   1   8   -0.0000264474
1   5   2   6   -0.0000238331
1   5   3   7   -0.0000238331
1   5   4   5   -0.0000368378
1   5   4   8   -0.0000165530
1   6   1   6   -0.0000311820
1   6   2   5   -0.0000238331
1   6   2   8   -0.0000350853
1   6   4   6   -0.0000194957
1   7   1   7   -0.0000311820
1   7   3   5   -0.0000238331
1   7   3   8   -0.0000350853
1   7   4   7   -0.0000194957
1   8   1   5   -0.0000264474
1   8   1   8   -0.0000272702
1   8   2   6   -0.0000350853
1   8   3   7   -0.0000350853
1   8   4   5   -0.0000165530
1   8   4   8   -0.0000145897
2   5   1   5   0.0008148104
2   5   1   8   -0.0004931618
2   5   2   6   0.0012736893
2   5   3   7   0.0012736893
2   5   4   5   -0.0005042487
2   5   4   8   -0.0004623730
2   6   1   6   0.0000956686
2   6   2   5   0.0012736893
2   6   2   8   0.0007112472
2   6   4   6   -0.0000662809
2   7   1   7   0.0000956686
2   7   3   5   0.0012736893
2   7   3   8   0.0007112472
2   7   4   7   -0.0000662809
2   8   1   5   -0.0004931618
2   8   1   8   -0.0004449570
2   8   2   6   0.0007112472
2   8   3   7   0.0007112472
2   8   4   5   -0.0004623730
2   8   4   8   -0.0003846423
3   5   1   5   -0.0002609659
3   5   1   8   -0.0001381848
3   5   2   6   0.0000029695
3   5   3   7   0.0000029695
3   5   4   5   -0.0001802063
3   5   4   8   -0.0001502938
3   6   1   6   -0.0001857233
3   6   2   5   0.0000029695
3   6   2   8   -0.0000575399
3   6   4   6   -0.0001866643
3   7   1   7   -0.0001857233
3   7   3   5   0.0000029695
3   7   3   8   -0.0000575399
3   7   4   7   -0.0001866643
3   8   1   5   -0.0001381848
3   8   1   8   -0.0001630451
3   8   2   6   -0.0000575399
3   8   3   7   -0.0000575399
3   8   4   5   -0.0001502938
3   8   4   8   -0.0002312084
4   5   1   6   -0.0005019130
4   5   1   7   0.0008640623
4   5   2   5   -0.0005422974
4   5   2   8   -0.0000124988
4   5   3   5   0.0009335855
4   5   3   8   0.0000215171
4   5   4   6   -0.0007288473
4   5   4   7   0.0012547383
4   6   1   5   -0.0005019130
4   6   1   8   -0.0003337060
4   6   2   6   -0.0004662870
4   6   2   7   0.0002908042
4   6   3   6   0.0002211224
4   6   3   7   -0.0001689212
4   6   4   5   -0.0007288473
4   6   4   8   -0.0005918629
4   7   1   5   0.0008640623
4   7   1   8   0.0005744875
4   7   2   6   0.0002908042
4   7   2   7   -0.0001284447
4   7   3   6   -0.0001689212
4   7   3   7   0.0008027308
4   7   4   5   0.0012547383
4   7   4   8   0.0010189144
4   8   1   6   -0.0003337060
4   8   1   7   0.0005744875
4   8   2   5   -0.0000124988
4   8   2   8   0.0002248204
4   8   3   5   0.0000215171
4   8   3   8   -0.0003870368
4   8   4   6   -0.0005918629
4   8   4   7   0.0010189144
5   5   1   6   0.0008640623
5   5   1   7   0.0005019130
5   5   2   5   0.0009335855
5   5   2   8   0.0000215171
5   5   3   5   0.0005422974
5   5   3   8   0.0000124988
5   5   4   6   0.0012547383
5   5   4   7   0.0007288473
5   6   1   5   0.0008640623
5   6   1   8   0.0005744875
5   6   2   6   0.0008027308
5   6   2   7   0.0001689212
5   6   3   6   0.0001284447
5   6   3   7   0.0002908042
5   6   4   5   0.0012547383
5   6   4   8   0.0010189144
5   7   1   5   0.0005019130
5   7   1   8   0.0003337060
5   7   2   6   0.0001689212
5   7   2   7   0.0002211224
5   7   3   6   0.0002908042
5   7   3   7   0.0004662870
5   7   4   5   0.0007288473
5   7   4   8   0.0005918629
5   8   1   6   0.0005744875
5   8   1   7   0.0003337060
5   8   2   5   0.0000215171
5   8   2   8   -0.0003870368
5   8   3   5   0.0000124988
5   8   3   8   -0.0002248204
5   8   4   6   0.0010189144
5   8   4   7   0.0005918629
6   5   1   5   -0.0033226404
6   5   1   8   -0.0005089833
6   5   2   6   -0.0014614051
6   5   3   7   -0.0014614051
6   5   4   5   -0.0053166325
6   5   4   8   -0.0016584142
6   6   1   6   -0.0015797354
6   6   2   5   -0.0014614051
6   6   2   8   -0.0007639766
6   6   4   6   -0.0031149814
6   7   1   7   -0.0015797354
6   7   3   5   -0.0014614051
6   7   3   8   -0.0007639766
6   7   4   7   -0.0031149814
6   8   1   5   -0.0005089833
6   8   1   8   -0.0003987993
6   8   2   6   -0.0007639766
6   8   3   7   -0.0007639766
6   8   4   5   -0.0016584142
6   8   4   8   -0.0016804669

End IABC Block
