Begin IJ Block
1   1   -40.8489426744
1   2   0.0000191928
1   3   0.7525244225
1   6   0.0161638069
2   2   -5.7395804845
2   3   0.0002104835
2   6   -0.0107667061
3   3   -9.2472935448
3   6   -0.0393175807
4   4   -8.1339330411
4   5   0.0000000000
5   5   -8.1339330411
6   6   -7.9009934762

End IJ Block
Begin IA Block
1   1   -0.0042852331
1   4   -0.0331738849
2   1   0.1076327096
2   4   0.0667630950
3   1   0.0317115821
3   4   0.1986017972
4   2   0.2742573412
4   3   -0.0194725421
5   2   0.0194725421
5   3   0.2742573412
6   1   -0.4001981214
6   4   -0.5084927463

End IA Block
Begin AB Block
1   1   -1.7649187519
1   4   -0.3954608963
2   2   -1.5920515230
3   3   -1.5920515230
4   4   -1.8476556073

End AB Block
Begin IJKL Block
1   7   1   7   5.3561404949
1   7   1   8   -0.0000094501
1   7   1   9   -0.5335129590
1   7   1   12   -0.0111433109
1   7   2   7   -0.0000094501
1   7   2   8   0.0000000002
1   7   2   9   0.0000011455
1   7   2   12   -0.0000017829
1   7   3   7   -0.5335129590
1   7   3   8   0.0000011455
1   7   3   9   0.0861187762
1   7   3   12   0.0018047315
1   7   4   10   0.0361589617
1   7   5   11   0.0361589617
1   7   6   7   -0.0111433109
1   7   6   8   -0.0000017829
1   7   6   9   0.0018047315
1   7   6   12   0.0338693023
1   8   1   7   -0.0000094501
1   8   1   8   0.1439580466
1   8   1   9   0.0000411574
1   8   1   12   -0.0002654398
1   8   2   7   0.0000000002
1   8   2   8   0.0000000179
1   8   2   9   0.0000000000
1   8   2   12   -0.0000000227
1   8   3   7   0.0000011455
1   8   3   8   0.0000011487
1   8   3   9   -0.0000002553
1   8   3   12   0.0000007575
1   8   4   10   0.0000013242
1   8   5   11   0.0000013242
1   8   6   7   -0.0000017829
1   8   6   8   -0.0010509549
1   8   6   9   -0.0000033265
1   8   6   12   0.0000040811
1   9   1   7   -0.5335129590
1   9   1   8   0.0000411574
1   9   1   9   1.2644822716
1   9   1   12   0.0153075098
1   9   2   7   0.0000011455
1   9   2   8   0.0000000000
1   9   2   9   -0.0000003856
1   9   2   12   -0.0000024731
1   9   3   7   0.0861187762
1   9   3   8   -0.0000002553
1   9   3   9   -0.0232121285
1   9   3   12   -0.0005254630
1   9   4   10   0.0374592612
1   9   5   11   0.0374592612
1   9   6   7   0.0018047315
1   9   6   8   -0.0000033265
1   9   6   9   -0.0006021748
1   9   6   12   0.0353080496
1   10   1   10   1.1694934477
1   10   2   10   -0.0000004492
1   10   3   10   -0.0145678317
1   10   3   11   0.0000000000
1   10   4   7   0.0361589617
1   10   4   8   0.0000013242
1   10   4   9   0.0374592612
1   10   4   12   0.0006079489
1   10   6   10   -0.0003962426
1   11   1   11   1.1694934477
1   11   2   11   -0.0000004492
1   11   3   10   0.0000000000
1   11   3   11   -0.0145678317
1   11   5   7   0.0361589617
1   11   5   8   0.0000013242
1   11   5   9   0.0374592612
1   11   5   12   0.0006079489
1   11   6   11   -0.0003962426
1   12   1   7   -0.0111433109
1   12   1   8   -0.0002654398
1   12   1   9   0.0153075098
1   12   1   12   1.1221057247
1   12   2   7   -0.0000017829
1   12   2   8   -0.0000000227
1   12   2   9   -0.0000024731
1   12   2   12   -0.0000003591
1   12   3   7   0.0018047315
1   12   3   8   0.0000007575
1   12   3   9   -0.0005254630
1   12   3   12   -0.0136518669
1   12   4   10   0.0006079489
1   12   5   11   0.0006079489
1   12   6   7   0.0338693023
1   12   6   8   0.0000040811
1   12   6   9   0.0353080496
1   12   6   12   0.0005611462
2   7   1   7   -0.0000094501
2   7   1   8   0.0000000002
2   7   1   9   0.0000011455
2   7   1   12   -0.0000017829
2   7   2   7   0.1439580466
2   7   2   8   0.0000000179
2   7   2   9   0.0000011487
2   7   2   12   -0.0010509549
2   7   3   7   0.0000411574
2   7   3   8   0.0000000000
2   7   3   9   -0.0000002553
2   7   3   12   -0.0000033265
2   7   4   10   0.0000013242
2   7   5   11   0.0000013242
2   7   6   7   -0.0002654398
2   7   6   8   -0.0000000227
2   7   6   9   0.0000007575
2   7   6   12   0.0000040811
2   8   1   7   0.0000000002
2   8   1   8   0.0000000179
2   8   1   9   0.0000000000
2   8   1   12   -0.0000000227
2   8   2   7   0.0000000179
2   8   2   8   1.6515818556
2   8   2   9   -0.0004428407
2   8   2   12   0.0129388042
2   8   3   7   0.0000000000
2   8   3   8   -0.0004428407
2   8   3   9   0.0000001743
2   8   3   12   -0.0000050681
2   8   4   10   0.0000003857
2   8   5   11   0.0000003857
2   8   6   7   -0.0000000227
2   8   6   8   0.0129388042
2   8   6   9   -0.0000050681
2   8   6   12   0.0001674439
2   9   1   7   0.0000011455
2   9   1   8   0.0000000000
2   9   1   9   -0.0000003856
2   9   1   12   -0.0000024731
2   9   2   7   0.0000011487
2   9   2   8   -0.0004428407
2   9   2   9   0.1441232802
2   9   2   12   -0.0130110126
2   9   3   7   -0.0000002553
2   9   3   8   0.0000001743
2   9   3   9   0.0000314388
2   9   3   12   -0.0000147590
2   9   4   10   0.0000082246
2   9   5   11   0.0000082246
2   9   6   7   0.0000007575
2   9   6   8   -0.0000050681
2   9   6   9   -0.0002419059
2   9   6   12   0.0000408170
2   10   1   10   -0.0000004492
2   10   2   10   0.1432048065
2   10   3   10   0.0000293238
2   10   4   7   0.0000013242
2   10   4   8   0.0000003857
2   10   4   9   0.0000082246
2   10   4   12   -0.0000048404
2   10   6   10   -0.0002314765
2   11   1   11   -0.0000004492
2   11   2   11   0.1432048065
2   11   3   11   0.0000293238
2   11   5   7   0.0000013242
2   11   5   8   0.0000003857
2   11   5   9   0.0000082246
2   11   5   12   -0.0000048404
2   11   6   11   -0.0002314765
2   12   1   7   -0.0000017829
2   12   1   8   -0.0000000227
2   12   1   9   -0.0000024731
2   12   1   12   -0.0000003591
2   12   2   7   -0.0010509549
2   12   2   8   0.0129388042
2   12   2   9   -0.0130110126
2   12   2   12   0.1516077440
2   12   3   7   -0.0000033265
2   12   3   8   -0.0000050681
2   12   3   9   -0.0000147590
2   12   3   12   0.0000298602
2   12   4   10   -0.0000048404
2   12   5   11   -0.0000048404
2   12   6   7   0.0000040811
2   12   6   8   0.0001674439
2   12   6   9   0.0000408170
2   12   6   12   -0.0002577233
3   7   1   7   -0.5335129590
3   7   1   8   0.0000011455
3   7   1   9   0.0861187762
3   7   1   12   0.0018047315
3   7   2   7   0.0000411574
3   7   2   8   0.0000000000
3   7   2   9   -0.0000002553
3   7   2   12   -0.0000033265
3   7   3   7   1.2644822716
3   7   3   8   -0.0000003856
3   7   3   9   -0.0232121285
3   7   3   12   -0.0006021748
3   7   4   10   0.0374592612
3   7   5   11   0.0374592612
3   7   6   7   0.0153075098
3   7   6   8   -0.0000024731
3   7   6   9   -0.0005254630
3   7   6   12   0.0353080496
3   8   1   7   0.0000011455
3   8   1   8   0.0000011487
3   8   1   9   -0.0000002553
3   8   1   12   0.0000007575
3   8   2   7   0.0000000000
3   8   2   8   -0.0004428407
3   8   2   9   0.0000001743
3   8   2   12   -0.0000050681
3   8   3   7   -0.0000003856
3   8   3   8   0.1441232802
3   8   3   9   0.0000314388
3   8   3   12   -0.0002419059
3   8   4   10   0.0000082246
3   8   5   11   0.0000082246
3   8   6   7   -0.0000024731
3   8   6   8   -0.0130110126
3   8   6   9   -0.0000147590
3   8   6   12   0.0000408170
3   9   1   7   0.0861187762
3   9   1   8   -0.0000002553
3   9   1   9   -0.0232121285
3   9   1   12   -0.0005254630
3   9   2   7   -0.0000002553
3   9   2   8   0.0000001743
3   9   2   9   0.0000314388
3   9   2   12   -0.0000147590
3   9   3   7   -0.0232121285
3   9   3   8   0.0000314388
3   9   3   9   0.8835734873
3   9   3   12   0.0069203511
3   9   4   10   0.1657687492
3   9   5   11   0.1657687492
3   9   6   7   -0.0005254630
3   9   6   8   -0.0000147590
3   9   6   9   0.0069203511
3   9   6   12   0.1586806734
3   10   1   10   -0.0145678317
3   10   1   11   0.0000000000
3   10   2   10   0.0000293238
3   10   3   10   0.8294396343
3   10   4   7   0.0374592612
3   10   4   8   0.0000082246
3   10   4   9   0.1657687492
3   10   4   12   0.0015371628
3   10   6   10   0.0064399320
3   11   1   10   0.0000000000
3   11   1   11   -0.0145678317
3   11   2   11   0.0000293238
3   11   3   11   0.8294396343
3   11   5   7   0.0374592612
3   11   5   8   0.0000082246
3   11   5   9   0.1657687492
3   11   5   12   0.0015371628
3   11   6   11   0.0064399320
3   12   1   7   0.0018047315
3   12   1   8   0.0000007575
3   12   1   9   -0.0005254630
3   12   1   12   -0.0136518669
3   12   2   7   -0.0000033265
3   12   2   8   -0.0000050681
3   12   2   9   -0.0000147590
3   12   2   12   0.0000298602
3   12   3   7   -0.0006021748
3   12   3   8   -0.0002419059
3   12   3   9   0.0069203511
3   12   3   12   0.8024120903
3   12   4   10   0.0015371628
3   12   5   11   0.0015371628
3   12   6   7   0.0353080496
3   12   6   8   0.0000408170
3   12   6   9   0.1586806734
3   12   6   12   0.0069184962
4   7   1   10   0.0361589617
4   7   2   10   0.0000013242
4   7   3   10   0.0374592612
4   7   4   7   1.1694934477
4   7   4   8   -0.0000004492
4   7   4   9   -0.0145678317
4   7   4   12   -0.0003962426
4   7   5   9   0.0000000000
4   7   6   10   0.0006079489
4   8   1   10   0.0000013242
4   8   2   10   0.0000003857
4   8   3   10   0.0000082246
4   8   4   7   -0.0000004492
4   8   4   8   0.1432048065
4   8   4   9   0.0000293238
4   8   4   12   -0.0002314765
4   8   6   10   -0.0000048404
4   9   1   10   0.0374592612
4   9   2   10   0.0000082246
4   9   3   10   0.1657687492
4   9   4   7   -0.0145678317
4   9   4   8   0.0000293238
4   9   4   9   0.8294396343
4   9   4   12   0.0064399320
4   9   5   7   0.0000000000
4   9   6   10   0.0015371628
4   10   1   7   0.0361589617
4   10   1   8   0.0000013242
4   10   1   9   0.0374592612
4   10   1   12   0.0006079489
4   10   2   7   0.0000013242
4   10   2   8   0.0000003857
4   10   2   9   0.0000082246
4   10   2   12   -0.0000048404
4   10   3   7   0.0374592612
4   10   3   8   0.0000082246
4   10   3   9   0.1657687492
4   10   3   12   0.0015371628
4   10   4   10   0.8388689234
4   10   4   11   -0.0000000000
4   10   5   10   -0.0000000000
4   10   5   11   0.0407593131
4   10   6   7   0.0006079489
4   10   6   8   -0.0000048404
4   10   6   9   0.0015371628
4   10   6   12   0.0391101484
4   11   4   10   -0.0000000000
4   11   4   11   0.7573502972
4   11   5   10   0.0407593131
4   11   5   11   -0.0000000000
4   12   1   10   0.0006079489
4   12   2   10   -0.0000048404
4   12   3   10   0.0015371628
4   12   4   7   -0.0003962426
4   12   4   8   -0.0002314765
4   12   4   9   0.0064399320
4   12   4   12   0.7336098072
4   12   5   12   -0.0000000000
4   12   6   10   0.0391101484
5   7   1   11   0.0361589617
5   7   2   11   0.0000013242
5   7   3   11   0.0374592612
5   7   4   9   0.0000000000
5   7   5   7   1.1694934477
5   7   5   8   -0.0000004492
5   7   5   9   -0.0145678317
5   7   5   12   -0.0003962426
5   7   6   11   0.0006079489
5   8   1   11   0.0000013242
5   8   2   11   0.0000003857
5   8   3   11   0.0000082246
5   8   5   7   -0.0000004492
5   8   5   8   0.1432048065
5   8   5   9   0.0000293238
5   8   5   12   -0.0002314765
5   8   6   11   -0.0000048404
5   9   1   11   0.0374592612
5   9   2   11   0.0000082246
5   9   3   11   0.1657687492
5   9   4   7   0.0000000000
5   9   5   7   -0.0145678317
5   9   5   8   0.0000293238
5   9   5   9   0.8294396343
5   9   5   12   0.0064399320
5   9   6   11   0.0015371628
5   10   4   10   -0.0000000000
5   10   4   11   0.0407593131
5   10   5   10   0.7573502972
5   10   5   11   -0.0000000000
5   11   1   7   0.0361589617
5   11   1   8   0.0000013242
5   11   1   9   0.0374592612
5   11   1   12   0.0006079489
5   11   2   7   0.0000013242
5   11   2   8   0.0000003857
5   11   2   9   0.0000082246
5   11   2   12   -0.0000048404
5   11   3   7   0.0374592612
5   11   3   8   0.0000082246
5   11   3   9   0.1657687492
5   11   3   12   0.0015371628
5   11   4   10   0.0407593131
5   11   4   11   -0.0000000000
5   11   5   10   -0.0000000000
5   11   5   11   0.8388689234
5   11   6   7   0.0006079489
5   11   6   8   -0.0000048404
5   11   6   9   0.0015371628
5   11   6   12   0.0391101484
5   12   1   11   0.0006079489
5   12   2   11   -0.0000048404
5   12   3   11   0.0015371628
5   12   4   12   -0.0000000000
5   12   5   7   -0.0003962426
5   12   5   8   -0.0002314765
5   12   5   9   0.0064399320
5   12   5   12   0.7336098072
5   12   6   11   0.0391101484
6   7   1   7   -0.0111433109
6   7   1   8   -0.0000017829
6   7   1   9   0.0018047315
6   7   1   12   0.0338693023
6   7   2   7   -0.0002654398
6   7   2   8   -0.0000000227
6   7   2   9   0.0000007575
6   7   2   12   0.0000040811
6   7   3   7   0.0153075098
6   7   3   8   -0.0000024731
6   7   3   9   -0.0005254630
6   7   3   12   0.0353080496
6   7   4   10   0.0006079489
6   7   5   11   0.0006079489
6   7   6   7   1.1221057247
6   7   6   8   -0.0000003591
6   7   6   9   -0.0136518669
6   7   6   12   0.0005611462
6   8   1   7   -0.0000017829
6   8   1   8   -0.0010509549
6   8   1   9   -0.0000033265
6   8   1   12   0.0000040811
6   8   2   7   -0.0000000227
6   8   2   8   0.0129388042
6   8   2   9   -0.0000050681
6   8   2   12   0.0001674439
6   8   3   7   -0.0000024731
6   8   3   8   -0.0130110126
6   8   3   9   -0.0000147590
6   8   3   12   0.0000408170
6   8   4   10   -0.0000048404
6   8   5   11   -0.0000048404
6   8   6   7   -0.0000003591
6   8   6   8   0.1516077440
6   8   6   9   0.0000298602
6   8   6   12   -0.0002577233
6   9   1   7   0.0018047315
6   9   1   8   -0.0000033265
6   9   1   9   -0.0006021748
6   9   1   12   0.0353080496
6   9   2   7   0.0000007575
6   9   2   8   -0.0000050681
6   9   2   9   -0.0002419059
6   9   2   12   0.0000408170
6   9   3   7   -0.0005254630
6   9   3   8   -0.0000147590
6   9   3   9   0.0069203511
6   9   3   12   0.1586806734
6   9   4   10   0.0015371628
6   9   5   11   0.0015371628
6   9   6   7   -0.0136518669
6   9   6   8   0.0000298602
6   9   6   9   0.8024120903
6   9   6   12   0.0069184962
6   10   1   10   -0.0003962426
6   10   2   10   -0.0002314765
6   10   3   10   0.0064399320
6   10   4   7   0.0006079489
6   10   4   8   -0.0000048404
6   10   4   9   0.0015371628
6   10   4   12   0.0391101484
6   10   6   10   0.7336098072
6   10   6   11   -0.0000000000
6   11   1   11   -0.0003962426
6   11   2   11   -0.0002314765
6   11   3   11   0.0064399320
6   11   5   7   0.0006079489
6   11   5   8   -0.0000048404
6   11   5   9   0.0015371628
6   11   5   12   0.0391101484
6   11   6   10   -0.0000000000
6   11   6   11   0.7336098072
6   12   1   7   0.0338693023
6   12   1   8   0.0000040811
6   12   1   9   0.0353080496
6   12   1   12   0.0005611462
6   12   2   7   0.0000040811
6   12   2   8   0.0001674439
6   12   2   9   0.0000408170
6   12   2   12   -0.0002577233
6   12   3   7   0.0353080496
6   12   3   8   0.0000408170
6   12   3   9   0.1586806734
6   12   3   12   0.0069184962
6   12   4   10   0.0391101484
6   12   5   11   0.0391101484
6   12   6   7   0.0005611462
6   12   6   8   -0.0002577233
6   12   6   9   0.0069184962
6   12   6   12   0.7867101355

End IJKL Block
Begin IJAB Block
1   7   1   5   0.0001967910
1   7   1   8   0.0003022104
1   7   2   6   0.0000918499
1   7   3   7   0.0000918499
1   7   4   5   0.0003022104
1   7   4   8   0.0005927676
1   8   1   5   0.0000009500
1   8   1   8   -0.0000011175
1   8   2   6   -0.0000006119
1   8   3   7   -0.0000006119
1   8   4   5   0.0000012168
1   8   4   8   -0.0000016073
1   9   1   5   0.0001959974
1   9   1   8   0.0002749691
1   9   2   6   0.0000886634
1   9   3   7   0.0000886634
1   9   4   5   0.0002764393
1   9   4   8   0.0003540253
1   10   1   6   -0.0000085288
1   10   1   7   0.0000006055
1   10   2   5   0.0000096591
1   10   2   8   0.0000644203
1   10   3   5   -0.0000006858
1   10   3   8   -0.0000045739
1   10   4   6   -0.0000372313
1   10   4   7   0.0000026435
1   11   1   6   -0.0000006055
1   11   1   7   -0.0000085288
1   11   2   5   0.0000006858
1   11   2   8   0.0000045739
1   11   3   5   0.0000096591
1   11   3   8   0.0000644203
1   11   4   6   -0.0000026435
1   11   4   7   -0.0000372313
1   12   1   5   0.0000024727
1   12   1   8   -0.0000687412
1   12   2   6   0.0000056471
1   12   3   7   0.0000056471
1   12   4   5   0.0000382853
1   12   4   8   -0.0000498748
2   7   1   5   0.0000009500
2   7   1   8   0.0000012168
2   7   2   6   -0.0000006119
2   7   3   7   -0.0000006119
2   7   4   5   -0.0000011175
2   7   4   8   -0.0000016073
2   8   1   5   0.0096711367
2   8   1   8   0.0067216548
2   8   2   6   0.0017362805
2   8   3   7   0.0017362805
2   8   4   5   0.0067216548
2   8   4   8   0.0065383963
2   9   1   5   -0.0000000265
2   9   1   8   -0.0000001589
2   9   2   6   0.0000055384
2   9   3   7   0.0000055384
2   9   4   5   -0.0000108398
2   9   4   8   -0.0000089181
2   10   1   6   0.0000012026
2   10   1   7   -0.0000000854
2   10   2   5   0.0000614001
2   10   2   8   0.0000947862
2   10   3   5   -0.0000043595
2   10   3   8   -0.0000067299
2   10   4   6   -0.0000151354
2   10   4   7   0.0000010746
2   11   1   6   0.0000000854
2   11   1   7   0.0000012026
2   11   2   5   0.0000043595
2   11   2   8   0.0000067299
2   11   3   5   0.0000614001
2   11   3   8   0.0000947862
2   11   4   6   -0.0000010746
2   11   4   7   -0.0000151354
2   12   1   5   0.0001785579
2   12   1   8   0.0003534835
2   12   2   6   -0.0002668177
2   12   3   7   -0.0002668177
2   12   4   5   0.0001142807
2   12   4   8   -0.0000949668
3   7   1   5   0.0001959974
3   7   1   8   0.0002764393
3   7   2   6   0.0000886634
3   7   3   7   0.0000886634
3   7   4   5   0.0002749691
3   7   4   8   0.0003540253
3   8   1   5   -0.0000000265
3   8   1   8   -0.0000108398
3   8   2   6   0.0000055384
3   8   3   7   0.0000055384
3   8   4   5   -0.0000001589
3   8   4   8   -0.0000089181
3   9   1   5   0.0008509553
3   9   1   8   0.0012841673
3   9   2   6   0.0003505225
3   9   3   7   0.0003505225
3   9   4   5   0.0012841673
3   9   4   8   0.0023990083
3   10   1   6   0.0001004382
3   10   1   7   -0.0000071312
3   10   2   5   0.0000304797
3   10   2   8   0.0001874471
3   10   3   5   -0.0000021641
3   10   3   8   -0.0000133089
3   10   4   6   0.0008405165
3   10   4   7   -0.0000596775
3   11   1   6   0.0000071312
3   11   1   7   0.0001004382
3   11   2   5   0.0000021641
3   11   2   8   0.0000133089
3   11   3   5   0.0000304797
3   11   3   8   0.0001874471
3   11   4   6   0.0000596775
3   11   4   7   0.0008405165
3   12   1   5   -0.0001810524
3   12   1   8   -0.0004387460
3   12   2   6   0.0000186039
3   12   3   7   0.0000186039
3   12   4   5   -0.0013086029
3   12   4   8   -0.0021231379
4   7   1   6   0.0000096591
4   7   1   7   -0.0000006858
4   7   2   5   -0.0000085288
4   7   2   8   -0.0000372313
4   7   3   5   0.0000006055
4   7   3   8   0.0000026435
4   7   4   6   0.0000644203
4   7   4   7   -0.0000045739
4   8   1   6   0.0000614001
4   8   1   7   -0.0000043595
4   8   2   5   0.0000012026
4   8   2   8   -0.0000151354
4   8   3   5   -0.0000000854
4   8   3   8   0.0000010746
4   8   4   6   0.0000947862
4   8   4   7   -0.0000067299
4   9   1   6   0.0000304797
4   9   1   7   -0.0000021641
4   9   2   5   0.0001004382
4   9   2   8   0.0008405165
4   9   3   5   -0.0000071312
4   9   3   8   -0.0000596775
4   9   4   6   0.0001874471
4   9   4   7   -0.0000133089
4   10   1   5   0.0002322414
4   10   1   8   0.0003666455
4   10   2   6   0.0014077471
4   10   2   7   -0.0000928423
4   10   3   6   -0.0000928423
4   10   3   7   0.0001067189
4   10   4   5   0.0003666455
4   10   4   8   0.0008307001
4   11   2   6   0.0000928423
4   11   2   7   0.0012074930
4   11   3   6   0.0000935351
4   11   3   7   -0.0000928423
4   12   1   6   -0.0001989199
4   12   1   7   0.0000141235
4   12   2   5   -0.0019071984
4   12   2   8   -0.0026128210
4   12   3   5   0.0001354130
4   12   3   8   0.0001855129
4   12   4   6   -0.0003526151
4   12   4   7   0.0000250360
5   7   1   6   0.0000006858
5   7   1   7   0.0000096591
5   7   2   5   -0.0000006055
5   7   2   8   -0.0000026435
5   7   3   5   -0.0000085288
5   7   3   8   -0.0000372313
5   7   4   6   0.0000045739
5   7   4   7   0.0000644203
5   8   1   6   0.0000043595
5   8   1   7   0.0000614001
5   8   2   5   0.0000000854
5   8   2   8   -0.0000010746
5   8   3   5   0.0000012026
5   8   3   8   -0.0000151354
5   8   4   6   0.0000067299
5   8   4   7   0.0000947862
5   9   1   6   0.0000021641
5   9   1   7   0.0000304797
5   9   2   5   0.0000071312
5   9   2   8   0.0000596775
5   9   3   5   0.0001004382
5   9   3   8   0.0008405165
5   9   4   6   0.0000133089
5   9   4   7   0.0001874471
5   10   2   6   0.0000928423
5   10   2   7   0.0000935351
5   10   3   6   0.0012074930
5   10   3   7   -0.0000928423
5   11   1   5   0.0002322414
5   11   1   8   0.0003666455
5   11   2   6   0.0001067189
5   11   2   7   0.0000928423
5   11   3   6   0.0000928423
5   11   3   7   0.0014077471
5   11   4   5   0.0003666455
5   11   4   8   0.0008307001
5   12   1   6   -0.0000141235
5   12   1   7   -0.0001989199
5   12   2   5   -0.0001354130
5   12   2   8   -0.0001855129
5   12   3   5   -0.0019071984
5   12   3   8   -0.0026128210
5   12   4   6   -0.0000250360
5   12   4   7   -0.0003526151
6   7   1   5   0.0000024727
6   7   1   8   0.0000382853
6   7   2   6   0.0000056471
6   7   3   7   0.0000056471
6   7   4   5   -0.0000687412
6   7   4   8   -0.0000498748
6   8   1   5   0.0001785579
6   8   1   8   0.0001142807
6   8   2   6   -0.0002668177
6   8   3   7   -0.0002668177
6   8   4   5   0.0003534835
6   8   4   8   -0.0000949668
6   9   1   5   -0.0001810524
6   9   1   8   -0.0013086029
6   9   2   6   0.0000186039
6   9   3   7   0.0000186039
6   9   4   5   -0.0004387460
6   9   4   8   -0.0021231379
6   10   1   6   -0.0019071984
6   10   1   7   0.0001354130
6   10   2   5   -0.0001989199
6   10   2   8   -0.0003526151
6   10   3   5   0.0000141235
6   10   3   8   0.0000250360
6   10   4   6   -0.0026128210
6   10   4   7   0.0001855129
6   11   1   6   -0.0001354130
6   11   1   7   -0.0019071984
6   11   2   5   -0.0000141235
6   11   2   8   -0.0000250360
6   11   3   5   -0.0001989199
6   11   3   8   -0.0003526151
6   11   4   6   -0.0001855129
6   11   4   7   -0.0026128210
6   12   1   5   0.0035615992
6   12   1   8   0.0049633869
6   12   2   6   0.0003562915
6   12   3   7   0.0003562915
6   12   4   5   0.0049633869
6   12   4   8   0.0075617082

End IJAB Block
Begin ABCD Block
1   5   1   5   0.2341387808
1   5   1   8   0.0023118496
1   5   2   6   0.0355823117
1   5   3   7   0.0355823117
1   5   4   5   0.0023118496
1   5   4   8   0.0260529176
1   6   1   6   0.1835762042
1   6   2   5   0.0355823117
1   6   2   8   0.0082010496
1   6   4   6   0.0127267839
1   7   1   7   0.1835762042
1   7   3   5   0.0355823117
1   7   3   8   0.0082010496
1   7   4   7   0.0127267839
1   8   1   5   0.0023118496
1   8   1   8   0.1781810297
1   8   2   6   0.0082010496
1   8   3   7   0.0082010496
1   8   4   5   0.0260529176
1   8   4   8   0.0123265614
2   5   1   6   0.0355823117
2   5   2   5   0.1835762042
2   5   2   8   0.0127267839
2   5   4   6   0.0082010496
2   6   1   5   0.0355823117
2   6   1   8   0.0082010496
2   6   2   6   0.1717573041
2   6   3   7   0.0092095109
2   6   4   5   0.0082010496
2   6   4   8   0.0116126227
2   7   2   7   0.1533382823
2   7   3   6   0.0092095109
2   8   1   6   0.0082010496
2   8   2   5   0.0127267839
2   8   2   8   0.1546258160
2   8   4   6   0.0116126227
3   5   1   7   0.0355823117
3   5   3   5   0.1835762042
3   5   3   8   0.0127267839
3   5   4   7   0.0082010496
3   6   2   7   0.0092095109
3   6   3   6   0.1533382823
3   7   1   5   0.0355823117
3   7   1   8   0.0082010496
3   7   2   6   0.0092095109
3   7   3   7   0.1717573041
3   7   4   5   0.0082010496
3   7   4   8   0.0116126227
3   8   1   7   0.0082010496
3   8   3   5   0.0127267839
3   8   3   8   0.1546258160
3   8   4   7   0.0116126227
4   5   1   5   0.0023118496
4   5   1   8   0.0260529176
4   5   2   6   0.0082010496
4   5   3   7   0.0082010496
4   5   4   5   0.1781810297
4   5   4   8   0.0123265614
4   6   1   6   0.0127267839
4   6   2   5   0.0082010496
4   6   2   8   0.0116126227
4   6   4   6   0.1546258160
4   7   1   7   0.0127267839
4   7   3   5   0.0082010496
4   7   3   8   0.0116126227
4   7   4   7   0.1546258160
4   8   1   5   0.0260529176
4   8   1   8   0.0123265614
4   8   2   6   0.0116126227
4   8   3   7   0.0116126227
4   8   4   5   0.0123265614
4   8   4   8   0.1688125957

End ABCD Block
Begin AIJB Block
1   7   1   5   0.0001967910
1   7   1   8   0.0003022104
1   7   2   5   0.0000009500
1   7   2   8   0.0000012168
1   7   3   5   0.0001959974
1   7   3   8   0.0002764393
1   7   4   6   0.0000096591
1   7   4   7   -0.0000006858
1   7   5   6   0.0000006858
1   7   5   7   0.0000096591
1   7   6   5   0.0000024727
1   7   6   8   0.0000382853
1   8   1   5   0.0000009500
1   8   1   8   -0.0000011175
1   8   2   5   0.0096711367
1   8   2   8   0.0067216548
1   8   3   5   -0.0000000265
1   8   3   8   -0.0000108398
1   8   4   6   0.0000614001
1   8   4   7   -0.0000043595
1   8   5   6   0.0000043595
1   8   5   7   0.0000614001
1   8   6   5   0.0001785579
1   8   6   8   0.0001142807
1   9   1   5   0.0001959974
1   9   1   8   0.0002749691
1   9   2   5   -0.0000000265
1   9   2   8   -0.0000001589
1   9   3   5   0.0008509553
1   9   3   8   0.0012841673
1   9   4   6   0.0000304797
1   9   4   7   -0.0000021641
1   9   5   6   0.0000021641
1   9   5   7   0.0000304797
1   9   6   5   -0.0001810524
1   9   6   8   -0.0013086029
1   10   1   6   -0.0000085288
1   10   1   7   0.0000006055
1   10   2   6   0.0000012026
1   10   2   7   -0.0000000854
1   10   3   6   0.0001004382
1   10   3   7   -0.0000071312
1   10   4   5   0.0002322414
1   10   4   8   0.0003666455
1   10   6   6   -0.0019071984
1   10   6   7   0.0001354130
1   11   1   6   -0.0000006055
1   11   1   7   -0.0000085288
1   11   2   6   0.0000000854
1   11   2   7   0.0000012026
1   11   3   6   0.0000071312
1   11   3   7   0.0001004382
1   11   5   5   0.0002322414
1   11   5   8   0.0003666455
1   11   6   6   -0.0001354130
1   11   6   7   -0.0019071984
1   12   1   5   0.0000024727
1   12   1   8   -0.0000687412
1   12   2   5   0.0001785579
1   12   2   8   0.0003534835
1   12   3   5   -0.0001810524
1   12   3   8   -0.0004387460
1   12   4   6   -0.0001989199
1   12   4   7   0.0000141235
1   12   5   6   -0.0000141235
1   12   5   7   -0.0001989199
1   12   6   5   0.0035615992
1   12   6   8   0.0049633869
2   7   1   6   0.0000918499
2   7   2   6   -0.0000006119
2   7   3   6   0.0000886634
2   7   4   5   -0.0000085288
2   7   4   8   -0.0000372313
2   7   5   5   -0.0000006055
2   7   5   8   -0.0000026435
2   7   6   6   0.0000056471
2   8   1   6   -0.0000006119
2   8   2   6   0.0017362805
2   8   3   6   0.0000055384
2   8   4   5   0.0000012026
2   8   4   8   -0.0000151354
2   8   5   5   0.0000000854
2   8   5   8   -0.0000010746
2   8   6   6   -0.0002668177
2   9   1   6   0.0000886634
2   9   2   6   0.0000055384
2   9   3   6   0.0003505225
2   9   4   5   0.0001004382
2   9   4   8   0.0008405165
2   9   5   5   0.0000071312
2   9   5   8   0.0000596775
2   9   6   6   0.0000186039
2   10   1   5   0.0000096591
2   10   1   8   0.0000644203
2   10   2   5   0.0000614001
2   10   2   8   0.0000947862
2   10   3   5   0.0000304797
2   10   3   8   0.0001874471
2   10   4   6   0.0014077471
2   10   4   7   -0.0000928423
2   10   5   6   0.0000928423
2   10   5   7   0.0000935351
2   10   6   5   -0.0001989199
2   10   6   8   -0.0003526151
2   11   1   5   0.0000006858
2   11   1   8   0.0000045739
2   11   2   5   0.0000043595
2   11   2   8   0.0000067299
2   11   3   5   0.0000021641
2   11   3   8   0.0000133089
2   11   4   6   0.0000928423
2   11   4   7   0.0012074930
2   11   5   6   0.0001067189
2   11   5   7   0.0000928423
2   11   6   5   -0.0000141235
2   11   6   8   -0.0000250360
2   12   1   6   0.0000056471
2   12   2   6   -0.0002668177
2   12   3   6   0.0000186039
2   12   4   5   -0.0019071984
2   12   4   8   -0.0026128210
2   12   5   5   -0.0001354130
2   12   5   8   -0.0001855129
2   12   6   6   0.0003562915
3   7   1   7   0.0000918499
3   7   2   7   -0.0000006119
3   7   3   7   0.0000886634
3   7   4   5   0.0000006055
3   7   4   8   0.0000026435
3   7   5   5   -0.0000085288
3   7   5   8   -0.0000372313
3   7   6   7   0.0000056471
3   8   1   7   -0.0000006119
3   8   2   7   0.0017362805
3   8   3   7   0.0000055384
3   8   4   5   -0.0000000854
3   8   4   8   0.0000010746
3   8   5   5   0.0000012026
3   8   5   8   -0.0000151354
3   8   6   7   -0.0002668177
3   9   1   7   0.0000886634
3   9   2   7   0.0000055384
3   9   3   7   0.0003505225
3   9   4   5   -0.0000071312
3   9   4   8   -0.0000596775
3   9   5   5   0.0001004382
3   9   5   8   0.0008405165
3   9   6   7   0.0000186039
3   10   1   5   -0.0000006858
3   10   1   8   -0.0000045739
3   10   2   5   -0.0000043595
3   10   2   8   -0.0000067299
3   10   3   5   -0.0000021641
3   10   3   8   -0.0000133089
3   10   4   6   -0.0000928423
3   10   4   7   0.0001067189
3   10   5   6   0.0012074930
3   10   5   7   -0.0000928423
3   10   6   5   0.0000141235
3   10   6   8   0.0000250360
3   11   1   5   0.0000096591
3   11   1   8   0.0000644203
3   11   2   5   0.0000614001
3   11   2   8   0.0000947862
3   11   3   5   0.0000304797
3   11   3   8   0.0001874471
3   11   4   6   0.0000935351
3   11   4   7   -0.0000928423
3   11   5   6   0.0000928423
3   11   5   7   0.0014077471
3   11   6   5   -0.0001989199
3   11   6   8   -0.0003526151
3   12   1   7   0.0000056471
3   12   2   7   -0.0002668177
3   12   3   7   0.0000186039
3   12   4   5   0.0001354130
3   12   4   8   0.0001855129
3   12   5   5   -0.0019071984
3   12   5   8   -0.0026128210
3   12   6   7   0.0003562915
4   7   1   5   0.0003022104
4   7   1   8   0.0005927676
4   7   2   5   -0.0000011175
4   7   2   8   -0.0000016073
4   7   3   5   0.0002749691
4   7   3   8   0.0003540253
4   7   4   6   0.0000644203
4   7   4   7   -0.0000045739
4   7   5   6   0.0000045739
4   7   5   7   0.0000644203
4   7   6   5   -0.0000687412
4   7   6   8   -0.0000498748
4   8   1   5   0.0000012168
4   8   1   8   -0.0000016073
4   8   2   5   0.0067216548
4   8   2   8   0.0065383963
4   8   3   5   -0.0000001589
4   8   3   8   -0.0000089181
4   8   4   6   0.0000947862
4   8   4   7   -0.0000067299
4   8   5   6   0.0000067299
4   8   5   7   0.0000947862
4   8   6   5   0.0003534835
4   8   6   8   -0.0000949668
4   9   1   5   0.0002764393
4   9   1   8   0.0003540253
4   9   2   5   -0.0000108398
4   9   2   8   -0.0000089181
4   9   3   5   0.0012841673
4   9   3   8   0.0023990083
4   9   4   6   0.0001874471
4   9   4   7   -0.0000133089
4   9   5   6   0.0000133089
4   9   5   7   0.0001874471
4   9   6   5   -0.0004387460
4   9   6   8   -0.0021231379
4   10   1   6   -0.0000372313
4   10   1   7   0.0000026435
4   10   2   6   -0.0000151354
4   10   2   7   0.0000010746
4   10   3   6   0.0008405165
4   10   3   7   -0.0000596775
4   10   4   5   0.0003666455
4   10   4   8   0.0008307001
4   10   6   6   -0.0026128210
4   10   6   7   0.0001855129
4   11   1   6   -0.0000026435
4   11   1   7   -0.0000372313
4   11   2   6   -0.0000010746
4   11   2   7   -0.0000151354
4   11   3   6   0.0000596775
4   11   3   7   0.0008405165
4   11   5   5   0.0003666455
4   11   5   8   0.0008307001
4   11   6   6   -0.0001855129
4   11   6   7   -0.0026128210
4   12   1   5   0.0000382853
4   12   1   8   -0.0000498748
4   12   2   5   0.0001142807
4   12   2   8   -0.0000949668
4   12   3   5   -0.0013086029
4   12   3   8   -0.0021231379
4   12   4   6   -0.0003526151
4   12   4   7   0.0000250360
4   12   5   6   -0.0000250360
4   12   5   7   -0.0003526151
4   12   6   5   0.0049633869
4   12   6   8   0.0075617082

1   7   7   1   -0.1144190803
1   7   7   4   -0.0316176171
1   7   8   1   0.0000002241
1   7   8   4   -0.0000001424
1   7   9   1   0.0000781826
1   7   9   4   0.0001181322
1   7   10   2   -0.0001927887
1   7   10   3   0.0000136882
1   7   11   2   -0.0000136882
1   7   11   3   -0.0001927887
1   7   12   1   0.0006047002
1   7   12   4   0.0003565301
1   8   7   1   0.0000002241
1   8   7   4   -0.0000001424
1   8   8   1   -0.2890474717
1   8   8   4   -0.0576350215
1   8   9   1   0.0000210105
1   8   9   4   0.0000012647
1   8   10   2   -0.0000513414
1   8   10   3   0.0000036453
1   8   11   2   -0.0000036453
1   8   11   3   -0.0000513414
1   8   12   1   -0.0004882980
1   8   12   4   0.0000010334
1   9   7   1   0.0000781826
1   9   7   4   0.0001181322
1   9   8   1   0.0000210105
1   9   8   4   0.0000012647
1   9   9   1   -0.1126876163
1   9   9   4   -0.0289502377
1   9   10   2   -0.0022094456
1   9   10   3   0.0001568728
1   9   11   2   -0.0001568728
1   9   11   3   -0.0022094456
1   9   12   1   0.0071607082
1   9   12   4   0.0032455650
1   10   7   2   -0.0001927887
1   10   7   3   0.0000136882
1   10   8   2   -0.0000513414
1   10   8   3   0.0000036453
1   10   9   2   -0.0022094456
1   10   9   3   0.0001568728
1   10   10   1   -0.1120330029
1   10   10   4   -0.0281966295
1   10   12   2   0.0007646517
1   10   12   3   -0.0000542910
1   11   7   2   -0.0000136882
1   11   7   3   -0.0001927887
1   11   8   2   -0.0000036453
1   11   8   3   -0.0000513414
1   11   9   2   -0.0001568728
1   11   9   3   -0.0022094456
1   11   11   1   -0.1120330029
1   11   11   4   -0.0281966295
1   11   12   2   0.0000542910
1   11   12   3   0.0007646517
1   12   7   1   0.0006047002
1   12   7   4   0.0003565301
1   12   8   1   -0.0004882980
1   12   8   4   0.0000010334
1   12   9   1   0.0071607082
1   12   9   4   0.0032455650
1   12   10   2   0.0007646517
1   12   10   3   -0.0000542910
1   12   11   2   0.0000542910
1   12   11   3   0.0007646517
1   12   12   1   -0.1158261623
1   12   12   4   -0.0301366682
2   7   7   2   -0.1153245588
2   7   8   2   0.0000000428
2   7   9   2   0.0000362802
2   7   10   1   -0.0001927887
2   7   10   4   -0.0002808726
2   7   11   1   -0.0000136882
2   7   11   4   -0.0000199422
2   7   12   2   0.0005298900
2   8   7   2   0.0000000428
2   8   8   2   -0.2212196709
2   8   9   2   0.0000081396
2   8   10   1   -0.0000513414
2   8   10   4   -0.0000295495
2   8   11   1   -0.0000036453
2   8   11   4   -0.0000020980
2   8   12   2   -0.0001388760
2   9   7   2   0.0000362802
2   9   8   2   0.0000081396
2   9   9   2   -0.1145725884
2   9   10   1   -0.0022094456
2   9   10   4   -0.0027447776
2   9   11   1   -0.0001568728
2   9   11   4   -0.0001948819
2   9   12   2   0.0065008510
2   10   7   1   -0.0001927887
2   10   7   4   -0.0002808726
2   10   8   1   -0.0000513414
2   10   8   4   -0.0000295495
2   10   9   1   -0.0022094456
2   10   9   4   -0.0027447776
2   10   10   2   -0.1146290021
2   10   10   3   0.0000422430
2   10   11   2   -0.0000422430
2   10   11   3   -0.0002959819
2   10   12   1   0.0007646517
2   10   12   4   0.0008303841
2   11   7   1   -0.0000136882
2   11   7   4   -0.0000199422
2   11   8   1   -0.0000036453
2   11   8   4   -0.0000020980
2   11   9   1   -0.0001568728
2   11   9   4   -0.0001948819
2   11   10   2   -0.0000422430
2   11   10   3   -0.0002959819
2   11   11   2   -0.1140370382
2   11   11   3   -0.0000422430
2   11   12   1   0.0000542910
2   11   12   4   0.0000589581
2   12   7   2   0.0005298900
2   12   8   2   -0.0001388760
2   12   9   2   0.0065008510
2   12   10   1   0.0007646517
2   12   10   4   0.0008303841
2   12   11   1   0.0000542910
2   12   11   4   0.0000589581
2   12   12   2   -0.1169221520
3   7   7   3   -0.1153245588
3   7   8   3   0.0000000428
3   7   9   3   0.0000362802
3   7   10   1   0.0000136882
3   7   10   4   0.0000199422
3   7   11   1   -0.0001927887
3   7   11   4   -0.0002808726
3   7   12   3   0.0005298900
3   8   7   3   0.0000000428
3   8   8   3   -0.2212196709
3   8   9   3   0.0000081396
3   8   10   1   0.0000036453
3   8   10   4   0.0000020980
3   8   11   1   -0.0000513414
3   8   11   4   -0.0000295495
3   8   12   3   -0.0001388760
3   9   7   3   0.0000362802
3   9   8   3   0.0000081396
3   9   9   3   -0.1145725884
3   9   10   1   0.0001568728
3   9   10   4   0.0001948819
3   9   11   1   -0.0022094456
3   9   11   4   -0.0027447776
3   9   12   3   0.0065008510
3   10   7   1   0.0000136882
3   10   7   4   0.0000199422
3   10   8   1   0.0000036453
3   10   8   4   0.0000020980
3   10   9   1   0.0001568728
3   10   9   4   0.0001948819
3   10   10   2   0.0000422430
3   10   10   3   -0.1140370382
3   10   11   2   -0.0002959819
3   10   11   3   0.0000422430
3   10   12   1   -0.0000542910
3   10   12   4   -0.0000589581
3   11   7   1   -0.0001927887
3   11   7   4   -0.0002808726
3   11   8   1   -0.0000513414
3   11   8   4   -0.0000295495
3   11   9   1   -0.0022094456
3   11   9   4   -0.0027447776
3   11   10   2   -0.0002959819
3   11   10   3   0.0000422430
3   11   11   2   -0.0000422430
3   11   11   3   -0.1146290021
3   11   12   1   0.0007646517
3   11   12   4   0.0008303841
3   12   7   3   0.0005298900
3   12   8   3   -0.0001388760
3   12   9   3   0.0065008510
3   12   10   1   -0.0000542910
3   12   10   4   -0.0000589581
3   12   11   1   0.0007646517
3   12   11   4   0.0008303841
3   12   12   3   -0.1169221520
4   7   7   1   -0.0316176171
4   7   7   4   -0.1451926410
4   7   8   1   -0.0000001424
4   7   8   4   -0.0000002397
4   7   9   1   0.0001181322
4   7   9   4   0.0002129450
4   7   10   2   -0.0002808726
4   7   10   3   0.0000199422
4   7   11   2   -0.0000199422
4   7   11   3   -0.0002808726
4   7   12   1   0.0003565301
4   7   12   4   0.0009916621
4   8   7   1   -0.0000001424
4   8   7   4   -0.0000002397
4   8   8   1   -0.0576350215
4   8   8   4   -0.2393290301
4   8   9   1   0.0000012647
4   8   9   4   0.0000058593
4   8   10   2   -0.0000295495
4   8   10   3   0.0000020980
4   8   11   2   -0.0000020980
4   8   11   3   -0.0000295495
4   8   12   1   0.0000010334
4   8   12   4   -0.0000350529
4   9   7   1   0.0001181322
4   9   7   4   0.0002129450
4   9   8   1   0.0000012647
4   9   8   4   0.0000058593
4   9   9   1   -0.0289502377
4   9   9   4   -0.1407745697
4   9   10   2   -0.0027447776
4   9   10   3   0.0001948819
4   9   11   2   -0.0001948819
4   9   11   3   -0.0027447776
4   9   12   1   0.0032455650
4   9   12   4   0.0094667566
4   10   7   2   -0.0002808726
4   10   7   3   0.0000199422
4   10   8   2   -0.0000295495
4   10   8   3   0.0000020980
4   10   9   2   -0.0027447776
4   10   9   3   0.0001948819
4   10   10   1   -0.0281966295
4   10   10   4   -0.1394673665
4   10   12   2   0.0008303841
4   10   12   3   -0.0000589581
4   11   7   2   -0.0000199422
4   11   7   3   -0.0002808726
4   11   8   2   -0.0000020980
4   11   8   3   -0.0000295495
4   11   9   2   -0.0001948819
4   11   9   3   -0.0027447776
4   11   11   1   -0.0281966295
4   11   11   4   -0.1394673665
4   11   12   2   0.0000589581
4   11   12   3   0.0008303841
4   12   7   1   0.0003565301
4   12   7   4   0.0009916621
4   12   8   1   0.0000010334
4   12   8   4   -0.0000350529
4   12   9   1   0.0032455650
4   12   9   4   0.0094667566
4   12   10   2   0.0008303841
4   12   10   3   -0.0000589581
4   12   11   2   0.0000589581
4   12   11   3   0.0008303841
4   12   12   1   -0.0301366682
4   12   12   4   -0.1439827616

End AIJB Block
Begin IJKA Block
1   7   1   5   0.0032965901
1   7   1   8   0.0250486224
1   7   2   5   -0.0000001437
1   7   2   8   -0.0000002474
1   7   3   5   -0.0005356369
1   7   3   8   -0.0041174635
1   7   4   6   -0.0018177754
1   7   4   7   0.0001290639
1   7   5   6   -0.0001290639
1   7   5   7   -0.0018177754
1   7   6   5   0.0025470870
1   7   6   8   0.0035715221
1   8   1   5   -0.0008214974
1   8   1   8   0.0010529084
1   8   2   5   -0.0000001445
1   8   2   8   0.0000001849
1   8   3   5   0.0000000458
1   8   3   8   0.0000001112
1   8   4   6   0.0000120619
1   8   4   7   -0.0000008564
1   8   5   6   0.0000008564
1   8   5   7   0.0000120619
1   8   6   5   0.0000120631
1   8   6   8   -0.0000149820
1   9   1   5   -0.0055520505
1   9   1   8   -0.0381348686
1   9   2   5   -0.0000001771
1   9   2   8   -0.0000002316
1   9   3   5   0.0001424128
1   9   3   8   0.0011167231
1   9   4   6   -0.0017741084
1   9   4   7   0.0001259634
1   9   5   6   -0.0001259634
1   9   5   7   -0.0017741084
1   9   6   5   0.0026136596
1   9   6   8   0.0037573964
1   10   1   6   -0.0470420416
1   10   1   7   0.0033400314
1   10   2   6   0.0000000330
1   10   2   7   -0.0000000023
1   10   3   6   0.0007309673
1   10   3   7   -0.0000518994
1   10   4   5   -0.0001984453
1   10   4   8   -0.0012997022
1   10   6   6   -0.0000447065
1   10   6   7   0.0000031742
1   11   1   6   -0.0033400314
1   11   1   7   -0.0470420416
1   11   2   6   0.0000000023
1   11   2   7   0.0000000330
1   11   3   6   0.0000518994
1   11   3   7   0.0007309673
1   11   5   5   -0.0001984453
1   11   5   8   -0.0012997022
1   11   6   6   -0.0000031742
1   11   6   7   -0.0000447065
1   12   1   5   0.0701212134
1   12   1   8   0.0935772079
1   12   2   5   -0.0000000375
1   12   2   8   -0.0000000298
1   12   3   5   -0.0010278589
1   12   3   8   -0.0014508988
1   12   4   6   -0.0001101927
1   12   4   7   0.0000078238
1   12   5   6   -0.0000078238
1   12   5   7   -0.0001101927
1   12   6   5   -0.0000666549
1   12   6   8   -0.0010515823
2   7   1   5   -0.0000001437
2   7   1   8   -0.0000002474
2   7   2   5   -0.0000789737
2   7   2   8   -0.0001108684
2   7   3   5   -0.0000002492
2   7   3   8   -0.0000003500
2   7   4   6   -0.0000000656
2   7   4   7   0.0000000047
2   7   5   6   -0.0000000047
2   7   5   7   -0.0000000656
2   7   6   5   0.0000002991
2   7   6   8   0.0000004080
2   8   1   5   -0.0000001445
2   8   1   8   0.0000001849
2   8   2   5   -0.0992686526
2   8   2   8   -0.0774410578
2   8   3   5   0.0000384139
2   8   3   8   0.0000304123
2   8   4   6   0.0000248990
2   8   4   7   -0.0000017679
2   8   5   6   0.0000017679
2   8   5   7   0.0000248990
2   8   6   5   -0.0011281379
2   8   6   8   -0.0010394518
2   9   1   5   -0.0000001771
2   9   1   8   -0.0000002316
2   9   2   5   -0.0003828772
2   9   2   8   -0.0003480450
2   9   3   5   -0.0000011910
2   9   3   8   -0.0000021724
2   9   4   6   -0.0000000853
2   9   4   7   0.0000000061
2   9   5   6   -0.0000000061
2   9   5   7   -0.0000000853
2   9   6   5   0.0000028468
2   9   6   8   0.0000041385
2   10   1   6   0.0000000330
2   10   1   7   -0.0000000023
2   10   2   6   0.0017974998
2   10   2   7   -0.0001276243
2   10   3   6   -0.0000011588
2   10   3   7   0.0000000823
2   10   4   5   0.0000009663
2   10   4   8   0.0000016608
2   10   6   6   0.0000058582
2   10   6   7   -0.0000004159
2   11   1   6   0.0000000023
2   11   1   7   0.0000000330
2   11   2   6   0.0001276243
2   11   2   7   0.0017974998
2   11   3   6   -0.0000000823
2   11   3   7   -0.0000011588
2   11   5   5   0.0000009663
2   11   5   8   0.0000016608
2   11   6   6   0.0000004159
2   11   6   7   0.0000058582
2   12   1   5   -0.0000000375
2   12   1   8   -0.0000000298
2   12   2   5   -0.0115410779
2   12   2   8   -0.0188610582
2   12   3   5   0.0000027835
2   12   3   8   0.0000028044
2   12   4   6   -0.0000050348
2   12   4   7   0.0000003575
2   12   5   6   -0.0000003575
2   12   5   7   -0.0000050348
2   12   6   5   -0.0000264909
2   12   6   8   0.0000048523
3   7   1   5   -0.0005356369
3   7   1   8   -0.0041174635
3   7   2   5   -0.0000002492
3   7   2   8   -0.0000003500
3   7   3   5   0.0001254089
3   7   3   8   0.0010341185
3   7   4   6   -0.0018624205
3   7   4   7   0.0001322337
3   7   5   6   -0.0001322337
3   7   5   7   -0.0018624205
3   7   6   5   0.0026658378
3   7   6   8   0.0038502549
3   8   1   5   0.0000000458
3   8   1   8   0.0000001112
3   8   2   5   0.0000384139
3   8   2   8   0.0000304123
3   8   3   5   -0.0008215612
3   8   3   8   0.0010583385
3   8   4   6   0.0001437916
3   8   4   7   -0.0000102093
3   8   5   6   0.0000102093
3   8   5   7   0.0001437916
3   8   6   5   0.0001497351
3   8   6   8   -0.0001877360
3   9   1   5   0.0001424128
3   9   1   8   0.0011167231
3   9   2   5   -0.0000011910
3   9   2   8   -0.0000021724
3   9   3   5   -0.0032635523
3   9   3   8   -0.0210465788
3   9   4   6   -0.0075250557
3   9   4   7   0.0005342864
3   9   5   6   -0.0005342864
3   9   5   7   -0.0075250557
3   9   6   5   0.0114344207
3   9   6   8   0.0158332347
3   10   1   6   0.0007309673
3   10   1   7   -0.0000518994
3   10   2   6   -0.0000011588
3   10   2   7   0.0000000823
3   10   3   6   -0.0302639500
3   10   3   7   0.0021487703
3   10   4   5   -0.0006327154
3   10   4   8   -0.0032958209
3   10   6   6   -0.0009566677
3   10   6   7   0.0000679244
3   11   1   6   0.0000518994
3   11   1   7   0.0007309673
3   11   2   6   -0.0000000823
3   11   2   7   -0.0000011588
3   11   3   6   -0.0021487703
3   11   3   7   -0.0302639500
3   11   5   5   -0.0006327154
3   11   5   8   -0.0032958209
3   11   6   6   -0.0000679244
3   11   6   7   -0.0009566677
3   12   1   5   -0.0010278589
3   12   1   8   -0.0014508988
3   12   2   5   0.0000027835
3   12   2   8   0.0000028044
3   12   3   5   0.0461342464
3   12   3   8   0.0593630568
3   12   4   6   -0.0009067345
3   12   4   7   0.0000643790
3   12   5   6   -0.0000643790
3   12   5   7   -0.0009067345
3   12   6   5   0.0011128527
3   12   6   8   -0.0005470886
4   7   1   6   -0.0018177754
4   7   1   7   0.0001290639
4   7   2   6   -0.0000000656
4   7   2   7   0.0000000047
4   7   3   6   -0.0018624205
4   7   3   7   0.0001322337
4   7   4   5   0.0000725328
4   7   4   8   0.0006027164
4   7   6   6   -0.0000331771
4   7   6   7   0.0000023556
4   8   1   6   0.0000120619
4   8   1   7   -0.0000008564
4   8   2   6   0.0000248990
4   8   2   7   -0.0000017679
4   8   3   6   0.0001437916
4   8   3   7   -0.0000102093
4   8   4   5   -0.0008027540
4   8   4   8   0.0010362235
4   8   6   6   -0.0000575078
4   8   6   7   0.0000040831
4   9   1   6   -0.0017741084
4   9   1   7   0.0001259634
4   9   2   6   -0.0000000853
4   9   2   7   0.0000000061
4   9   3   6   -0.0075250557
4   9   3   7   0.0005342864
4   9   4   5   -0.0030004324
4   9   4   8   -0.0190334561
4   9   6   6   -0.0001982747
4   9   6   7   0.0000140777
4   10   1   5   -0.0001984453
4   10   1   8   -0.0012997022
4   10   2   5   0.0000009663
4   10   2   8   0.0000016608
4   10   3   5   -0.0006327154
4   10   3   8   -0.0032958209
4   10   4   6   -0.0305685140
4   10   4   7   0.0021703947
4   10   5   6   -0.0001281018
4   10   5   7   -0.0018042257
4   10   6   5   0.0027678849
4   10   6   8   0.0037574378
4   11   4   6   -0.0019141911
4   11   4   7   -0.0269600625
4   11   5   6   -0.0018042257
4   11   5   7   0.0001281018
4   12   1   6   -0.0001101927
4   12   1   7   0.0000078238
4   12   2   6   -0.0000050348
4   12   2   7   0.0000003575
4   12   3   6   -0.0009067345
4   12   3   7   0.0000643790
4   12   4   5   0.0411912191
4   12   4   8   0.0524497128
4   12   6   6   -0.0015734362
4   12   6   7   0.0001117155
5   7   1   6   -0.0001290639
5   7   1   7   -0.0018177754
5   7   2   6   -0.0000000047
5   7   2   7   -0.0000000656
5   7   3   6   -0.0001322337
5   7   3   7   -0.0018624205
5   7   5   5   0.0000725328
5   7   5   8   0.0006027164
5   7   6   6   -0.0000023556
5   7   6   7   -0.0000331771
5   8   1   6   0.0000008564
5   8   1   7   0.0000120619
5   8   2   6   0.0000017679
5   8   2   7   0.0000248990
5   8   3   6   0.0000102093
5   8   3   7   0.0001437916
5   8   5   5   -0.0008027540
5   8   5   8   0.0010362235
5   8   6   6   -0.0000040831
5   8   6   7   -0.0000575078
5   9   1   6   -0.0001259634
5   9   1   7   -0.0017741084
5   9   2   6   -0.0000000061
5   9   2   7   -0.0000000853
5   9   3   6   -0.0005342864
5   9   3   7   -0.0075250557
5   9   5   5   -0.0030004324
5   9   5   8   -0.0190334561
5   9   6   6   -0.0000140777
5   9   6   7   -0.0001982747
5   10   4   6   -0.0001281018
5   10   4   7   -0.0018042257
5   10   5   6   -0.0269600625
5   10   5   7   0.0019141911
5   11   1   5   -0.0001984453
5   11   1   8   -0.0012997022
5   11   2   5   0.0000009663
5   11   2   8   0.0000016608
5   11   3   5   -0.0006327154
5   11   3   8   -0.0032958209
5   11   4   6   -0.0018042257
5   11   4   7   0.0001281018
5   11   5   6   -0.0021703947
5   11   5   7   -0.0305685140
5   11   6   5   0.0027678849
5   11   6   8   0.0037574378
5   12   1   6   -0.0000078238
5   12   1   7   -0.0001101927
5   12   2   6   -0.0000003575
5   12   2   7   -0.0000050348
5   12   3   6   -0.0000643790
5   12   3   7   -0.0009067345
5   12   5   5   0.0411912191
5   12   5   8   0.0524497128
5   12   6   6   -0.0001117155
5   12   6   7   -0.0015734362
6   7   1   5   0.0025470870
6   7   1   8   0.0035715221
6   7   2   5   0.0000002991
6   7   2   8   0.0000004080
6   7   3   5   0.0026658378
6   7   3   8   0.0038502549
6   7   4   6   -0.0000331771
6   7   4   7   0.0000023556
6   7   5   6   -0.0000023556
6   7   5   7   -0.0000331771
6   7   6   5   0.0001421820
6   7   6   8   0.0006669090
6   8   1   5   0.0000120631
6   8   1   8   -0.0000149820
6   8   2   5   -0.0011281379
6   8   2   8   -0.0010394518
6   8   3   5   0.0001497351
6   8   3   8   -0.0001877360
6   8   4   6   -0.0000575078
6   8   4   7   0.0000040831
6   8   5   6   -0.0000040831
6   8   5   7   -0.0000575078
6   8   6   5   -0.0009464084
6   8   6   8   0.0011581645
6   9   1   5   0.0026136596
6   9   1   8   0.0037573964
6   9   2   5   0.0000028468
6   9   2   8   0.0000041385
6   9   3   5   0.0114344207
6   9   3   8   0.0158332347
6   9   4   6   -0.0001982747
6   9   4   7   0.0000140777
6   9   5   6   -0.0000140777
6   9   5   7   -0.0001982747
6   9   6   5   -0.0026131229
6   9   6   8   -0.0178406742
6   10   1   6   -0.0000447065
6   10   1   7   0.0000031742
6   10   2   6   0.0000058582
6   10   2   7   -0.0000004159
6   10   3   6   -0.0009566677
6   10   3   7   0.0000679244
6   10   4   5   0.0027678849
6   10   4   8   0.0037574378
6   10   6   6   -0.0257236563
6   10   6   7   0.0018264050
6   11   1   6   -0.0000031742
6   11   1   7   -0.0000447065
6   11   2   6   0.0000004159
6   11   2   7   0.0000058582
6   11   3   6   -0.0000679244
6   11   3   7   -0.0009566677
6   11   5   5   0.0027678849
6   11   5   8   0.0037574378
6   11   6   6   -0.0018264050
6   11   6   7   -0.0257236563
6   12   1   5   -0.0000666549
6   12   1   8   -0.0010515823
6   12   2   5   -0.0000264909
6   12   2   8   0.0000048523
6   12   3   5   0.0011128527
6   12   3   8   -0.0005470886
6   12   4   6   -0.0015734362
6   12   4   7   0.0001117155
6   12   5   6   -0.0001117155
6   12   5   7   -0.0015734362
6   12   6   5   0.0443936210
6   12   6   8   0.0564156626

End IJKA Block
Begin IABC Block
1   5   1   5   -0.0000442461
1   5   1   8   -0.0000258307
1   5   2   6   -0.0000092526
1   5   3   7   -0.0000092526
1   5   4   5   -0.0000604908
1   5   4   8   -0.0000335237
1   6   1   6   -0.0000390319
1   6   2   5   -0.0000092526
1   6   2   8   -0.0000140848
1   6   4   6   -0.0000549149
1   7   1   7   -0.0000390319
1   7   3   5   -0.0000092526
1   7   3   8   -0.0000140848
1   7   4   7   -0.0000549149
1   8   1   5   -0.0000258307
1   8   1   8   -0.0000731299
1   8   2   6   -0.0000140848
1   8   3   7   -0.0000140848
1   8   4   5   -0.0000335237
1   8   4   8   -0.0000963479
2   5   1   5   -0.0002790005
2   5   1   8   -0.0017382132
2   5   2   6   0.0029010047
2   5   3   7   0.0029010047
2   5   4   5   -0.0030024725
2   5   4   8   0.0002430128
2   6   1   6   -0.0002375042
2   6   2   5   0.0029010047
2   6   2   8   0.0015931771
2   6   4   6   -0.0006697152
2   7   1   7   -0.0002375042
2   7   3   5   0.0029010047
2   7   3   8   0.0015931771
2   7   4   7   -0.0006697152
2   8   1   5   -0.0017382132
2   8   1   8   -0.0018029137
2   8   2   6   0.0015931771
2   8   3   7   0.0015931771
2   8   4   5   0.0002430128
2   8   4   8   -0.0000209542
3   5   1   5   -0.0002882829
3   5   1   8   -0.0001766135
3   5   2   6   0.0000150096
3   5   3   7   0.0000150096
3   5   4   5   -0.0003871401
3   5   4   8   -0.0003034139
3   6   1   6   -0.0002782458
3   6   2   5   0.0000150096
3   6   2   8   0.0000022129
3   6   4   6   -0.0003134313
3   7   1   7   -0.0002782458
3   7   3   5   0.0000150096
3   7   3   8   0.0000022129
3   7   4   7   -0.0003134313
3   8   1   5   -0.0001766135
3   8   1   8   -0.0004670847
3   8   2   6   0.0000022129
3   8   3   7   0.0000022129
3   8   4   5   -0.0003034139
3   8   4   8   -0.0007629066
4   5   1   6   0.0005955289
4   5   1   7   -0.0000422831
4   5   2   5   0.0012459867
4   5   2   8   -0.0000715996
4   5   3   5   -0.0000884663
4   5   3   8   0.0000050836
4   5   4   6   0.0010425440
4   5   4   7   -0.0000740217
4   6   1   5   0.0005955289
4   6   1   8   0.0003973543
4   6   2   6   0.0013856453
4   6   2   7   -0.0000180729
4   6   3   6   -0.0000622364
4   6   3   7   0.0002545444
4   6   4   5   0.0010425440
4   6   4   8   0.0008816029
4   7   1   5   -0.0000422831
4   7   1   8   -0.0000282125
4   7   2   6   -0.0000180729
4   7   2   7   0.0008765566
4   7   3   6   0.0002545444
4   7   3   7   -0.0000983822
4   7   4   5   -0.0000740217
4   7   4   8   -0.0000625947
4   8   1   6   0.0003973543
4   8   1   7   -0.0000282125
4   8   2   5   -0.0000715996
4   8   2   8   0.0002570885
4   8   3   5   0.0000050836
4   8   3   8   -0.0000182535
4   8   4   6   0.0008816029
4   8   4   7   -0.0000625947
5   5   1   6   0.0000422831
5   5   1   7   0.0005955289
5   5   2   5   0.0000884663
5   5   2   8   -0.0000050836
5   5   3   5   0.0012459867
5   5   3   8   -0.0000715996
5   5   4   6   0.0000740217
5   5   4   7   0.0010425440
5   6   1   5   0.0000422831
5   6   1   8   0.0000282125
5   6   2   6   0.0000983822
5   6   2   7   0.0002545444
5   6   3   6   0.0008765566
5   6   3   7   0.0000180729
5   6   4   5   0.0000740217
5   6   4   8   0.0000625947
5   7   1   5   0.0005955289
5   7   1   8   0.0003973543
5   7   2   6   0.0002545444
5   7   2   7   0.0000622364
5   7   3   6   0.0000180729
5   7   3   7   0.0013856453
5   7   4   5   0.0010425440
5   7   4   8   0.0008816029
5   8   1   6   0.0000282125
5   8   1   7   0.0003973543
5   8   2   5   -0.0000050836
5   8   2   8   0.0000182535
5   8   3   5   -0.0000715996
5   8   3   8   0.0002570885
5   8   4   6   0.0000625947
5   8   4   7   0.0008816029
6   5   1   5   -0.0056854237
6   5   1   8   -0.0003782649
6   5   2   6   -0.0022505086
6   5   3   7   -0.0022505086
6   5   4   5   -0.0073536748
6   5   4   8   -0.0027523074
6   6   1   6   -0.0040890237
6   6   2   5   -0.0022505086
6   6   2   8   -0.0013919990
6   6   4   6   -0.0063644892
6   7   1   7   -0.0040890237
6   7   3   5   -0.0022505086
6   7   3   8   -0.0013919990
6   7   4   7   -0.0063644892
6   8   1   5   -0.0003782649
6   8   1   8   -0.0032477905
6   8   2   6   -0.0013919990
6   8   3   7   -0.0013919990
6   8   4   5   -0.0027523074
6   8   4   8   -0.0065810028

End IABC Block
