Begin IJ Block
1   1   -40.8934778841
1   2   0.0000569743
1   3   0.7525247157
1   6   0.0235771475
2   2   -5.8935541884
2   3   0.0002972881
2   6   -0.0156295814
3   3   -9.2942119036
3   6   -0.0692997344
4   4   -8.1745091314
4   5   0.0000000000
5   5   -8.1745091315
6   6   -7.8092285896

End IJ Block
Begin IA Block
1   1   -0.0055694017
2   1   0.1044870313
3   1   0.0327282593
4   2   0.0179817067
4   3   0.2071651174
5   2   0.2071651174
5   3   -0.0179817067
6   1   -0.2038464257

End IA Block
Begin AB Block
1   1   -1.8101970901
2   2   -1.6174274010
3   3   -1.6174274010

End AB Block
Begin IJKL Block
1   7   1   7   5.3484727448
1   7   1   8   -0.0000286633
1   7   1   9   -0.5325130665
1   7   1   12   -0.0164351055
1   7   2   7   -0.0000286633
1   7   2   8   -0.0000008638
1   7   2   9   0.0000031329
1   7   2   12   0.0000007544
1   7   3   7   -0.5325130665
1   7   3   8   0.0000031329
1   7   3   9   0.0816418097
1   7   3   12   0.0027161032
1   7   4   10   0.0317419880
1   7   5   11   0.0317419880
1   7   6   7   -0.0164351055
1   7   6   8   0.0000007544
1   7   6   9   0.0027161032
1   7   6   12   0.0282645849
1   8   1   7   -0.0000286633
1   8   1   8   0.1610648590
1   8   1   9   0.0001217358
1   8   1   12   -0.0006089568
1   8   2   7   0.0000003161
1   8   2   8   -0.0000031103
1   8   2   9   0.0000004010
1   8   2   12   -0.0000001791
1   8   3   7   0.0000037675
1   8   3   8   0.0000049565
1   8   3   9   -0.0000009978
1   8   3   12   0.0000016754
1   8   4   10   0.0000036600
1   8   5   11   0.0000036600
1   8   6   7   0.0000003176
1   8   6   8   -0.0012865425
1   8   6   9   -0.0000024670
1   8   6   12   0.0000125180
1   9   1   7   -0.5325130665
1   9   1   8   0.0001217358
1   9   1   9   1.2639582696
1   9   1   12   0.0227787215
1   9   2   7   0.0000037675
1   9   2   8   -0.0000009246
1   9   2   9   -0.0000014855
1   9   2   12   -0.0000001390
1   9   3   7   0.0862106633
1   9   3   8   -0.0000013832
1   9   3   9   -0.0238042969
1   9   3   12   -0.0006741541
1   9   4   10   0.0360602945
1   9   5   11   0.0360602945
1   9   6   7   0.0026336794
1   9   6   8   -0.0000017191
1   9   6   9   -0.0008121085
1   9   6   12   0.0324741867
1   10   1   10   1.1679497679
1   10   1   11   0.0000000000
1   10   2   10   -0.0000011484
1   10   3   10   -0.0155812853
1   10   3   11   0.0000000000
1   10   4   7   0.0369306864
1   10   4   8   0.0000036849
1   10   4   9   0.0367083963
1   10   4   12   0.0008885705
1   10   6   10   -0.0006128474
1   11   1   10   0.0000000000
1   11   1   11   1.1679497679
1   11   2   11   -0.0000011484
1   11   3   10   0.0000000000
1   11   3   11   -0.0155812853
1   11   5   7   0.0369306864
1   11   5   8   0.0000036849
1   11   5   9   0.0367083963
1   11   5   12   0.0008885705
1   11   6   11   -0.0006128474
1   12   1   7   -0.0164351055
1   12   1   8   -0.0006089568
1   12   1   9   0.0227787215
1   12   1   12   1.0947704928
1   12   2   7   0.0000003176
1   12   2   8   -0.0000002511
1   12   2   9   -0.0000009673
1   12   2   12   -0.0000008262
1   12   3   7   0.0026336794
1   12   3   8   0.0000013703
1   12   3   9   -0.0007288165
1   12   3   12   -0.0143859196
1   12   4   10   0.0008086305
1   12   5   11   0.0008086305
1   12   6   7   0.0335646687
1   12   6   8   0.0000117965
1   12   6   9   0.0335260821
1   12   6   12   0.0006849978
2   7   1   7   -0.0000286633
2   7   1   8   0.0000003161
2   7   1   9   0.0000037675
2   7   1   12   0.0000003176
2   7   2   7   0.1610648590
2   7   2   8   -0.0000031103
2   7   2   9   0.0000049565
2   7   2   12   -0.0012865425
2   7   3   7   0.0001217358
2   7   3   8   0.0000004010
2   7   3   9   -0.0000009978
2   7   3   12   -0.0000024670
2   7   4   10   0.0000036600
2   7   5   11   0.0000036600
2   7   6   7   -0.0006089568
2   7   6   8   -0.0000001791
2   7   6   9   0.0000016754
2   7   6   12   0.0000125180
2   8   1   7   -0.0000008638
2   8   1   8   -0.0000031103
2   8   1   9   -0.0000009246
2   8   1   12   -0.0000002511
2   8   2   7   -0.0000031103
2   8   2   8   1.6352489762
2   8   2   9   -0.0010133873
2   8   2   12   0.0207923686
2   8   3   7   -0.0000009246
2   8   3   8   -0.0010133873
2   8   3   9   -0.0000100181
2   8   3   12   -0.0000101073
2   8   4   10   -0.0000110494
2   8   5   11   -0.0000110494
2   8   6   7   -0.0000002511
2   8   6   8   0.0207923686
2   8   6   9   -0.0000101073
2   8   6   12   0.0001384107
2   9   1   7   0.0000031329
2   9   1   8   0.0000004010
2   9   1   9   -0.0000014855
2   9   1   12   -0.0000009673
2   9   2   7   0.0000049565
2   9   2   8   -0.0010133873
2   9   2   9   0.1614085763
2   9   2   12   -0.0165131217
2   9   3   7   -0.0000013832
2   9   3   8   0.0000039534
2   9   3   9   0.0000923265
2   9   3   12   -0.0000147100
2   9   4   10   0.0000226750
2   9   5   11   0.0000226750
2   9   6   7   0.0000013703
2   9   6   8   -0.0000200329
2   9   6   9   -0.0005836335
2   9   6   12   0.0001193919
2   10   1   10   -0.0000011484
2   10   2   10   0.1605716197
2   10   3   10   0.0000884995
2   10   4   7   0.0000036849
2   10   4   8   0.0000002233
2   10   4   9   0.0000245955
2   10   4   12   -0.0000078581
2   10   6   10   -0.0005631723
2   11   1   11   -0.0000011484
2   11   2   11   0.1605716197
2   11   3   11   0.0000884995
2   11   5   7   0.0000036849
2   11   5   8   0.0000002233
2   11   5   9   0.0000245955
2   11   5   12   -0.0000078581
2   11   6   11   -0.0005631723
2   12   1   7   0.0000007544
2   12   1   8   -0.0000001791
2   12   1   9   -0.0000001390
2   12   1   12   -0.0000008262
2   12   2   7   -0.0012865425
2   12   2   8   0.0207923686
2   12   2   9   -0.0165131217
2   12   2   12   0.1774795114
2   12   3   7   -0.0000017191
2   12   3   8   -0.0000200329
2   12   3   9   -0.0000095400
2   12   3   12   0.0000882391
2   12   4   10   -0.0000049074
2   12   5   11   -0.0000049074
2   12   6   7   0.0000117965
2   12   6   8   0.0005378399
2   12   6   9   0.0001193044
2   12   6   12   -0.0006204245
3   7   1   7   -0.5325130665
3   7   1   8   0.0000037675
3   7   1   9   0.0862106633
3   7   1   12   0.0026336794
3   7   2   7   0.0001217358
3   7   2   8   -0.0000009246
3   7   2   9   -0.0000013832
3   7   2   12   -0.0000017191
3   7   3   7   1.2639582696
3   7   3   8   -0.0000014855
3   7   3   9   -0.0238042969
3   7   3   12   -0.0008121085
3   7   4   10   0.0360602945
3   7   5   11   0.0360602945
3   7   6   7   0.0227787215
3   7   6   8   -0.0000001390
3   7   6   9   -0.0006741541
3   7   6   12   0.0324741867
3   8   1   7   0.0000031329
3   8   1   8   0.0000049565
3   8   1   9   -0.0000013832
3   8   1   12   0.0000013703
3   8   2   7   0.0000004010
3   8   2   8   -0.0010133873
3   8   2   9   0.0000039534
3   8   2   12   -0.0000200329
3   8   3   7   -0.0000014855
3   8   3   8   0.1614085763
3   8   3   9   0.0000923265
3   8   3   12   -0.0005836335
3   8   4   10   0.0000226750
3   8   5   11   0.0000226750
3   8   6   7   -0.0000009673
3   8   6   8   -0.0165131217
3   8   6   9   -0.0000147100
3   8   6   12   0.0001193919
3   9   1   7   0.0816418097
3   9   1   8   -0.0000009978
3   9   1   9   -0.0238042969
3   9   1   12   -0.0007288165
3   9   2   7   -0.0000009978
3   9   2   8   -0.0000100181
3   9   2   9   0.0000923265
3   9   2   12   -0.0000095400
3   9   3   7   -0.0238042969
3   9   3   8   0.0000923265
3   9   3   9   0.8716973720
3   9   3   12   0.0113512235
3   9   4   10   0.1529340326
3   9   5   11   0.1529340326
3   9   6   7   -0.0007288165
3   9   6   8   -0.0000095400
3   9   6   9   0.0113512235
3   9   6   12   0.1408884591
3   10   1   10   -0.0155812853
3   10   1   11   0.0000000000
3   10   2   10   0.0000884995
3   10   3   10   0.8164396005
3   10   4   7   0.0367083963
3   10   4   8   0.0000245955
3   10   4   9   0.1575894362
3   10   4   12   0.0021805532
3   10   6   10   0.0099012217
3   11   1   10   0.0000000000
3   11   1   11   -0.0155812853
3   11   2   11   0.0000884995
3   11   3   11   0.8164396005
3   11   5   7   0.0367083963
3   11   5   8   0.0000245955
3   11   5   9   0.1575894362
3   11   5   12   0.0021805532
3   11   6   11   0.0099012217
3   12   1   7   0.0027161032
3   12   1   8   0.0000016754
3   12   1   9   -0.0006741541
3   12   1   12   -0.0143859196
3   12   2   7   -0.0000024670
3   12   2   8   -0.0000101073
3   12   2   9   -0.0000147100
3   12   2   12   0.0000882391
3   12   3   7   -0.0008121085
3   12   3   8   -0.0005836335
3   12   3   9   0.0113512235
3   12   3   12   0.7724224696
3   12   4   10   0.0020533508
3   12   5   11   0.0020533508
3   12   6   7   0.0335260821
3   12   6   8   0.0001193044
3   12   6   9   0.1464400597
3   12   6   12   0.0102447539
4   7   1   10   0.0369306864
4   7   2   10   0.0000036849
4   7   3   10   0.0367083963
4   7   4   7   1.1679497679
4   7   4   8   -0.0000011484
4   7   4   9   -0.0155812853
4   7   4   12   -0.0006128474
4   7   5   7   0.0000000000
4   7   5   9   0.0000000000
4   7   6   10   0.0008885705
4   8   1   10   0.0000036849
4   8   2   10   0.0000002233
4   8   3   10   0.0000245955
4   8   4   7   -0.0000011484
4   8   4   8   0.1605716197
4   8   4   9   0.0000884995
4   8   4   12   -0.0005631723
4   8   6   10   -0.0000078581
4   9   1   10   0.0367083963
4   9   2   10   0.0000245955
4   9   3   10   0.1575894362
4   9   4   7   -0.0155812853
4   9   4   8   0.0000884995
4   9   4   9   0.8164396005
4   9   4   12   0.0099012217
4   9   5   7   0.0000000000
4   9   6   10   0.0021805532
4   10   1   7   0.0317419880
4   10   1   8   0.0000036600
4   10   1   9   0.0360602945
4   10   1   12   0.0008086305
4   10   2   7   0.0000036600
4   10   2   8   -0.0000110494
4   10   2   9   0.0000226750
4   10   2   12   -0.0000049074
4   10   3   7   0.0360602945
4   10   3   8   0.0000226750
4   10   3   9   0.1529340326
4   10   3   12   0.0020533508
4   10   4   10   0.8127719466
4   10   4   11   -0.0000000000
4   10   5   10   -0.0000000000
4   10   5   11   0.0316206301
4   10   6   7   0.0008086305
4   10   6   8   -0.0000049074
4   10   6   9   0.0020533508
4   10   6   12   0.0291070479
4   11   4   10   -0.0000000000
4   11   4   11   0.7434594149
4   11   5   10   0.0376919017
4   11   5   11   -0.0000000000
4   12   1   10   0.0008885705
4   12   2   10   -0.0000078581
4   12   3   10   0.0021805532
4   12   4   7   -0.0006128474
4   12   4   8   -0.0005631723
4   12   4   9   0.0099012217
4   12   4   12   0.7048588589
4   12   5   12   -0.0000000000
4   12   6   10   0.0349734399
5   7   1   11   0.0369306864
5   7   2   11   0.0000036849
5   7   3   11   0.0367083963
5   7   4   7   0.0000000000
5   7   4   9   0.0000000000
5   7   5   7   1.1679497679
5   7   5   8   -0.0000011484
5   7   5   9   -0.0155812853
5   7   5   12   -0.0006128474
5   7   6   11   0.0008885705
5   8   1   11   0.0000036849
5   8   2   11   0.0000002233
5   8   3   11   0.0000245955
5   8   5   7   -0.0000011484
5   8   5   8   0.1605716197
5   8   5   9   0.0000884995
5   8   5   12   -0.0005631723
5   8   6   11   -0.0000078581
5   9   1   11   0.0367083963
5   9   2   11   0.0000245955
5   9   3   11   0.1575894362
5   9   4   7   0.0000000000
5   9   5   7   -0.0155812853
5   9   5   8   0.0000884995
5   9   5   9   0.8164396005
5   9   5   12   0.0099012217
5   9   6   11   0.0021805532
5   10   4   10   -0.0000000000
5   10   4   11   0.0376919017
5   10   5   10   0.7434594149
5   10   5   11   -0.0000000000
5   11   1   7   0.0317419880
5   11   1   8   0.0000036600
5   11   1   9   0.0360602945
5   11   1   12   0.0008086305
5   11   2   7   0.0000036600
5   11   2   8   -0.0000110494
5   11   2   9   0.0000226750
5   11   2   12   -0.0000049074
5   11   3   7   0.0360602945
5   11   3   8   0.0000226750
5   11   3   9   0.1529340326
5   11   3   12   0.0020533508
5   11   4   10   0.0316206301
5   11   4   11   -0.0000000000
5   11   5   10   -0.0000000000
5   11   5   11   0.8127719466
5   11   6   7   0.0008086305
5   11   6   8   -0.0000049074
5   11   6   9   0.0020533508
5   11   6   12   0.0291070479
5   12   1   11   0.0008885705
5   12   2   11   -0.0000078581
5   12   3   11   0.0021805532
5   12   4   12   -0.0000000000
5   12   5   7   -0.0006128474
5   12   5   8   -0.0005631723
5   12   5   9   0.0099012217
5   12   5   12   0.7048588589
5   12   6   11   0.0349734399
6   7   1   7   -0.0164351055
6   7   1   8   0.0000003176
6   7   1   9   0.0026336794
6   7   1   12   0.0335646687
6   7   2   7   -0.0006089568
6   7   2   8   -0.0000002511
6   7   2   9   0.0000013703
6   7   2   12   0.0000117965
6   7   3   7   0.0227787215
6   7   3   8   -0.0000009673
6   7   3   9   -0.0007288165
6   7   3   12   0.0335260821
6   7   4   10   0.0008086305
6   7   5   11   0.0008086305
6   7   6   7   1.0947704928
6   7   6   8   -0.0000008262
6   7   6   9   -0.0143859196
6   7   6   12   0.0006849978
6   8   1   7   0.0000007544
6   8   1   8   -0.0012865425
6   8   1   9   -0.0000017191
6   8   1   12   0.0000117965
6   8   2   7   -0.0000001791
6   8   2   8   0.0207923686
6   8   2   9   -0.0000200329
6   8   2   12   0.0005378399
6   8   3   7   -0.0000001390
6   8   3   8   -0.0165131217
6   8   3   9   -0.0000095400
6   8   3   12   0.0001193044
6   8   4   10   -0.0000049074
6   8   5   11   -0.0000049074
6   8   6   7   -0.0000008262
6   8   6   8   0.1774795114
6   8   6   9   0.0000882391
6   8   6   12   -0.0006204245
6   9   1   7   0.0027161032
6   9   1   8   -0.0000024670
6   9   1   9   -0.0008121085
6   9   1   12   0.0335260821
6   9   2   7   0.0000016754
6   9   2   8   -0.0000101073
6   9   2   9   -0.0005836335
6   9   2   12   0.0001193044
6   9   3   7   -0.0006741541
6   9   3   8   -0.0000147100
6   9   3   9   0.0113512235
6   9   3   12   0.1464400597
6   9   4   10   0.0020533508
6   9   5   11   0.0020533508
6   9   6   7   -0.0143859196
6   9   6   8   0.0000882391
6   9   6   9   0.7724224696
6   9   6   12   0.0102447539
6   10   1   10   -0.0006128474
6   10   2   10   -0.0005631723
6   10   3   10   0.0099012217
6   10   4   7   0.0008885705
6   10   4   8   -0.0000078581
6   10   4   9   0.0021805532
6   10   4   12   0.0349734399
6   10   6   10   0.7048588589
6   10   6   11   -0.0000000000
6   11   1   11   -0.0006128474
6   11   2   11   -0.0005631723
6   11   3   11   0.0099012217
6   11   5   7   0.0008885705
6   11   5   8   -0.0000078581
6   11   5   9   0.0021805532
6   11   5   12   0.0349734399
6   11   6   10   -0.0000000000
6   11   6   11   0.7048588589
6   12   1   7   0.0282645849
6   12   1   8   0.0000125180
6   12   1   9   0.0324741867
6   12   1   12   0.0006849978
6   12   2   7   0.0000125180
6   12   2   8   0.0001384107
6   12   2   9   0.0001193919
6   12   2   12   -0.0006204245
6   12   3   7   0.0324741867
6   12   3   8   0.0001193919
6   12   3   9   0.1408884591
6   12   3   12   0.0102447539
6   12   4   10   0.0291070479
6   12   5   11   0.0291070479
6   12   6   7   0.0006849978
6   12   6   8   -0.0006204245
6   12   6   9   0.0102447539
6   12   6   12   0.7293708815

End IJKL Block
Begin IJAB Block
1   7   1   4   0.0002210718
1   7   2   5   0.0001317021
1   7   3   6   0.0001317021
1   8   1   4   0.0000009801
1   8   2   5   -0.0000005363
1   8   3   6   -0.0000005363
1   9   1   4   0.0002217087
1   9   2   5   0.0001312833
1   9   3   6   0.0001312833
1   10   1   5   0.0000003033
1   10   1   6   0.0000034938
1   10   2   4   0.0000017214
1   10   3   4   0.0000198320
1   11   1   5   0.0000034938
1   11   1   6   -0.0000003033
1   11   2   4   0.0000198320
1   11   3   4   -0.0000017214
1   12   1   4   -0.0000363783
1   12   2   5   0.0000044061
1   12   3   6   0.0000044061
2   7   1   4   0.0000009801
2   7   2   5   -0.0000005363
2   7   3   6   -0.0000005363
2   8   1   4   0.0114100924
2   8   2   5   0.0016066955
2   8   3   6   0.0016066955
2   9   1   4   -0.0000126828
2   9   2   5   0.0000150302
2   9   3   6   0.0000150302
2   10   1   5   0.0000001401
2   10   1   6   0.0000016144
2   10   2   4   0.0000076590
2   10   3   4   0.0000882389
2   11   1   5   0.0000016144
2   11   1   6   -0.0000001401
2   11   2   4   0.0000882389
2   11   3   4   -0.0000076590
2   12   1   4   0.0004470528
2   12   2   5   -0.0003821895
2   12   3   6   -0.0003821895
3   7   1   4   0.0002217087
3   7   2   5   0.0001312833
3   7   3   6   0.0001312833
3   8   1   4   -0.0000126828
3   8   2   5   0.0000150302
3   8   3   6   0.0000150302
3   9   1   4   0.0011525547
3   9   2   5   0.0005867179
3   9   3   6   0.0005867179
3   10   1   5   0.0000232166
3   10   1   6   0.0002674752
3   10   2   4   0.0000114593
3   10   3   4   0.0001320208
3   11   1   5   0.0002674752
3   11   1   6   -0.0000232166
3   11   2   4   0.0001320208
3   11   3   4   -0.0000114593
3   12   1   4   -0.0006157641
3   12   2   5   -0.0000157888
3   12   3   6   -0.0000157888
4   7   1   5   0.0000017214
4   7   1   6   0.0000198320
4   7   2   4   0.0000003033
4   7   3   4   0.0000034938
4   8   1   5   0.0000076590
4   8   1   6   0.0000882389
4   8   2   4   0.0000001401
4   8   3   4   0.0000016144
4   9   1   5   0.0000114593
4   9   1   6   0.0001320208
4   9   2   4   0.0000232166
4   9   3   4   0.0002674752
4   10   1   4   0.0007052342
4   10   2   5   0.0002713085
4   10   2   6   0.0001418261
4   10   3   5   0.0001418261
4   10   3   6   0.0018929600
4   11   2   5   0.0001418261
4   11   2   6   0.0002834112
4   11   3   5   0.0013382403
4   11   3   6   -0.0001418261
4   12   1   5   -0.0000531581
4   12   1   6   -0.0006124285
4   12   2   4   -0.0001809286
4   12   3   4   -0.0020844574
5   7   1   5   0.0000198320
5   7   1   6   -0.0000017214
5   7   2   4   0.0000034938
5   7   3   4   -0.0000003033
5   8   1   5   0.0000882389
5   8   1   6   -0.0000076590
5   8   2   4   0.0000016144
5   8   3   4   -0.0000001401
5   9   1   5   0.0001320208
5   9   1   6   -0.0000114593
5   9   2   4   0.0002674752
5   9   3   4   -0.0000232166
5   10   2   5   0.0001418261
5   10   2   6   0.0013382403
5   10   3   5   0.0002834112
5   10   3   6   -0.0001418261
5   11   1   4   0.0007052342
5   11   2   5   0.0018929600
5   11   2   6   -0.0001418261
5   11   3   5   -0.0001418261
5   11   3   6   0.0002713085
5   12   1   5   -0.0006124285
5   12   1   6   0.0000531581
5   12   2   4   -0.0020844574
5   12   3   4   0.0001809286
6   7   1   4   -0.0000363783
6   7   2   5   0.0000044061
6   7   3   6   0.0000044061
6   8   1   4   0.0004470528
6   8   2   5   -0.0003821895
6   8   3   6   -0.0003821895
6   9   1   4   -0.0006157641
6   9   2   5   -0.0000157888
6   9   3   6   -0.0000157888
6   10   1   5   -0.0001809286
6   10   1   6   -0.0020844574
6   10   2   4   -0.0000531581
6   10   3   4   -0.0006124285
6   11   1   5   -0.0020844574
6   11   1   6   0.0001809286
6   11   2   4   -0.0006124285
6   11   3   4   0.0000531581
6   12   1   4   0.0052577348
6   12   2   5   0.0005732178
6   12   3   6   0.0005732178

End IJAB Block
Begin ABCD Block
1   4   1   4   0.2318224648
1   4   2   5   0.0330411755
1   4   3   6   0.0330411755
1   5   1   5   0.1758315194
1   5   2   4   0.0330422734
1   6   1   6   0.1758315194
1   6   3   4   0.0330422734
2   4   1   5   0.0330422734
2   4   2   4   0.1758315194
2   5   1   4   0.0330411755
2   5   2   5   0.1627961474
2   5   3   6   0.0087985126
2   6   2   6   0.1451991130
2   6   3   5   0.0087985218
3   4   1   6   0.0330422734
3   4   3   4   0.1758315194
3   5   2   6   0.0087985218
3   5   3   5   0.1451991130
3   6   1   4   0.0330411755
3   6   2   5   0.0087985126
3   6   3   6   0.1627961474

End ABCD Block
Begin AIJB Block
1   7   1   4   0.0002251326
1   7   2   4   0.0000011916
1   7   3   4   0.0002081623
1   7   4   5   0.0000012129
1   7   4   6   0.0000139736
1   7   5   5   0.0000139736
1   7   5   6   -0.0000012129
1   7   6   4   -0.0000068777
1   8   1   4   0.0000011916
1   8   2   4   0.0086799288
1   8   3   4   -0.0000044405
1   8   4   5   0.0000061838
1   8   4   6   0.0000712429
1   8   5   5   0.0000712429
1   8   5   6   -0.0000061838
1   8   6   4   0.0002824473
1   9   1   4   0.0002081623
1   9   2   4   -0.0000044405
1   9   3   4   0.0009120564
1   9   4   5   0.0000043684
1   9   4   6   0.0000503276
1   9   5   5   0.0000503276
1   9   5   6   -0.0000043684
1   9   6   4   -0.0001545950
1   10   1   5   -0.0000004045
1   10   1   6   -0.0000046608
1   10   2   5   0.0000000979
1   10   2   6   0.0000011277
1   10   3   5   0.0000098623
1   10   3   6   0.0001136223
1   10   4   4   0.0002618469
1   10   6   5   -0.0001624611
1   10   6   6   -0.0018716950
1   11   1   5   -0.0000046608
1   11   1   6   0.0000004045
1   11   2   5   0.0000011277
1   11   2   6   -0.0000000979
1   11   3   5   0.0001136223
1   11   3   6   -0.0000098623
1   11   5   4   0.0002618469
1   11   6   5   -0.0018716950
1   11   6   6   0.0001624611
1   12   1   4   -0.0000068777
1   12   2   4   0.0002824473
1   12   3   4   -0.0001545950
1   12   4   5   -0.0000256231
1   12   4   6   -0.0002952009
1   12   5   5   -0.0002952009
1   12   5   6   0.0000256231
1   12   6   4   0.0032711600
2   7   1   5   0.0001326648
2   7   2   5   -0.0000007835
2   7   3   5   0.0001213726
2   7   4   4   -0.0000004045
2   7   5   4   -0.0000046608
2   7   6   5   0.0000085916
2   8   1   5   -0.0000007835
2   8   2   5   0.0014373057
2   8   3   5   0.0000086529
2   8   4   4   0.0000000979
2   8   5   4   0.0000011277
2   8   6   5   -0.0003161919
2   9   1   5   0.0001213726
2   9   2   5   0.0000086529
2   9   3   5   0.0004826517
2   9   4   4   0.0000098623
2   9   5   4   0.0001136223
2   9   6   5   0.0000197161
2   10   1   4   0.0000012129
2   10   2   4   0.0000061838
2   10   3   4   0.0000043684
2   10   4   5   0.0001641106
2   10   4   6   0.0001283707
2   10   5   5   0.0001283707
2   10   5   6   0.0013226299
2   10   6   4   -0.0000256231
2   11   1   4   0.0000139736
2   11   2   4   0.0000712429
2   11   3   4   0.0000503276
2   11   4   5   0.0001283707
2   11   4   6   0.0001451709
2   11   5   5   0.0016319114
2   11   5   6   -0.0001283707
2   11   6   4   -0.0002952009
2   12   1   5   0.0000085916
2   12   2   5   -0.0003161919
2   12   3   5   0.0000197161
2   12   4   4   -0.0001624611
2   12   5   4   -0.0018716950
2   12   6   5   0.0005959822
3   7   1   6   0.0001326648
3   7   2   6   -0.0000007835
3   7   3   6   0.0001213726
3   7   4   4   -0.0000046608
3   7   5   4   0.0000004045
3   7   6   6   0.0000085916
3   8   1   6   -0.0000007835
3   8   2   6   0.0014373057
3   8   3   6   0.0000086529
3   8   4   4   0.0000011277
3   8   5   4   -0.0000000979
3   8   6   6   -0.0003161919
3   9   1   6   0.0001213726
3   9   2   6   0.0000086529
3   9   3   6   0.0004826517
3   9   4   4   0.0001136223
3   9   5   4   -0.0000098623
3   9   6   6   0.0000197161
3   10   1   4   0.0000139736
3   10   2   4   0.0000712429
3   10   3   4   0.0000503276
3   10   4   5   0.0001283707
3   10   4   6   0.0016319114
3   10   5   5   0.0001451709
3   10   5   6   -0.0001283707
3   10   6   4   -0.0002952009
3   11   1   4   -0.0000012129
3   11   2   4   -0.0000061838
3   11   3   4   -0.0000043684
3   11   4   5   0.0013226299
3   11   4   6   -0.0001283707
3   11   5   5   -0.0001283707
3   11   5   6   0.0001641106
3   11   6   4   0.0000256231
3   12   1   6   0.0000085916
3   12   2   6   -0.0003161919
3   12   3   6   0.0000197161
3   12   4   4   -0.0018716950
3   12   5   4   0.0001624611
3   12   6   6   0.0005959822

1   7   7   1   -0.1220708639
1   7   8   1   0.0000003885
1   7   9   1   0.0001051582
1   7   10   2   -0.0000198805
1   7   10   3   -0.0002290412
1   7   11   2   -0.0002290412
1   7   11   3   0.0000198805
1   7   12   1   0.0006653230
1   8   7   1   0.0000003885
1   8   8   1   -0.2810501299
1   8   9   1   0.0000596077
1   8   10   2   -0.0000071332
1   8   10   3   -0.0000821803
1   8   11   2   -0.0000821803
1   8   11   3   0.0000071332
1   8   12   1   -0.0009919023
1   9   7   1   0.0001051582
1   9   8   1   0.0000596077
1   9   9   1   -0.1197296016
1   9   10   2   -0.0002277562
1   9   10   3   -0.0026239523
1   9   11   2   -0.0026239523
1   9   11   3   0.0002277562
1   9   12   1   0.0079066475
1   10   7   2   -0.0000200872
1   10   7   3   -0.0002314219
1   10   8   2   -0.0000072023
1   10   8   3   -0.0000829765
1   10   9   2   -0.0002277800
1   10   9   3   -0.0026242268
1   10   10   1   -0.1191505114
1   10   12   2   0.0000980041
1   10   12   3   0.0011290936
1   11   7   2   -0.0002314219
1   11   7   3   0.0000200872
1   11   8   2   -0.0000829765
1   11   8   3   0.0000072023
1   11   9   2   -0.0026242268
1   11   9   3   0.0002277800
1   11   11   1   -0.1191505114
1   11   12   2   0.0011290936
1   11   12   3   -0.0000980041
1   12   7   1   0.0006653230
1   12   8   1   -0.0009919023
1   12   9   1   0.0079066475
1   12   10   2   0.0001005893
1   12   10   3   0.0011588773
1   12   11   2   0.0011588773
1   12   11   3   -0.0001005893
1   12   12   1   -0.1250748876
2   7   7   2   -0.1217080205
2   7   8   2   0.0000000620
2   7   9   2   0.0000533145
2   7   10   1   -0.0000200872
2   7   11   1   -0.0002314219
2   7   12   2   0.0005327340
2   8   7   2   0.0000000620
2   8   8   2   -0.2084229452
2   8   9   2   0.0000208631
2   8   10   1   -0.0000072023
2   8   11   1   -0.0000829765
2   8   12   2   -0.0002367161
2   9   7   2   0.0000533145
2   9   8   2   0.0000208631
2   9   9   2   -0.1205255324
2   9   10   1   -0.0002277800
2   9   11   1   -0.0026242268
2   9   12   2   0.0066722905
2   10   7   1   -0.0000198805
2   10   8   1   -0.0000071332
2   10   9   1   -0.0002277562
2   10   10   2   -0.1200437311
2   10   10   3   -0.0000740519
2   10   11   2   -0.0000740519
2   10   11   3   -0.0004157209
2   10   12   1   0.0001005893
2   11   7   1   -0.0002290412
2   11   8   1   -0.0000821803
2   11   9   1   -0.0026239523
2   11   10   2   -0.0000740519
2   11   10   3   -0.0004309943
2   11   11   2   -0.1208904463
2   11   11   3   0.0000740519
2   11   12   1   0.0011588773
2   12   7   2   0.0005327340
2   12   8   2   -0.0002367161
2   12   9   2   0.0066722905
2   12   10   1   0.0000980041
2   12   11   1   0.0011290936
2   12   12   2   -0.1244686948
3   7   7   3   -0.1217080205
3   7   8   3   0.0000000620
3   7   9   3   0.0000533145
3   7   10   1   -0.0002314219
3   7   11   1   0.0000200872
3   7   12   3   0.0005327340
3   8   7   3   0.0000000620
3   8   8   3   -0.2084229452
3   8   9   3   0.0000208631
3   8   10   1   -0.0000829765
3   8   11   1   0.0000072023
3   8   12   3   -0.0002367161
3   9   7   3   0.0000533145
3   9   8   3   0.0000208631
3   9   9   3   -0.1205255324
3   9   10   1   -0.0026242268
3   9   11   1   0.0002277800
3   9   12   3   0.0066722905
3   10   7   1   -0.0002290412
3   10   8   1   -0.0000821803
3   10   9   1   -0.0026239523
3   10   10   2   -0.0000740519
3   10   10   3   -0.1208904463
3   10   11   2   -0.0004309943
3   10   11   3   0.0000740519
3   10   12   1   0.0011588773
3   11   7   1   0.0000198805
3   11   8   1   0.0000071332
3   11   9   1   0.0002277562
3   11   10   2   -0.0004157209
3   11   10   3   0.0000740519
3   11   11   2   0.0000740519
3   11   11   3   -0.1200437311
3   11   12   1   -0.0001005893
3   12   7   3   0.0005327340
3   12   8   3   -0.0002367161
3   12   9   3   0.0066722905
3   12   10   1   0.0011290936
3   12   11   1   -0.0000980041
3   12   12   3   -0.1244686948

End AIJB Block
Begin IJKA Block
1   7   1   4   0.0044377195
1   7   2   4   -0.0000005723
1   7   3   4   -0.0007540717
1   7   4   5   -0.0001830687
1   7   4   6   -0.0021091129
1   7   5   5   -0.0021091129
1   7   5   6   0.0001830687
1   7   6   4   0.0025978478
1   8   1   4   -0.0011511219
1   8   2   4   0.0000001188
1   8   3   4   0.0000033093
1   8   4   5   0.0000013233
1   8   4   6   0.0000152455
1   8   5   5   0.0000152455
1   8   5   6   -0.0000013233
1   8   6   4   0.0000175538
1   9   1   4   -0.0056913598
1   9   2   4   -0.0000004139
1   9   3   4   0.0000919470
1   9   4   5   -0.0001740797
1   9   4   6   -0.0020055520
1   9   5   5   -0.0020055520
1   9   5   6   0.0001740797
1   9   6   4   0.0025507450
1   10   1   5   -0.0027563802
1   10   1   6   -0.0317559299
1   10   2   5   0.0000000270
1   10   2   6   0.0000003114
1   10   3   5   -0.0000176123
1   10   3   6   -0.0002029096
1   10   4   4   -0.0002464088
1   10   6   5   -0.0000070046
1   10   6   6   -0.0000806987
1   11   1   5   -0.0317559299
1   11   1   6   0.0027563802
1   11   2   5   0.0000003114
1   11   2   6   -0.0000000270
1   11   3   5   -0.0002029096
1   11   3   6   0.0000176123
1   11   5   4   -0.0002464088
1   11   6   5   -0.0000806987
1   11   6   6   0.0000070046
1   12   1   4   0.0312073543
1   12   2   4   -0.0000007342
1   12   3   4   0.0008015641
1   12   4   5   -0.0000115245
1   12   4   6   -0.0001327719
1   12   5   5   -0.0001327719
1   12   5   6   0.0000115245
1   12   6   4   -0.0000114299
2   7   1   4   0.0000022533
2   7   2   4   -0.0000914638
2   7   3   4   0.0000018486
2   7   4   5   -0.0000000178
2   7   4   6   -0.0000002052
2   7   5   5   -0.0000002052
2   7   5   6   0.0000000178
2   7   6   4   0.0000008132
2   8   1   4   -0.0000000135
2   8   2   4   -0.0954596536
2   8   3   4   0.0000788238
2   8   4   5   0.0000032478
2   8   4   6   0.0000374175
2   8   5   5   0.0000374175
2   8   5   6   -0.0000032478
2   8   6   4   -0.0016285028
2   9   1   4   0.0000021943
2   9   2   4   -0.0001565853
2   9   3   4   0.0000073235
2   9   4   5   -0.0000000367
2   9   4   6   -0.0000004232
2   9   5   5   -0.0000004232
2   9   5   6   0.0000000367
2   9   6   4   0.0000037483
2   10   1   5   -0.0000000126
2   10   1   6   -0.0000001446
2   10   2   5   0.0001211978
2   10   2   6   0.0013963051
2   10   3   5   -0.0000002608
2   10   3   6   -0.0000030047
2   10   4   4   0.0000062175
2   10   6   5   0.0000004377
2   10   6   6   0.0000050425
2   11   1   5   -0.0000001446
2   11   1   6   0.0000000126
2   11   2   5   0.0013963051
2   11   2   6   -0.0001211978
2   11   3   5   -0.0000030047
2   11   3   6   0.0000002608
2   11   5   4   0.0000062175
2   11   6   5   0.0000050425
2   11   6   6   -0.0000004377
2   12   1   4   0.0000001806
2   12   2   4   -0.0119435285
2   12   3   4   0.0000045977
2   12   4   5   -0.0000013596
2   12   4   6   -0.0000156641
2   12   5   5   -0.0000156641
2   12   5   6   0.0000013596
2   12   6   4   -0.0000068485
3   7   1   4   -0.0008402358
3   7   2   4   -0.0000005283
3   7   3   4   0.0001073769
3   7   4   5   -0.0001965424
3   7   4   6   -0.0022643423
3   7   5   5   -0.0022643423
3   7   5   6   0.0001965424
3   7   6   4   0.0028750608
3   8   1   4   0.0000035389
3   8   2   4   0.0000827382
3   8   3   4   -0.0011249490
3   8   4   5   0.0000147734
3   8   4   6   0.0001702030
3   8   5   5   0.0001702030
3   8   5   6   -0.0000147734
3   8   6   4   0.0002103357
3   9   1   4   0.0000044582
3   9   2   4   0.0000033668
3   9   3   4   -0.0038601585
3   9   4   5   -0.0007460386
3   9   4   6   -0.0085950230
3   9   5   5   -0.0085950230
3   9   5   6   0.0007460386
3   9   6   4   0.0116185726
3   10   1   5   -0.0000441652
3   10   1   6   -0.0005088225
3   10   2   5   0.0000001705
3   10   2   6   0.0000019642
3   10   3   5   -0.0022032952
3   10   3   6   -0.0253839039
3   10   4   4   -0.0008144617
3   10   6   5   -0.0000727321
3   10   6   6   -0.0008379383
3   11   1   5   -0.0005088225
3   11   1   6   0.0000441652
3   11   2   5   0.0000019642
3   11   2   6   -0.0000001705
3   11   3   5   -0.0253839039
3   11   3   6   0.0022032952
3   11   5   4   -0.0008144617
3   11   6   5   -0.0008379383
3   11   6   6   0.0000727321
3   12   1   4   0.0013153679
3   12   2   4   -0.0000089572
3   12   3   4   0.0294495548
3   12   4   5   -0.0000824835
3   12   4   6   -0.0009502826
3   12   5   5   -0.0009502826
3   12   5   6   0.0000824835
3   12   6   4   0.0005990982
4   7   1   5   -0.0002196502
4   7   1   6   -0.0025305638
4   7   2   5   -0.0000000179
4   7   2   6   -0.0000002060
4   7   3   5   -0.0002046125
4   7   3   6   -0.0023573166
4   7   4   4   0.0000820200
4   7   6   5   -0.0000042280
4   7   6   6   -0.0000487098
4   8   1   5   0.0000011703
4   8   1   6   0.0000134830
4   8   2   5   0.0000025917
4   8   2   6   0.0000298592
4   8   3   5   0.0000140366
4   8   3   6   0.0001617142
4   8   4   4   -0.0011041634
4   8   6   5   -0.0000077490
4   8   6   6   -0.0000892755
4   9   1   5   -0.0001849409
4   9   1   6   -0.0021306821
4   9   2   5   0.0000000464
4   9   2   6   0.0000005348
4   9   3   5   -0.0007413540
4   9   3   6   -0.0085410514
4   9   4   4   -0.0032931359
4   9   6   5   -0.0000119938
4   9   6   6   -0.0001381790
4   10   1   4   -0.0002108528
4   10   2   4   0.0000120193
4   10   3   4   -0.0008162291
4   10   4   5   -0.0023936005
4   10   4   6   -0.0275763886
4   10   5   5   -0.0025679895
4   10   5   6   0.0002228987
4   10   6   4   0.0039997144
4   11   4   5   -0.0223806341
4   11   4   6   0.0019426147
4   11   5   5   -0.0002280871
4   11   5   6   -0.0026277650
4   12   1   5   -0.0000115922
4   12   1   6   -0.0001335524
4   12   2   5   -0.0000010264
4   12   2   6   -0.0000118245
4   12   3   5   -0.0000654038
4   12   3   6   -0.0007535099
4   12   4   4   0.0257431047
4   12   6   5   -0.0002392478
4   12   6   6   -0.0027563452
5   7   1   5   -0.0025305638
5   7   1   6   0.0002196502
5   7   2   5   -0.0000002060
5   7   2   6   0.0000000179
5   7   3   5   -0.0023573166
5   7   3   6   0.0002046125
5   7   5   4   0.0000820200
5   7   6   5   -0.0000487098
5   7   6   6   0.0000042280
5   8   1   5   0.0000134830
5   8   1   6   -0.0000011703
5   8   2   5   0.0000298592
5   8   2   6   -0.0000025917
5   8   3   5   0.0001617142
5   8   3   6   -0.0000140366
5   8   5   4   -0.0011041634
5   8   6   5   -0.0000892755
5   8   6   6   0.0000077490
5   9   1   5   -0.0021306821
5   9   1   6   0.0001849409
5   9   2   5   0.0000005348
5   9   2   6   -0.0000000464
5   9   3   5   -0.0085410514
5   9   3   6   0.0007413540
5   9   5   4   -0.0032931359
5   9   6   5   -0.0001381790
5   9   6   6   0.0000119938
5   10   4   5   -0.0026277650
5   10   4   6   0.0002280871
5   10   5   5   -0.0019426147
5   10   5   6   -0.0223806341
5   11   1   4   -0.0002108528
5   11   2   4   0.0000120193
5   11   3   4   -0.0008162291
5   11   4   5   -0.0002228987
5   11   4   6   -0.0025679895
5   11   5   5   -0.0275763886
5   11   5   6   0.0023936005
5   11   6   4   0.0039997144
5   12   1   5   -0.0001335524
5   12   1   6   0.0000115922
5   12   2   5   -0.0000118245
5   12   2   6   0.0000010264
5   12   3   5   -0.0007535099
5   12   3   6   0.0000654038
5   12   5   4   0.0257431047
5   12   6   5   -0.0027563452
5   12   6   6   0.0002392478
6   7   1   4   0.0033618113
6   7   2   4   0.0000001510
6   7   3   4   0.0031412326
6   7   4   5   -0.0000033144
6   7   4   6   -0.0000381845
6   7   5   5   -0.0000381845
6   7   5   6   0.0000033144
6   7   6   4   0.0001674194
6   8   1   4   0.0000154771
6   8   2   4   -0.0018510736
6   8   3   4   0.0001962072
6   8   4   5   -0.0000081653
6   8   4   6   -0.0000940720
6   8   5   5   -0.0000940720
6   8   5   6   0.0000081653
6   8   6   4   -0.0014011726
6   9   1   4   0.0029073858
6   9   2   4   -0.0000051256
6   9   3   4   0.0117855789
6   9   4   5   -0.0000159401
6   9   4   6   -0.0001836444
6   9   5   5   -0.0001836444
6   9   5   6   0.0000159401
6   9   6   4   -0.0029724428
6   10   1   5   -0.0000076520
6   10   1   6   -0.0000881581
6   10   2   5   -0.0000015940
6   10   2   6   -0.0000183647
6   10   3   5   -0.0000439415
6   10   3   6   -0.0005062452
6   10   4   4   0.0038606826
6   10   6   5   -0.0019188522
6   10   6   6   -0.0221068697
6   11   1   5   -0.0000881581
6   11   1   6   0.0000076520
6   11   2   5   -0.0000183647
6   11   2   6   0.0000015940
6   11   3   5   -0.0005062452
6   11   3   6   0.0000439415
6   11   5   4   0.0038606826
6   11   6   5   -0.0221068697
6   11   6   6   0.0019188522
6   12   1   4   0.0000555297
6   12   2   4   0.0000950194
6   12   3   4   -0.0001792537
6   12   4   5   -0.0002182184
6   12   4   6   -0.0025140686
6   12   5   5   -0.0025140686
6   12   5   6   0.0002182184
6   12   6   4   0.0350989306

End IJKA Block
Begin IABC Block
1   4   1   4   -0.0000458397
1   4   2   5   -0.0000119824
1   4   3   6   -0.0000119824
1   5   1   5   -0.0000366811
1   5   2   4   -0.0000120967
1   6   1   6   -0.0000366811
1   6   3   4   -0.0000120967
2   4   1   4   0.0001269179
2   4   2   5   0.0023909372
2   4   3   6   0.0023909372
2   5   1   5   -0.0000374211
2   5   2   4   0.0024069475
2   6   1   6   -0.0000374211
2   6   3   4   0.0024069475
3   4   1   4   -0.0002244920
3   4   2   5   0.0000313845
3   4   3   6   0.0000313845
3   5   1   5   -0.0001880922
3   5   2   4   0.0000317333
3   6   1   6   -0.0001880922
3   6   3   4   0.0000317333
4   4   1   5   0.0000449328
4   4   1   6   0.0005176653
4   4   2   4   0.0000602319
4   4   3   4   0.0006939247
4   5   1   4   0.0000446826
4   5   2   5   0.0000933387
4   5   2   6   0.0002727901
4   5   3   5   0.0005315387
4   5   3   6   0.0000235238
4   6   1   4   0.0005147832
4   6   2   5   0.0002710155
4   6   2   6   0.0000461370
4   6   3   5   0.0000236779
4   6   3   6   0.0010753443
5   4   1   5   0.0005176653
5   4   1   6   -0.0000449328
5   4   2   4   0.0006939247
5   4   3   4   -0.0000602319
5   5   1   4   0.0005147832
5   5   2   5   0.0010753443
5   5   2   6   -0.0000236779
5   5   3   5   -0.0000461370
5   5   3   6   0.0002710155
5   6   1   4   -0.0000446826
5   6   2   5   -0.0000235238
5   6   2   6   0.0005315387
5   6   3   5   0.0002727901
5   6   3   6   -0.0000933387
6   4   1   4   -0.0037622076
6   4   2   5   -0.0022545035
6   4   3   6   -0.0022545035
6   5   1   5   -0.0031259327
6   5   2   4   -0.0022771341
6   6   1   6   -0.0031259327
6   6   3   4   -0.0022771341

End IABC Block
