One Electron Eigenvalues:
 1 -41.178041535120
 2 -10.760669012350
 3 -10.416066685984
 4 -8.573632589894
 5 -8.573631037006
 6 -5.709968663032
 7 -4.932809972297
 8 -4.609598146416

Example of symmetry-related two-electron integrals for indices:
Indices: i=1, j=4, k=5, l=6
two_electron_spatial_integrals[1,4,5,6] = -0.0217953568
two_electron_spatial_integrals[5,6,1,4] = -0.0217953568
two_electron_spatial_integrals[1,4,6,5] = -0.0217953568
two_electron_spatial_integrals[6,5,1,4] = -0.0217953568
two_electron_spatial_integrals[4,1,5,6] = -0.0217953568
two_electron_spatial_integrals[5,6,4,1] = -0.0217953568
two_electron_spatial_integrals[4,1,6,5] = -0.0217953568
two_electron_spatial_integrals[6,5,4,1] = -0.0217953568

Two Electron Eigenvalues:
 1 -0.000000000000
 2 -0.000000000000
 3 -0.000000000000
 4 -0.000000000000
 5 -0.000000000000
 6 -0.000000000000
 7 -0.000000000000
 8 -0.000000000000
 9 -0.000000000000
10 -0.000000000000
11 -0.000000000000
12 -0.000000000000
13 -0.000000000000
14 -0.000000000000
15 -0.000000000000
16 0.000000000000
17 0.000000000000
18 0.000000000000
19 0.000000000000
20 0.000000000000
21 0.000000000000
22 0.000000000000
23 0.000000000000
24 0.000000000000
25 0.000000000000
26 0.000000000000
27 0.000000000000
28 0.000000000000
29 0.000001366245
30 0.000006771475
31 0.000009591091
32 0.000030446010
33 0.000077684169
34 0.000096677517
35 0.002657890644
36 0.008006879969
37 0.012398642287
38 0.015008554428
39 0.020932923082
40 0.024389512619
41 0.024389529813
42 0.028497690405
43 0.034226864564
44 0.034226873485
45 0.037252046664
46 0.037252057924
47 0.052698899497
48 0.067118494107
49 0.086722299689
50 0.086915106600
51 0.086915106650
52 0.098703929015
53 0.098703963305
54 0.104758850415
55 0.104758863926
56 0.125397381585
57 0.262570541390
58 0.340300527360
59 0.453299879056
60 0.453299904616
61 0.467228274204
62 1.051055163715
63 2.577760387879
64 9.071318736702
