One Electron Eigenvalues:
 1 -41.111658233300
 2 -10.626109537079
 3 -10.308224827620
 4 -8.522007161700
 5 -8.522007143500
 6 -5.548525233452
 7 -4.893454405204
 8 -4.565368151746

Example of symmetry-related two-electron integrals for indices:
Indices: i=1, j=4, k=5, l=6
two_electron_spatial_integrals[1,4,5,6] = 0.0194411849
two_electron_spatial_integrals[5,6,1,4] = 0.0194411849
two_electron_spatial_integrals[1,4,6,5] = 0.0194411849
two_electron_spatial_integrals[6,5,1,4] = 0.0194411849
two_electron_spatial_integrals[4,1,5,6] = 0.0194411849
two_electron_spatial_integrals[5,6,4,1] = 0.0194411849
two_electron_spatial_integrals[4,1,6,5] = 0.0194411849
two_electron_spatial_integrals[6,5,4,1] = 0.0194411849

Two Electron Eigenvalues:
 1 -0.000000000000
 2 -0.000000000000
 3 -0.000000000000
 4 -0.000000000000
 5 -0.000000000000
 6 -0.000000000000
 7 -0.000000000000
 8 -0.000000000000
 9 -0.000000000000
10 -0.000000000000
11 -0.000000000000
12 -0.000000000000
13 -0.000000000000
14 -0.000000000000
15 -0.000000000000
16 -0.000000000000
17 0.000000000000
18 0.000000000000
19 0.000000000000
20 0.000000000000
21 0.000000000000
22 0.000000000000
23 0.000000000000
24 0.000000000000
25 0.000000000000
26 0.000000000000
27 0.000000000000
28 0.000000000000
29 0.000001338405
30 0.000005719092
31 0.000008002430
32 0.000032735071
33 0.000072482621
34 0.000109736575
35 0.002960722315
36 0.007736813793
37 0.012092528145
38 0.013572116584
39 0.020868457057
40 0.021668211779
41 0.021668212025
42 0.028513898449
43 0.034038410553
44 0.034038416205
45 0.037460033237
46 0.037460033912
47 0.051007609833
48 0.064907817482
49 0.083083893623
50 0.086709229200
51 0.086709229201
52 0.098538666363
53 0.098538668035
54 0.104119454251
55 0.104119468099
56 0.119636549813
57 0.266159643970
58 0.328617740890
59 0.452184910445
60 0.452185622697
61 0.469802437714
62 1.025073511269
63 2.560331327497
64 8.983385054070
