One Electron Eigenvalues:
 1 -41.062754374039
 2 -10.543907942868
 3 -10.194906592845
 4 -8.484813437200
 5 -8.484813424300
 6 -5.411352832736
 7 -4.861634817450
 8 -4.515993772563

Example of symmetry-related two-electron integrals for indices:
Indices: i=1, j=4, k=5, l=6
two_electron_spatial_integrals[1,4,5,6] = 0.0177777565
two_electron_spatial_integrals[5,6,1,4] = 0.0177777565
two_electron_spatial_integrals[1,4,6,5] = 0.0177777565
two_electron_spatial_integrals[6,5,1,4] = 0.0177777565
two_electron_spatial_integrals[4,1,5,6] = 0.0177777565
two_electron_spatial_integrals[5,6,4,1] = 0.0177777565
two_electron_spatial_integrals[4,1,6,5] = 0.0177777565
two_electron_spatial_integrals[6,5,4,1] = 0.0177777565

Two Electron Eigenvalues:
 1 -0.000000000000
 2 -0.000000000000
 3 -0.000000000000
 4 -0.000000000000
 5 -0.000000000000
 6 -0.000000000000
 7 -0.000000000000
 8 -0.000000000000
 9 -0.000000000000
10 -0.000000000000
11 -0.000000000000
12 -0.000000000000
13 -0.000000000000
14 -0.000000000000
15 -0.000000000000
16 0.000000000000
17 0.000000000000
18 0.000000000000
19 0.000000000000
20 0.000000000000
21 0.000000000000
22 0.000000000000
23 0.000000000000
24 0.000000000000
25 0.000000000000
26 0.000000000000
27 0.000000000000
28 0.000000000000
29 0.000001278314
30 0.000005037275
31 0.000006439593
32 0.000031364450
33 0.000071197391
34 0.000124985076
35 0.003217643688
36 0.007447916372
37 0.011192359076
38 0.012867086767
39 0.019355824407
40 0.019355824517
41 0.020816760686
42 0.028680616034
43 0.033924132775
44 0.033924136364
45 0.037672174676
46 0.037672175140
47 0.048864858265
48 0.063777122307
49 0.080582648030
50 0.086630903200
51 0.086630903200
52 0.098354590238
53 0.098354592079
54 0.103906229426
55 0.103906238006
56 0.114674191054
57 0.266457141419
58 0.320398817678
59 0.451452522716
60 0.451452970456
61 0.471548979333
62 1.003059035887
63 2.547901700191
64 8.912579935914
