One Electron Eigenvalues:
 1 -41.029128022443
 2 -10.495739272989
 3 -10.097983287692
 4 -8.460078965415
 5 -8.460078768885
 6 -5.312007183193
 7 -4.838930254391
 8 -4.468777187792

Example of symmetry-related two-electron integrals for indices:
Indices: i=1, j=4, k=5, l=6
two_electron_spatial_integrals[1,4,5,6] = 0.0166389923
two_electron_spatial_integrals[5,6,1,4] = 0.0166389923
two_electron_spatial_integrals[1,4,6,5] = 0.0166389923
two_electron_spatial_integrals[6,5,1,4] = 0.0166389923
two_electron_spatial_integrals[4,1,5,6] = 0.0166389923
two_electron_spatial_integrals[5,6,4,1] = 0.0166389923
two_electron_spatial_integrals[4,1,6,5] = 0.0166389923
two_electron_spatial_integrals[6,5,4,1] = 0.0166389923

Two Electron Eigenvalues:
 1 -0.000000000000
 2 -0.000000000000
 3 -0.000000000000
 4 -0.000000000000
 5 -0.000000000000
 6 -0.000000000000
 7 -0.000000000000
 8 -0.000000000000
 9 -0.000000000000
10 -0.000000000000
11 -0.000000000000
12 -0.000000000000
13 -0.000000000000
14 0.000000000000
15 0.000000000000
16 0.000000000000
17 0.000000000000
18 0.000000000000
19 0.000000000000
20 0.000000000000
21 0.000000000000
22 0.000000000000
23 0.000000000000
24 0.000000000000
25 0.000000000000
26 0.000000000000
27 0.000000000000
28 0.000000000000
29 0.000001208100
30 0.000004519027
31 0.000005390921
32 0.000029091373
33 0.000070842634
34 0.000139866651
35 0.003409947157
36 0.007196748181
37 0.010263563471
38 0.012672815397
39 0.017609653939
40 0.017609665446
41 0.020715507592
42 0.028919121279
43 0.033836873876
44 0.033836882428
45 0.037853637144
46 0.037853637418
47 0.047250252142
48 0.062936911570
49 0.078920114828
50 0.086626639600
51 0.086626639601
52 0.098163140327
53 0.098163144186
54 0.103952102463
55 0.103952119119
56 0.110886771088
57 0.264995498426
58 0.314880922942
59 0.451017165096
60 0.451017964557
61 0.472706067590
62 0.985669876059
63 2.539443527908
64 8.859763141162
