One Electron Eigenvalues:
 1 -41.023407395107
 2 -10.488063846110
 3 -10.080183526457
 4 -8.455975171000
 5 -8.455975147700
 6 -5.294729161809
 7 -4.835142518610
 8 -4.459598535407

Example of symmetry-related two-electron integrals for indices:
Indices: i=1, j=4, k=5, l=6
two_electron_spatial_integrals[1,4,5,6] = 0.0164450005
two_electron_spatial_integrals[5,6,1,4] = 0.0164450005
two_electron_spatial_integrals[1,4,6,5] = 0.0164450005
two_electron_spatial_integrals[6,5,1,4] = 0.0164450005
two_electron_spatial_integrals[4,1,5,6] = 0.0164450005
two_electron_spatial_integrals[5,6,4,1] = 0.0164450005
two_electron_spatial_integrals[4,1,6,5] = 0.0164450005
two_electron_spatial_integrals[6,5,4,1] = 0.0164450005

Two Electron Eigenvalues:
 1 -0.000000000000
 2 -0.000000000000
 3 -0.000000000000
 4 -0.000000000000
 5 -0.000000000000
 6 -0.000000000000
 7 -0.000000000000
 8 -0.000000000000
 9 -0.000000000000
10 -0.000000000000
11 -0.000000000000
12 0.000000000000
13 0.000000000000
14 0.000000000000
15 0.000000000000
16 0.000000000000
17 0.000000000000
18 0.000000000000
19 0.000000000000
20 0.000000000000
21 0.000000000000
22 0.000000000000
23 0.000000000000
24 0.000000000000
25 0.000000000000
26 0.000000000000
27 0.000000000000
28 0.000000000000
29 0.000001194294
30 0.000004407437
31 0.000005245505
32 0.000028637360
33 0.000070789193
34 0.000142799572
35 0.003442741893
36 0.007148092213
37 0.010095363827
38 0.012649040015
39 0.017300751715
40 0.017300752326
41 0.020693439832
42 0.028963566471
43 0.033817938505
44 0.033817946217
45 0.037888108420
46 0.037888109383
47 0.046961818950
48 0.062762933022
49 0.078643944050
50 0.086630990800
51 0.086630990801
52 0.098127709216
53 0.098127713795
54 0.103976201069
55 0.103976216650
56 0.110220997881
57 0.264695441950
58 0.313905621896
59 0.450936610388
60 0.450937507715
61 0.472959185542
62 0.982476092007
63 2.537959978038
64 8.850419831451
