One Electron Eigenvalues:
 1 -41.026252753900
 2 -10.491847094603
 3 -10.089116379427
 4 -8.458018717600
 5 -8.458018421400
 6 -5.303317919314
 7 -4.837073246700
 8 -4.464219062255

Example of symmetry-related two-electron integrals for indices:
Indices: i=1, j=4, k=5, l=6
two_electron_spatial_integrals[1,4,5,6] = 0.0165413971
two_electron_spatial_integrals[5,6,1,4] = 0.0165413971
two_electron_spatial_integrals[1,4,6,5] = 0.0165413971
two_electron_spatial_integrals[6,5,1,4] = 0.0165413971
two_electron_spatial_integrals[4,1,5,6] = 0.0165413971
two_electron_spatial_integrals[5,6,4,1] = 0.0165413971
two_electron_spatial_integrals[4,1,6,5] = 0.0165413971
two_electron_spatial_integrals[6,5,4,1] = 0.0165413971

Two Electron Eigenvalues:
 1 -0.000000000000
 2 -0.000000000000
 3 -0.000000000000
 4 -0.000000000000
 5 -0.000000000000
 6 -0.000000000000
 7 -0.000000000000
 8 -0.000000000000
 9 -0.000000000000
10 -0.000000000000
11 -0.000000000000
12 -0.000000000000
13 0.000000000000
14 0.000000000000
15 0.000000000000
16 0.000000000000
17 0.000000000000
18 0.000000000000
19 0.000000000000
20 0.000000000000
21 0.000000000000
22 0.000000000000
23 0.000000000000
24 0.000000000000
25 0.000000000000
26 0.000000000000
27 0.000000000000
28 0.000000000000
29 0.000001201375
30 0.000004462633
31 0.000005316513
32 0.000028861776
33 0.000070806009
34 0.000141289922
35 0.003426138749
36 0.007172229213
37 0.010177701252
38 0.012660739488
39 0.017454988090
40 0.017454991896
41 0.020703933608
42 0.028938974904
43 0.033824630414
44 0.033824705762
45 0.037871400330
46 0.037871409657
47 0.047100415159
48 0.062848641662
49 0.078779058054
50 0.086628776200
51 0.086628776295
52 0.098146698076
53 0.098146743596
54 0.103963857537
55 0.103964006852
56 0.110552726057
57 0.264863871776
58 0.314372385271
59 0.450965379073
60 0.450974145719
61 0.472839458066
62 0.984047981277
63 2.538681218609
64 8.855002536833
