One Electron Eigenvalues:
 1 -41.004255737926
 2 -10.463445084141
 3 -10.017523367741
 4 -8.442441414900
 5 -8.442441132700
 6 -5.236756703600
 7 -4.822092437751
 8 -4.425740682340

Example of symmetry-related two-electron integrals for indices:
Indices: i=1, j=4, k=5, l=6
two_electron_spatial_integrals[1,4,5,6] = 0.0157958016
two_electron_spatial_integrals[5,6,1,4] = 0.0157958016
two_electron_spatial_integrals[1,4,6,5] = 0.0157958016
two_electron_spatial_integrals[6,5,1,4] = 0.0157958016
two_electron_spatial_integrals[4,1,5,6] = 0.0157958016
two_electron_spatial_integrals[5,6,4,1] = 0.0157958016
two_electron_spatial_integrals[4,1,6,5] = 0.0157958016
two_electron_spatial_integrals[6,5,4,1] = 0.0157958016

Two Electron Eigenvalues:
 1 -0.000000000000
 2 -0.000000000000
 3 -0.000000000000
 4 -0.000000000000
 5 -0.000000000000
 6 -0.000000000000
 7 -0.000000000000
 8 -0.000000000000
 9 -0.000000000000
10 -0.000000000000
11 -0.000000000000
12 -0.000000000000
13 -0.000000000000
14 0.000000000000
15 0.000000000000
16 0.000000000000
17 0.000000000000
18 0.000000000000
19 0.000000000000
20 0.000000000000
21 0.000000000000
22 0.000000000000
23 0.000000000000
24 0.000000000000
25 0.000000000000
26 0.000000000000
27 0.000000000000
28 0.000000000000
29 0.000001142600
30 0.000003983146
31 0.000004859684
32 0.000027085690
33 0.000070666865
34 0.000153854685
35 0.003555085031
36 0.006972410796
37 0.009547981415
38 0.012577782568
39 0.016239967052
40 0.016239970684
41 0.020614033656
42 0.029146839130
43 0.033772018890
44 0.033772118743
45 0.038005065012
46 0.038005077372
47 0.046036097730
48 0.062114742952
49 0.077770252598
50 0.086656305400
51 0.086656305501
52 0.097989725725
53 0.097989788622
54 0.104088883588
55 0.104089065424
56 0.107957405911
57 0.263389721778
58 0.310756975711
59 0.450730235088
60 0.450741543401
61 0.473839821205
62 0.971482937249
63 2.533066794236
64 8.819144073061
