One Electron Eigenvalues:
 1 -40.999017614873
 2 -10.456921829964
 3 -9.999644819974
 4 -8.438788997700
 5 -8.438788962100
 6 -5.220939593012
 7 -4.818498257726
 8 -4.415584133551

Example of symmetry-related two-electron integrals for indices:
Indices: i=1, j=4, k=5, l=6
two_electron_spatial_integrals[1,4,5,6] = 0.0156180789
two_electron_spatial_integrals[5,6,1,4] = 0.0156180789
two_electron_spatial_integrals[1,4,6,5] = 0.0156180789
two_electron_spatial_integrals[6,5,1,4] = 0.0156180789
two_electron_spatial_integrals[4,1,5,6] = 0.0156180789
two_electron_spatial_integrals[5,6,4,1] = 0.0156180789
two_electron_spatial_integrals[4,1,6,5] = 0.0156180789
two_electron_spatial_integrals[6,5,4,1] = 0.0156180789

Two Electron Eigenvalues:
 1 -0.000000000000
 2 -0.000000000000
 3 -0.000000000000
 4 -0.000000000000
 5 -0.000000000000
 6 -0.000000000000
 7 -0.000000000000
 8 -0.000000000000
 9 -0.000000000000
10 -0.000000000000
11 -0.000000000000
12 -0.000000000000
13 -0.000000000000
14 -0.000000000000
15 0.000000000000
16 0.000000000000
17 0.000000000000
18 0.000000000000
19 0.000000000000
20 0.000000000000
21 0.000000000000
22 0.000000000000
23 0.000000000000
24 0.000000000000
25 0.000000000000
26 0.000000000000
27 0.000000000000
28 0.000000000000
29 0.000001127778
30 0.000003858991
31 0.000004776420
32 0.000026655794
33 0.000070623466
34 0.000157229573
35 0.003584648834
36 0.006920901135
37 0.009406963646
38 0.012560809224
39 0.015943589825
40 0.015943590342
41 0.020589803971
42 0.029199974272
43 0.033760339270
44 0.033760350889
45 0.038038166921
46 0.038038168429
47 0.045787917764
48 0.061908740365
49 0.077543251174
50 0.086666034800
51 0.086666034852
52 0.097945845198
53 0.097945852776
54 0.104127550952
55 0.104127570928
56 0.107334280812
57 0.262963002661
58 0.309903896038
59 0.450683343390
60 0.450684686880
61 0.474125329883
62 0.968365726605
63 2.531719838089
64 8.810457178353
