One Electron Eigenvalues:
 1 -40.986350530557
 2 -10.441553209641
 3 -9.954889520420
 4 -8.430168225000
 5 -8.430168163100
 6 -5.182868291462
 7 -4.809755073354
 8 -4.389069292466

Example of symmetry-related two-electron integrals for indices:
Indices: i=1, j=4, k=5, l=6
two_electron_spatial_integrals[1,4,5,6] = 0.0151872994
two_electron_spatial_integrals[5,6,1,4] = 0.0151872994
two_electron_spatial_integrals[1,4,6,5] = 0.0151872994
two_electron_spatial_integrals[6,5,1,4] = 0.0151872994
two_electron_spatial_integrals[4,1,5,6] = 0.0151872994
two_electron_spatial_integrals[5,6,4,1] = 0.0151872994
two_electron_spatial_integrals[4,1,6,5] = 0.0151872994
two_electron_spatial_integrals[6,5,4,1] = 0.0151872994

Two Electron Eigenvalues:
 1 -0.000000000000
 2 -0.000000000000
 3 -0.000000000000
 4 -0.000000000000
 5 -0.000000000000
 6 -0.000000000000
 7 -0.000000000000
 8 -0.000000000000
 9 -0.000000000000
10 -0.000000000000
11 -0.000000000000
12 -0.000000000000
13 -0.000000000000
14 0.000000000000
15 0.000000000000
16 0.000000000000
17 0.000000000000
18 0.000000000000
19 0.000000000000
20 0.000000000000
21 0.000000000000
22 0.000000000000
23 0.000000000000
24 0.000000000000
25 0.000000000000
26 0.000000000000
27 0.000000000000
28 0.000000000000
29 0.000001088538
30 0.000003541958
31 0.000004608586
32 0.000025620742
33 0.000070511430
34 0.000165680667
35 0.003658376043
36 0.006781792890
37 0.009066330528
38 0.012518246345
39 0.015212416630
40 0.015212416931
41 0.020525978117
42 0.029343831168
43 0.033728816874
44 0.033728832358
45 0.038121711599
46 0.038121713317
47 0.045190435794
48 0.061371020266
49 0.077020817157
50 0.086697429800
51 0.086697429853
52 0.097842685620
53 0.097842696601
54 0.104239372500
55 0.104239397499
56 0.105802616633
57 0.261871228985
58 0.307808420067
59 0.450584163674
60 0.450585917797
61 0.474823770326
62 0.960518592701
63 2.528417663048
64 8.789192794758
