One Electron Eigenvalues:
 1 -40.974260418893
 2 -10.427308024455
 3 -9.910471811087
 4 -8.422128995200
 5 -8.422128940100
 6 -5.146966241223
 7 -4.801327174756
 8 -4.361174393986

Example of symmetry-related two-electron integrals for indices:
Indices: i=1, j=4, k=5, l=6
two_electron_spatial_integrals[1,4,5,6] = 0.0147763582
two_electron_spatial_integrals[5,6,1,4] = 0.0147763582
two_electron_spatial_integrals[1,4,6,5] = 0.0147763582
two_electron_spatial_integrals[6,5,1,4] = 0.0147763582
two_electron_spatial_integrals[4,1,5,6] = 0.0147763582
two_electron_spatial_integrals[5,6,4,1] = 0.0147763582
two_electron_spatial_integrals[4,1,6,5] = 0.0147763582
two_electron_spatial_integrals[6,5,4,1] = 0.0147763582

Two Electron Eigenvalues:
 1 -0.000000000000
 2 -0.000000000000
 3 -0.000000000000
 4 -0.000000000000
 5 -0.000000000000
 6 -0.000000000000
 7 -0.000000000000
 8 -0.000000000000
 9 -0.000000000000
10 -0.000000000000
11 -0.000000000000
12 -0.000000000000
13 -0.000000000000
14 -0.000000000000
15 0.000000000000
16 0.000000000000
17 0.000000000000
18 0.000000000000
19 0.000000000000
20 0.000000000000
21 0.000000000000
22 0.000000000000
23 0.000000000000
24 0.000000000000
25 0.000000000000
26 0.000000000000
27 0.000000000000
28 0.000000000000
29 0.000001049131
30 0.000003245089
31 0.000004477087
32 0.000024656953
33 0.000070388970
34 0.000174220664
35 0.003726840291
36 0.006629740472
37 0.008762602560
38 0.012478385043
39 0.014500275641
40 0.014500276468
41 0.020461381265
42 0.029491397725
43 0.033699103085
44 0.033699121854
45 0.038204102487
46 0.038204104624
47 0.044629366725
48 0.060786496456
49 0.076561214529
50 0.086735968800
51 0.086735968955
52 0.097737500297
53 0.097737513569
54 0.104335668724
55 0.104364603681
56 0.104364633909
57 0.260721051714
58 0.305811546755
59 0.450509528675
60 0.450511625310
61 0.475581683548
62 0.952714840380
63 2.525213171022
64 8.768688775941
