One Electron Eigenvalues:
 1 -40.969577233985
 2 -10.421888943789
 3 -9.892800814855
 4 -8.419074875100
 5 -8.419074817000
 6 -5.133236128764
 7 -4.798034538411
 8 -4.349605558996

Example of symmetry-related two-electron integrals for indices:
Indices: i=1, j=4, k=5, l=6
two_electron_spatial_integrals[1,4,5,6] = 0.0146171504
two_electron_spatial_integrals[5,6,1,4] = 0.0146171504
two_electron_spatial_integrals[1,4,6,5] = 0.0146171504
two_electron_spatial_integrals[6,5,1,4] = 0.0146171504
two_electron_spatial_integrals[4,1,5,6] = 0.0146171504
two_electron_spatial_integrals[5,6,4,1] = 0.0146171504
two_electron_spatial_integrals[4,1,6,5] = 0.0146171504
two_electron_spatial_integrals[6,5,4,1] = 0.0146171504

Two Electron Eigenvalues:
 1 -0.000000000000
 2 -0.000000000000
 3 -0.000000000000
 4 -0.000000000000
 5 -0.000000000000
 6 -0.000000000000
 7 -0.000000000000
 8 -0.000000000000
 9 -0.000000000000
10 -0.000000000000
11 -0.000000000000
12 -0.000000000000
13 -0.000000000000
14 -0.000000000000
15 0.000000000000
16 0.000000000000
17 0.000000000000
18 0.000000000000
19 0.000000000000
20 0.000000000000
21 0.000000000000
22 0.000000000000
23 0.000000000000
24 0.000000000000
25 0.000000000000
26 0.000000000000
27 0.000000000000
28 0.000000000000
29 0.000001033045
30 0.000003133627
31 0.000004432198
32 0.000024293338
33 0.000070337316
34 0.000177658993
35 0.003752590223
36 0.006564873157
37 0.008653088173
38 0.012462897655
39 0.014220568123
40 0.014220568887
41 0.020435205195
42 0.029551232901
43 0.033687438266
44 0.033687458634
45 0.038236760515
46 0.038236762924
47 0.044415991893
48 0.060540507763
49 0.076393757971
50 0.086753403400
51 0.086753403506
52 0.097694768104
53 0.097694782071
54 0.103767042627
55 0.104418021705
56 0.104418053689
57 0.260241549129
58 0.305039618897
59 0.450486831744
60 0.450489065935
61 0.475902174558
62 0.949604281949
63 2.523956813982
64 8.760686404404
