One Electron Eigenvalues:
 1 -40.941087279356
 2 -10.389973124532
 3 -9.779790985983
 4 -8.401297443100
 5 -8.401297375300
 6 -5.052802894024
 7 -4.777514173730
 8 -4.268868528576

Example of symmetry-related two-electron integrals for indices:
Indices: i=1, j=4, k=5, l=6
two_electron_spatial_integrals[1,4,5,6] = 0.0136501399
two_electron_spatial_integrals[5,6,1,4] = 0.0136501399
two_electron_spatial_integrals[1,4,6,5] = 0.0136501399
two_electron_spatial_integrals[6,5,1,4] = 0.0136501399
two_electron_spatial_integrals[4,1,5,6] = 0.0136501399
two_electron_spatial_integrals[5,6,4,1] = 0.0136501399
two_electron_spatial_integrals[4,1,6,5] = 0.0136501399
two_electron_spatial_integrals[6,5,4,1] = 0.0136501399

Two Electron Eigenvalues:
 1 -0.000000000000
 2 -0.000000000000
 3 -0.000000000000
 4 -0.000000000000
 5 -0.000000000000
 6 -0.000000000000
 7 -0.000000000000
 8 -0.000000000000
 9 -0.000000000000
10 -0.000000000000
11 -0.000000000000
12 -0.000000000000
13 -0.000000000000
14 -0.000000000000
15 -0.000000000000
16 -0.000000000000
17 -0.000000000000
18 0.000000000000
19 0.000000000000
20 0.000000000000
21 0.000000000000
22 0.000000000000
23 0.000000000000
24 0.000000000000
25 0.000000000000
26 0.000000000000
27 0.000000000000
28 0.000000000000
29 0.000000927885
30 0.000002512715
31 0.000004220307
32 0.000022230207
33 0.000069969141
34 0.000199295166
35 0.003894392693
36 0.006072950891
37 0.008105525259
38 0.012363662151
39 0.012477929285
40 0.012477930280
41 0.020268539636
42 0.029942672172
43 0.033616923210
44 0.033616948411
45 0.038443871132
46 0.038443873330
47 0.043160787341
48 0.058806274620
49 0.075501402936
50 0.086892144158
51 0.086892144200
52 0.097414645097
53 0.097414661762
54 0.100332961232
55 0.104795934220
56 0.104795970576
57 0.256940067119
58 0.300409128576
59 0.450442011462
60 0.450444709435
61 0.478220056573
62 0.929631472336
63 2.516086586068
64 8.711554642020
