One Electron Eigenvalues:
 1 -40.939026381093
 2 -10.387727984197
 3 -9.771244660436
 4 -8.400070365700
 5 -8.400070297300
 6 -5.047248659012
 7 -4.775989669356
 8 -4.262265989506

Example of symmetry-related two-electron integrals for indices:
Indices: i=1, j=4, k=5, l=6
two_electron_spatial_integrals[1,4,5,6] = 0.013580362
two_electron_spatial_integrals[5,6,1,4] = 0.013580362
two_electron_spatial_integrals[1,4,6,5] = 0.013580362
two_electron_spatial_integrals[6,5,1,4] = 0.013580362
two_electron_spatial_integrals[4,1,5,6] = 0.013580362
two_electron_spatial_integrals[5,6,4,1] = 0.013580362
two_electron_spatial_integrals[4,1,6,5] = 0.013580362
two_electron_spatial_integrals[6,5,4,1] = 0.013580362

Two Electron Eigenvalues:
 1 -0.000000000000
 2 -0.000000000000
 3 -0.000000000000
 4 -0.000000000000
 5 -0.000000000000
 6 -0.000000000000
 7 -0.000000000000
 8 -0.000000000000
 9 -0.000000000000
10 -0.000000000000
11 -0.000000000000
12 -0.000000000000
13 -0.000000000000
14 -0.000000000000
15 -0.000000000000
16 0.000000000000
17 0.000000000000
18 0.000000000000
19 0.000000000000
20 0.000000000000
21 0.000000000000
22 0.000000000000
23 0.000000000000
24 0.000000000000
25 0.000000000000
26 0.000000000000
27 0.000000000000
28 0.000000000000
29 0.000000919678
30 0.000002471984
31 0.000004208984
32 0.000022091853
33 0.000069938356
34 0.000200873702
35 0.003903290152
36 0.006030255067
37 0.008075013292
38 0.012349404190
39 0.012349405019
40 0.012355968873
41 0.020256082450
42 0.029972538331
43 0.033611917834
44 0.033611943547
45 0.038459416005
46 0.038459418138
47 0.043073173007
48 0.058665185963
49 0.075444447996
50 0.086904514400
51 0.086904514408
52 0.097392948526
53 0.097392965390
54 0.100087961345
55 0.104826605491
56 0.104826641886
57 0.256672491102
58 0.300081906167
59 0.450446028479
60 0.450448755895
61 0.478414915367
62 0.928116972099
63 2.515500863827
64 8.707979648697
