One Electron Eigenvalues:
 1 -40.932946978953
 2 -10.381130141412
 3 -9.745837046038
 4 -8.396492787600
 5 -8.396492718600
 6 -5.031048318286
 7 -4.771434968306
 8 -4.242262804304

Example of symmetry-related two-electron integrals for indices:
Indices: i=1, j=4, k=5, l=6
two_electron_spatial_integrals[1,4,5,6] = 0.0133746991
two_electron_spatial_integrals[5,6,1,4] = 0.0133746991
two_electron_spatial_integrals[1,4,6,5] = 0.0133746991
two_electron_spatial_integrals[6,5,1,4] = 0.0133746991
two_electron_spatial_integrals[4,1,5,6] = 0.0133746991
two_electron_spatial_integrals[5,6,4,1] = 0.0133746991
two_electron_spatial_integrals[4,1,6,5] = 0.0133746991
two_electron_spatial_integrals[6,5,4,1] = 0.0133746991

Two Electron Eigenvalues:
 1 -0.000000000000
 2 -0.000000000000
 3 -0.000000000000
 4 -0.000000000000
 5 -0.000000000000
 6 -0.000000000000
 7 -0.000000000000
 8 -0.000000000000
 9 -0.000000000000
10 -0.000000000000
11 -0.000000000000
12 -0.000000000000
13 -0.000000000000
14 0.000000000000
15 0.000000000000
16 0.000000000000
17 0.000000000000
18 0.000000000000
19 0.000000000000
20 0.000000000000
21 0.000000000000
22 0.000000000000
23 0.000000000000
24 0.000000000000
25 0.000000000000
26 0.000000000000
27 0.000000000000
28 0.000000000000
29 0.000000894597
30 0.000002356080
31 0.000004179535
32 0.000021697954
33 0.000069860314
34 0.000205641790
35 0.003927185481
36 0.005899942543
37 0.007992529784
38 0.011969296812
39 0.011969297760
40 0.012333148719
41 0.020220952301
42 0.030057555100
43 0.033598472627
44 0.033598498550
45 0.038505212109
46 0.038505214281
47 0.042816159937
48 0.058235808170
49 0.075280648054
50 0.086942728000
51 0.086942728008
52 0.097326607256
53 0.097326624229
54 0.099372609712
55 0.104916682310
56 0.104916718198
57 0.255879981646
58 0.299134278241
59 0.450461982643
60 0.450464754426
61 0.479029900175
62 0.923633842508
63 2.513758564073
64 8.697477873679
