One Electron Eigenvalues:
 1 -40.923151056365
 2 -10.370696462176
 3 -9.703714825712
 4 -8.390917335300
 5 -8.390917265100
 6 -5.005971356559
 7 -4.764028589348
 8 -4.207553096840

Example of symmetry-related two-electron integrals for indices:
Indices: i=1, j=4, k=5, l=6
two_electron_spatial_integrals[1,4,5,6] = 0.0130442608
two_electron_spatial_integrals[5,6,1,4] = 0.0130442608
two_electron_spatial_integrals[1,4,6,5] = 0.0130442608
two_electron_spatial_integrals[6,5,1,4] = 0.0130442608
two_electron_spatial_integrals[4,1,5,6] = 0.0130442608
two_electron_spatial_integrals[5,6,4,1] = 0.0130442608
two_electron_spatial_integrals[4,1,6,5] = 0.0130442608
two_electron_spatial_integrals[6,5,4,1] = 0.0130442608

Two Electron Eigenvalues:
 1 -0.000000000000
 2 -0.000000000000
 3 -0.000000000000
 4 -0.000000000000
 5 -0.000000000000
 6 -0.000000000000
 7 -0.000000000000
 8 -0.000000000000
 9 -0.000000000000
10 -0.000000000000
11 -0.000000000000
12 -0.000000000000
13 -0.000000000000
14 0.000000000000
15 0.000000000000
16 0.000000000000
17 0.000000000000
18 0.000000000000
19 0.000000000000
20 0.000000000000
21 0.000000000000
22 0.000000000000
23 0.000000000000
24 0.000000000000
25 0.000000000000
26 0.000000000000
27 0.000000000000
28 0.000000000000
29 0.000000853247
30 0.000002178810
31 0.000004140235
32 0.000021077798
33 0.000069676072
34 0.000212825760
35 0.003963080448
36 0.005670374931
37 0.007882894392
38 0.011350370325
39 0.011350371282
40 0.012293285271
41 0.020158756884
42 0.030207246943
43 0.033574366418
44 0.033574393070
45 0.038581743941
46 0.038581746078
47 0.042413568341
48 0.057512006077
49 0.075031223910
50 0.087011300000
51 0.087011300108
52 0.097218742198
53 0.097218759227
54 0.098228875222
55 0.105076985396
56 0.105077020092
57 0.254463553575
58 0.297619552312
59 0.450516760377
60 0.450519573397
61 0.480053880258
62 0.916144161767
63 2.510908454739
64 8.680417677103
