One Electron Eigenvalues:
 1 -40.917464771435
 2 -10.364706948335
 3 -9.678791079831
 4 -8.387775209900
 5 -8.387775140600
 6 -4.991895492198
 7 -4.759646056423
 8 -4.186213826377

Example of symmetry-related two-electron integrals for indices:
Indices: i=1, j=4, k=5, l=6
two_electron_spatial_integrals[1,4,5,6] = 0.0128530102
two_electron_spatial_integrals[5,6,1,4] = 0.0128530102
two_electron_spatial_integrals[1,4,6,5] = 0.0128530102
two_electron_spatial_integrals[6,5,1,4] = 0.0128530102
two_electron_spatial_integrals[4,1,5,6] = 0.0128530102
two_electron_spatial_integrals[5,6,4,1] = 0.0128530102
two_electron_spatial_integrals[4,1,6,5] = 0.0128530102
two_electron_spatial_integrals[6,5,4,1] = 0.0128530102

Two Electron Eigenvalues:
 1 -0.000000000000
 2 -0.000000000000
 3 -0.000000000000
 4 -0.000000000000
 5 -0.000000000000
 6 -0.000000000000
 7 -0.000000000000
 8 -0.000000000000
 9 -0.000000000000
10 -0.000000000000
11 -0.000000000000
12 -0.000000000000
13 -0.000000000000
14 0.000000000000
15 0.000000000000
16 0.000000000000
17 0.000000000000
18 0.000000000000
19 0.000000000000
20 0.000000000000
21 0.000000000000
22 0.000000000000
23 0.000000000000
24 0.000000000000
25 0.000000000000
26 0.000000000000
27 0.000000000000
28 0.000000000000
29 0.000000827894
30 0.000002082809
31 0.000004124023
32 0.000020737101
33 0.000069569596
34 0.000216951886
35 0.003980070754
36 0.005529620933
37 0.007831859090
38 0.010989245789
39 0.010989246785
40 0.012269097262
41 0.020123290045
42 0.030292673194
43 0.033561516571
44 0.033561543039
45 0.038626690054
46 0.038626692127
47 0.042184120648
48 0.057072083468
49 0.074891233447
50 0.087054708558
51 0.087054708600
52 0.097153082365
53 0.097153098861
54 0.097578577863
55 0.105172641638
56 0.105172674920
57 0.253603836097
58 0.296768537387
59 0.450561112446
60 0.450563899804
61 0.480703004977
62 0.911727254433
63 2.509228550237
64 8.670553473598
