One Electron Eigenvalues:
 1 -40.915601750655
 2 -10.362790567338
 3 -9.670589536719
 4 -8.386769269000
 5 -8.386768959200
 6 -4.987283722720
 7 -4.758300476287
 8 -4.179017775081

Example of symmetry-related two-electron integrals for indices:
Indices: i=1, j=4, k=5, l=6
two_electron_spatial_integrals[1,4,5,6] = 0.0127909055
two_electron_spatial_integrals[5,6,1,4] = 0.0127909055
two_electron_spatial_integrals[1,4,6,5] = 0.0127909055
two_electron_spatial_integrals[6,5,1,4] = 0.0127909055
two_electron_spatial_integrals[4,1,5,6] = 0.0127909055
two_electron_spatial_integrals[5,6,4,1] = 0.0127909055
two_electron_spatial_integrals[4,1,6,5] = 0.0127909055
two_electron_spatial_integrals[6,5,4,1] = 0.0127909055

Two Electron Eigenvalues:
 1 -0.000000000000
 2 -0.000000000000
 3 -0.000000000000
 4 -0.000000000000
 5 -0.000000000000
 6 -0.000000000000
 7 -0.000000000000
 8 -0.000000000000
 9 -0.000000000000
10 -0.000000000000
11 -0.000000000000
12 -0.000000000000
13 -0.000000000000
14 -0.000000000000
15 -0.000000000000
16 -0.000000000000
17 -0.000000000000
18 0.000000000000
19 0.000000000000
20 0.000000000000
21 0.000000000000
22 0.000000000000
23 0.000000000000
24 0.000000000000
25 0.000000000000
26 0.000000000000
27 0.000000000000
28 0.000000000000
29 0.000000819651
30 0.000002052231
31 0.000004119062
32 0.000020628511
33 0.000069506596
34 0.000218152522
35 0.003985478199
36 0.005480782855
37 0.007817279552
38 0.010870212064
39 0.010870216242
40 0.012261145613
41 0.020110739882
42 0.030321329371
43 0.033554520549
44 0.033554639553
45 0.038642019298
46 0.038642028157
47 0.042104584423
48 0.056921007280
49 0.074851730952
50 0.087069756000
51 0.087069756116
52 0.097134016461
53 0.097134088586
54 0.097366635451
55 0.105211192515
56 0.105211333976
57 0.253333700083
58 0.296460762835
59 0.450562370671
60 0.450574940928
61 0.480939513499
62 0.910208608503
63 2.508656082341
64 8.667293645372
