One Electron Eigenvalues:
 1 -40.908290963473
 2 -10.355168020589
 3 -9.637768239648
 4 -8.382868515600
 5 -8.382868449500
 6 -4.970033418717
 7 -4.752470838942
 8 -4.149753279832

Example of symmetry-related two-electron integrals for indices:
Indices: i=1, j=4, k=5, l=6
two_electron_spatial_integrals[1,4,5,6] = 0.0125456227
two_electron_spatial_integrals[5,6,1,4] = 0.0125456227
two_electron_spatial_integrals[1,4,6,5] = 0.0125456227
two_electron_spatial_integrals[6,5,1,4] = 0.0125456227
two_electron_spatial_integrals[4,1,5,6] = 0.0125456227
two_electron_spatial_integrals[5,6,4,1] = 0.0125456227
two_electron_spatial_integrals[4,1,6,5] = 0.0125456227
two_electron_spatial_integrals[6,5,4,1] = 0.0125456227

Two Electron Eigenvalues:
 1 -0.000000000000
 2 -0.000000000000
 3 -0.000000000000
 4 -0.000000000000
 5 -0.000000000000
 6 -0.000000000000
 7 -0.000000000000
 8 -0.000000000000
 9 -0.000000000000
10 -0.000000000000
11 -0.000000000000
12 -0.000000000000
13 -0.000000000000
14 -0.000000000000
15 -0.000000000000
16 -0.000000000000
17 0.000000000000
18 0.000000000000
19 0.000000000000
20 0.000000000000
21 0.000000000000
22 0.000000000000
23 0.000000000000
24 0.000000000000
25 0.000000000000
26 0.000000000000
27 0.000000000000
28 0.000000000000
29 0.000000785209
30 0.000001938735
31 0.000004107583
32 0.000020212168
33 0.000069380656
34 0.000223335291
35 0.004001424015
36 0.005292323824
37 0.007767541721
38 0.010403954712
39 0.010403955736
40 0.012227774527
41 0.020065354826
42 0.030430495396
43 0.033541639641
44 0.033541665220
45 0.038700501575
46 0.038700503454
47 0.041821185980
48 0.056335187652
49 0.074669458072
50 0.087130780400
51 0.087130780507
52 0.096552717466
53 0.097043270723
54 0.097043286274
55 0.105333864638
56 0.105333894860
57 0.252137784707
58 0.295436811000
59 0.450655889427
60 0.450658566137
61 0.481824893625
62 0.904463778113
63 2.506478448197
64 8.654679860028
