One Electron Eigenvalues:
 1 -40.899477384596
 2 -10.346149614803
 3 -9.597388932189
 4 -8.378353318300
 5 -8.378353259400
 6 -4.950078681509
 7 -4.745456023168
 8 -4.112261095036

Example of symmetry-related two-electron integrals for indices:
Indices: i=1, j=4, k=5, l=6
two_electron_spatial_integrals[1,4,5,6] = 0.0122518967
two_electron_spatial_integrals[5,6,1,4] = 0.0122518967
two_electron_spatial_integrals[1,4,6,5] = 0.0122518967
two_electron_spatial_integrals[6,5,1,4] = 0.0122518967
two_electron_spatial_integrals[4,1,5,6] = 0.0122518967
two_electron_spatial_integrals[5,6,4,1] = 0.0122518967
two_electron_spatial_integrals[4,1,6,5] = 0.0122518967
two_electron_spatial_integrals[6,5,4,1] = 0.0122518967

Two Electron Eigenvalues:
 1 -0.000000000000
 2 -0.000000000000
 3 -0.000000000000
 4 -0.000000000000
 5 -0.000000000000
 6 -0.000000000000
 7 -0.000000000000
 8 -0.000000000000
 9 -0.000000000000
10 -0.000000000000
11 -0.000000000000
12 -0.000000000000
13 -0.000000000000
14 -0.000000000000
15 -0.000000000000
16 0.000000000000
17 0.000000000000
18 0.000000000000
19 0.000000000000
20 0.000000000000
21 0.000000000000
22 0.000000000000
23 0.000000000000
24 0.000000000000
25 0.000000000000
26 0.000000000000
27 0.000000000000
28 0.000000000000
29 0.000000741822
30 0.000001813342
31 0.000004103960
32 0.000019736790
33 0.000069176320
34 0.000229054993
35 0.004013558284
36 0.005056116701
37 0.007724880968
38 0.009839501261
39 0.009839502277
40 0.012184917141
41 0.020008523840
42 0.030562129541
43 0.033523934308
44 0.033523957787
45 0.038772926281
46 0.038772927754
47 0.041482150032
48 0.055599824864
49 0.074454763310
50 0.087211152156
51 0.087211152200
52 0.095600602169
53 0.096932672907
54 0.096932686467
55 0.105496689859
56 0.105496715556
57 0.250625285258
58 0.294215640371
59 0.450778493617
60 0.450780922927
61 0.482988504236
62 0.897334987549
63 2.503794428744
64 8.639504097008
