One Electron Eigenvalues:
 1 -40.901212270498
 2 -10.347912952365
 3 -9.605409953499
 4 -8.379226163100
 5 -8.379226102600
 6 -4.953926395427
 7 -4.746844542401
 8 -4.119833243710

Example of symmetry-related two-electron integrals for indices:
Indices: i=1, j=4, k=5, l=6
two_electron_spatial_integrals[1,4,5,6] = 0.0123095692
two_electron_spatial_integrals[5,6,1,4] = 0.0123095692
two_electron_spatial_integrals[1,4,6,5] = 0.0123095692
two_electron_spatial_integrals[6,5,1,4] = 0.0123095692
two_electron_spatial_integrals[4,1,5,6] = 0.0123095692
two_electron_spatial_integrals[5,6,4,1] = 0.0123095692
two_electron_spatial_integrals[4,1,6,5] = 0.0123095692
two_electron_spatial_integrals[6,5,4,1] = 0.0123095692

Two Electron Eigenvalues:
 1 -0.000000000000
 2 -0.000000000000
 3 -0.000000000000
 4 -0.000000000000
 5 -0.000000000000
 6 -0.000000000000
 7 -0.000000000000
 8 -0.000000000000
 9 -0.000000000000
10 -0.000000000000
11 -0.000000000000
12 -0.000000000000
13 -0.000000000000
14 -0.000000000000
15 0.000000000000
16 0.000000000000
17 0.000000000000
18 0.000000000000
19 0.000000000000
20 0.000000000000
21 0.000000000000
22 0.000000000000
23 0.000000000000
24 0.000000000000
25 0.000000000000
26 0.000000000000
27 0.000000000000
28 0.000000000000
29 0.000000750474
30 0.000001836941
31 0.000004103655
32 0.000019828165
33 0.000069218394
34 0.000227966105
35 0.004011918508
36 0.005103054397
37 0.007731919358
38 0.009950717161
39 0.009950717985
40 0.012193612955
41 0.020019793676
42 0.030536432884
43 0.033527307312
44 0.033527331256
45 0.038758549590
46 0.038758550961
47 0.041548263362
48 0.055746568426
49 0.074497403044
50 0.087194752800
51 0.087194752906
52 0.095785043089
53 0.096954834198
54 0.096954848090
55 0.105463954493
56 0.105463981191
57 0.250930491987
58 0.294451439654
59 0.450751924907
60 0.450754411656
61 0.482752225546
62 0.898749670525
63 2.504326158082
64 8.642483183067
