One Electron Eigenvalues:
 1 -40.884456764016
 2 -10.331126523001
 3 -9.526501234833
 4 -8.371124676500
 5 -8.371124634900
 6 -4.918415662777
 7 -4.733289185960
 8 -4.042716476314

Example of symmetry-related two-electron integrals for indices:
Indices: i=1, j=4, k=5, l=6
two_electron_spatial_integrals[1,4,5,6] = 0.0117561107
two_electron_spatial_integrals[5,6,1,4] = 0.0117561107
two_electron_spatial_integrals[1,4,6,5] = 0.0117561107
two_electron_spatial_integrals[6,5,1,4] = 0.0117561107
two_electron_spatial_integrals[4,1,5,6] = 0.0117561107
two_electron_spatial_integrals[5,6,4,1] = 0.0117561107
two_electron_spatial_integrals[4,1,6,5] = 0.0117561107
two_electron_spatial_integrals[6,5,4,1] = 0.0117561107

Two Electron Eigenvalues:
 1 -0.000000000000
 2 -0.000000000000
 3 -0.000000000000
 4 -0.000000000000
 5 -0.000000000000
 6 -0.000000000000
 7 -0.000000000000
 8 -0.000000000000
 9 -0.000000000000
10 -0.000000000000
11 -0.000000000000
12 -0.000000000000
13 -0.000000000000
14 -0.000000000000
15 -0.000000000000
16 0.000000000000
17 0.000000000000
18 0.000000000000
19 0.000000000000
20 0.000000000000
21 0.000000000000
22 0.000000000000
23 0.000000000000
24 0.000000000000
25 0.000000000000
26 0.000000000000
27 0.000000000000
28 0.000000000000
29 0.000000661425
30 0.000001632432
31 0.000004127898
32 0.000018994711
33 0.000068775383
34 0.000237560464
35 0.004006728617
36 0.004650070676
37 0.007687917711
38 0.008876826301
39 0.008876827080
40 0.012103550463
41 0.019909727432
42 0.030775769256
43 0.033498102117
44 0.033498119967
45 0.038899532841
46 0.038899533801
47 0.040922530313
48 0.054296303330
49 0.074066894550
50 0.087365093800
51 0.087365093904
52 0.094078222836
53 0.096731360070
54 0.096731369664
55 0.105792941622
56 0.105792958992
57 0.247831680435
58 0.292284610036
59 0.451062653460
60 0.451064505884
61 0.485173991576
62 0.884885235765
63 2.499124305982
64 8.613954423305
