One Electron Eigenvalues:
 1 -40.882850756762
 2 -10.329538564747
 3 -9.518806436422
 4 -8.370390576800
 5 -8.370390525100
 6 -4.915190034719
 7 -4.731960166286
 8 -4.034884015864

Example of symmetry-related two-electron integrals for indices:
Indices: i=1, j=4, k=5, l=6
two_electron_spatial_integrals[1,4,5,6] = 0.0117034917
two_electron_spatial_integrals[5,6,1,4] = 0.0117034917
two_electron_spatial_integrals[1,4,6,5] = 0.0117034917
two_electron_spatial_integrals[6,5,1,4] = 0.0117034917
two_electron_spatial_integrals[4,1,5,6] = 0.0117034917
two_electron_spatial_integrals[5,6,4,1] = 0.0117034917
two_electron_spatial_integrals[4,1,6,5] = 0.0117034917
two_electron_spatial_integrals[6,5,4,1] = 0.0117034917

Two Electron Eigenvalues:
 1 -0.000000000000
 2 -0.000000000000
 3 -0.000000000000
 4 -0.000000000000
 5 -0.000000000000
 6 -0.000000000000
 7 -0.000000000000
 8 -0.000000000000
 9 -0.000000000000
10 -0.000000000000
11 -0.000000000000
12 -0.000000000000
13 0.000000000000
14 0.000000000000
15 0.000000000000
16 0.000000000000
17 0.000000000000
18 0.000000000000
19 0.000000000000
20 0.000000000000
21 0.000000000000
22 0.000000000000
23 0.000000000000
24 0.000000000000
25 0.000000000000
26 0.000000000000
27 0.000000000000
28 0.000000000000
29 0.000000652489
30 0.000001616058
31 0.000004133157
32 0.000018923480
33 0.000068733888
34 0.000238406030
35 0.004002782213
36 0.004607962000
37 0.007685864702
38 0.008774249596
39 0.008774250051
40 0.012094188159
41 0.019899916529
42 0.030796075588
43 0.033496240797
44 0.033496258059
45 0.038913068913
46 0.038913069712
47 0.040863828995
48 0.054154242593
49 0.074022654509
50 0.087382914400
51 0.087382914553
52 0.093924424016
53 0.096708548924
54 0.096708558288
55 0.105824331183
56 0.105824347952
57 0.247523468111
58 0.292095657608
59 0.451099489871
60 0.451101270055
61 0.485424937709
62 0.883550355419
63 2.498618059885
64 8.611274409507
