One Electron Eigenvalues:
 1 -40.865966728573
 2 -10.313417846960
 3 -9.435344246359
 4 -8.363142044500
 5 -8.363140976000
 6 -4.883624349415
 7 -4.718339602355
 8 -3.946735519238

Example of symmetry-related two-electron integrals for indices:
Indices: i=1, j=4, k=5, l=6
two_electron_spatial_integrals[1,4,5,6] = 0.0111569478
two_electron_spatial_integrals[5,6,1,4] = 0.0111569478
two_electron_spatial_integrals[1,4,6,5] = 0.0111569478
two_electron_spatial_integrals[6,5,1,4] = 0.0111569478
two_electron_spatial_integrals[4,1,5,6] = 0.0111569478
two_electron_spatial_integrals[5,6,4,1] = 0.0111569478
two_electron_spatial_integrals[4,1,6,5] = 0.0111569478
two_electron_spatial_integrals[6,5,4,1] = 0.0111569478

Two Electron Eigenvalues:
 1 -0.000000000000
 2 -0.000000000000
 3 -0.000000000000
 4 -0.000000000000
 5 -0.000000000000
 6 -0.000000000000
 7 -0.000000000000
 8 -0.000000000000
 9 -0.000000000000
10 -0.000000000000
11 -0.000000000000
12 -0.000000000000
13 -0.000000000000
14 0.000000000000
15 0.000000000000
16 0.000000000000
17 0.000000000000
18 0.000000000000
19 0.000000000000
20 0.000000000000
21 0.000000000000
22 0.000000000000
23 0.000000000000
24 0.000000000000
25 0.000000000000
26 0.000000000000
27 0.000000000000
28 0.000000000000
29 0.000000552895
30 0.000001467004
31 0.000004212787
32 0.000018203275
33 0.000068082001
34 0.000245195633
35 0.003872033528
36 0.004244488280
37 0.007692649072
38 0.007697559165
39 0.007697571677
40 0.011984929475
41 0.019774484919
42 0.031017187117
43 0.033472331003
44 0.033472443183
45 0.039062549913
46 0.039062563077
47 0.040274181323
48 0.052645500397
49 0.073483408774
50 0.087586560800
51 0.087586560943
52 0.092453091251
53 0.096460540098
54 0.096460566184
55 0.106214163972
56 0.106214217044
57 0.243894446293
58 0.290176211132
59 0.451575482592
60 0.451587302691
61 0.488240680794
62 0.868996132701
63 2.493283813921
64 8.583219213784
