One Electron Eigenvalues:
 1 -40.864498463254
 2 -10.312058280314
 3 -9.428127106110
 4 -8.362566911700
 5 -8.362566691100
 6 -4.880888198605
 7 -4.717143032838
 8 -3.938818736980

Example of symmetry-related two-electron integrals for indices:
Indices: i=1, j=4, k=5, l=6
two_electron_spatial_integrals[1,4,5,6] = 0.0111099381
two_electron_spatial_integrals[5,6,1,4] = 0.0111099381
two_electron_spatial_integrals[1,4,6,5] = 0.0111099381
two_electron_spatial_integrals[6,5,1,4] = 0.0111099381
two_electron_spatial_integrals[4,1,5,6] = 0.0111099381
two_electron_spatial_integrals[5,6,4,1] = 0.0111099381
two_electron_spatial_integrals[4,1,6,5] = 0.0111099381
two_electron_spatial_integrals[6,5,4,1] = 0.0111099381

Two Electron Eigenvalues:
 1 -0.000000000000
 2 -0.000000000000
 3 -0.000000000000
 4 -0.000000000000
 5 -0.000000000000
 6 -0.000000000000
 7 -0.000000000000
 8 -0.000000000000
 9 -0.000000000000
10 -0.000000000000
11 -0.000000000000
12 -0.000000000000
13 -0.000000000000
14 0.000000000000
15 0.000000000000
16 0.000000000000
17 0.000000000000
18 0.000000000000
19 0.000000000000
20 0.000000000000
21 0.000000000000
22 0.000000000000
23 0.000000000000
24 0.000000000000
25 0.000000000000
26 0.000000000000
27 0.000000000000
28 0.000000000000
29 0.000000543539
30 0.000001458006
31 0.000004223751
32 0.000018147607
33 0.000068061351
34 0.000245480021
35 0.003847211886
36 0.004218699338
37 0.007604793192
38 0.007604794012
39 0.007692759716
40 0.011974631823
41 0.019767052491
42 0.031026944151
43 0.033471794523
44 0.033471807846
45 0.039075658688
46 0.039075659282
47 0.040214902465
48 0.052508956697
49 0.073443691099
50 0.087606031200
51 0.087606031252
52 0.092331433499
53 0.096438933936
54 0.096438942670
55 0.106248421328
56 0.106248425507
57 0.243644110209
58 0.290028619069
59 0.451622504009
60 0.451623983006
61 0.488518118328
62 0.867747273921
63 2.492799458886
64 8.580930971393
