One Electron Eigenvalues:
 1 -40.861592662571
 2 -10.309316919898
 3 -9.413561538979
 4 -8.361393889800
 5 -8.361393861400
 6 -4.875789587038
 7 -4.714724868048
 8 -3.922749227567

Example of symmetry-related two-electron integrals for indices:
Indices: i=1, j=4, k=5, l=6
two_electron_spatial_integrals[1,4,5,6] = 0.0110170991
two_electron_spatial_integrals[5,6,1,4] = 0.0110170991
two_electron_spatial_integrals[1,4,6,5] = 0.0110170991
two_electron_spatial_integrals[6,5,1,4] = 0.0110170991
two_electron_spatial_integrals[4,1,5,6] = 0.0110170991
two_electron_spatial_integrals[5,6,4,1] = 0.0110170991
two_electron_spatial_integrals[4,1,6,5] = 0.0110170991
two_electron_spatial_integrals[6,5,4,1] = 0.0110170991

Two Electron Eigenvalues:
 1 -0.000000000000
 2 -0.000000000000
 3 -0.000000000000
 4 -0.000000000000
 5 -0.000000000000
 6 -0.000000000000
 7 -0.000000000000
 8 -0.000000000000
 9 -0.000000000000
10 -0.000000000000
11 -0.000000000000
12 -0.000000000000
13 -0.000000000000
14 -0.000000000000
15 -0.000000000000
16 0.000000000000
17 0.000000000000
18 0.000000000000
19 0.000000000000
20 0.000000000000
21 0.000000000000
22 0.000000000000
23 0.000000000000
24 0.000000000000
25 0.000000000000
26 0.000000000000
27 0.000000000000
28 0.000000000000
29 0.000000525162
30 0.000001440728
31 0.000004246266
32 0.000018044647
33 0.000067968989
34 0.000246494979
35 0.003793629349
36 0.004183957675
37 0.007422562565
38 0.007422563381
39 0.007694672114
40 0.011953695798
41 0.019749143045
42 0.031051730410
43 0.033471419667
44 0.033471433534
45 0.039100802026
46 0.039100802961
47 0.040114071131
48 0.052249656690
49 0.073338439983
50 0.087643900752
51 0.087643900800
52 0.092106993307
53 0.096391885575
54 0.096391890446
55 0.106311714491
56 0.106311717094
57 0.243021075359
58 0.289756361384
59 0.451722099057
60 0.451723605601
61 0.489040597250
62 0.865281083468
63 2.491866832273
64 8.576300484344
