One Electron Eigenvalues:
 1 -40.858730867216
 2 -10.306695433456
 3 -9.399021581237
 4 -8.360287874500
 5 -8.360287835100
 6 -4.870891645667
 7 -4.712437213662
 8 -3.906540803161

Example of symmetry-related two-electron integrals for indices:
Indices: i=1, j=4, k=5, l=6
two_electron_spatial_integrals[1,4,5,6] = 0.0109263054
two_electron_spatial_integrals[5,6,1,4] = 0.0109263054
two_electron_spatial_integrals[1,4,6,5] = 0.0109263054
two_electron_spatial_integrals[6,5,1,4] = 0.0109263054
two_electron_spatial_integrals[4,1,5,6] = 0.0109263054
two_electron_spatial_integrals[5,6,4,1] = 0.0109263054
two_electron_spatial_integrals[4,1,6,5] = 0.0109263054
two_electron_spatial_integrals[6,5,4,1] = 0.0109263054

Two Electron Eigenvalues:
 1 -0.000000000000
 2 -0.000000000000
 3 -0.000000000000
 4 -0.000000000000
 5 -0.000000000000
 6 -0.000000000000
 7 -0.000000000000
 8 -0.000000000000
 9 -0.000000000000
10 -0.000000000000
11 0.000000000000
12 0.000000000000
13 0.000000000000
14 0.000000000000
15 0.000000000000
16 0.000000000000
17 0.000000000000
18 0.000000000000
19 0.000000000000
20 0.000000000000
21 0.000000000000
22 0.000000000000
23 0.000000000000
24 0.000000000000
25 0.000000000000
26 0.000000000000
27 0.000000000000
28 0.000000000000
29 0.000000507319
30 0.000001424201
31 0.000004269386
32 0.000017943564
33 0.000067850525
34 0.000247192798
35 0.003732990315
36 0.004156946985
37 0.007242810406
38 0.007242811504
39 0.007698695220
40 0.011932269434
41 0.019728276692
42 0.031079233984
43 0.033469696430
44 0.033469711006
45 0.039126588919
46 0.039126589866
47 0.040016224088
48 0.051993930933
49 0.073228532430
50 0.087682665952
51 0.087682666000
52 0.091899142731
53 0.096346211188
54 0.096346216236
55 0.106383889200
56 0.106383890760
57 0.242374356954
58 0.289480603100
59 0.451827344235
60 0.451828907250
61 0.489569986405
62 0.862786498768
63 2.490954029522
64 8.571747245993
