One Electron Eigenvalues:
 1 -40.853129798613
 2 -10.301647917097
 3 -9.370347473570
 4 -8.358197230400
 5 -8.358197127400
 6 -4.861542277189
 7 -4.708009893314
 8 -3.874080996817

Example of symmetry-related two-electron integrals for indices:
Indices: i=1, j=4, k=5, l=6
two_electron_spatial_integrals[1,4,5,6] = 0.0107499082
two_electron_spatial_integrals[5,6,1,4] = 0.0107499082
two_electron_spatial_integrals[1,4,6,5] = 0.0107499082
two_electron_spatial_integrals[6,5,1,4] = 0.0107499082
two_electron_spatial_integrals[4,1,5,6] = 0.0107499082
two_electron_spatial_integrals[5,6,4,1] = 0.0107499082
two_electron_spatial_integrals[4,1,6,5] = 0.0107499082
two_electron_spatial_integrals[6,5,4,1] = 0.0107499082

Two Electron Eigenvalues:
 1 -0.000000000000
 2 -0.000000000000
 3 -0.000000000000
 4 -0.000000000000
 5 -0.000000000000
 6 -0.000000000000
 7 -0.000000000000
 8 -0.000000000000
 9 -0.000000000000
10 -0.000000000000
11 -0.000000000000
12 -0.000000000000
13 -0.000000000000
14 -0.000000000000
15 0.000000000000
16 0.000000000000
17 0.000000000000
18 0.000000000000
19 0.000000000000
20 0.000000000000
21 0.000000000000
22 0.000000000000
23 0.000000000000
24 0.000000000000
25 0.000000000000
26 0.000000000000
27 0.000000000000
28 0.000000000000
29 0.000000472006
30 0.000001397249
31 0.000004320822
32 0.000017759613
33 0.000067607425
34 0.000248267345
35 0.003599925811
36 0.004117311222
37 0.006893207500
38 0.006893208980
39 0.007707141611
40 0.011888520727
41 0.019687280952
42 0.031125696353
43 0.033467548110
44 0.033467562657
45 0.039177359446
46 0.039177360658
47 0.039825339624
48 0.051496079448
49 0.072999713491
50 0.087761063152
51 0.087761063200
52 0.091521487659
53 0.096254750335
54 0.096254754066
55 0.106531072857
56 0.106531073635
57 0.241092002709
58 0.288967521287
59 0.452047872914
60 0.452049452443
61 0.490638365368
62 0.857886342390
63 2.489166548415
64 8.562975909820
