One Electron Eigenvalues:
 1 -40.847686837598
 2 -10.296858717336
 3 -9.342207472010
 4 -8.356259618300
 5 -8.356259379800
 6 -4.852751283310
 7 -4.703787577431
 8 -3.841601393715

Example of symmetry-related two-electron integrals for indices:
Indices: i=1, j=4, k=5, l=6
two_electron_spatial_integrals[1,4,5,6] = 0.0105802694
two_electron_spatial_integrals[5,6,1,4] = 0.0105802694
two_electron_spatial_integrals[1,4,6,5] = 0.0105802694
two_electron_spatial_integrals[6,5,1,4] = 0.0105802694
two_electron_spatial_integrals[4,1,5,6] = 0.0105802694
two_electron_spatial_integrals[5,6,4,1] = 0.0105802694
two_electron_spatial_integrals[4,1,6,5] = 0.0105802694
two_electron_spatial_integrals[6,5,4,1] = 0.0105802694

Two Electron Eigenvalues:
 1 -0.000000000000
 2 -0.000000000000
 3 -0.000000000000
 4 -0.000000000000
 5 -0.000000000000
 6 -0.000000000000
 7 -0.000000000000
 8 -0.000000000000
 9 -0.000000000000
10 -0.000000000000
11 -0.000000000000
12 -0.000000000000
13 -0.000000000000
14 -0.000000000000
15 0.000000000000
16 0.000000000000
17 0.000000000000
18 0.000000000000
19 0.000000000000
20 0.000000000000
21 0.000000000000
22 0.000000000000
23 0.000000000000
24 0.000000000000
25 0.000000000000
26 0.000000000000
27 0.000000000000
28 0.000000000000
29 0.000000437645
30 0.000001377073
31 0.000004379176
32 0.000017599801
33 0.000067356120
34 0.000248913969
35 0.003460197621
36 0.004088268135
37 0.006556684029
38 0.006556686086
39 0.007715344081
40 0.011843573189
41 0.019647211722
42 0.031160865058
43 0.033467232267
44 0.033467246787
45 0.039227010205
46 0.039227012129
47 0.039641015926
48 0.051018310906
49 0.072757634120
50 0.087840445702
51 0.087840445800
52 0.091194587731
53 0.096163155294
54 0.096163156245
55 0.106682598065
56 0.106682601769
57 0.239822316670
58 0.288505121436
59 0.452282629840
60 0.452284123286
61 0.491716069417
62 0.853106212643
63 2.487434224021
64 8.554649494237
