One Electron Eigenvalues:
 1 -40.849033094189
 2 -10.298031990751
 3 -9.349191905319
 4 -8.356730241100
 5 -8.356730043200
 6 -4.854899691372
 7 -4.704823546452
 8 -3.849720023917

Example of symmetry-related two-electron integrals for indices:
Indices: i=1, j=4, k=5, l=6
two_electron_spatial_integrals[1,4,5,6] = 0.0106220568
two_electron_spatial_integrals[5,6,1,4] = 0.0106220568
two_electron_spatial_integrals[1,4,6,5] = 0.0106220568
two_electron_spatial_integrals[6,5,1,4] = 0.0106220568
two_electron_spatial_integrals[4,1,5,6] = 0.0106220568
two_electron_spatial_integrals[5,6,4,1] = 0.0106220568
two_electron_spatial_integrals[4,1,6,5] = 0.0106220568
two_electron_spatial_integrals[6,5,4,1] = 0.0106220568

Two Electron Eigenvalues:
 1 -0.000000000000
 2 -0.000000000000
 3 -0.000000000000
 4 -0.000000000000
 5 -0.000000000000
 6 -0.000000000000
 7 -0.000000000000
 8 -0.000000000000
 9 -0.000000000000
10 -0.000000000000
11 -0.000000000000
12 -0.000000000000
13 -0.000000000000
14 -0.000000000000
15 0.000000000000
16 0.000000000000
17 0.000000000000
18 0.000000000000
19 0.000000000000
20 0.000000000000
21 0.000000000000
22 0.000000000000
23 0.000000000000
24 0.000000000000
25 0.000000000000
26 0.000000000000
27 0.000000000000
28 0.000000000000
29 0.000000446128
30 0.000001381450
31 0.000004363956
32 0.000017637479
33 0.000067419621
34 0.000248791543
35 0.003495350812
36 0.004094921557
37 0.006639596312
38 0.006639598137
39 0.007713375888
40 0.011854917571
41 0.019657133329
42 0.031153168796
43 0.033467133865
44 0.033467148278
45 0.039214706380
46 0.039214708044
47 0.039686516320
48 0.051135783118
49 0.072819406406
50 0.087820518552
51 0.087820518600
52 0.091271599119
53 0.096186063697
54 0.096186065501
55 0.106644279155
56 0.106644282372
57 0.240138325479
58 0.288616056482
59 0.452222629689
60 0.452224134970
61 0.491445895840
62 0.854289825327
63 2.487861988175
64 8.556689314750
