One Electron Eigenvalues:
 1 -40.846350079844
 2 -10.295701357367
 3 -9.335257082598
 4 -8.355797923100
 5 -8.355797627100
 6 -4.850634351016
 7 -4.702764838449
 8 -3.833485082926

Example of symmetry-related two-electron integrals for indices:
Indices: i=1, j=4, k=5, l=6
two_electron_spatial_integrals[1,4,5,6] = 0.0105388916
two_electron_spatial_integrals[5,6,1,4] = 0.0105388916
two_electron_spatial_integrals[1,4,6,5] = 0.0105388916
two_electron_spatial_integrals[6,5,1,4] = 0.0105388916
two_electron_spatial_integrals[4,1,5,6] = 0.0105388916
two_electron_spatial_integrals[5,6,4,1] = 0.0105388916
two_electron_spatial_integrals[4,1,6,5] = 0.0105388916
two_electron_spatial_integrals[6,5,4,1] = 0.0105388916

Two Electron Eigenvalues:
 1 -0.000000000000
 2 -0.000000000000
 3 -0.000000000000
 4 -0.000000000000
 5 -0.000000000000
 6 -0.000000000000
 7 -0.000000000000
 8 -0.000000000000
 9 -0.000000000000
10 -0.000000000000
11 -0.000000000000
12 -0.000000000000
13 -0.000000000000
14 -0.000000000000
15 -0.000000000000
16 0.000000000000
17 0.000000000000
18 0.000000000000
19 0.000000000000
20 0.000000000000
21 0.000000000000
22 0.000000000000
23 0.000000000000
24 0.000000000000
25 0.000000000000
26 0.000000000000
27 0.000000000000
28 0.000000000000
29 0.000000429336
30 0.000001373064
31 0.000004395088
32 0.000017563511
33 0.000067292218
34 0.000249010648
35 0.003425019829
36 0.004081903705
37 0.006474580584
38 0.006474582953
39 0.007717229676
40 0.011832160717
41 0.019637358971
42 0.031167809857
43 0.033467449770
44 0.033467464312
45 0.039239239578
46 0.039239241828
47 0.039595883449
48 0.050902186612
49 0.072695035099
50 0.087860422200
51 0.087860422202
52 0.091120687896
53 0.096140242395
54 0.096140242430
55 0.106721221921
56 0.106721226077
57 0.239507384290
58 0.288397241061
59 0.452343490957
60 0.452344970796
61 0.491986690091
62 0.851930279401
63 2.487010050825
64 8.552637534154
