One Electron Eigenvalues:
 1 -40.843704698308
 2 -10.293434286273
 3 -9.321459126128
 4 -8.354900655200
 5 -8.354900230000
 6 -4.846491675174
 7 -4.700759516484
 8 -3.817262791632

Example of symmetry-related two-electron integrals for indices:
Indices: i=1, j=4, k=5, l=6
two_electron_spatial_integrals[1,4,5,6] = 0.0104573527
two_electron_spatial_integrals[5,6,1,4] = 0.0104573527
two_electron_spatial_integrals[1,4,6,5] = 0.0104573527
two_electron_spatial_integrals[6,5,1,4] = 0.0104573527
two_electron_spatial_integrals[4,1,5,6] = 0.0104573527
two_electron_spatial_integrals[5,6,4,1] = 0.0104573527
two_electron_spatial_integrals[4,1,6,5] = 0.0104573527
two_electron_spatial_integrals[6,5,4,1] = 0.0104573527

Two Electron Eigenvalues:
 1 -0.000000000000
 2 -0.000000000000
 3 -0.000000000000
 4 -0.000000000000
 5 -0.000000000000
 6 -0.000000000000
 7 -0.000000000000
 8 -0.000000000000
 9 -0.000000000000
10 -0.000000000000
11 -0.000000000000
12 0.000000000000
13 0.000000000000
14 0.000000000000
15 0.000000000000
16 0.000000000000
17 0.000000000000
18 0.000000000000
19 0.000000000000
20 0.000000000000
21 0.000000000000
22 0.000000000000
23 0.000000000000
24 0.000000000000
25 0.000000000000
26 0.000000000000
27 0.000000000000
28 0.000000000000
29 0.000000412685
30 0.000001366152
31 0.000004427942
32 0.000017495763
33 0.000067163110
34 0.000249127278
35 0.003354796575
36 0.004069848006
37 0.006312789325
38 0.006312792046
39 0.007720687925
40 0.011809140933
41 0.019617870956
42 0.031179404628
43 0.033468249314
44 0.033468263887
45 0.039263470943
46 0.039263473800
47 0.039506677440
48 0.050674064115
49 0.072567385978
50 0.087900510200
51 0.087900510302
52 0.090982148510
53 0.096094407635
54 0.096094410487
55 0.106799431905
56 0.106799438116
57 0.238881033673
58 0.288190544557
59 0.452467768674
60 0.452469214267
61 0.492529180363
62 0.849601590624
63 2.486172639543
64 8.548697398342
