One Electron Eigenvalues:
 1 -40.837251012947
 2 -10.288025463034
 3 -9.287469031083
 4 -8.352800923300
 5 -8.352800722100
 6 -4.836692383488
 7 -4.695967800212
 8 -3.776741754837

Example of symmetry-related two-electron integrals for indices:
Indices: i=1, j=4, k=5, l=6
two_electron_spatial_integrals[1,4,5,6] = 0.010260397
two_electron_spatial_integrals[5,6,1,4] = 0.010260397
two_electron_spatial_integrals[1,4,6,5] = 0.010260397
two_electron_spatial_integrals[6,5,1,4] = 0.010260397
two_electron_spatial_integrals[4,1,5,6] = 0.010260397
two_electron_spatial_integrals[5,6,4,1] = 0.010260397
two_electron_spatial_integrals[4,1,6,5] = 0.010260397
two_electron_spatial_integrals[6,5,4,1] = 0.010260397

Two Electron Eigenvalues:
 1 -0.000000000000
 2 -0.000000000000
 3 -0.000000000000
 4 -0.000000000000
 5 -0.000000000000
 6 -0.000000000000
 7 -0.000000000000
 8 -0.000000000000
 9 -0.000000000000
10 -0.000000000000
11 -0.000000000000
12 -0.000000000000
13 -0.000000000000
14 -0.000000000000
15 -0.000000000000
16 -0.000000000000
17 -0.000000000000
18 0.000000000000
19 0.000000000000
20 0.000000000000
21 0.000000000000
22 0.000000000000
23 0.000000000000
24 0.000000000000
25 0.000000000000
26 0.000000000000
27 0.000000000000
28 0.000000000000
29 0.000000373026
30 0.000001355314
31 0.000004517157
32 0.000017352923
33 0.000066833017
34 0.000248985613
35 0.003181501709
36 0.004043720333
37 0.005922202012
38 0.005922203474
39 0.007727493952
40 0.011749955271
41 0.019570133866
42 0.031198453548
43 0.033473244382
44 0.033473255145
45 0.039294047212
46 0.039322596160
47 0.039322597719
48 0.050133415583
49 0.072224667906
50 0.088001339000
51 0.088001339001
52 0.090693099615
53 0.095979368211
54 0.095979368873
55 0.106999021667
56 0.106999023456
57 0.237299032481
58 0.287736182217
59 0.452802063532
60 0.452803198168
61 0.493883523578
62 0.843919560273
63 2.484158304594
64 8.539314534709
