One Electron Eigenvalues:
 1 -40.832246970120
 2 -10.284001185594
 3 -9.261140610776
 4 -8.351262258700
 5 -8.351262242000
 6 -4.829189376387
 7 -4.692397904164
 8 -3.744612153358

Example of symmetry-related two-electron integrals for indices:
Indices: i=1, j=4, k=5, l=6
two_electron_spatial_integrals[1,4,5,6] = 0.0101098463
two_electron_spatial_integrals[5,6,1,4] = 0.0101098463
two_electron_spatial_integrals[1,4,6,5] = 0.0101098463
two_electron_spatial_integrals[6,5,1,4] = 0.0101098463
two_electron_spatial_integrals[4,1,5,6] = 0.0101098463
two_electron_spatial_integrals[5,6,4,1] = 0.0101098463
two_electron_spatial_integrals[4,1,6,5] = 0.0101098463
two_electron_spatial_integrals[6,5,4,1] = 0.0101098463

Two Electron Eigenvalues:
 1 -0.000000000000
 2 -0.000000000000
 3 -0.000000000000
 4 -0.000000000000
 5 -0.000000000000
 6 -0.000000000000
 7 -0.000000000000
 8 -0.000000000000
 9 -0.000000000000
10 -0.000000000000
11 0.000000000000
12 0.000000000000
13 0.000000000000
14 0.000000000000
15 0.000000000000
16 0.000000000000
17 0.000000000000
18 0.000000000000
19 0.000000000000
20 0.000000000000
21 0.000000000000
22 0.000000000000
23 0.000000000000
24 0.000000000000
25 0.000000000000
26 0.000000000000
27 0.000000000000
28 0.000000000000
29 0.000000342941
30 0.000001352415
31 0.000004598682
32 0.000017269448
33 0.000066571745
34 0.000248488061
35 0.003046930801
36 0.004020931383
37 0.005624142592
38 0.005624143034
39 0.007727509689
40 0.011703096791
41 0.019535090837
42 0.031189951980
43 0.033478225505
44 0.033478234589
45 0.039119586522
46 0.039368396400
47 0.039368396521
48 0.049718342299
49 0.071957880202
50 0.088082536600
51 0.088082536651
52 0.090503835638
53 0.095888283454
54 0.095888285977
55 0.107167751943
56 0.107167756571
57 0.236146783185
58 0.287405794467
59 0.453065467231
60 0.453066466784
61 0.494987584197
62 0.839520603586
63 2.482586282795
64 8.532361363084
