One Electron Eigenvalues:
 1 -40.815771440191
 2 -10.271840967102
 3 -9.173098141857
 4 -8.346695327800
 5 -8.346695286300
 6 -4.805882399339
 7 -4.681661056570
 8 -3.633515662040

Example of symmetry-related two-electron integrals for indices:
Indices: i=1, j=4, k=5, l=6
two_electron_spatial_integrals[1,4,5,6] = 0.0096288415
two_electron_spatial_integrals[5,6,1,4] = 0.0096288415
two_electron_spatial_integrals[1,4,6,5] = 0.0096288415
two_electron_spatial_integrals[6,5,1,4] = 0.0096288415
two_electron_spatial_integrals[4,1,5,6] = 0.0096288415
two_electron_spatial_integrals[5,6,4,1] = 0.0096288415
two_electron_spatial_integrals[4,1,6,5] = 0.0096288415
two_electron_spatial_integrals[6,5,4,1] = 0.0096288415

Two Electron Eigenvalues:
 1 -0.000000000000
 2 -0.000000000000
 3 -0.000000000000
 4 -0.000000000000
 5 -0.000000000000
 6 -0.000000000000
 7 -0.000000000000
 8 -0.000000000000
 9 -0.000000000000
10 -0.000000000000
11 -0.000000000000
12 -0.000000000000
13 -0.000000000000
14 -0.000000000000
15 -0.000000000000
16 -0.000000000000
17 0.000000000000
18 0.000000000000
19 0.000000000000
20 0.000000000000
21 0.000000000000
22 0.000000000000
23 0.000000000000
24 0.000000000000
25 0.000000000000
26 0.000000000000
27 0.000000000000
28 0.000000000000
29 0.000000251416
30 0.000001374675
31 0.000004943255
32 0.000017182304
33 0.000065638215
34 0.000243849025
35 0.002608065149
36 0.003950406941
37 0.004676229859
38 0.004676230219
39 0.007691759177
40 0.011535777378
41 0.019423379741
42 0.031067039541
43 0.033515006771
44 0.033515019528
45 0.038558061361
46 0.039516906975
47 0.039516907290
48 0.048484201951
49 0.070913309821
50 0.088366965800
51 0.088366965851
52 0.090199695535
53 0.095570169745
54 0.095570172205
55 0.107814459738
56 0.107814482891
57 0.232207389336
58 0.286624287742
59 0.454113341243
60 0.454114908736
61 0.498829714014
62 0.825125092745
63 2.477666841043
64 8.511486464285
