One Electron Eigenvalues:
 1 -40.812437854867
 2 -10.269622327647
 3 -9.155326032354
 4 -8.345857084500
 5 -8.345857031700
 6 -4.801278982465
 7 -4.679707534565
 8 -3.610193824501

Example of symmetry-related two-electron integrals for indices:
Indices: i=1, j=4, k=5, l=6
two_electron_spatial_integrals[1,4,5,6] = 0.0095345922
two_electron_spatial_integrals[5,6,1,4] = 0.0095345922
two_electron_spatial_integrals[1,4,6,5] = 0.0095345922
two_electron_spatial_integrals[6,5,1,4] = 0.0095345922
two_electron_spatial_integrals[4,1,5,6] = 0.0095345922
two_electron_spatial_integrals[5,6,4,1] = 0.0095345922
two_electron_spatial_integrals[4,1,6,5] = 0.0095345922
two_electron_spatial_integrals[6,5,4,1] = 0.0095345922

Two Electron Eigenvalues:
 1 -0.000000000000
 2 -0.000000000000
 3 -0.000000000000
 4 -0.000000000000
 5 -0.000000000000
 6 -0.000000000000
 7 -0.000000000000
 8 -0.000000000000
 9 -0.000000000000
10 -0.000000000000
11 -0.000000000000
12 -0.000000000000
13 -0.000000000000
14 -0.000000000000
15 -0.000000000000
16 0.000000000000
17 0.000000000000
18 0.000000000000
19 0.000000000000
20 0.000000000000
21 0.000000000000
22 0.000000000000
23 0.000000000000
24 0.000000000000
25 0.000000000000
26 0.000000000000
27 0.000000000000
28 0.000000000000
29 0.000000234569
30 0.000001384906
31 0.000005032035
32 0.000017209943
33 0.000065445840
34 0.000242429667
35 0.002521281397
36 0.003934120498
37 0.004491981908
38 0.004491982370
39 0.007672820438
40 0.011501753333
41 0.019403701594
42 0.031012413277
43 0.033525840966
44 0.033525856047
45 0.038438381881
46 0.039545949416
47 0.039545949666
48 0.048256189127
49 0.070692754845
50 0.088427485800
51 0.088427485852
52 0.090187045035
53 0.095503166801
54 0.095503169772
55 0.107966047687
56 0.107966078166
57 0.231467325292
58 0.286515303925
59 0.454343553000
60 0.454345434602
61 0.499662042109
62 0.822254925561
63 2.476703462513
64 8.507754680763
