One Electron Eigenvalues:
 1 -40.811341913358
 2 -10.268926437698
 3 -9.149438949708
 4 -8.345587057000
 5 -8.345587000700
 6 -4.799790721860
 7 -4.679098788615
 8 -3.602442336762

Example of symmetry-related two-electron integrals for indices:
Indices: i=1, j=4, k=5, l=6
two_electron_spatial_integrals[1,4,5,6] = 0.0095038959
two_electron_spatial_integrals[5,6,1,4] = 0.0095038959
two_electron_spatial_integrals[1,4,6,5] = 0.0095038959
two_electron_spatial_integrals[6,5,1,4] = 0.0095038959
two_electron_spatial_integrals[4,1,5,6] = 0.0095038959
two_electron_spatial_integrals[5,6,4,1] = 0.0095038959
two_electron_spatial_integrals[4,1,6,5] = 0.0095038959
two_electron_spatial_integrals[6,5,4,1] = 0.0095038959

Two Electron Eigenvalues:
 1 -0.000000000000
 2 -0.000000000000
 3 -0.000000000000
 4 -0.000000000000
 5 -0.000000000000
 6 -0.000000000000
 7 -0.000000000000
 8 -0.000000000000
 9 -0.000000000000
10 -0.000000000000
11 0.000000000000
12 0.000000000000
13 0.000000000000
14 0.000000000000
15 0.000000000000
16 0.000000000000
17 0.000000000000
18 0.000000000000
19 0.000000000000
20 0.000000000000
21 0.000000000000
22 0.000000000000
23 0.000000000000
24 0.000000000000
25 0.000000000000
26 0.000000000000
27 0.000000000000
28 0.000000000000
29 0.000000229175
30 0.000001388252
31 0.000005062270
32 0.000017222612
33 0.000065379759
34 0.000241873364
35 0.002492777763
36 0.003928947106
37 0.004431906516
38 0.004431907029
39 0.007665776948
40 0.011490422662
41 0.019396956390
42 0.030993621392
43 0.033529767636
44 0.033529783767
45 0.038399746858
46 0.039555472356
47 0.039555472847
48 0.048184638149
49 0.070616060864
50 0.088447602600
51 0.088447602602
52 0.090190230124
53 0.095480867916
54 0.095480870873
55 0.108019293642
56 0.108019326987
57 0.231216903948
58 0.286484583397
59 0.454423738544
60 0.454425749887
61 0.499937069846
62 0.821308985043
63 2.476397946723
64 8.506569740153
