One Electron Eigenvalues:
 1 -40.807028113236
 2 -10.266246974758
 3 -9.126340621179
 4 -8.344548490700
 5 -8.344548416100
 6 -4.793963663315
 7 -4.676743949802
 8 -3.571663441211

Example of symmetry-related two-electron integrals for indices:
Indices: i=1, j=4, k=5, l=6
two_electron_spatial_integrals[1,4,5,6] = 0.009384093
two_electron_spatial_integrals[5,6,1,4] = 0.009384093
two_electron_spatial_integrals[1,4,6,5] = 0.009384093
two_electron_spatial_integrals[6,5,1,4] = 0.009384093
two_electron_spatial_integrals[4,1,5,6] = 0.009384093
two_electron_spatial_integrals[5,6,4,1] = 0.009384093
two_electron_spatial_integrals[4,1,6,5] = 0.009384093
two_electron_spatial_integrals[6,5,4,1] = 0.009384093

Two Electron Eigenvalues:
 1 -0.000000000000
 2 -0.000000000000
 3 -0.000000000000
 4 -0.000000000000
 5 -0.000000000000
 6 -0.000000000000
 7 -0.000000000000
 8 -0.000000000000
 9 -0.000000000000
10 -0.000000000000
11 -0.000000000000
12 -0.000000000000
13 -0.000000000000
14 0.000000000000
15 0.000000000000
16 0.000000000000
17 0.000000000000
18 0.000000000000
19 0.000000000000
20 0.000000000000
21 0.000000000000
22 0.000000000000
23 0.000000000000
24 0.000000000000
25 0.000000000000
26 0.000000000000
27 0.000000000000
28 0.000000000000
29 0.000000208582
30 0.000001404161
31 0.000005189796
32 0.000017291905
33 0.000065131983
34 0.000239583587
35 0.002381432748
36 0.003908114912
37 0.004198729188
38 0.004198729817
39 0.007631859768
40 0.011446393430
41 0.019373013342
42 0.030906439182
43 0.033547209808
44 0.033547230539
45 0.038246122137
46 0.039592122440
47 0.039592123150
48 0.047913673888
49 0.070313213305
50 0.088527614153
51 0.088527614200
52 0.090215347264
53 0.095391882252
54 0.095391885590
55 0.108232787922
56 0.108232837710
57 0.230259154632
58 0.286389360073
59 0.454746451431
60 0.454749115951
61 0.501037638819
62 0.817628233424
63 2.475208184684
64 8.502099528426
