One Electron Eigenvalues:
 1 -40.802826843637
 2 -10.263821148282
 3 -9.103842932452
 4 -8.343571174800
 5 -8.343571070600
 6 -4.788359276684
 7 -4.674612119311
 8 -3.541216446535

Example of symmetry-related two-electron integrals for indices:
Indices: i=1, j=4, k=5, l=6
two_electron_spatial_integrals[1,4,5,6] = 0.0092693954
two_electron_spatial_integrals[5,6,1,4] = 0.0092693954
two_electron_spatial_integrals[1,4,6,5] = 0.0092693954
two_electron_spatial_integrals[6,5,1,4] = 0.0092693954
two_electron_spatial_integrals[4,1,5,6] = 0.0092693954
two_electron_spatial_integrals[5,6,4,1] = 0.0092693954
two_electron_spatial_integrals[4,1,6,5] = 0.0092693954
two_electron_spatial_integrals[6,5,4,1] = 0.0092693954

Two Electron Eigenvalues:
 1 -0.000000000000
 2 -0.000000000000
 3 -0.000000000000
 4 -0.000000000000
 5 -0.000000000000
 6 -0.000000000000
 7 -0.000000000000
 8 -0.000000000000
 9 -0.000000000000
10 -0.000000000000
11 0.000000000000
12 0.000000000000
13 0.000000000000
14 0.000000000000
15 0.000000000000
16 0.000000000000
17 0.000000000000
18 0.000000000000
19 0.000000000000
20 0.000000000000
21 0.000000000000
22 0.000000000000
23 0.000000000000
24 0.000000000000
25 0.000000000000
26 0.000000000000
27 0.000000000000
28 0.000000000000
29 0.000000189800
30 0.000001421957
31 0.000005326522
32 0.000017391257
33 0.000064893713
34 0.000236972013
35 0.002274033157
36 0.003887331361
37 0.003976408036
38 0.003976409003
39 0.007589129227
40 0.011404505130
41 0.019351430702
42 0.030804461419
43 0.033566947439
44 0.033566975409
45 0.038095556437
46 0.039626812447
47 0.039626813961
48 0.047669440475
49 0.070010260553
50 0.088606847953
51 0.088606848000
52 0.090272209173
53 0.095303530693
54 0.095303534960
55 0.108457685823
56 0.108457761775
57 0.229349593605
58 0.286333506888
59 0.455077398273
60 0.455081048981
61 0.502134090809
62 0.814077670099
63 2.474096718588
64 8.498093280460
