One Electron Eigenvalues:
 1 -40.796725744214
 2 -10.260598317678
 3 -9.071363638829
 4 -8.342201507700
 5 -8.342201328900
 6 -4.780276510411
 7 -4.671756006372
 8 -3.496245697697

Example of symmetry-related two-electron integrals for indices:
Indices: i=1, j=4, k=5, l=6
two_electron_spatial_integrals[1,4,5,6] = 0.0091062951
two_electron_spatial_integrals[5,6,1,4] = 0.0091062951
two_electron_spatial_integrals[1,4,6,5] = 0.0091062951
two_electron_spatial_integrals[6,5,1,4] = 0.0091062951
two_electron_spatial_integrals[4,1,5,6] = 0.0091062951
two_electron_spatial_integrals[5,6,4,1] = 0.0091062951
two_electron_spatial_integrals[4,1,6,5] = 0.0091062951
two_electron_spatial_integrals[6,5,4,1] = 0.0091062951

Two Electron Eigenvalues:
 1 -0.000000000000
 2 -0.000000000000
 3 -0.000000000000
 4 -0.000000000000
 5 -0.000000000000
 6 -0.000000000000
 7 -0.000000000000
 8 -0.000000000000
 9 -0.000000000000
10 -0.000000000000
11 -0.000000000000
12 -0.000000000000
13 -0.000000000000
14 -0.000000000000
15 -0.000000000000
16 0.000000000000
17 0.000000000000
18 0.000000000000
19 0.000000000000
20 0.000000000000
21 0.000000000000
22 0.000000000000
23 0.000000000000
24 0.000000000000
25 0.000000000000
26 0.000000000000
27 0.000000000000
28 0.000000000000
29 0.000000164454
30 0.000001451063
31 0.000005551777
32 0.000017599362
33 0.000064570567
34 0.000232666719
35 0.002120363288
36 0.003662773318
37 0.003662774975
38 0.003855401260
39 0.007506642798
40 0.011347511501
41 0.019325342568
42 0.030619394227
43 0.033600657267
44 0.033600703137
45 0.037872778598
46 0.039674663096
47 0.039674666178
48 0.047347565158
49 0.069570901972
50 0.088723881800
51 0.088723881852
52 0.090397977814
53 0.095172555110
54 0.095172561146
55 0.108811264971
56 0.108811415151
57 0.228112373054
58 0.286319351496
59 0.455578158332
60 0.455584342320
61 0.503777379803
62 0.809013970745
63 2.472553399449
64 8.492931741877
