One Electron Eigenvalues:
 1 -40.794744015062
 2 -10.259640968891
 3 -9.060896150859
 4 -8.341766614200
 5 -8.341766405000
 6 -4.777652220527
 7 -4.670897018058
 8 -3.481454867405

Example of symmetry-related two-electron integrals for indices:
Indices: i=1, j=4, k=5, l=6
two_electron_spatial_integrals[1,4,5,6] = 0.009054259
two_electron_spatial_integrals[5,6,1,4] = 0.009054259
two_electron_spatial_integrals[1,4,6,5] = 0.009054259
two_electron_spatial_integrals[6,5,1,4] = 0.009054259
two_electron_spatial_integrals[4,1,5,6] = 0.009054259
two_electron_spatial_integrals[5,6,4,1] = 0.009054259
two_electron_spatial_integrals[4,1,6,5] = 0.009054259
two_electron_spatial_integrals[6,5,4,1] = 0.009054259

Two Electron Eigenvalues:
 1 -0.000000000000
 2 -0.000000000000
 3 -0.000000000000
 4 -0.000000000000
 5 -0.000000000000
 6 -0.000000000000
 7 -0.000000000000
 8 -0.000000000000
 9 -0.000000000000
10 -0.000000000000
11 -0.000000000000
12 -0.000000000000
13 -0.000000000000
14 -0.000000000000
15 -0.000000000000
16 -0.000000000000
17 0.000000000000
18 0.000000000000
19 0.000000000000
20 0.000000000000
21 0.000000000000
22 0.000000000000
23 0.000000000000
24 0.000000000000
25 0.000000000000
26 0.000000000000
27 0.000000000000
28 0.000000000000
29 0.000000156708
30 0.000001461159
31 0.000005632468
32 0.000017684559
33 0.000064472086
34 0.000231132092
35 0.002071107363
36 0.003563364558
37 0.003563366410
38 0.003844258892
39 0.007473868379
40 0.011330498158
41 0.019318222744
42 0.030548435791
43 0.033612749421
44 0.033612802658
45 0.037798827143
46 0.039689465920
47 0.039689469899
48 0.047250724527
49 0.069431822750
50 0.088762338200
51 0.088762338250
52 0.090448355849
53 0.095129401655
54 0.095129408404
55 0.108934369432
56 0.108934553337
57 0.227742400508
58 0.286330753480
59 0.455743955420
60 0.455751205686
61 0.504325120711
62 0.807394928752
63 2.472070376191
64 8.491442429542
