One Electron Eigenvalues:
 1 -40.795730612128
 2 -10.260084873006
 3 -9.066140810644
 4 -8.341982727500
 5 -8.341982532500
 6 -4.778949506440
 7 -4.671293060220
 8 -3.488844880162

Example of symmetry-related two-electron integrals for indices:
Indices: i=1, j=4, k=5, l=6
two_electron_spatial_integrals[1,4,5,6] = 0.0090799969
two_electron_spatial_integrals[5,6,1,4] = 0.0090799969
two_electron_spatial_integrals[1,4,6,5] = 0.0090799969
two_electron_spatial_integrals[6,5,1,4] = 0.0090799969
two_electron_spatial_integrals[4,1,5,6] = 0.0090799969
two_electron_spatial_integrals[5,6,4,1] = 0.0090799969
two_electron_spatial_integrals[4,1,6,5] = 0.0090799969
two_electron_spatial_integrals[6,5,4,1] = 0.0090799969

Two Electron Eigenvalues:
 1 -0.000000000000
 2 -0.000000000000
 3 -0.000000000000
 4 -0.000000000000
 5 -0.000000000000
 6 -0.000000000000
 7 -0.000000000000
 8 -0.000000000000
 9 -0.000000000000
10 -0.000000000000
11 -0.000000000000
12 -0.000000000000
13 -0.000000000000
14 -0.000000000000
15 -0.000000000000
16 -0.000000000000
17 0.000000000000
18 0.000000000000
19 0.000000000000
20 0.000000000000
21 0.000000000000
22 0.000000000000
23 0.000000000000
24 0.000000000000
25 0.000000000000
26 0.000000000000
27 0.000000000000
28 0.000000000000
29 0.000000160359
30 0.000001456212
31 0.000005592400
32 0.000017640420
33 0.000064524705
34 0.000231977016
35 0.002095685956
36 0.003612805022
37 0.003612806945
38 0.003849789653
39 0.007490614365
40 0.011338968357
41 0.019322210368
42 0.030583520267
43 0.033606582716
44 0.033606631916
45 0.037835326287
46 0.039682071301
47 0.039682075027
48 0.047297233347
49 0.069503349081
50 0.088743134551
51 0.088743134600
52 0.090418297950
53 0.095150968273
54 0.095150974672
55 0.108869587121
56 0.108869755816
57 0.227930679960
58 0.286323212295
59 0.455658744549
60 0.455665493041
61 0.504053118720
62 0.808205945125
63 2.472300503443
64 8.492153622066
