One Electron Eigenvalues:
 1 -40.792787730589
 2 -10.258740383505
 3 -9.050567334777
 4 -8.341340829200
 5 -8.341340584200
 6 -4.775075889183
 7 -4.670084376863
 8 -3.466750855083

Example of symmetry-related two-electron integrals for indices:
Indices: i=1, j=4, k=5, l=6
two_electron_spatial_integrals[1,4,5,6] = 0.0090033807
two_electron_spatial_integrals[5,6,1,4] = 0.0090033807
two_electron_spatial_integrals[1,4,6,5] = 0.0090033807
two_electron_spatial_integrals[6,5,1,4] = 0.0090033807
two_electron_spatial_integrals[4,1,5,6] = 0.0090033807
two_electron_spatial_integrals[5,6,4,1] = 0.0090033807
two_electron_spatial_integrals[4,1,6,5] = 0.0090033807
two_electron_spatial_integrals[6,5,4,1] = 0.0090033807

Two Electron Eigenvalues:
 1 -0.000000000000
 2 -0.000000000000
 3 -0.000000000000
 4 -0.000000000000
 5 -0.000000000000
 6 -0.000000000000
 7 -0.000000000000
 8 -0.000000000000
 9 -0.000000000000
10 0.000000000000
11 0.000000000000
12 0.000000000000
13 0.000000000000
14 0.000000000000
15 0.000000000000
16 0.000000000000
17 0.000000000000
18 0.000000000000
19 0.000000000000
20 0.000000000000
21 0.000000000000
22 0.000000000000
23 0.000000000000
24 0.000000000000
25 0.000000000000
26 0.000000000000
27 0.000000000000
28 0.000000000000
29 0.000000149158
30 0.000001471429
31 0.000005715886
32 0.000017777606
33 0.000064379049
34 0.000229524436
35 0.002022687818
36 0.003466406847
37 0.003466408940
38 0.003833298880
39 0.007438733933
40 0.011314290644
41 0.019311809199
42 0.030474626283
43 0.033625555928
44 0.033625617167
45 0.037726204156
46 0.039703685298
47 0.039703690151
48 0.047160799124
49 0.069292578049
50 0.088800482545
51 0.088800482600
52 0.090505368049
53 0.095086447068
54 0.095086454610
55 0.109060140754
56 0.109060365120
57 0.227380717397
58 0.286353060002
59 0.455912288206
60 0.455920737711
61 0.504871538583
62 0.805808192131
63 2.471609349379
64 8.490064371863
