One Electron Eigenvalues:
 1 -40.786134025803
 2 -10.256031060140
 3 -9.015811050300
 4 -8.339909278700
 5 -8.339908788400
 6 -4.766295835854
 7 -4.667566864184
 8 -3.416087770818

Example of symmetry-related two-electron integrals for indices:
Indices: i=1, j=4, k=5, l=6
two_electron_spatial_integrals[1,4,5,6] = 0.0088339453
two_electron_spatial_integrals[5,6,1,4] = 0.0088339453
two_electron_spatial_integrals[1,4,6,5] = 0.0088339453
two_electron_spatial_integrals[6,5,1,4] = 0.0088339453
two_electron_spatial_integrals[4,1,5,6] = 0.0088339453
two_electron_spatial_integrals[5,6,4,1] = 0.0088339453
two_electron_spatial_integrals[4,1,6,5] = 0.0088339453
two_electron_spatial_integrals[6,5,4,1] = 0.0088339453

Two Electron Eigenvalues:
 1 -0.000000000000
 2 -0.000000000000
 3 -0.000000000000
 4 -0.000000000000
 5 -0.000000000000
 6 -0.000000000000
 7 -0.000000000000
 8 -0.000000000000
 9 -0.000000000000
10 -0.000000000000
11 -0.000000000000
12 -0.000000000000
13 -0.000000000000
14 -0.000000000000
15 -0.000000000000
16 -0.000000000000
17 -0.000000000000
18 -0.000000000000
19 0.000000000000
20 0.000000000000
21 0.000000000000
22 0.000000000000
23 0.000000000000
24 0.000000000000
25 0.000000000000
26 0.000000000000
27 0.000000000000
28 0.000000000000
29 0.000000125612
30 0.000001507838
31 0.000006032633
32 0.000018164969
33 0.000064100695
34 0.000223535050
35 0.001860410281
36 0.003146053547
37 0.003146057842
38 0.003793045319
39 0.007294558219
40 0.011266701708
41 0.019295622334
42 0.030181795275
43 0.033673713739
44 0.033673828294
45 0.037475343440
46 0.039748569617
47 0.039748581724
48 0.046884741188
49 0.068838904914
50 0.088931317874
51 0.088931318000
52 0.090729813244
53 0.094938210695
54 0.094938221983
55 0.109521074238
56 0.109521587624
57 0.226281775817
58 0.286494538921
59 0.456493626928
60 0.456510194968
61 0.506781532432
62 0.800524661976
63 2.470124534404
64 8.486136106858
