One Electron Eigenvalues:
 1 -40.783371641794
 2 -10.255075901510
 3 -9.001565228756
 4 -8.339317003200
 5 -8.339316303100
 6 -4.762639737787
 7 -4.666632877401
 8 -3.394754419753

Example of symmetry-related two-electron integrals for indices:
Indices: i=1, j=4, k=5, l=6
two_electron_spatial_integrals[1,4,5,6] = 0.0087653177
two_electron_spatial_integrals[5,6,1,4] = 0.0087653177
two_electron_spatial_integrals[1,4,6,5] = 0.0087653177
two_electron_spatial_integrals[6,5,1,4] = 0.0087653177
two_electron_spatial_integrals[4,1,5,6] = 0.0087653177
two_electron_spatial_integrals[5,6,4,1] = 0.0087653177
two_electron_spatial_integrals[4,1,6,5] = 0.0087653177
two_electron_spatial_integrals[6,5,4,1] = 0.0087653177

Two Electron Eigenvalues:
 1 -0.000000000000
 2 -0.000000000000
 3 -0.000000000000
 4 -0.000000000000
 5 -0.000000000000
 6 -0.000000000000
 7 -0.000000000000
 8 -0.000000000000
 9 -0.000000000000
10 -0.000000000000
11 -0.000000000000
12 -0.000000000000
13 0.000000000000
14 0.000000000000
15 0.000000000000
16 0.000000000000
17 0.000000000000
18 0.000000000000
19 0.000000000000
20 0.000000000000
21 0.000000000000
22 0.000000000000
23 0.000000000000
24 0.000000000000
25 0.000000000000
26 0.000000000000
27 0.000000000000
28 0.000000000000
29 0.000000116837
30 0.000001523259
31 0.000006180606
32 0.000018360254
33 0.000064007183
34 0.000220796112
35 0.001794121748
36 0.003017453424
37 0.003017459351
38 0.003774973509
39 0.007222908223
40 0.011250843273
41 0.019291614273
42 0.030040915716
43 0.033695988820
44 0.033696147128
45 0.037370281721
46 0.039765389783
47 0.039765408262
48 0.046784331701
49 0.068660737189
50 0.088985998698
51 0.088985999000
52 0.090836465850
53 0.094875722075
54 0.094875736263
55 0.109728481316
56 0.109729255128
57 0.225886920912
58 0.286586114288
59 0.456738423735
60 0.456761878515
61 0.507598562663
62 0.798387545303
63 2.469552050907
64 8.484874078377
