One Electron Eigenvalues:
 1 -40.784289447526
 2 -10.255387187213
 3 -9.005687244113
 4 -8.339520750701
 5 -8.339520400799
 6 -4.764045892767
 7 -4.666974977137
 8 -3.401664628944

Example of symmetry-related two-electron integrals for indices:
Indices: i=1, j=4, k=5, l=6
two_electron_spatial_integrals[1,4,5,6] = 0.0087881766
two_electron_spatial_integrals[5,6,1,4] = 0.0087881766
two_electron_spatial_integrals[1,4,6,5] = 0.0087881766
two_electron_spatial_integrals[6,5,1,4] = 0.0087881766
two_electron_spatial_integrals[4,1,5,6] = 0.0087881766
two_electron_spatial_integrals[5,6,4,1] = 0.0087881766
two_electron_spatial_integrals[4,1,6,5] = 0.0087881766
two_electron_spatial_integrals[6,5,4,1] = 0.0087881766

Two Electron Eigenvalues:
 1 -0.000000000000
 2 -0.000000000000
 3 -0.000000000000
 4 -0.000000000000
 5 -0.000000000000
 6 -0.000000000000
 7 -0.000000000000
 8 -0.000000000000
 9 -0.000000000000
10 -0.000000000000
11 -0.000000000000
12 -0.000000000000
13 -0.000000000000
14 -0.000000000000
15 -0.000000000000
16 0.000000000000
17 0.000000000000
18 0.000000000000
19 0.000000000000
20 0.000000000000
21 0.000000000000
22 0.000000000000
23 0.000000000000
24 0.000000000000
25 0.000000000000
26 0.000000000000
27 0.000000000000
28 0.000000000000
29 0.000000119712
30 0.000001518179
31 0.000006124539
32 0.000018293831
33 0.000064023537
34 0.000221249717
35 0.001814638481
36 0.003059018704
37 0.003059025408
38 0.003786528713
39 0.007250110288
40 0.011252119421
41 0.019292336305
42 0.030110611095
43 0.033691477496
44 0.033691639779
45 0.037417599466
46 0.039760107080
47 0.039760129399
48 0.046842025863
49 0.068663018509
50 0.088968036351
51 0.088968036600
52 0.090841833399
53 0.094895337240
54 0.094895344623
55 0.109659991111
56 0.109660731623
57 0.225851157229
58 0.286580682621
59 0.456698640469
60 0.456722270866
61 0.507309111367
62 0.799058847762
63 2.469820920846
64 8.485211313372
