One Electron Eigenvalues:
 1 -40.782462389787
 2 -10.254784249223
 3 -8.996903439248
 4 -8.339121633600
 5 -8.339120840000
 6 -4.761433893328
 7 -4.666339220689
 8 -3.387694206126

Example of symmetry-related two-electron integrals for indices:
Indices: i=1, j=4, k=5, l=6
two_electron_spatial_integrals[1,4,5,6] = 0.0087429554
two_electron_spatial_integrals[5,6,1,4] = 0.0087429554
two_electron_spatial_integrals[1,4,6,5] = 0.0087429554
two_electron_spatial_integrals[6,5,1,4] = 0.0087429554
two_electron_spatial_integrals[4,1,5,6] = 0.0087429554
two_electron_spatial_integrals[5,6,4,1] = 0.0087429554
two_electron_spatial_integrals[4,1,6,5] = 0.0087429554
two_electron_spatial_integrals[6,5,4,1] = 0.0087429554

Two Electron Eigenvalues:
 1 -0.000000000000
 2 -0.000000000000
 3 -0.000000000000
 4 -0.000000000000
 5 -0.000000000000
 6 -0.000000000000
 7 -0.000000000000
 8 -0.000000000000
 9 -0.000000000000
10 -0.000000000000
11 -0.000000000000
12 0.000000000000
13 0.000000000000
14 0.000000000000
15 0.000000000000
16 0.000000000000
17 0.000000000000
18 0.000000000000
19 0.000000000000
20 0.000000000000
21 0.000000000000
22 0.000000000000
23 0.000000000000
24 0.000000000000
25 0.000000000000
26 0.000000000000
27 0.000000000000
28 0.000000000000
29 0.000000113782
30 0.000001528360
31 0.000006231626
32 0.000018429114
33 0.000063979678
34 0.000219861733
35 0.001772446749
36 0.002975705143
37 0.002975711555
38 0.003768826008
39 0.007197738104
40 0.011246189388
41 0.019290666037
42 0.029991940102
43 0.033703618062
44 0.033703795542
45 0.037335648289
46 0.039770663189
47 0.039770684803
48 0.046753072060
49 0.068603764190
50 0.089004026671
51 0.089004027000
52 0.090873076001
53 0.094855035906
54 0.094855051158
55 0.109798905120
56 0.109799797773
57 0.225765752354
58 0.286620680152
59 0.456819129435
60 0.456845640914
61 0.507870680543
62 0.797692121476
63 2.469369678025
64 8.484508971458
