One Electron Eigenvalues:
 1 -40.771982561007
 2 -10.252281893609
 3 -8.944370247785
 4 -8.336818205900
 5 -8.336813488300
 6 -4.747388777949
 7 -4.663402942594
 8 -3.304963026356

Example of symmetry-related two-electron integrals for indices:
Indices: i=1, j=4, k=5, l=6
two_electron_spatial_integrals[1,4,5,6] = 0.0084936437
two_electron_spatial_integrals[5,6,1,4] = 0.0084936437
two_electron_spatial_integrals[1,4,6,5] = 0.0084936437
two_electron_spatial_integrals[6,5,1,4] = 0.0084936437
two_electron_spatial_integrals[4,1,5,6] = 0.0084936437
two_electron_spatial_integrals[5,6,4,1] = 0.0084936437
two_electron_spatial_integrals[4,1,6,5] = 0.0084936437
two_electron_spatial_integrals[6,5,4,1] = 0.0084936437

Two Electron Eigenvalues:
 1 -0.000000000000
 2 -0.000000000000
 3 -0.000000000000
 4 -0.000000000000
 5 -0.000000000000
 6 -0.000000000000
 7 -0.000000000000
 8 -0.000000000000
 9 -0.000000000000
10 -0.000000000000
11 -0.000000000000
12 -0.000000000000
13 -0.000000000000
14 -0.000000000000
15 -0.000000000000
16 0.000000000000
17 0.000000000000
18 0.000000000000
19 0.000000000000
20 0.000000000000
21 0.000000000000
22 0.000000000000
23 0.000000000000
24 0.000000000000
25 0.000000000000
26 0.000000000000
27 0.000000000000
28 0.000000000000
29 0.000000084631
30 0.000001583703
31 0.000006920687
32 0.000019395611
33 0.000063817162
34 0.000207923465
35 0.001528165280
36 0.002516006137
37 0.002516040204
38 0.003688981508
39 0.006848948796
40 0.011215662636
41 0.019293998844
42 0.029327089235
43 0.033801963173
44 0.033802881316
45 0.036938590019
46 0.039820386059
47 0.039820551834
48 0.046451920657
49 0.068029697428
50 0.089211916792
51 0.089211934200
52 0.091334449402
53 0.094612700286
54 0.094612747717
55 0.110690959006
56 0.110697336438
57 0.224739841045
58 0.287187054452
59 0.457711958297
60 0.457864608133
61 0.511128367684
62 0.790005928540
63 2.467502361311
64 8.482255114912
