One Electron Eigenvalues:
 1 -40.770310497343
 2 -10.252038648752
 3 -8.936220105843
 4 -8.336436088700
 5 -8.336429286200
 6 -4.745115008483
 7 -4.663003341885
 8 -3.291529603494

Example of symmetry-related two-electron integrals for indices:
Indices: i=1, j=4, k=5, l=6
two_electron_spatial_integrals[1,4,5,6] = 0.0084553786
two_electron_spatial_integrals[5,6,1,4] = 0.0084553786
two_electron_spatial_integrals[1,4,6,5] = 0.0084553786
two_electron_spatial_integrals[6,5,1,4] = 0.0084553786
two_electron_spatial_integrals[4,1,5,6] = 0.0084553786
two_electron_spatial_integrals[5,6,4,1] = 0.0084553786
two_electron_spatial_integrals[4,1,6,5] = 0.0084553786
two_electron_spatial_integrals[6,5,4,1] = 0.0084553786

Two Electron Eigenvalues:
 1 -0.000000000000
 2 -0.000000000000
 3 -0.000000000000
 4 -0.000000000000
 5 -0.000000000000
 6 -0.000000000000
 7 -0.000000000000
 8 -0.000000000000
 9 -0.000000000000
10 -0.000000000000
11 -0.000000000000
12 -0.000000000000
13 0.000000000000
14 0.000000000000
15 0.000000000000
16 0.000000000000
17 0.000000000000
18 0.000000000000
19 0.000000000000
20 0.000000000000
21 0.000000000000
22 0.000000000000
23 0.000000000000
24 0.000000000000
25 0.000000000000
26 0.000000000000
27 0.000000000000
28 0.000000000000
29 0.000000080456
30 0.000001591549
31 0.000007050858
32 0.000019580933
33 0.000063826457
34 0.000205819737
35 0.001490122731
36 0.002446404020
37 0.002446452379
38 0.003674473725
39 0.006783373302
40 0.011215072134
41 0.019297297475
42 0.029203481939
43 0.033819505833
44 0.033820793288
45 0.036876676671
46 0.039826085440
47 0.039826333381
48 0.046413633286
49 0.067955394983
50 0.089244929313
51 0.089244967800
52 0.091413096671
53 0.094573438422
54 0.094573498061
55 0.110846796079
56 0.110856226967
57 0.224646212293
58 0.287309488695
59 0.457831744703
60 0.458050573827
61 0.511670930244
62 0.788843240434
63 2.467250519974
64 8.482261038140
