One Electron Eigenvalues:
 1 -40.768658521099
 2 -10.251838041983
 3 -8.928244294952
 4 -8.336053023900
 5 -8.336042923900
 6 -4.742857972219
 7 -4.662620610441
 8 -3.278196209206

Example of symmetry-related two-electron integrals for indices:
Indices: i=1, j=4, k=5, l=6
two_electron_spatial_integrals[1,4,5,6] = 0.0084179548
two_electron_spatial_integrals[5,6,1,4] = 0.0084179548
two_electron_spatial_integrals[1,4,6,5] = 0.0084179548
two_electron_spatial_integrals[6,5,1,4] = 0.0084179548
two_electron_spatial_integrals[4,1,5,6] = 0.0084179548
two_electron_spatial_integrals[5,6,4,1] = 0.0084179548
two_electron_spatial_integrals[4,1,6,5] = 0.0084179548
two_electron_spatial_integrals[6,5,4,1] = 0.0084179548

Two Electron Eigenvalues:
 1 -0.000000000000
 2 -0.000000000000
 3 -0.000000000000
 4 -0.000000000000
 5 -0.000000000000
 6 -0.000000000000
 7 -0.000000000000
 8 -0.000000000000
 9 -0.000000000000
10 -0.000000000000
11 -0.000000000000
12 -0.000000000000
13 -0.000000000000
14 -0.000000000000
15 0.000000000000
16 0.000000000000
17 0.000000000000
18 0.000000000000
19 0.000000000000
20 0.000000000000
21 0.000000000000
22 0.000000000000
23 0.000000000000
24 0.000000000000
25 0.000000000000
26 0.000000000000
27 0.000000000000
28 0.000000000000
29 0.000000076495
30 0.000001598963
31 0.000007185483
32 0.000019771207
33 0.000063842462
34 0.000203686596
35 0.001452895637
36 0.002378679068
37 0.002378749419
38 0.003659466700
39 0.006715842692
40 0.011215707924
41 0.019301085283
42 0.029075633049
43 0.033837051574
44 0.033838917984
45 0.036815983680
46 0.039831092912
47 0.039831475085
48 0.046377456339
49 0.067888010086
50 0.089277432166
51 0.089277522600
52 0.091490911165
53 0.094534446151
54 0.094534522011
55 0.111004053547
56 0.111018421878
57 0.224576442908
58 0.287437694584
59 0.457929441055
60 0.458252901714
61 0.512212003416
62 0.787713047600
63 2.467011863093
64 8.482362612273
