One Electron Eigenvalues:
 1 -40.767026586950
 2 -10.251684195116
 3 -8.920450049813
 4 -8.335669046700
 5 -8.335653755300
 6 -4.740613256263
 7 -4.662255526494
 8 -3.264964711662

Example of symmetry-related two-electron integrals for indices:
Indices: i=1, j=4, k=5, l=6
two_electron_spatial_integrals[1,4,5,6] = 0.0083813901
two_electron_spatial_integrals[5,6,1,4] = 0.0083813901
two_electron_spatial_integrals[1,4,6,5] = 0.0083813901
two_electron_spatial_integrals[6,5,1,4] = 0.0083813901
two_electron_spatial_integrals[4,1,5,6] = 0.0083813901
two_electron_spatial_integrals[5,6,4,1] = 0.0083813901
two_electron_spatial_integrals[4,1,6,5] = 0.0083813901
two_electron_spatial_integrals[6,5,4,1] = 0.0083813901

Two Electron Eigenvalues:
 1 -0.000000000000
 2 -0.000000000000
 3 -0.000000000000
 4 -0.000000000000
 5 -0.000000000000
 6 -0.000000000000
 7 -0.000000000000
 8 -0.000000000000
 9 -0.000000000000
10 -0.000000000000
11 -0.000000000000
12 -0.000000000000
13 -0.000000000000
14 -0.000000000000
15 -0.000000000000
16 -0.000000000000
17 0.000000000000
18 0.000000000000
19 0.000000000000
20 0.000000000000
21 0.000000000000
22 0.000000000000
23 0.000000000000
24 0.000000000000
25 0.000000000000
26 0.000000000000
27 0.000000000000
28 0.000000000000
29 0.000000072803
30 0.000001605626
31 0.000007325553
32 0.000019967295
33 0.000063869543
34 0.000201531637
35 0.001416427890
36 0.002312793963
37 0.002312898251
38 0.003643887233
39 0.006646553288
40 0.011217627014
41 0.019305556611
42 0.028943695321
43 0.033854637843
44 0.033857396258
45 0.036756604687
46 0.039835309723
47 0.039835909590
48 0.046343213550
49 0.067828671221
50 0.089309367384
51 0.089309586600
52 0.091567490309
53 0.094495795145
54 0.094495891878
55 0.111162100126
56 0.111184401171
57 0.224532758607
58 0.287572725986
59 0.457994081851
60 0.458481659200
61 0.512752981306
62 0.786616613792
63 2.466787857054
64 8.482570126191
