One Electron Eigenvalues:
 1 -40.765414506763
 2 -10.251578543009
 3 -8.912830915849
 4 -8.335284416800
 5 -8.335260714900
 6 -4.738381315674
 7 -4.661907933049
 8 -3.251833121756

Example of symmetry-related two-electron integrals for indices:
Indices: i=1, j=4, k=5, l=6
two_electron_spatial_integrals[1,4,5,6] = 0.0083456755
two_electron_spatial_integrals[5,6,1,4] = 0.0083456755
two_electron_spatial_integrals[1,4,6,5] = 0.0083456755
two_electron_spatial_integrals[6,5,1,4] = 0.0083456755
two_electron_spatial_integrals[4,1,5,6] = 0.0083456755
two_electron_spatial_integrals[5,6,4,1] = 0.0083456755
two_electron_spatial_integrals[4,1,6,5] = 0.0083456755
two_electron_spatial_integrals[6,5,4,1] = 0.0083456755

Two Electron Eigenvalues:
 1 -0.000000000000
 2 -0.000000000000
 3 -0.000000000000
 4 -0.000000000000
 5 -0.000000000000
 6 -0.000000000000
 7 -0.000000000000
 8 -0.000000000000
 9 -0.000000000000
10 -0.000000000000
11 -0.000000000000
12 -0.000000000000
13 -0.000000000000
14 0.000000000000
15 0.000000000000
16 0.000000000000
17 0.000000000000
18 0.000000000000
19 0.000000000000
20 0.000000000000
21 0.000000000000
22 0.000000000000
23 0.000000000000
24 0.000000000000
25 0.000000000000
26 0.000000000000
27 0.000000000000
28 0.000000000000
29 0.000000069156
30 0.000001611861
31 0.000007471124
32 0.000020169404
33 0.000063908503
34 0.000199351688
35 0.001380696691
36 0.002248691957
37 0.002248850240
38 0.003627732431
39 0.006575625484
40 0.011220786195
41 0.019310703353
42 0.028807826975
43 0.033872195761
44 0.033876373123
45 0.036698710145
46 0.039838690892
47 0.039839654793
48 0.046310934411
49 0.067777157394
50 0.089340600391
51 0.089341157200
52 0.091643285468
53 0.094457469264
54 0.094457592525
55 0.111320016308
56 0.111355444328
57 0.224514287373
58 0.287715005864
59 0.458005161153
60 0.458758096857
61 0.513293469353
62 0.785553609176
63 2.466579790024
64 8.482885651937
