One Electron Eigenvalues:
 1 -40.761468470922
 2 -10.251632239457
 3 -8.895850033529
 4 -8.334285960205
 5 -8.334285855095
 6 -4.732468768827
 7 -4.661074319330
 8 -3.219706889635

Example of symmetry-related two-electron integrals for indices:
Indices: i=1, j=4, k=5, l=6
two_electron_spatial_integrals[1,4,5,6] = 0.0082596528
two_electron_spatial_integrals[5,6,1,4] = 0.0082596528
two_electron_spatial_integrals[1,4,6,5] = 0.0082596528
two_electron_spatial_integrals[6,5,1,4] = 0.0082596528
two_electron_spatial_integrals[4,1,5,6] = 0.0082596528
two_electron_spatial_integrals[5,6,4,1] = 0.0082596528
two_electron_spatial_integrals[4,1,6,5] = 0.0082596528
two_electron_spatial_integrals[6,5,4,1] = 0.0082596528

Two Electron Eigenvalues:
 1 -0.000000000000
 2 -0.000000000000
 3 -0.000000000000
 4 -0.000000000000
 5 -0.000000000000
 6 -0.000000000000
 7 -0.000000000000
 8 -0.000000000000
 9 -0.000000000000
10 0.000000000000
11 0.000000000000
12 0.000000000000
13 0.000000000000
14 0.000000000000
15 0.000000000000
16 0.000000000000
17 0.000000000000
18 0.000000000000
19 0.000000000000
20 0.000000000000
21 0.000000000000
22 0.000000000000
23 0.000000000000
24 0.000000000000
25 0.000000000000
26 0.000000000000
27 0.000000000000
28 0.000000000000
29 0.000000060695
30 0.000001623913
31 0.000007886545
32 0.000020717462
33 0.000064152745
34 0.000194575533
35 0.001295932002
36 0.002097148969
37 0.002097151036
38 0.003572254760
39 0.006390137151
40 0.011242120865
41 0.019329609478
42 0.028402907303
43 0.033918825663
44 0.033918867084
45 0.036545590454
46 0.039842603922
47 0.039842611705
48 0.046183210946
49 0.067817906795
50 0.089417835939
51 0.089417836000
52 0.091731879713
53 0.094366657056
54 0.094366661730
55 0.111753262884
56 0.111753622673
57 0.224925163569
58 0.288099763260
59 0.458632852555
60 0.458640000923
61 0.514709922608
62 0.783156997681
63 2.466005180001
64 8.484501687781
