One Electron Eigenvalues:
 1 -40.759919634628
 2 -10.251534459598
 3 -8.888137279623
 4 -8.333881497900
 5 -8.333881127100
 6 -4.730497130471
 7 -4.660727566991
 8 -3.206766538889

Example of symmetry-related two-electron integrals for indices:
Indices: i=1, j=4, k=5, l=6
two_electron_spatial_integrals[1,4,5,6] = 0.0082266808
two_electron_spatial_integrals[5,6,1,4] = 0.0082266808
two_electron_spatial_integrals[1,4,6,5] = 0.0082266808
two_electron_spatial_integrals[6,5,1,4] = 0.0082266808
two_electron_spatial_integrals[4,1,5,6] = 0.0082266808
two_electron_spatial_integrals[5,6,4,1] = 0.0082266808
two_electron_spatial_integrals[4,1,6,5] = 0.0082266808
two_electron_spatial_integrals[6,5,4,1] = 0.0082266808

Two Electron Eigenvalues:
 1 -0.000000000000
 2 -0.000000000000
 3 -0.000000000000
 4 -0.000000000000
 5 -0.000000000000
 6 -0.000000000000
 7 -0.000000000000
 8 -0.000000000000
 9 -0.000000000000
10 -0.000000000000
11 -0.000000000000
12 -0.000000000000
13 0.000000000000
14 0.000000000000
15 0.000000000000
16 0.000000000000
17 0.000000000000
18 0.000000000000
19 0.000000000000
20 0.000000000000
21 0.000000000000
22 0.000000000000
23 0.000000000000
24 0.000000000000
25 0.000000000000
26 0.000000000000
27 0.000000000000
28 0.000000000000
29 0.000000058005
30 0.000001627077
31 0.000008035628
32 0.000020912513
33 0.000064128937
34 0.000191835548
35 0.001262293217
36 0.002038530497
37 0.002038532735
38 0.003560936974
39 0.006316599370
40 0.011243990408
41 0.019333248158
42 0.028280902074
43 0.033937074935
44 0.033937138013
45 0.036501750314
46 0.039845500731
47 0.039845518291
48 0.046182989715
49 0.067715997826
50 0.089447526115
51 0.089447526400
52 0.091850138208
53 0.094327946333
54 0.094327946974
55 0.111924534230
56 0.111925163472
57 0.224783395261
58 0.288251410151
59 0.458807899115
60 0.458820106873
61 0.515213941552
62 0.782132422861
63 2.465884546212
64 8.484834358076
