One Electron Eigenvalues:
 1 -40.745392676932
 2 -10.253472157624
 3 -8.828522671710
 4 -8.329541955500
 5 -8.329541714600
 6 -4.709213534564
 7 -4.656908402812
 8 -3.084173645958

Example of symmetry-related two-electron integrals for indices:
Indices: i=1, j=4, k=5, l=6
two_electron_spatial_integrals[1,4,5,6] = 0.0079326429
two_electron_spatial_integrals[5,6,1,4] = 0.0079326429
two_electron_spatial_integrals[1,4,6,5] = 0.0079326429
two_electron_spatial_integrals[6,5,1,4] = 0.0079326429
two_electron_spatial_integrals[4,1,5,6] = 0.0079326429
two_electron_spatial_integrals[5,6,4,1] = 0.0079326429
two_electron_spatial_integrals[4,1,6,5] = 0.0079326429
two_electron_spatial_integrals[6,5,4,1] = 0.0079326429

Two Electron Eigenvalues:
 1 -0.000000000000
 2 -0.000000000000
 3 -0.000000000000
 4 -0.000000000000
 5 -0.000000000000
 6 -0.000000000000
 7 -0.000000000000
 8 -0.000000000000
 9 -0.000000000000
10 -0.000000000000
11 -0.000000000000
12 -0.000000000000
13 0.000000000000
14 0.000000000000
15 0.000000000000
16 0.000000000000
17 0.000000000000
18 0.000000000000
19 0.000000000000
20 0.000000000000
21 0.000000000000
22 0.000000000000
23 0.000000000000
24 0.000000000000
25 0.000000000000
26 0.000000000000
27 0.000000000000
28 0.000000000000
29 0.000000035078
30 0.000001618206
31 0.000010123977
32 0.000023164639
33 0.000065419874
34 0.000169842796
35 0.000968880059
36 0.001540060511
37 0.001540061795
38 0.003322982350
39 0.005555484710
40 0.011364079786
41 0.019430545616
42 0.026561888428
43 0.034119786285
44 0.034119818645
45 0.036099368545
46 0.039816620906
47 0.039816635320
48 0.045857841692
49 0.068079475279
50 0.089715336876
51 0.089715337000
52 0.092260492053
53 0.093978583805
54 0.093978585615
55 0.113665206072
56 0.113665687307
57 0.227015981041
58 0.290224810059
59 0.459791626933
60 0.459799325207
61 0.520672596181
62 0.774542603568
63 2.464735815727
64 8.496090742460
