Begin IJ Block
1   1   -41.0643392225
1   2   0.0008911843
1   3   0.7514263399
1   6   0.0340933373
2   2   -6.4064279112
2   3   -0.0035628317
2   6   -0.0103536094
3   3   -9.4640046081
3   6   -0.0487676467
4   4   -8.2910079018
4   5   0.0000000000
5   5   -8.2910079019
6   6   -8.1089566910

End IJ Block
Begin IA Block
1   1   -0.0104027202
1   4   -0.0395307440
2   1   0.1004733950
2   4   0.0681707329
3   1   0.0573767722
3   4   0.1858288226
4   2   0.2398622016
4   3   0.0932548143
5   2   -0.0932548143
5   3   0.2398622016
6   1   -0.2124519935
6   4   -0.0859515519

End IA Block
Begin AB Block
1   1   -1.8782733721
1   4   -0.4097378213
2   2   -1.6174320140
2   3   0.0000000000
3   3   -1.6174320140
4   4   -1.7076462592

End AB Block
Begin IJKL Block
1   7   1   7   5.3482143839
1   7   1   8   -0.0005687114
1   7   1   9   -0.5320724345
1   7   1   12   -0.0224661411
1   7   2   7   -0.0005687114
1   7   2   8   -0.0000066027
1   7   2   9   0.0000846857
1   7   2   12   -0.0000161483
1   7   3   7   -0.5320724345
1   7   3   8   0.0000846857
1   7   3   9   0.0814902386
1   7   3   12   0.0035046727
1   7   4   10   0.0312728259
1   7   5   11   0.0312728259
1   7   6   7   -0.0224661411
1   7   6   8   -0.0000161483
1   7   6   9   0.0035046727
1   7   6   12   0.0289463154
1   8   1   7   -0.0005687114
1   8   1   8   0.2181184783
1   8   1   9   0.0016360208
1   8   1   12   -0.0027220931
1   8   2   7   0.0000006099
1   8   2   8   -0.0000072553
1   8   2   9   0.0000007064
1   8   2   12   -0.0000002068
1   8   3   7   0.0000914557
1   8   3   8   0.0000218471
1   8   3   9   -0.0000244766
1   8   3   12   0.0000112039
1   8   4   10   0.0000477223
1   8   5   11   0.0000477223
1   8   6   7   -0.0000241255
1   8   6   8   -0.0023767401
1   8   6   9   -0.0000416410
1   8   6   12   0.0000848601
1   9   1   7   -0.5320724345
1   9   1   8   0.0016360208
1   9   1   9   1.2632112222
1   9   1   12   0.0269041614
1   9   2   7   0.0000914557
1   9   2   8   -0.0000039071
1   9   2   9   -0.0000283418
1   9   2   12   -0.0000264434
1   9   3   7   0.0860510573
1   9   3   8   -0.0000268198
1   9   3   9   -0.0237520983
1   9   3   12   -0.0010717778
1   9   4   10   0.0355883903
1   9   5   11   0.0355883903
1   9   6   7   0.0034028029
1   9   6   8   -0.0000373921
1   9   6   9   -0.0015424039
1   9   6   12   0.0331936907
1   10   1   10   1.1586508607
1   10   2   10   -0.0000173338
1   10   3   10   -0.0154382610
1   10   4   7   0.0364770776
1   10   4   8   0.0000483813
1   10   4   9   0.0362769191
1   10   4   12   0.0011994095
1   10   6   10   -0.0009554617
1   11   1   11   1.1586508607
1   11   2   11   -0.0000173338
1   11   3   11   -0.0154382610
1   11   5   7   0.0364770776
1   11   5   8   0.0000483813
1   11   5   9   0.0362769191
1   11   5   12   0.0011994095
1   11   6   11   -0.0009554617
1   12   1   7   -0.0224661411
1   12   1   8   -0.0027220931
1   12   1   9   0.0269041614
1   12   1   12   1.1123653895
1   12   2   7   -0.0000241255
1   12   2   8   -0.0000004323
1   12   2   9   -0.0000306295
1   12   2   12   -0.0000175603
1   12   3   7   0.0034028029
1   12   3   8   0.0000112529
1   12   3   9   -0.0011459819
1   12   3   12   -0.0145313997
1   12   4   10   0.0010925394
1   12   5   11   0.0010925394
1   12   6   7   0.0342409879
1   12   6   8   0.0000827899
1   12   6   9   0.0341505506
1   12   6   12   0.0010322342
2   7   1   7   -0.0005687114
2   7   1   8   0.0000006099
2   7   1   9   0.0000914557
2   7   1   12   -0.0000241255
2   7   2   7   0.2181184783
2   7   2   8   -0.0000072553
2   7   2   9   0.0000218471
2   7   2   12   -0.0023767401
2   7   3   7   0.0016360208
2   7   3   8   0.0000007064
2   7   3   9   -0.0000244766
2   7   3   12   -0.0000416410
2   7   4   10   0.0000477223
2   7   5   11   0.0000477223
2   7   6   7   -0.0027220931
2   7   6   8   -0.0000002068
2   7   6   9   0.0000112039
2   7   6   12   0.0000848601
2   8   1   7   -0.0000066027
2   8   1   8   -0.0000072553
2   8   1   9   -0.0000039071
2   8   1   12   -0.0000004323
2   8   2   7   -0.0000072553
2   8   2   8   1.6346296003
2   8   2   9   -0.0063968221
2   8   2   12   0.0318446912
2   8   3   7   -0.0000039071
2   8   3   8   -0.0063968221
2   8   3   9   -0.0000033485
2   8   3   12   -0.0001513330
2   8   4   10   -0.0000316671
2   8   5   11   -0.0000316671
2   8   6   7   -0.0000004323
2   8   6   8   0.0318446912
2   8   6   9   -0.0001513330
2   8   6   12   0.0006178387
2   9   1   7   0.0000846857
2   9   1   8   0.0000007064
2   9   1   9   -0.0000283418
2   9   1   12   -0.0000306295
2   9   2   7   0.0000218471
2   9   2   8   -0.0063968221
2   9   2   9   0.2193140624
2   9   2   12   -0.0309715770
2   9   3   7   -0.0000268198
2   9   3   8   0.0000493753
2   9   3   9   0.0012156234
2   9   3   12   -0.0002351545
2   9   4   10   0.0002810681
2   9   5   11   0.0002810681
2   9   6   7   0.0000112529
2   9   6   8   -0.0002299428
2   9   6   9   -0.0024579668
2   9   6   12   0.0006590520
2   10   1   10   -0.0000173338
2   10   2   10   0.2166164199
2   10   3   10   0.0011173961
2   10   4   7   0.0000483813
2   10   4   8   0.0000250567
2   10   4   9   0.0002970882
2   10   4   12   -0.0001005539
2   10   6   10   -0.0022608433
2   11   1   11   -0.0000173338
2   11   2   11   0.2166164199
2   11   3   11   0.0011173961
2   11   5   7   0.0000483813
2   11   5   8   0.0000250567
2   11   5   9   0.0002970882
2   11   5   12   -0.0001005539
2   11   6   11   -0.0022608433
2   12   1   7   -0.0000161483
2   12   1   8   -0.0000002068
2   12   1   9   -0.0000264434
2   12   1   12   -0.0000175603
2   12   2   7   -0.0023767401
2   12   2   8   0.0318446912
2   12   2   9   -0.0309715770
2   12   2   12   0.2401998184
2   12   3   7   -0.0000373921
2   12   3   8   -0.0002299428
2   12   3   9   -0.0002083180
2   12   3   12   0.0011396299
2   12   4   10   -0.0000752934
2   12   5   11   -0.0000752934
2   12   6   7   0.0000827899
2   12   6   8   0.0013199800
2   12   6   9   0.0006627390
2   12   6   12   -0.0025432810
3   7   1   7   -0.5320724345
3   7   1   8   0.0000914557
3   7   1   9   0.0860510573
3   7   1   12   0.0034028029
3   7   2   7   0.0016360208
3   7   2   8   -0.0000039071
3   7   2   9   -0.0000268198
3   7   2   12   -0.0000373921
3   7   3   7   1.2632112222
3   7   3   8   -0.0000283418
3   7   3   9   -0.0237520983
3   7   3   12   -0.0015424039
3   7   4   10   0.0355883903
3   7   5   11   0.0355883903
3   7   6   7   0.0269041614
3   7   6   8   -0.0000264434
3   7   6   9   -0.0010717778
3   7   6   12   0.0331936907
3   8   1   7   0.0000846857
3   8   1   8   0.0000218471
3   8   1   9   -0.0000268198
3   8   1   12   0.0000112529
3   8   2   7   0.0000007064
3   8   2   8   -0.0063968221
3   8   2   9   0.0000493753
3   8   2   12   -0.0002299428
3   8   3   7   -0.0000283418
3   8   3   8   0.2193140624
3   8   3   9   0.0012156234
3   8   3   12   -0.0024579668
3   8   4   10   0.0002810681
3   8   5   11   0.0002810681
3   8   6   7   -0.0000306295
3   8   6   8   -0.0309715770
3   8   6   9   -0.0002351545
3   8   6   12   0.0006590520
3   9   1   7   0.0814902386
3   9   1   8   -0.0000244766
3   9   1   9   -0.0237520983
3   9   1   12   -0.0011459819
3   9   2   7   -0.0000244766
3   9   2   8   -0.0000033485
3   9   2   9   0.0012156234
3   9   2   12   -0.0002083180
3   9   3   7   -0.0237520983
3   9   3   8   0.0012156234
3   9   3   9   0.8706788908
3   9   3   12   0.0105907155
3   9   4   10   0.1509122578
3   9   5   11   0.1509122578
3   9   6   7   -0.0011459819
3   9   6   8   -0.0002083180
3   9   6   9   0.0105907155
3   9   6   12   0.1444731472
3   10   1   10   -0.0154382610
3   10   2   10   0.0011173961
3   10   3   10   0.8100618082
3   10   4   7   0.0362769191
3   10   4   8   0.0002970882
3   10   4   9   0.1556295265
3   10   4   12   0.0026270360
3   10   6   10   0.0100428528
3   11   1   11   -0.0154382610
3   11   2   11   0.0011173961
3   11   3   11   0.8100618082
3   11   5   7   0.0362769191
3   11   5   8   0.0002970882
3   11   5   9   0.1556295265
3   11   5   12   0.0026270360
3   11   6   11   0.0100428528
3   12   1   7   0.0035046727
3   12   1   8   0.0000112039
3   12   1   9   -0.0010717778
3   12   1   12   -0.0145313997
3   12   2   7   -0.0000416410
3   12   2   8   -0.0001513330
3   12   2   9   -0.0002351545
3   12   2   12   0.0011396299
3   12   3   7   -0.0015424039
3   12   3   8   -0.0024579668
3   12   3   9   0.0105907155
3   12   3   12   0.7847543498
3   12   4   10   0.0024699503
3   12   5   11   0.0024699503
3   12   6   7   0.0341505506
3   12   6   8   0.0006627390
3   12   6   9   0.1497723654
3   12   6   12   0.0124206061
4   7   1   10   0.0364770776
4   7   2   10   0.0000483813
4   7   3   10   0.0362769191
4   7   4   7   1.1586508607
4   7   4   8   -0.0000173338
4   7   4   9   -0.0154382610
4   7   4   12   -0.0009554617
4   7   6   10   0.0011994095
4   8   1   10   0.0000483813
4   8   2   10   0.0000250567
4   8   3   10   0.0002970882
4   8   4   7   -0.0000173338
4   8   4   8   0.2166164199
4   8   4   9   0.0011173961
4   8   4   12   -0.0022608433
4   8   6   10   -0.0001005539
4   9   1   10   0.0362769191
4   9   2   10   0.0002970882
4   9   3   10   0.1556295265
4   9   4   7   -0.0154382610
4   9   4   8   0.0011173961
4   9   4   9   0.8100618082
4   9   4   12   0.0100428528
4   9   6   10   0.0026270360
4   10   1   7   0.0312728259
4   10   1   8   0.0000477223
4   10   1   9   0.0355883903
4   10   1   12   0.0010925394
4   10   2   7   0.0000477223
4   10   2   8   -0.0000316671
4   10   2   9   0.0002810681
4   10   2   12   -0.0000752934
4   10   3   7   0.0355883903
4   10   3   8   0.0002810681
4   10   3   9   0.1509122578
4   10   3   12   0.0024699503
4   10   4   10   0.8009257971
4   10   5   11   0.0308425148
4   10   6   7   0.0010925394
4   10   6   8   -0.0000752934
4   10   6   9   0.0024699503
4   10   6   12   0.0295645396
4   11   4   11   0.7332736628
4   11   5   10   0.0368096195
4   12   1   10   0.0011994095
4   12   2   10   -0.0001005539
4   12   3   10   0.0026270360
4   12   4   7   -0.0009554617
4   12   4   8   -0.0022608433
4   12   4   9   0.0100428528
4   12   4   12   0.7114299721
4   12   6   10   0.0354803951
5   7   1   11   0.0364770776
5   7   2   11   0.0000483813
5   7   3   11   0.0362769191
5   7   5   7   1.1586508607
5   7   5   8   -0.0000173338
5   7   5   9   -0.0154382610
5   7   5   12   -0.0009554617
5   7   6   11   0.0011994095
5   8   1   11   0.0000483813
5   8   2   11   0.0000250567
5   8   3   11   0.0002970882
5   8   5   7   -0.0000173338
5   8   5   8   0.2166164199
5   8   5   9   0.0011173961
5   8   5   12   -0.0022608433
5   8   6   11   -0.0001005539
5   9   1   11   0.0362769191
5   9   2   11   0.0002970882
5   9   3   11   0.1556295265
5   9   5   7   -0.0154382610
5   9   5   8   0.0011173961
5   9   5   9   0.8100618082
5   9   5   12   0.0100428528
5   9   6   11   0.0026270360
5   10   4   11   0.0368096195
5   10   5   10   0.7332736628
5   11   1   7   0.0312728259
5   11   1   8   0.0000477223
5   11   1   9   0.0355883903
5   11   1   12   0.0010925394
5   11   2   7   0.0000477223
5   11   2   8   -0.0000316671
5   11   2   9   0.0002810681
5   11   2   12   -0.0000752934
5   11   3   7   0.0355883903
5   11   3   8   0.0002810681
5   11   3   9   0.1509122578
5   11   3   12   0.0024699503
5   11   4   10   0.0308425148
5   11   5   11   0.8009257971
5   11   6   7   0.0010925394
5   11   6   8   -0.0000752934
5   11   6   9   0.0024699503
5   11   6   12   0.0295645396
5   12   1   11   0.0011994095
5   12   2   11   -0.0001005539
5   12   3   11   0.0026270360
5   12   5   7   -0.0009554617
5   12   5   8   -0.0022608433
5   12   5   9   0.0100428528
5   12   5   12   0.7114299721
5   12   6   11   0.0354803951
6   7   1   7   -0.0224661411
6   7   1   8   -0.0000241255
6   7   1   9   0.0034028029
6   7   1   12   0.0342409879
6   7   2   7   -0.0027220931
6   7   2   8   -0.0000004323
6   7   2   9   0.0000112529
6   7   2   12   0.0000827899
6   7   3   7   0.0269041614
6   7   3   8   -0.0000306295
6   7   3   9   -0.0011459819
6   7   3   12   0.0341505506
6   7   4   10   0.0010925394
6   7   5   11   0.0010925394
6   7   6   7   1.1123653895
6   7   6   8   -0.0000175603
6   7   6   9   -0.0145313997
6   7   6   12   0.0010322342
6   8   1   7   -0.0000161483
6   8   1   8   -0.0023767401
6   8   1   9   -0.0000373921
6   8   1   12   0.0000827899
6   8   2   7   -0.0000002068
6   8   2   8   0.0318446912
6   8   2   9   -0.0002299428
6   8   2   12   0.0013199800
6   8   3   7   -0.0000264434
6   8   3   8   -0.0309715770
6   8   3   9   -0.0002083180
6   8   3   12   0.0006627390
6   8   4   10   -0.0000752934
6   8   5   11   -0.0000752934
6   8   6   7   -0.0000175603
6   8   6   8   0.2401998184
6   8   6   9   0.0011396299
6   8   6   12   -0.0025432810
6   9   1   7   0.0035046727
6   9   1   8   -0.0000416410
6   9   1   9   -0.0015424039
6   9   1   12   0.0341505506
6   9   2   7   0.0000112039
6   9   2   8   -0.0001513330
6   9   2   9   -0.0024579668
6   9   2   12   0.0006627390
6   9   3   7   -0.0010717778
6   9   3   8   -0.0002351545
6   9   3   9   0.0105907155
6   9   3   12   0.1497723654
6   9   4   10   0.0024699503
6   9   5   11   0.0024699503
6   9   6   7   -0.0145313997
6   9   6   8   0.0011396299
6   9   6   9   0.7847543498
6   9   6   12   0.0124206061
6   10   1   10   -0.0009554617
6   10   2   10   -0.0022608433
6   10   3   10   0.0100428528
6   10   4   7   0.0011994095
6   10   4   8   -0.0001005539
6   10   4   9   0.0026270360
6   10   4   12   0.0354803951
6   10   6   10   0.7114299721
6   11   1   11   -0.0009554617
6   11   2   11   -0.0022608433
6   11   3   11   0.0100428528
6   11   5   7   0.0011994095
6   11   5   8   -0.0001005539
6   11   5   9   0.0026270360
6   11   5   12   0.0354803951
6   11   6   11   0.7114299721
6   12   1   7   0.0289463154
6   12   1   8   0.0000848601
6   12   1   9   0.0331936907
6   12   1   12   0.0010322342
6   12   2   7   0.0000848601
6   12   2   8   0.0006178387
6   12   2   9   0.0006590520
6   12   2   12   -0.0025432810
6   12   3   7   0.0331936907
6   12   3   8   0.0006590520
6   12   3   9   0.1444731472
6   12   3   12   0.0124206061
6   12   4   10   0.0295645396
6   12   5   11   0.0295645396
6   12   6   7   0.0010322342
6   12   6   8   -0.0025432810
6   12   6   9   0.0124206061
6   12   6   12   0.7533500589

End IJKL Block
Begin IJAB Block
1   7   1   5   0.0001909873
1   7   1   8   0.0002004231
1   7   2   6   0.0002157309
1   7   3   7   0.0002157309
1   7   4   5   0.0002004231
1   7   4   8   0.0003957168
1   8   1   5   0.0000028994
1   8   1   8   0.0000000931
1   8   2   6   -0.0000013041
1   8   3   7   -0.0000013041
1   8   4   5   0.0000017378
1   8   4   8   0.0000000706
1   9   1   5   0.0001683048
1   9   1   8   0.0001160611
1   9   2   6   0.0002130015
1   9   3   7   0.0002130015
1   9   4   5   0.0001120811
1   9   4   8   0.0000605679
1   10   1   6   0.0000077591
1   10   1   7   0.0000030166
1   10   2   5   0.0000387460
1   10   2   8   0.0001472439
1   10   3   5   0.0000150639
1   10   3   8   0.0000572462
1   10   4   6   0.0000381144
1   10   4   7   0.0000148183
1   11   1   6   -0.0000030166
1   11   1   7   0.0000077591
1   11   2   5   -0.0000150639
1   11   2   8   -0.0000572462
1   11   3   5   0.0000387460
1   11   3   8   0.0001472439
1   11   4   6   -0.0000148183
1   11   4   7   0.0000381144
1   12   1   5   -0.0000443131
1   12   1   8   -0.0001391589
1   12   2   6   0.0000098424
1   12   3   7   0.0000098424
1   12   4   5   -0.0000718422
1   12   4   8   -0.0001318105
2   7   1   5   0.0000028994
2   7   1   8   0.0000017378
2   7   2   6   -0.0000013041
2   7   3   7   -0.0000013041
2   7   4   5   0.0000000931
2   7   4   8   0.0000000706
2   8   1   5   0.0079635850
2   8   1   8   0.0062403502
2   8   2   6   0.0008211078
2   8   3   7   0.0008211078
2   8   4   5   0.0062403502
2   8   4   8   0.0052659968
2   9   1   5   -0.0000244932
2   9   1   8   -0.0000320771
2   9   2   6   0.0000168302
2   9   3   7   0.0000168302
2   9   4   5   -0.0000349150
2   9   4   8   -0.0000321200
2   10   1   6   0.0000488818
2   10   1   7   0.0000190045
2   10   2   5   0.0001244145
2   10   2   8   0.0001789737
2   10   3   5   0.0000483705
2   10   3   8   0.0000695823
2   10   4   6   -0.0000041400
2   10   4   7   -0.0000016096
2   11   1   6   -0.0000190045
2   11   1   7   0.0000488818
2   11   2   5   -0.0000483705
2   11   2   8   -0.0000695823
2   11   3   5   0.0001244145
2   11   3   8   0.0001789737
2   11   4   6   0.0000016096
2   11   4   7   -0.0000041400
2   12   1   5   0.0002702745
2   12   1   8   0.0004963439
2   12   2   6   -0.0002247031
2   12   3   7   -0.0002247031
2   12   4   5   0.0002432626
2   12   4   8   0.0002838009
3   7   1   5   0.0001683048
3   7   1   8   0.0001120811
3   7   2   6   0.0002130015
3   7   3   7   0.0002130015
3   7   4   5   0.0001160611
3   7   4   8   0.0000605679
3   8   1   5   -0.0000244932
3   8   1   8   -0.0000349150
3   8   2   6   0.0000168302
3   8   3   7   0.0000168302
3   8   4   5   -0.0000320771
3   8   4   8   -0.0000321200
3   9   1   5   0.0008992006
3   9   1   8   0.0009208205
3   9   2   6   0.0009282457
3   9   3   7   0.0009282457
3   9   4   5   0.0009208205
3   9   4   8   0.0017476913
3   10   1   6   0.0004674364
3   10   1   7   0.0001817322
3   10   2   5   0.0002301526
3   10   2   8   0.0007721073
3   10   3   5   0.0000894799
3   10   3   8   0.0003001837
3   10   4   6   0.0016466129
3   10   4   7   0.0006401783
3   11   1   6   -0.0001817322
3   11   1   7   0.0004674364
3   11   2   5   -0.0000894799
3   11   2   8   -0.0003001837
3   11   3   5   0.0002301526
3   11   3   8   0.0007721073
3   11   4   6   -0.0006401783
3   11   4   7   0.0016466129
3   12   1   5   -0.0006709571
3   12   1   8   -0.0009968428
3   12   2   6   -0.0000013051
3   12   3   7   -0.0000013051
3   12   4   5   -0.0017217582
3   12   4   8   -0.0016058270
4   7   1   6   0.0000387460
4   7   1   7   0.0000150639
4   7   2   5   0.0000077591
4   7   2   8   0.0000381144
4   7   3   5   0.0000030166
4   7   3   8   0.0000148183
4   7   4   6   0.0001472439
4   7   4   7   0.0000572462
4   8   1   6   0.0001244145
4   8   1   7   0.0000483705
4   8   2   5   0.0000488818
4   8   2   8   -0.0000041400
4   8   3   5   0.0000190045
4   8   3   8   -0.0000016096
4   8   4   6   0.0001789737
4   8   4   7   0.0000695823
4   9   1   6   0.0002301526
4   9   1   7   0.0000894799
4   9   2   5   0.0004674364
4   9   2   8   0.0016466129
4   9   3   5   0.0001817322
4   9   3   8   0.0006401783
4   9   4   6   0.0007721073
4   9   4   7   0.0003001837
4   10   1   5   0.0005742575
4   10   1   8   0.0006065323
4   10   2   6   0.0027043315
4   10   2   7   0.0008864604
4   10   3   6   0.0008864604
4   10   3   7   0.0007688951
4   10   4   5   0.0006065323
4   10   4   8   0.0012863503
4   11   2   6   -0.0008864604
4   11   2   7   0.0017994218
4   11   3   6   0.0001360147
4   11   3   7   0.0008864604
4   12   1   6   -0.0005471378
4   12   1   7   -0.0002127189
4   12   2   5   -0.0019030568
4   12   2   8   -0.0014066699
4   12   3   5   -0.0007398798
4   12   3   8   -0.0005468921
4   12   4   6   -0.0004927699
4   12   4   7   -0.0001915815
5   7   1   6   -0.0000150639
5   7   1   7   0.0000387460
5   7   2   5   -0.0000030166
5   7   2   8   -0.0000148183
5   7   3   5   0.0000077591
5   7   3   8   0.0000381144
5   7   4   6   -0.0000572462
5   7   4   7   0.0001472439
5   8   1   6   -0.0000483705
5   8   1   7   0.0001244145
5   8   2   5   -0.0000190045
5   8   2   8   0.0000016096
5   8   3   5   0.0000488818
5   8   3   8   -0.0000041400
5   8   4   6   -0.0000695823
5   8   4   7   0.0001789737
5   9   1   6   -0.0000894799
5   9   1   7   0.0002301526
5   9   2   5   -0.0001817322
5   9   2   8   -0.0006401783
5   9   3   5   0.0004674364
5   9   3   8   0.0016466129
5   9   4   6   -0.0003001837
5   9   4   7   0.0007721073
5   10   2   6   -0.0008864604
5   10   2   7   0.0001360147
5   10   3   6   0.0017994218
5   10   3   7   0.0008864604
5   11   1   5   0.0005742575
5   11   1   8   0.0006065323
5   11   2   6   0.0007688951
5   11   2   7   -0.0008864604
5   11   3   6   -0.0008864604
5   11   3   7   0.0027043315
5   11   4   5   0.0006065323
5   11   4   8   0.0012863503
5   12   1   6   0.0002127189
5   12   1   7   -0.0005471378
5   12   2   5   0.0007398798
5   12   2   8   0.0005468921
5   12   3   5   -0.0019030568
5   12   3   8   -0.0014066699
5   12   4   6   0.0001915815
5   12   4   7   -0.0004927699
6   7   1   5   -0.0000443131
6   7   1   8   -0.0000718422
6   7   2   6   0.0000098424
6   7   3   7   0.0000098424
6   7   4   5   -0.0001391589
6   7   4   8   -0.0001318105
6   8   1   5   0.0002702745
6   8   1   8   0.0002432626
6   8   2   6   -0.0002247031
6   8   3   7   -0.0002247031
6   8   4   5   0.0004963439
6   8   4   8   0.0002838009
6   9   1   5   -0.0006709571
6   9   1   8   -0.0017217582
6   9   2   6   -0.0000013051
6   9   3   7   -0.0000013051
6   9   4   5   -0.0009968428
6   9   4   8   -0.0016058270
6   10   1   6   -0.0019030568
6   10   1   7   -0.0007398798
6   10   2   5   -0.0005471378
6   10   2   8   -0.0004927699
6   10   3   5   -0.0002127189
6   10   3   8   -0.0001915815
6   10   4   6   -0.0014066699
6   10   4   7   -0.0005468921
6   11   1   6   0.0007398798
6   11   1   7   -0.0019030568
6   11   2   5   0.0002127189
6   11   2   8   0.0001915815
6   11   3   5   -0.0005471378
6   11   3   8   -0.0004927699
6   11   4   6   0.0005468921
6   11   4   7   -0.0014066699
6   12   1   5   0.0029591106
6   12   1   8   0.0023735632
6   12   2   6   0.0006365506
6   12   3   7   0.0006365506
6   12   4   5   0.0023735632
6   12   4   8   0.0029887190

End IJAB Block
Begin ABCD Block
1   5   1   5   0.2216230515
1   5   1   8   0.0150777811
1   5   2   6   0.0262110465
1   5   3   7   0.0262110465
1   5   4   5   0.0150777811
1   5   4   8   0.0172220208
1   6   1   6   0.1540898470
1   6   2   5   0.0262112097
1   6   2   8   0.0050055703
1   6   4   6   0.0127028904
1   7   1   7   0.1540898470
1   7   3   5   0.0262112097
1   7   3   8   0.0050055703
1   7   4   7   0.0127028904
1   8   1   5   0.0150777811
1   8   1   8   0.1429726992
1   8   2   6   0.0050056105
1   8   3   7   0.0050056105
1   8   4   5   0.0172233075
1   8   4   8   0.0071590506
2   5   1   6   0.0262112097
2   5   2   5   0.1540898470
2   5   2   8   0.0127028904
2   5   4   6   0.0050055703
2   6   1   5   0.0262110465
2   6   1   8   0.0050056105
2   6   2   6   0.1410970749
2   6   3   7   0.0080092935
2   6   4   5   0.0050056105
2   6   4   8   0.0084168226
2   7   2   7   0.1250785341
2   7   3   6   0.0080092473
2   8   1   6   0.0050055703
2   8   2   5   0.0127028904
2   8   2   8   0.1199576996
2   8   4   6   0.0084171317
3   5   1   7   0.0262112097
3   5   3   5   0.1540898470
3   5   3   8   0.0127028904
3   5   4   7   0.0050055703
3   6   2   7   0.0080092473
3   6   3   6   0.1250785341
3   7   1   5   0.0262110465
3   7   1   8   0.0050056105
3   7   2   6   0.0080092935
3   7   3   7   0.1410970749
3   7   4   5   0.0050056105
3   7   4   8   0.0084168226
3   8   1   7   0.0050055703
3   8   3   5   0.0127028904
3   8   3   8   0.1199576996
3   8   4   7   0.0084171317
4   5   1   5   0.0150777811
4   5   1   8   0.0172233075
4   5   2   6   0.0050056105
4   5   3   7   0.0050056105
4   5   4   5   0.1429726992
4   5   4   8   0.0071590506
4   6   1   6   0.0127028904
4   6   2   5   0.0050055703
4   6   2   8   0.0084171317
4   6   4   6   0.1199576996
4   7   1   7   0.0127028904
4   7   3   5   0.0050055703
4   7   3   8   0.0084171317
4   7   4   7   0.1199576996
4   8   1   5   0.0172220208
4   8   1   8   0.0071590506
4   8   2   6   0.0084168226
4   8   3   7   0.0084168226
4   8   4   5   0.0071590506
4   8   4   8   0.1239560857

End ABCD Block
Begin AIJB Block
1   7   1   5   0.0001877683
1   7   1   8   0.0001935941
1   7   2   5   0.0000028874
1   7   2   8   0.0000019676
1   7   3   5   0.0001513473
1   7   3   8   0.0000938654
1   7   4   6   0.0000288965
1   7   4   7   0.0000112345
1   7   5   6   -0.0000112345
1   7   5   7   0.0000288965
1   7   6   5   -0.0000172346
1   7   6   8   -0.0000043692
1   8   1   5   0.0000028874
1   8   1   8   0.0000004488
1   8   2   5   0.0061820989
1   8   2   8   0.0047395304
1   8   3   5   -0.0000092950
1   8   3   8   -0.0000202524
1   8   4   6   0.0001048168
1   8   4   7   0.0000407512
1   8   5   6   -0.0000407512
1   8   5   7   0.0001048168
1   8   6   5   0.0001659469
1   8   6   8   0.0001366992
1   9   1   5   0.0001513473
1   9   1   8   0.0000975396
1   9   2   5   -0.0000092950
1   9   2   8   -0.0000195168
1   9   3   5   0.0007026798
1   9   3   8   0.0007093878
1   9   4   6   0.0001009851
1   9   4   7   0.0000392615
1   9   5   6   -0.0000392615
1   9   5   7   0.0001009851
1   9   6   5   -0.0003598213
1   9   6   8   -0.0010903020
1   10   1   6   -0.0000073393
1   10   1   7   -0.0000028534
1   10   2   6   0.0000378379
1   10   2   7   0.0000147108
1   10   3   6   0.0003016179
1   10   3   7   0.0001172645
1   10   4   5   0.0003217347
1   10   4   8   0.0004335498
1   10   6   6   -0.0016373569
1   10   6   7   -0.0006365797
1   11   1   6   0.0000028534
1   11   1   7   -0.0000073393
1   11   2   6   -0.0000147108
1   11   2   7   0.0000378379
1   11   3   6   -0.0001172645
1   11   3   7   0.0003016179
1   11   5   5   0.0003217347
1   11   5   8   0.0004335498
1   11   6   6   0.0006365797
1   11   6   7   -0.0016373569
1   12   1   5   -0.0000172346
1   12   1   8   -0.0000877646
1   12   2   5   0.0001659469
1   12   2   8   0.0003507952
1   12   3   5   -0.0003598213
1   12   3   8   -0.0004170291
1   12   4   6   -0.0003097829
1   12   4   7   -0.0001204389
1   12   5   6   0.0001204389
1   12   5   7   -0.0003097829
1   12   6   5   0.0020860064
1   12   6   8   0.0017528462
2   7   1   6   0.0002129646
2   7   2   6   -0.0000014832
2   7   3   6   0.0001937424
2   7   4   5   -0.0000073393
2   7   4   8   -0.0000170624
2   7   5   5   0.0000028534
2   7   5   8   0.0000066336
2   7   6   6   0.0000135543
2   8   1   6   -0.0000014832
2   8   2   6   0.0007115554
2   8   3   6   0.0000085766
2   8   4   5   0.0000378379
2   8   4   8   0.0000037567
2   8   5   5   -0.0000147108
2   8   5   8   -0.0000014606
2   8   6   6   -0.0001791079
2   9   1   6   0.0001937424
2   9   2   6   0.0000085766
2   9   3   6   0.0007372457
2   9   4   5   0.0003016179
2   9   4   8   0.0011272394
2   9   5   5   -0.0001172645
2   9   5   8   -0.0004382537
2   9   6   6   0.0000350818
2   10   1   5   0.0000288965
2   10   1   8   0.0001130816
2   10   2   5   0.0001048168
2   10   2   8   0.0001479922
2   10   3   5   0.0001009851
2   10   3   8   0.0003616435
2   10   4   6   0.0020790522
2   10   4   7   0.0007129319
2   10   5   6   -0.0007129319
2   10   5   7   -0.0000308306
2   10   6   5   -0.0003097829
2   10   6   8   -0.0003435586
2   11   1   5   -0.0000112345
2   11   1   8   -0.0000439644
2   11   2   5   -0.0000407512
2   11   2   8   -0.0000575371
2   11   3   5   -0.0000392615
2   11   3   8   -0.0001406015
2   11   4   6   -0.0007129319
2   11   4   7   0.0015873970
2   11   5   6   0.0005224858
2   11   5   7   -0.0007129319
2   11   6   5   0.0001204389
2   11   6   8   0.0001335704
2   12   1   6   0.0000135543
2   12   2   6   -0.0001791079
2   12   3   6   0.0000350818
2   12   4   5   -0.0016373569
2   12   4   8   -0.0012177648
2   12   5   5   0.0006365797
2   12   5   8   0.0004734486
2   12   6   6   0.0004393983
3   7   1   7   0.0002129646
3   7   2   7   -0.0000014832
3   7   3   7   0.0001937424
3   7   4   5   -0.0000028534
3   7   4   8   -0.0000066336
3   7   5   5   -0.0000073393
3   7   5   8   -0.0000170624
3   7   6   7   0.0000135543
3   8   1   7   -0.0000014832
3   8   2   7   0.0007115554
3   8   3   7   0.0000085766
3   8   4   5   0.0000147108
3   8   4   8   0.0000014606
3   8   5   5   0.0000378379
3   8   5   8   0.0000037567
3   8   6   7   -0.0001791079
3   9   1   7   0.0001937424
3   9   2   7   0.0000085766
3   9   3   7   0.0007372457
3   9   4   5   0.0001172645
3   9   4   8   0.0004382537
3   9   5   5   0.0003016179
3   9   5   8   0.0011272394
3   9   6   7   0.0000350818
3   10   1   5   0.0000112345
3   10   1   8   0.0000439644
3   10   2   5   0.0000407512
3   10   2   8   0.0000575371
3   10   3   5   0.0000392615
3   10   3   8   0.0001406015
3   10   4   6   0.0007129319
3   10   4   7   0.0005224858
3   10   5   6   0.0015873970
3   10   5   7   0.0007129319
3   10   6   5   -0.0001204389
3   10   6   8   -0.0001335704
3   11   1   5   0.0000288965
3   11   1   8   0.0001130816
3   11   2   5   0.0001048168
3   11   2   8   0.0001479922
3   11   3   5   0.0001009851
3   11   3   8   0.0003616435
3   11   4   6   -0.0000308306
3   11   4   7   0.0007129319
3   11   5   6   -0.0007129319
3   11   5   7   0.0020790522
3   11   6   5   -0.0003097829
3   11   6   8   -0.0003435586
3   12   1   7   0.0000135543
3   12   2   7   -0.0001791079
3   12   3   7   0.0000350818
3   12   4   5   -0.0006365797
3   12   4   8   -0.0004734486
3   12   5   5   -0.0016373569
3   12   5   8   -0.0012177648
3   12   6   7   0.0004393983
4   7   1   5   0.0001935941
4   7   1   8   0.0003750884
4   7   2   5   0.0000004488
4   7   2   8   0.0000002272
4   7   3   5   0.0000975396
4   7   3   8   0.0000252616
4   7   4   6   0.0001130816
4   7   4   7   0.0000439644
4   7   5   6   -0.0000439644
4   7   5   7   0.0001130816
4   7   6   5   -0.0000877646
4   7   6   8   -0.0000586618
4   8   1   5   0.0000019676
4   8   1   8   0.0000002272
4   8   2   5   0.0047395304
4   8   2   8   0.0039378868
4   8   3   5   -0.0000195168
4   8   3   8   -0.0000213025
4   8   4   6   0.0001479922
4   8   4   7   0.0000575371
4   8   5   6   -0.0000575371
4   8   5   7   0.0001479922
4   8   6   5   0.0003507952
4   8   6   8   0.0001803438
4   9   1   5   0.0000938654
4   9   1   8   0.0000252616
4   9   2   5   -0.0000202524
4   9   2   8   -0.0000213025
4   9   3   5   0.0007093878
4   9   3   8   0.0012557277
4   9   4   6   0.0003616435
4   9   4   7   0.0001406015
4   9   5   6   -0.0001406015
4   9   5   7   0.0003616435
4   9   6   5   -0.0004170291
4   9   6   8   -0.0008755611
4   10   1   6   -0.0000170624
4   10   1   7   -0.0000066336
4   10   2   6   0.0000037567
4   10   2   7   0.0000014606
4   10   3   6   0.0011272394
4   10   3   7   0.0004382537
4   10   4   5   0.0004335498
4   10   4   8   0.0008873454
4   10   6   6   -0.0012177648
4   10   6   7   -0.0004734486
4   11   1   6   0.0000066336
4   11   1   7   -0.0000170624
4   11   2   6   -0.0000014606
4   11   2   7   0.0000037567
4   11   3   6   -0.0004382537
4   11   3   7   0.0011272394
4   11   5   5   0.0004335498
4   11   5   8   0.0008873454
4   11   6   6   0.0004734486
4   11   6   7   -0.0012177648
4   12   1   5   -0.0000043692
4   12   1   8   -0.0000586618
4   12   2   5   0.0001366992
4   12   2   8   0.0001803438
4   12   3   5   -0.0010903020
4   12   3   8   -0.0008755611
4   12   4   6   -0.0003435586
4   12   4   7   -0.0001335704
4   12   5   6   0.0001335704
4   12   5   7   -0.0003435586
4   12   6   5   0.0017528462
4   12   6   8   0.0022624021

1   7   7   1   -0.1350167433
1   7   7   4   -0.0303731872
1   7   8   1   -0.0000013025
1   7   8   4   -0.0000002466
1   7   9   1   0.0000682693
1   7   9   4   0.0000660896
1   7   10   2   -0.0003054895
1   7   10   3   -0.0001187697
1   7   11   2   0.0001187697
1   7   11   3   -0.0003054895
1   7   12   1   0.0008415665
1   7   12   4   0.0004121835
1   8   7   1   -0.0000013025
1   8   7   4   -0.0000003178
1   8   8   1   -0.2570890002
1   8   8   4   -0.0627926285
1   8   9   1   0.0004205374
1   8   9   4   0.0001017176
1   8   10   2   -0.0002202276
1   8   10   3   -0.0000856212
1   8   11   2   0.0000856212
1   8   11   3   -0.0002202276
1   8   12   1   -0.0016628526
1   8   12   4   -0.0003902681
1   9   7   1   0.0000682693
1   9   7   4   0.0000662835
1   9   8   1   0.0004205374
1   9   8   4   0.0001019049
1   9   9   1   -0.1336204221
1   9   9   4   -0.0289749347
1   9   10   2   -0.0034208316
1   9   10   3   -0.0013299678
1   9   11   2   0.0013299678
1   9   11   3   -0.0034208316
1   9   12   1   0.0100043808
1   9   12   4   0.0037663151
1   10   7   2   -0.0003076945
1   10   7   3   -0.0001196270
1   10   8   2   -0.0002210412
1   10   8   3   -0.0000859375
1   10   9   2   -0.0034213501
1   10   9   3   -0.0013301694
1   10   10   1   -0.1333091918
1   10   10   4   -0.0286284028
1   10   12   2   0.0013121218
1   10   12   3   0.0005101332
1   11   7   2   0.0001196270
1   11   7   3   -0.0003076945
1   11   8   2   0.0000859375
1   11   8   3   -0.0002210412
1   11   9   2   0.0013301694
1   11   9   3   -0.0034213501
1   11   11   1   -0.1333091918
1   11   11   4   -0.0286284028
1   11   12   2   -0.0005101332
1   11   12   3   0.0013121218
1   12   7   1   0.0008415665
1   12   7   4   0.0004099802
1   12   8   1   -0.0016628526
1   12   8   4   -0.0003894982
1   12   9   1   0.0100043808
1   12   9   4   0.0037768685
1   12   10   2   0.0013322689
1   12   10   3   0.0005179661
1   12   11   2   -0.0005179661
1   12   11   3   0.0013322689
1   12   12   1   -0.1381117691
1   12   12   4   -0.0302340534
2   7   7   2   -0.1312841639
2   7   8   2   -0.0000004778
2   7   9   2   0.0000817316
2   7   10   1   -0.0003076945
2   7   10   4   -0.0004440408
2   7   11   1   0.0001196270
2   7   11   4   0.0001726364
2   7   12   2   0.0004823747
2   8   7   2   -0.0000004778
2   8   8   2   -0.1739769942
2   8   9   2   0.0001085480
2   8   10   1   -0.0002210412
2   8   10   4   -0.0001422698
2   8   11   1   0.0000859375
2   8   11   4   0.0000553123
2   8   12   2   -0.0003260465
2   9   7   2   0.0000817316
2   9   8   2   0.0001085480
2   9   9   2   -0.1294425467
2   9   10   1   -0.0034213501
2   9   10   4   -0.0041511468
2   9   11   1   0.0013301694
2   9   11   4   0.0016139034
2   9   12   2   0.0059855369
2   10   7   1   -0.0003054895
2   10   7   4   -0.0004393591
2   10   8   1   -0.0002202276
2   10   8   4   -0.0001411782
2   10   9   1   -0.0034208316
2   10   9   4   -0.0041540660
2   10   10   2   -0.1300060295
2   10   10   3   -0.0004796424
2   10   11   2   0.0004796424
2   10   11   3   -0.0005342684
2   10   12   1   0.0013322689
2   10   12   4   0.0008658443
2   11   7   1   0.0001187697
2   11   7   4   0.0001708162
2   11   8   1   0.0000856212
2   11   8   4   0.0000548880
2   11   9   1   0.0013299678
2   11   9   4   0.0016150383
2   11   10   2   0.0004796424
2   11   10   3   -0.0005129498
2   11   11   2   -0.1289588113
2   11   11   3   0.0004796424
2   11   12   1   -0.0005179661
2   11   12   4   -0.0003366272
2   12   7   2   0.0004823747
2   12   8   2   -0.0003260465
2   12   9   2   0.0059855369
2   12   10   1   0.0013121218
2   12   10   4   0.0008525888
2   12   11   1   -0.0005101332
2   12   11   4   -0.0003314737
2   12   12   2   -0.1310574945
3   7   7   3   -0.1312841639
3   7   8   3   -0.0000004778
3   7   9   3   0.0000817316
3   7   10   1   -0.0001196270
3   7   10   4   -0.0001726364
3   7   11   1   -0.0003076945
3   7   11   4   -0.0004440408
3   7   12   3   0.0004823747
3   8   7   3   -0.0000004778
3   8   8   3   -0.1739769942
3   8   9   3   0.0001085480
3   8   10   1   -0.0000859375
3   8   10   4   -0.0000553123
3   8   11   1   -0.0002210412
3   8   11   4   -0.0001422698
3   8   12   3   -0.0003260465
3   9   7   3   0.0000817316
3   9   8   3   0.0001085480
3   9   9   3   -0.1294425467
3   9   10   1   -0.0013301694
3   9   10   4   -0.0016139034
3   9   11   1   -0.0034213501
3   9   11   4   -0.0041511468
3   9   12   3   0.0059855369
3   10   7   1   -0.0001187697
3   10   7   4   -0.0001708162
3   10   8   1   -0.0000856212
3   10   8   4   -0.0000548880
3   10   9   1   -0.0013299678
3   10   9   4   -0.0016150383
3   10   10   2   -0.0004796424
3   10   10   3   -0.1289588113
3   10   11   2   -0.0005129498
3   10   11   3   -0.0004796424
3   10   12   1   0.0005179661
3   10   12   4   0.0003366272
3   11   7   1   -0.0003054895
3   11   7   4   -0.0004393591
3   11   8   1   -0.0002202276
3   11   8   4   -0.0001411782
3   11   9   1   -0.0034208316
3   11   9   4   -0.0041540660
3   11   10   2   -0.0005342684
3   11   10   3   -0.0004796424
3   11   11   2   0.0004796424
3   11   11   3   -0.1300060295
3   11   12   1   0.0013322689
3   11   12   4   0.0008658443
3   12   7   3   0.0004823747
3   12   8   3   -0.0003260465
3   12   9   3   0.0059855369
3   12   10   1   0.0005101332
3   12   10   4   0.0003314737
3   12   11   1   0.0013121218
3   12   11   4   0.0008525888
3   12   12   3   -0.1310574945
4   7   7   1   -0.0303731872
4   7   7   4   -0.1445812093
4   7   8   1   -0.0000003178
4   7   8   4   -0.0000002686
4   7   9   1   0.0000662835
4   7   9   4   0.0001080557
4   7   10   2   -0.0004393591
4   7   10   3   -0.0001708162
4   7   11   2   0.0001708162
4   7   11   3   -0.0004393591
4   7   12   1   0.0004099802
4   7   12   4   0.0004352001
4   8   7   1   -0.0000002466
4   8   7   4   -0.0000002686
4   8   8   1   -0.0627926285
4   8   8   4   -0.1736630977
4   8   9   1   0.0001019049
4   8   9   4   0.0000834346
4   8   10   2   -0.0001411782
4   8   10   3   -0.0000548880
4   8   11   2   0.0000548880
4   8   11   3   -0.0001411782
4   8   12   1   -0.0003894982
4   8   12   4   -0.0002979900
4   9   7   1   0.0000660896
4   9   7   4   0.0001080557
4   9   8   1   0.0001017176
4   9   8   4   0.0000834346
4   9   9   1   -0.0289749347
4   9   9   4   -0.1425686255
4   9   10   2   -0.0041540660
4   9   10   3   -0.0016150383
4   9   11   2   0.0016150383
4   9   11   3   -0.0041540660
4   9   12   1   0.0037768685
4   9   12   4   0.0037558090
4   10   7   2   -0.0004440408
4   10   7   3   -0.0001726364
4   10   8   2   -0.0001422698
4   10   8   3   -0.0000553123
4   10   9   2   -0.0041511468
4   10   9   3   -0.0016139034
4   10   10   1   -0.0286284028
4   10   10   4   -0.1419797911
4   10   12   2   0.0008525888
4   10   12   3   0.0003314737
4   11   7   2   0.0001726364
4   11   7   3   -0.0004440408
4   11   8   2   0.0000553123
4   11   8   3   -0.0001422698
4   11   9   2   0.0016139034
4   11   9   3   -0.0041511468
4   11   11   1   -0.0286284028
4   11   11   4   -0.1419797911
4   11   12   2   -0.0003314737
4   11   12   3   0.0008525888
4   12   7   1   0.0004121835
4   12   7   4   0.0004352001
4   12   8   1   -0.0003902681
4   12   8   4   -0.0002979900
4   12   9   1   0.0037663151
4   12   9   4   0.0037558090
4   12   10   2   0.0008658443
4   12   10   3   0.0003366272
4   12   11   2   -0.0003366272
4   12   11   3   0.0008658443
4   12   12   1   -0.0302340534
4   12   12   4   -0.1438415953

End AIJB Block
Begin IJKA Block
1   7   1   5   0.0082706057
1   7   1   8   0.0305855629
1   7   2   5   -0.0000040552
1   7   2   8   -0.0000075645
1   7   3   5   -0.0014103214
1   7   3   8   -0.0051287811
1   7   4   6   -0.0025210096
1   7   4   7   -0.0009801306
1   7   5   6   0.0009801306
1   7   5   7   -0.0025210096
1   7   6   5   0.0022599946
1   7   6   8   0.0013647896
1   8   1   5   -0.0023330177
1   8   1   8   -0.0004441067
1   8   2   5   0.0000011315
1   8   2   8   0.0000008743
1   8   3   5   0.0000048543
1   8   3   8   0.0000028698
1   8   4   6   0.0000219280
1   8   4   7   0.0000085253
1   8   5   6   -0.0000085253
1   8   5   7   0.0000219280
1   8   6   5   0.0000510667
1   8   6   8   0.0000097039
1   9   1   5   -0.0101988980
1   9   1   8   -0.0355264662
1   9   2   5   -0.0000017515
1   9   2   8   -0.0000002215
1   9   3   5   0.0001927097
1   9   3   8   0.0007823768
1   9   4   6   -0.0023860190
1   9   4   7   -0.0009276483
1   9   5   6   0.0009276483
1   9   5   7   -0.0023860190
1   9   6   5   0.0022520702
1   9   6   8   0.0016510376
1   10   1   6   -0.0384575730
1   10   1   7   -0.0149517256
1   10   2   6   0.0000015966
1   10   2   7   0.0000006207
1   10   3   6   -0.0001020377
1   10   3   7   -0.0000396707
1   10   4   5   -0.0004132804
1   10   4   8   -0.0016132414
1   10   6   6   -0.0000834382
1   10   6   7   -0.0000324395
1   11   1   6   0.0149517256
1   11   1   7   -0.0384575730
1   11   2   6   -0.0000006207
1   11   2   7   0.0000015966
1   11   3   6   0.0000396707
1   11   3   7   -0.0001020377
1   11   5   5   -0.0004132804
1   11   5   8   -0.0016132414
1   11   6   6   0.0000324395
1   11   6   7   -0.0000834382
1   12   1   5   0.0342576595
1   12   1   8   0.0193993326
1   12   2   5   -0.0000016547
1   12   2   8   -0.0000005730
1   12   3   5   0.0002648849
1   12   3   8   0.0002586036
1   12   4   6   -0.0001554971
1   12   4   7   -0.0000604550
1   12   5   6   0.0000604550
1   12   5   7   -0.0001554971
1   12   6   5   -0.0002502176
1   12   6   8   -0.0012445741
2   7   1   5   0.0000001371
2   7   1   8   -0.0000074387
2   7   2   5   -0.0001492597
2   7   2   8   -0.0001073990
2   7   3   5   0.0000001298
2   7   3   8   -0.0000012432
2   7   4   6   -0.0000029642
2   7   4   7   -0.0000011524
2   7   5   6   0.0000011524
2   7   5   7   -0.0000029642
2   7   6   5   0.0000053836
2   7   6   8   0.0000033173
2   8   1   5   0.0000008992
2   8   1   8   0.0000007025
2   8   2   5   -0.0791940176
2   8   2   8   -0.0656693995
2   8   3   5   0.0003904305
2   8   3   8   0.0003717787
2   8   4   6   0.0001097512
2   8   4   7   0.0000426696
2   8   5   6   -0.0000426696
2   8   5   7   0.0001097512
2   8   6   5   -0.0020390093
2   8   6   8   -0.0019925334
2   9   1   5   0.0000013940
2   9   1   8   -0.0000016101
2   9   2   5   -0.0003917517
2   9   2   8   0.0002032389
2   9   3   5   -0.0000139192
2   9   3   8   -0.0000408641
2   9   4   6   -0.0000083189
2   9   4   7   -0.0000032343
2   9   5   6   0.0000032343
2   9   5   7   -0.0000083189
2   9   6   5   0.0000499204
2   9   6   8   0.0000526916
2   10   1   6   -0.0000009704
2   10   1   7   -0.0000003773
2   10   2   6   0.0013353167
2   10   2   7   0.0005191510
2   10   3   6   -0.0000495256
2   10   3   7   -0.0000192548
2   10   4   5   0.0000203750
2   10   4   8   0.0000264770
2   10   6   6   0.0000824213
2   10   6   7   0.0000320442
2   11   1   6   0.0000003773
2   11   1   7   -0.0000009704
2   11   2   6   -0.0005191510
2   11   2   7   0.0013353167
2   11   3   6   0.0000192548
2   11   3   7   -0.0000495256
2   11   5   5   0.0000203750
2   11   5   8   0.0000264770
2   11   6   6   -0.0000320442
2   11   6   7   0.0000824213
2   12   1   5   0.0000010994
2   12   1   8   0.0000013839
2   12   2   5   -0.0069816938
2   12   2   8   -0.0173584901
2   12   3   5   0.0000660260
2   12   3   8   0.0000482944
2   12   4   6   -0.0000340278
2   12   4   7   -0.0000132295
2   12   5   6   0.0000132295
2   12   5   7   -0.0000340278
2   12   6   5   -0.0001403529
2   12   6   8   -0.0000559629
3   7   1   5   -0.0015453481
3   7   1   8   -0.0055730390
3   7   2   5   -0.0000026384
3   7   2   8   -0.0000008991
3   7   3   5   0.0002291078
3   7   3   8   0.0010542277
3   7   4   6   -0.0026975876
3   7   4   7   -0.0010487815
3   7   5   6   0.0010487815
3   7   5   7   -0.0026975876
3   7   6   5   0.0025194792
3   7   6   8   0.0017932864
3   8   1   5   0.0000055738
3   8   1   8   0.0000025552
3   8   2   5   0.0003887245
3   8   2   8   0.0003725722
3   8   3   5   -0.0023034515
3   8   3   8   -0.0004068375
3   8   4   6   0.0002626600
3   8   4   7   0.0001021183
3   8   5   6   -0.0001021183
3   8   5   7   0.0002626600
3   8   6   5   0.0006111026
3   8   6   8   0.0001149630
3   9   1   5   0.0000624570
3   9   1   8   0.0003831559
3   9   2   5   -0.0000102922
3   9   2   8   -0.0000238814
3   9   3   5   -0.0066062898
3   9   3   8   -0.0213725372
3   9   4   6   -0.0099785049
3   9   4   7   -0.0038794925
3   9   5   6   0.0038794925
3   9   5   7   -0.0099785049
3   9   6   5   0.0097055241
3   9   6   8   0.0064267053
3   10   1   6   -0.0004328894
3   10   1   7   -0.0001683009
3   10   2   6   -0.0000203046
3   10   2   7   -0.0000078941
3   10   3   6   -0.0289282029
3   10   3   7   -0.0112468499
3   10   4   5   -0.0011122331
3   10   4   8   -0.0045088710
3   10   6   6   -0.0011642442
3   10   6   7   -0.0004526406
3   11   1   6   0.0001683009
3   11   1   7   -0.0004328894
3   11   2   6   0.0000078941
3   11   2   7   -0.0000203046
3   11   3   6   0.0112468499
3   11   3   7   -0.0289282029
3   11   5   5   -0.0011122331
3   11   5   8   -0.0045088710
3   11   6   6   0.0004526406
3   11   6   7   -0.0011642442
3   12   1   5   0.0006008481
3   12   1   8   0.0004788573
3   12   2   5   0.0000216575
3   12   2   8   0.0000059744
3   12   3   5   0.0272583132
3   12   3   8   0.0149982892
3   12   4   6   -0.0009330198
3   12   4   7   -0.0003627441
3   12   5   6   0.0003627441
3   12   5   7   -0.0009330198
3   12   6   5   0.0000157401
3   12   6   8   -0.0020024008
4   7   1   6   -0.0029934743
4   7   1   7   -0.0011638177
4   7   2   6   -0.0000030984
4   7   2   7   -0.0000012046
4   7   3   6   -0.0028034870
4   7   3   7   -0.0010899536
4   7   4   5   0.0001483914
4   7   4   8   0.0006140412
4   7   6   6   -0.0000927948
4   7   6   7   -0.0000360772
4   8   1   6   0.0000185499
4   8   1   7   0.0000072119
4   8   2   6   0.0001074832
4   8   2   7   0.0000417878
4   8   3   6   0.0002495983
4   8   3   7   0.0000970401
4   8   4   5   -0.0021985430
4   8   4   8   -0.0003865307
4   8   6   6   -0.0001646555
4   8   6   7   -0.0000640156
4   9   1   6   -0.0025196018
4   9   1   7   -0.0009795833
4   9   2   6   0.0000007091
4   9   2   7   0.0000002757
4   9   3   6   -0.0099556668
4   9   3   7   -0.0038706134
4   9   4   5   -0.0057017491
4   9   4   8   -0.0191012134
4   9   6   6   -0.0002696697
4   9   6   7   -0.0001048435
4   10   1   5   -0.0003737874
4   10   1   8   -0.0015085968
4   10   2   5   0.0000221588
4   10   2   8   0.0000234950
4   10   3   5   -0.0011239022
4   10   3   8   -0.0044250625
4   10   4   6   -0.0312074933
4   10   4   7   -0.0121330037
4   10   5   6   0.0011276616
4   10   5   7   -0.0029004765
4   10   6   5   0.0029232219
4   10   6   8   0.0019601472
4   11   4   6   0.0098320256
4   11   4   7   -0.0252891105
4   11   5   6   -0.0030179063
4   11   5   7   -0.0011733166
4   12   1   6   -0.0001581495
4   12   1   7   -0.0000614862
4   12   2   6   -0.0000364672
4   12   2   7   -0.0000141779
4   12   3   6   -0.0007565854
4   12   3   7   -0.0002941490
4   12   4   5   0.0237551800
4   12   4   8   0.0125956240
4   12   6   6   -0.0029500593
4   12   6   7   -0.0011469387
5   7   1   6   0.0011638177
5   7   1   7   -0.0029934743
5   7   2   6   0.0000012046
5   7   2   7   -0.0000030984
5   7   3   6   0.0010899536
5   7   3   7   -0.0028034870
5   7   5   5   0.0001483914
5   7   5   8   0.0006140412
5   7   6   6   0.0000360772
5   7   6   7   -0.0000927948
5   8   1   6   -0.0000072119
5   8   1   7   0.0000185499
5   8   2   6   -0.0000417878
5   8   2   7   0.0001074832
5   8   3   6   -0.0000970401
5   8   3   7   0.0002495983
5   8   5   5   -0.0021985430
5   8   5   8   -0.0003865307
5   8   6   6   0.0000640156
5   8   6   7   -0.0001646555
5   9   1   6   0.0009795833
5   9   1   7   -0.0025196018
5   9   2   6   -0.0000002757
5   9   2   7   0.0000007091
5   9   3   6   0.0038706134
5   9   3   7   -0.0099556668
5   9   5   5   -0.0057017491
5   9   5   8   -0.0191012134
5   9   6   6   0.0001048435
5   9   6   7   -0.0002696697
5   10   4   6   0.0011733166
5   10   4   7   -0.0030179063
5   10   5   6   -0.0252891105
5   10   5   7   -0.0098320256
5   11   1   5   -0.0003737874
5   11   1   8   -0.0015085968
5   11   2   5   0.0000221588
5   11   2   8   0.0000234950
5   11   3   5   -0.0011239022
5   11   3   8   -0.0044250625
5   11   4   6   -0.0029004765
5   11   4   7   -0.0011276616
5   11   5   6   0.0121330037
5   11   5   7   -0.0312074933
5   11   6   5   0.0029232219
5   11   6   8   0.0019601472
5   12   1   6   0.0000614862
5   12   1   7   -0.0001581495
5   12   2   6   0.0000141779
5   12   2   7   -0.0000364672
5   12   3   6   0.0002941490
5   12   3   7   -0.0007565854
5   12   5   5   0.0237551800
5   12   5   8   0.0125956240
5   12   6   6   0.0011469387
5   12   6   7   -0.0029500593
6   7   1   5   0.0027743152
6   7   1   8   0.0017579534
6   7   2   5   0.0000040179
6   7   2   8   0.0000019868
6   7   3   5   0.0026847474
6   7   3   8   0.0019357759
6   7   4   6   -0.0000749131
6   7   4   7   -0.0000291251
6   7   5   6   0.0000291251
6   7   5   7   -0.0000749131
6   7   6   5   0.0002824609
6   7   6   8   0.0006865415
6   8   1   5   0.0000453893
6   8   1   8   0.0000089078
6   8   2   5   -0.0021564663
6   8   2   8   -0.0020782959
6   8   3   5   0.0005763923
6   8   3   8   0.0001109968
6   8   4   6   -0.0001599015
6   8   4   7   -0.0000621673
6   8   5   6   0.0000621673
6   8   5   7   -0.0001599015
6   8   6   5   -0.0028467304
6   8   6   8   -0.0006275169
6   9   1   5   0.0024533749
6   9   1   8   0.0018054144
6   9   2   5   0.0000223205
6   9   2   8   0.0000133678
6   9   3   5   0.0098188401
6   9   3   8   0.0066859753
6   9   4   6   -0.0003045117
6   9   4   7   -0.0001183896
6   9   5   6   0.0001183896
6   9   5   7   -0.0003045117
6   9   6   5   -0.0051814770
6   9   6   8   -0.0177542341
6   10   1   6   -0.0000859145
6   10   1   7   -0.0000334022
6   10   2   6   0.0000097436
6   10   2   7   0.0000037882
6   10   3   6   -0.0008220709
6   10   3   7   -0.0003196088
6   10   4   5   0.0029625060
6   10   4   8   0.0019724018
6   10   6   6   -0.0246689303
6   10   6   7   -0.0095909089
6   11   1   6   0.0000334022
6   11   1   7   -0.0000859145
6   11   2   6   -0.0000037882
6   11   2   7   0.0000097436
6   11   3   6   0.0003196088
6   11   3   7   -0.0008220709
6   11   5   5   0.0029625060
6   11   5   8   0.0019724018
6   11   6   6   0.0095909089
6   11   6   7   -0.0246689303
6   12   1   5   -0.0001977838
6   12   1   8   -0.0011515189
6   12   2   5   0.0000018273
6   12   2   8   0.0000438250
6   12   3   5   -0.0004134930
6   12   3   8   -0.0023082465
6   12   4   6   -0.0027486664
6   12   4   7   -0.0010686401
6   12   5   6   0.0010686401
6   12   5   7   -0.0027486664
6   12   6   5   0.0294534735
6   12   6   8   0.0160072071

End IJKA Block
Begin IABC Block
1   5   1   5   -0.0000525560
1   5   1   8   -0.0000255638
1   5   2   6   -0.0000222854
1   5   3   7   -0.0000222854
1   5   4   5   -0.0000339106
1   5   4   8   -0.0000166383
1   6   1   6   -0.0000285767
1   6   2   5   -0.0000224511
1   6   2   8   -0.0000342435
1   6   4   6   -0.0000182169
1   7   1   7   -0.0000285767
1   7   3   5   -0.0000224511
1   7   3   8   -0.0000342435
1   7   4   7   -0.0000182169
1   8   1   5   -0.0000252738
1   8   1   8   -0.0000265691
1   8   2   6   -0.0000338025
1   8   3   7   -0.0000338025
1   8   4   5   -0.0000164305
1   8   4   8   -0.0000145385
2   5   1   5   0.0008464598
2   5   1   8   -0.0004866083
2   5   2   6   0.0012457102
2   5   3   7   0.0012457102
2   5   4   5   -0.0004431437
2   5   4   8   -0.0004688767
2   6   1   6   0.0001308704
2   6   2   5   0.0012522251
2   6   2   8   0.0007047682
2   6   4   6   -0.0000199795
2   7   1   7   0.0001308704
2   7   3   5   0.0012522251
2   7   3   8   0.0007047682
2   7   4   7   -0.0000199795
2   8   1   5   -0.0004908544
2   8   1   8   -0.0004430455
2   8   2   6   0.0007002868
2   8   3   7   0.0007002868
2   8   4   5   -0.0004695950
2   8   4   8   -0.0003747022
3   5   1   5   -0.0002767675
3   5   1   8   -0.0001440744
3   5   2   6   0.0000183237
3   5   3   7   0.0000183237
3   5   4   5   -0.0002349275
3   5   4   8   -0.0001030226
3   6   1   6   -0.0001852374
3   6   2   5   0.0000173650
3   6   2   8   -0.0000293245
3   6   4   6   -0.0001793764
3   7   1   7   -0.0001852374
3   7   3   5   0.0000173650
3   7   3   8   -0.0000293245
3   7   4   7   -0.0001793764
3   8   1   5   -0.0001449111
3   8   1   8   -0.0001468171
3   8   2   6   -0.0000266302
3   8   3   7   -0.0000266302
3   8   4   5   -0.0001035016
3   8   4   8   -0.0001771629
4   5   1   6   0.0008916080
4   5   1   7   0.0003466438
4   5   2   5   0.0009551755
4   5   2   8   0.0002418823
4   5   3   5   0.0003713579
4   5   3   8   0.0000940402
4   5   4   6   0.0016286221
4   5   4   7   0.0006331838
4   6   1   5   0.0008900406
4   6   1   8   0.0007328997
4   6   2   6   0.0009267643
4   6   2   7   0.0001170819
4   6   3   6   0.0001266167
4   6   3   7   0.0002999433
4   6   4   5   0.0016255301
4   6   4   8   0.0011914231
4   7   1   5   0.0003460344
4   7   1   8   0.0002849404
4   7   2   6   0.0001166134
4   7   2   7   0.0003256728
4   7   3   6   0.0003011482
4   7   3   7   0.0003603120
4   7   4   5   0.0006319817
4   7   4   8   0.0004632074
4   8   1   6   0.0007395717
4   8   1   7   0.0002875343
4   8   2   5   0.0002427949
4   8   2   8   -0.0001691210
4   8   3   5   0.0000943950
4   8   3   8   -0.0000657517
4   8   4   6   0.0012139456
4   8   4   7   0.0004719638
5   5   1   6   -0.0003466438
5   5   1   7   0.0008916080
5   5   2   5   -0.0003713579
5   5   2   8   -0.0000940402
5   5   3   5   0.0009551755
5   5   3   8   0.0002418823
5   5   4   6   -0.0006331838
5   5   4   7   0.0016286221
5   6   1   5   -0.0003460344
5   6   1   8   -0.0002849404
5   6   2   6   -0.0003603120
5   6   2   7   0.0003011482
5   6   3   6   0.0003256728
5   6   3   7   -0.0001166134
5   6   4   5   -0.0006319817
5   6   4   8   -0.0004632074
5   7   1   5   0.0008900406
5   7   1   8   0.0007328997
5   7   2   6   0.0002999433
5   7   2   7   -0.0001266167
5   7   3   6   -0.0001170819
5   7   3   7   0.0009267643
5   7   4   5   0.0016255301
5   7   4   8   0.0011914231
5   8   1   6   -0.0002875343
5   8   1   7   0.0007395717
5   8   2   5   -0.0000943950
5   8   2   8   0.0000657517
5   8   3   5   0.0002427949
5   8   3   8   -0.0001691210
5   8   4   6   -0.0004719638
5   8   4   7   0.0012139456
6   5   1   5   -0.0024717603
6   5   1   8   -0.0005931995
6   5   2   6   -0.0013987665
6   5   3   7   -0.0013987665
6   5   4   5   -0.0058123596
6   5   4   8   -0.0019057611
6   6   1   6   -0.0013381432
6   6   2   5   -0.0014034146
6   6   2   8   -0.0007779142
6   6   4   6   -0.0034998469
6   7   1   7   -0.0013381432
6   7   3   5   -0.0014034146
6   7   3   8   -0.0007779142
6   7   4   7   -0.0034998469
6   8   1   5   -0.0005976021
6   8   1   8   -0.0004017650
6   8   2   6   -0.0007782793
6   8   3   7   -0.0007782793
6   8   4   5   -0.0019427164
6   8   4   8   -0.0021124024

End IABC Block
