Begin IJ Block
1   1   -41.4319043172
1   2   0.0207507988
1   3   0.7507151627
1   4   0.0602435680
2   2   -7.4855635011
2   3   -0.1103425292
2   4   0.0836962172
3   3   -9.8339965893
3   4   0.0797930134
4   4   -8.7902408026
5   5   -8.6016982153
6   6   -8.6016982153

End IJ Block
Begin IA Block
1   1   -0.0164890945
1   4   -0.0419334026
2   1   0.1153785172
2   4   0.0633222299
3   1   0.0991881862
3   4   0.2299767235
4   1   -0.1168923163
4   4   0.0690303847
5   2   0.3564398477
5   3   0.1221774450
6   2   -0.1221774450
6   3   0.3564398477

End IA Block
Begin AB Block
1   1   -1.9365516511
1   4   -0.3802553689
2   2   -1.5625894979
3   3   -1.5625894979
4   4   -1.7361569948

End AB Block
Begin IJKL Block
1   7   1   7   5.3557678781
1   7   1   8   -0.0142019964
1   7   1   9   -0.5318441143
1   7   1   10   -0.0342553620
1   7   2   7   -0.0142019964
1   7   2   8   0.0000696648
1   7   2   9   0.0022901770
1   7   2   10   -0.0004300374
1   7   3   7   -0.5318441143
1   7   3   8   0.0022901770
1   7   3   9   0.0855572398
1   7   3   10   0.0043833662
1   7   4   7   -0.0342553620
1   7   4   8   -0.0004300374
1   7   4   9   0.0043833662
1   7   4   10   0.0362028294
1   7   5   11   0.0351948011
1   7   6   12   0.0351948011
1   8   1   7   -0.0142019964
1   8   1   8   0.3389986911
1   8   1   9   0.0316081325
1   8   1   10   -0.0238558709
1   8   2   7   0.0000696648
1   8   2   8   0.0001112877
1   8   2   9   -0.0000034299
1   8   2   10   -0.0000180276
1   8   3   7   0.0022901770
1   8   3   8   0.0001927970
1   8   3   9   -0.0005862040
1   8   3   10   0.0001464601
1   8   4   7   -0.0004300374
1   8   4   8   -0.0059971806
1   8   4   9   -0.0008473772
1   8   4   10   0.0013794865
1   8   5   11   0.0010847785
1   8   6   12   0.0010847785
1   9   1   7   -0.5318441143
1   9   1   8   0.0316081325
1   9   1   9   1.2616385460
1   9   1   10   0.0220523279
1   9   2   7   0.0022901770
1   9   2   8   -0.0000034299
1   9   2   9   -0.0005907600
1   9   2   10   -0.0006693277
1   9   3   7   0.0855572398
1   9   3   8   -0.0005862040
1   9   3   9   -0.0228918907
1   9   3   10   -0.0023418911
1   9   4   7   0.0043833662
1   9   4   8   -0.0008473772
1   9   4   9   -0.0043922389
1   9   4   10   0.0373434504
1   9   5   11   0.0365758264
1   9   6   12   0.0365758264
1   10   1   7   -0.0342553620
1   10   1   8   -0.0238558709
1   10   1   9   0.0220523279
1   10   1   10   1.1724717483
1   10   2   7   -0.0004300374
1   10   2   8   -0.0000180276
1   10   2   9   -0.0006693277
1   10   2   10   -0.0004516778
1   10   3   7   0.0043833662
1   10   3   8   0.0001464601
1   10   3   9   -0.0023418911
1   10   3   10   -0.0146306409
1   10   4   7   0.0362028294
1   10   4   8   0.0013794865
1   10   4   9   0.0373434504
1   10   4   10   0.0025632443
1   10   5   11   0.0018738701
1   10   6   12   0.0018738701
1   11   1   11   1.1526948199
1   11   2   11   -0.0004030937
1   11   3   11   -0.0141529492
1   11   4   11   -0.0015961975
1   11   5   7   0.0351948011
1   11   5   8   0.0010847785
1   11   5   9   0.0365758264
1   11   5   10   0.0018738701
1   12   1   12   1.1526948199
1   12   2   12   -0.0004030937
1   12   3   12   -0.0141529492
1   12   4   12   -0.0015961975
1   12   6   7   0.0351948011
1   12   6   8   0.0010847785
1   12   6   9   0.0365758264
1   12   6   10   0.0018738701
2   7   1   7   -0.0142019964
2   7   1   8   0.0000696648
2   7   1   9   0.0022901770
2   7   1   10   -0.0004300374
2   7   2   7   0.3389986911
2   7   2   8   0.0001112877
2   7   2   9   0.0001927970
2   7   2   10   -0.0059971806
2   7   3   7   0.0316081325
2   7   3   8   -0.0000034299
2   7   3   9   -0.0005862040
2   7   3   10   -0.0008473772
2   7   4   7   -0.0238558709
2   7   4   8   -0.0000180276
2   7   4   9   0.0001464601
2   7   4   10   0.0013794865
2   7   5   11   0.0010847785
2   7   6   12   0.0010847785
2   8   1   7   0.0000696648
2   8   1   8   0.0001112877
2   8   1   9   -0.0000034299
2   8   1   10   -0.0000180276
2   8   2   7   0.0001112877
2   8   2   8   1.6402190537
2   8   2   9   -0.0657974344
2   8   2   10   0.0761402327
2   8   3   7   -0.0000034299
2   8   3   8   -0.0657974344
2   8   3   9   0.0049367713
2   8   3   10   -0.0061270630
2   8   4   7   -0.0000180276
2   8   4   8   0.0761402327
2   8   4   9   -0.0061270630
2   8   4   10   0.0082604128
2   8   5   11   0.0006200773
2   8   6   12   0.0006200773
2   9   1   7   0.0022901770
2   9   1   8   -0.0000034299
2   9   1   9   -0.0005907600
2   9   1   10   -0.0006693277
2   9   2   7   0.0001927970
2   9   2   8   -0.0657974344
2   9   2   9   0.3487492548
2   9   2   10   -0.0752486128
2   9   3   7   -0.0005862040
2   9   3   8   0.0049367713
2   9   3   9   0.0210333095
2   9   3   10   -0.0029000654
2   9   4   7   0.0001464601
2   9   4   8   -0.0061270630
2   9   4   9   -0.0184711220
2   9   4   10   0.0069522302
2   9   5   11   0.0058499781
2   9   6   12   0.0058499781
2   10   1   7   -0.0004300374
2   10   1   8   -0.0000180276
2   10   1   9   -0.0006693277
2   10   1   10   -0.0004516778
2   10   2   7   -0.0059971806
2   10   2   8   0.0761402327
2   10   2   9   -0.0752486128
2   10   2   10   0.3654979934
2   10   3   7   -0.0008473772
2   10   3   8   -0.0061270630
2   10   3   9   -0.0029000654
2   10   3   10   0.0189081295
2   10   4   7   0.0013794865
2   10   4   8   0.0082604128
2   10   4   9   0.0069522302
2   10   4   10   -0.0179177116
2   10   5   11   -0.0013792077
2   10   6   12   -0.0013792077
2   11   1   11   -0.0004030937
2   11   2   11   0.3290506354
2   11   3   11   0.0187541234
2   11   4   11   -0.0158383177
2   11   5   7   0.0010847785
2   11   5   8   0.0006200773
2   11   5   9   0.0058499781
2   11   5   10   -0.0013792077
2   12   1   12   -0.0004030937
2   12   2   12   0.3290506354
2   12   3   12   0.0187541234
2   12   4   12   -0.0158383177
2   12   6   7   0.0010847785
2   12   6   8   0.0006200773
2   12   6   9   0.0058499781
2   12   6   10   -0.0013792077
3   7   1   7   -0.5318441143
3   7   1   8   0.0022901770
3   7   1   9   0.0855572398
3   7   1   10   0.0043833662
3   7   2   7   0.0316081325
3   7   2   8   -0.0000034299
3   7   2   9   -0.0005862040
3   7   2   10   -0.0008473772
3   7   3   7   1.2616385460
3   7   3   8   -0.0005907600
3   7   3   9   -0.0228918907
3   7   3   10   -0.0043922389
3   7   4   7   0.0220523279
3   7   4   8   -0.0006693277
3   7   4   9   -0.0023418911
3   7   4   10   0.0373434504
3   7   5   11   0.0365758264
3   7   6   12   0.0365758264
3   8   1   7   0.0022901770
3   8   1   8   0.0001927970
3   8   1   9   -0.0005862040
3   8   1   10   0.0001464601
3   8   2   7   -0.0000034299
3   8   2   8   -0.0657974344
3   8   2   9   0.0049367713
3   8   2   10   -0.0061270630
3   8   3   7   -0.0005907600
3   8   3   8   0.3487492548
3   8   3   9   0.0210333095
3   8   3   10   -0.0184711220
3   8   4   7   -0.0006693277
3   8   4   8   -0.0752486128
3   8   4   9   -0.0029000654
3   8   4   10   0.0069522302
3   8   5   11   0.0058499781
3   8   6   12   0.0058499781
3   9   1   7   0.0855572398
3   9   1   8   -0.0005862040
3   9   1   9   -0.0228918907
3   9   1   10   -0.0023418911
3   9   2   7   -0.0005862040
3   9   2   8   0.0049367713
3   9   2   9   0.0210333095
3   9   2   10   -0.0029000654
3   9   3   7   -0.0228918907
3   9   3   8   0.0210333095
3   9   3   9   0.8818850448
3   9   3   10   -0.0041965358
3   9   4   7   -0.0023418911
3   9   4   8   -0.0029000654
3   9   4   9   -0.0041965358
3   9   4   10   0.1671832127
3   9   5   11   0.1621755122
3   9   6   12   0.1621755122
3   10   1   7   0.0043833662
3   10   1   8   0.0001464601
3   10   1   9   -0.0023418911
3   10   1   10   -0.0146306409
3   10   2   7   -0.0008473772
3   10   2   8   -0.0061270630
3   10   2   9   -0.0029000654
3   10   2   10   0.0189081295
3   10   3   7   -0.0043922389
3   10   3   8   -0.0184711220
3   10   3   9   -0.0041965358
3   10   3   10   0.8303288364
3   10   4   7   0.0373434504
3   10   4   8   0.0069522302
3   10   4   9   0.1671832127
3   10   4   10   0.0173176677
3   10   5   11   0.0039693208
3   10   6   12   0.0039693208
3   11   1   11   -0.0141529492
3   11   2   11   0.0187541234
3   11   3   11   0.8188848303
3   11   4   11   0.0049183423
3   11   5   7   0.0365758264
3   11   5   8   0.0058499781
3   11   5   9   0.1621755122
3   11   5   10   0.0039693208
3   12   1   12   -0.0141529492
3   12   2   12   0.0187541234
3   12   3   12   0.8188848303
3   12   4   12   0.0049183423
3   12   6   7   0.0365758264
3   12   6   8   0.0058499781
3   12   6   9   0.1621755122
3   12   6   10   0.0039693208
4   7   1   7   -0.0342553620
4   7   1   8   -0.0004300374
4   7   1   9   0.0043833662
4   7   1   10   0.0362028294
4   7   2   7   -0.0238558709
4   7   2   8   -0.0000180276
4   7   2   9   0.0001464601
4   7   2   10   0.0013794865
4   7   3   7   0.0220523279
4   7   3   8   -0.0006693277
4   7   3   9   -0.0023418911
4   7   3   10   0.0373434504
4   7   4   7   1.1724717483
4   7   4   8   -0.0004516778
4   7   4   9   -0.0146306409
4   7   4   10   0.0025632443
4   7   5   11   0.0018738701
4   7   6   12   0.0018738701
4   8   1   7   -0.0004300374
4   8   1   8   -0.0059971806
4   8   1   9   -0.0008473772
4   8   1   10   0.0013794865
4   8   2   7   -0.0000180276
4   8   2   8   0.0761402327
4   8   2   9   -0.0061270630
4   8   2   10   0.0082604128
4   8   3   7   -0.0006693277
4   8   3   8   -0.0752486128
4   8   3   9   -0.0029000654
4   8   3   10   0.0069522302
4   8   4   7   -0.0004516778
4   8   4   8   0.3654979934
4   8   4   9   0.0189081295
4   8   4   10   -0.0179177116
4   8   5   11   -0.0013792077
4   8   6   12   -0.0013792077
4   9   1   7   0.0043833662
4   9   1   8   -0.0008473772
4   9   1   9   -0.0043922389
4   9   1   10   0.0373434504
4   9   2   7   0.0001464601
4   9   2   8   -0.0061270630
4   9   2   9   -0.0184711220
4   9   2   10   0.0069522302
4   9   3   7   -0.0023418911
4   9   3   8   -0.0029000654
4   9   3   9   -0.0041965358
4   9   3   10   0.1671832127
4   9   4   7   -0.0146306409
4   9   4   8   0.0189081295
4   9   4   9   0.8303288364
4   9   4   10   0.0173176677
4   9   5   11   0.0039693208
4   9   6   12   0.0039693208
4   10   1   7   0.0362028294
4   10   1   8   0.0013794865
4   10   1   9   0.0373434504
4   10   1   10   0.0025632443
4   10   2   7   0.0013794865
4   10   2   8   0.0082604128
4   10   2   9   0.0069522302
4   10   2   10   -0.0179177116
4   10   3   7   0.0373434504
4   10   3   8   0.0069522302
4   10   3   9   0.1671832127
4   10   3   10   0.0173176677
4   10   4   7   0.0025632443
4   10   4   8   -0.0179177116
4   10   4   9   0.0173176677
4   10   4   10   0.8440217109
4   10   5   11   0.0408241015
4   10   6   12   0.0408241015
4   11   1   11   -0.0015961975
4   11   2   11   -0.0158383177
4   11   3   11   0.0049183423
4   11   4   11   0.7512840324
4   11   5   7   0.0018738701
4   11   5   8   -0.0013792077
4   11   5   9   0.0039693208
4   11   5   10   0.0408241015
4   12   1   12   -0.0015961975
4   12   2   12   -0.0158383177
4   12   3   12   0.0049183423
4   12   4   12   0.7512840324
4   12   6   7   0.0018738701
4   12   6   8   -0.0013792077
4   12   6   9   0.0039693208
4   12   6   10   0.0408241015
5   7   1   11   0.0351948011
5   7   2   11   0.0010847785
5   7   3   11   0.0365758264
5   7   4   11   0.0018738701
5   7   5   7   1.1526948199
5   7   5   8   -0.0004030937
5   7   5   9   -0.0141529492
5   7   5   10   -0.0015961975
5   8   1   11   0.0010847785
5   8   2   11   0.0006200773
5   8   3   11   0.0058499781
5   8   4   11   -0.0013792077
5   8   5   7   -0.0004030937
5   8   5   8   0.3290506354
5   8   5   9   0.0187541234
5   8   5   10   -0.0158383177
5   9   1   11   0.0365758264
5   9   2   11   0.0058499781
5   9   3   11   0.1621755122
5   9   4   11   0.0039693208
5   9   5   7   -0.0141529492
5   9   5   8   0.0187541234
5   9   5   9   0.8188848303
5   9   5   10   0.0049183423
5   10   1   11   0.0018738701
5   10   2   11   -0.0013792077
5   10   3   11   0.0039693208
5   10   4   11   0.0408241015
5   10   5   7   -0.0015961975
5   10   5   8   -0.0158383177
5   10   5   9   0.0049183423
5   10   5   10   0.7512840324
5   11   1   7   0.0351948011
5   11   1   8   0.0010847785
5   11   1   9   0.0365758264
5   11   1   10   0.0018738701
5   11   2   7   0.0010847785
5   11   2   8   0.0006200773
5   11   2   9   0.0058499781
5   11   2   10   -0.0013792077
5   11   3   7   0.0365758264
5   11   3   8   0.0058499781
5   11   3   9   0.1621755122
5   11   3   10   0.0039693208
5   11   4   7   0.0018738701
5   11   4   8   -0.0013792077
5   11   4   9   0.0039693208
5   11   4   10   0.0408241015
5   11   5   11   0.8200582859
5   11   6   12   0.0394532988
5   12   5   12   0.7411516883
5   12   6   11   0.0394532988
6   7   1   12   0.0351948011
6   7   2   12   0.0010847785
6   7   3   12   0.0365758264
6   7   4   12   0.0018738701
6   7   6   7   1.1526948199
6   7   6   8   -0.0004030937
6   7   6   9   -0.0141529492
6   7   6   10   -0.0015961975
6   8   1   12   0.0010847785
6   8   2   12   0.0006200773
6   8   3   12   0.0058499781
6   8   4   12   -0.0013792077
6   8   6   7   -0.0004030937
6   8   6   8   0.3290506354
6   8   6   9   0.0187541234
6   8   6   10   -0.0158383177
6   9   1   12   0.0365758264
6   9   2   12   0.0058499781
6   9   3   12   0.1621755122
6   9   4   12   0.0039693208
6   9   6   7   -0.0141529492
6   9   6   8   0.0187541234
6   9   6   9   0.8188848303
6   9   6   10   0.0049183423
6   10   1   12   0.0018738701
6   10   2   12   -0.0013792077
6   10   3   12   0.0039693208
6   10   4   12   0.0408241015
6   10   6   7   -0.0015961975
6   10   6   8   -0.0158383177
6   10   6   9   0.0049183423
6   10   6   10   0.7512840324
6   11   5   12   0.0394532988
6   11   6   11   0.7411516883
6   12   1   7   0.0351948011
6   12   1   8   0.0010847785
6   12   1   9   0.0365758264
6   12   1   10   0.0018738701
6   12   2   7   0.0010847785
6   12   2   8   0.0006200773
6   12   2   9   0.0058499781
6   12   2   10   -0.0013792077
6   12   3   7   0.0365758264
6   12   3   8   0.0058499781
6   12   3   9   0.1621755122
6   12   3   10   0.0039693208
6   12   4   7   0.0018738701
6   12   4   8   -0.0013792077
6   12   4   9   0.0039693208
6   12   4   10   0.0408241015
6   12   5   11   0.0394532988
6   12   6   12   0.8200582859

End IJKL Block
Begin IJAB Block
1   7   1   5   0.0000752300
1   7   1   8   0.0001145346
1   7   2   6   0.0002186685
1   7   3   7   0.0002186685
1   7   4   5   0.0001145346
1   7   4   8   0.0002989543
1   8   1   5   0.0000055699
1   8   1   8   0.0000017920
1   8   2   6   0.0000022136
1   8   3   7   0.0000022136
1   8   4   5   -0.0000024915
1   8   4   8   -0.0000025183
1   9   1   5   0.0000136600
1   9   1   8   -0.0000352654
1   9   2   6   0.0002091974
1   9   3   7   0.0002091974
1   9   4   5   -0.0000380687
1   9   4   8   -0.0000755173
1   10   1   5   -0.0000128232
1   10   1   8   -0.0000478383
1   10   2   6   0.0000196086
1   10   3   7   0.0000196086
1   10   4   5   0.0000241918
1   10   4   8   0.0000000128
1   11   1   6   -0.0000261405
1   11   1   7   -0.0000089602
1   11   2   5   0.0000389181
1   11   2   8   0.0001146236
1   11   3   5   0.0000133400
1   11   3   8   0.0000392897
1   11   4   6   -0.0000576446
1   11   4   7   -0.0000197589
1   12   1   6   0.0000089602
1   12   1   7   -0.0000261405
1   12   2   5   -0.0000133400
1   12   2   8   -0.0000392897
1   12   3   5   0.0000389181
1   12   3   8   0.0001146236
1   12   4   6   0.0000197589
1   12   4   7   -0.0000576446
2   7   1   5   0.0000055699
2   7   1   8   -0.0000024915
2   7   2   6   0.0000022136
2   7   3   7   0.0000022136
2   7   4   5   0.0000017920
2   7   4   8   -0.0000025183
2   8   1   5   0.0037433135
2   8   1   8   0.0022915299
2   8   2   6   0.0002074822
2   8   3   7   0.0002074822
2   8   4   5   0.0022915299
2   8   4   8   0.0014943431
2   9   1   5   -0.0000951264
2   9   1   8   -0.0000413050
2   9   2   6   0.0000069881
2   9   3   7   0.0000069881
2   9   4   5   -0.0000717251
2   9   4   8   -0.0000347882
2   10   1   5   0.0001261095
2   10   1   8   0.0002522452
2   10   2   6   -0.0000368408
2   10   3   7   -0.0000368408
2   10   4   5   0.0000837265
2   10   4   8   0.0001404087
2   11   1   6   0.0002040893
2   11   1   7   0.0000699560
2   11   2   5   0.0001111845
2   11   2   8   0.0001206421
2   11   3   5   0.0000381109
2   11   3   8   0.0000413527
2   11   4   6   0.0000907326
2   11   4   7   0.0000311006
2   12   1   6   -0.0000699560
2   12   1   7   0.0002040893
2   12   2   5   -0.0000381109
2   12   2   8   -0.0000413527
2   12   3   5   0.0001111845
2   12   3   8   0.0001206421
2   12   4   6   -0.0000311006
2   12   4   7   0.0000907326
3   7   1   5   0.0000136600
3   7   1   8   -0.0000380687
3   7   2   6   0.0002091974
3   7   3   7   0.0002091974
3   7   4   5   -0.0000352654
3   7   4   8   -0.0000755173
3   8   1   5   -0.0000951264
3   8   1   8   -0.0000717251
3   8   2   6   0.0000069881
3   8   3   7   0.0000069881
3   8   4   5   -0.0000413050
3   8   4   8   -0.0000347882
3   9   1   5   0.0003182483
3   9   1   8   0.0004496101
3   9   2   6   0.0007536891
3   9   3   7   0.0007536891
3   9   4   5   0.0004496101
3   9   4   8   0.0010749057
3   10   1   5   -0.0003363238
3   10   1   8   -0.0000894513
3   10   2   6   0.0000705302
3   10   3   7   0.0000705302
3   10   4   5   -0.0005172081
3   10   4   8   0.0001880871
3   11   1   6   0.0005889706
3   11   1   7   0.0002018824
3   11   2   5   0.0001066340
3   11   2   8   0.0003341731
3   11   3   5   0.0000365511
3   11   3   8   0.0001145450
3   11   4   6   0.0014292341
3   11   4   7   0.0004899008
3   12   1   6   -0.0002018824
3   12   1   7   0.0005889706
3   12   2   5   -0.0000365511
3   12   2   8   -0.0001145450
3   12   3   5   0.0001066340
3   12   3   8   0.0003341731
3   12   4   6   -0.0004899008
3   12   4   7   0.0014292341
4   7   1   5   -0.0000128232
4   7   1   8   0.0000241918
4   7   2   6   0.0000196086
4   7   3   7   0.0000196086
4   7   4   5   -0.0000478383
4   7   4   8   0.0000000128
4   8   1   5   0.0001261095
4   8   1   8   0.0000837265
4   8   2   6   -0.0000368408
4   8   3   7   -0.0000368408
4   8   4   5   0.0002522452
4   8   4   8   0.0001404087
4   9   1   5   -0.0003363238
4   9   1   8   -0.0005172081
4   9   2   6   0.0000705302
4   9   3   7   0.0000705302
4   9   4   5   -0.0000894513
4   9   4   8   0.0001880871
4   10   1   5   0.0004655187
4   10   1   8   0.0001579730
4   10   2   6   0.0002309679
4   10   3   7   0.0002309679
4   10   4   5   0.0001579730
4   10   4   8   0.0007197154
4   11   1   6   -0.0007214807
4   11   1   7   -0.0002473031
4   11   2   5   -0.0001294284
4   11   2   8   -0.0000402130
4   11   3   5   -0.0000443644
4   11   3   8   -0.0000137839
4   11   4   6   0.0001611886
4   11   4   7   0.0000552509
4   12   1   6   0.0002473031
4   12   1   7   -0.0007214807
4   12   2   5   0.0000443644
4   12   2   8   0.0000137839
4   12   3   5   -0.0001294284
4   12   3   8   -0.0000402130
4   12   4   6   -0.0000552509
4   12   4   7   0.0001611886
5   7   1   6   0.0000389181
5   7   1   7   0.0000133400
5   7   2   5   -0.0000261405
5   7   2   8   -0.0000576446
5   7   3   5   -0.0000089602
5   7   3   8   -0.0000197589
5   7   4   6   0.0001146236
5   7   4   7   0.0000392897
5   8   1   6   0.0001111845
5   8   1   7   0.0000381109
5   8   2   5   0.0002040893
5   8   2   8   0.0000907326
5   8   3   5   0.0000699560
5   8   3   8   0.0000311006
5   8   4   6   0.0001206421
5   8   4   7   0.0000413527
5   9   1   6   0.0001066340
5   9   1   7   0.0000365511
5   9   2   5   0.0005889706
5   9   2   8   0.0014292341
5   9   3   5   0.0002018824
5   9   3   8   0.0004899008
5   9   4   6   0.0003341731
5   9   4   7   0.0001145450
5   10   1   6   -0.0001294284
5   10   1   7   -0.0000443644
5   10   2   5   -0.0007214807
5   10   2   8   0.0001611886
5   10   3   5   -0.0002473031
5   10   3   8   0.0000552509
5   10   4   6   -0.0000402130
5   10   4   7   -0.0000137839
5   11   1   5   0.0003818143
5   11   1   8   0.0004879777
5   11   2   6   0.0024411335
5   11   2   7   0.0007618103
5   11   3   6   0.0007618103
5   11   3   7   0.0004797590
5   11   4   5   0.0004879777
5   11   4   8   0.0008071275
5   12   2   6   -0.0007618103
5   12   2   7   0.0020038692
5   12   3   6   -0.0000424948
5   12   3   7   0.0007618103
6   7   1   6   -0.0000133400
6   7   1   7   0.0000389181
6   7   2   5   0.0000089602
6   7   2   8   0.0000197589
6   7   3   5   -0.0000261405
6   7   3   8   -0.0000576446
6   7   4   6   -0.0000392897
6   7   4   7   0.0001146236
6   8   1   6   -0.0000381109
6   8   1   7   0.0001111845
6   8   2   5   -0.0000699560
6   8   2   8   -0.0000311006
6   8   3   5   0.0002040893
6   8   3   8   0.0000907326
6   8   4   6   -0.0000413527
6   8   4   7   0.0001206421
6   9   1   6   -0.0000365511
6   9   1   7   0.0001066340
6   9   2   5   -0.0002018824
6   9   2   8   -0.0004899008
6   9   3   5   0.0005889706
6   9   3   8   0.0014292341
6   9   4   6   -0.0001145450
6   9   4   7   0.0003341731
6   10   1   6   0.0000443644
6   10   1   7   -0.0001294284
6   10   2   5   0.0002473031
6   10   2   8   -0.0000552509
6   10   3   5   -0.0007214807
6   10   3   8   0.0001611886
6   10   4   6   0.0000137839
6   10   4   7   -0.0000402130
6   11   2   6   -0.0007618103
6   11   2   7   -0.0000424948
6   11   3   6   0.0020038692
6   11   3   7   0.0007618103
6   12   1   5   0.0003818143
6   12   1   8   0.0004879777
6   12   2   6   0.0004797590
6   12   2   7   -0.0007618103
6   12   3   6   -0.0007618103
6   12   3   7   0.0024411335
6   12   4   5   0.0004879777
6   12   4   8   0.0008071275

End IJAB Block
Begin ABCD Block
1   5   1   5   0.2012945897
1   5   1   8   0.0113741664
1   5   2   6   0.0202786791
1   5   3   7   0.0202786791
1   5   4   5   0.0113741664
1   5   4   8   0.0117467978
1   6   1   6   0.1333503329
1   6   2   5   0.0202786791
1   6   2   8   0.0048205608
1   6   4   6   0.0094368828
1   7   1   7   0.1333503329
1   7   3   5   0.0202786791
1   7   3   8   0.0048205608
1   7   4   7   0.0094368828
1   8   1   5   0.0113741664
1   8   1   8   0.1229327066
1   8   2   6   0.0048205608
1   8   3   7   0.0048205608
1   8   4   5   0.0117467978
1   8   4   8   0.0075275382
2   5   1   6   0.0202786791
2   5   2   5   0.1333503329
2   5   2   8   0.0094368828
2   5   4   6   0.0048205608
2   6   1   5   0.0202786791
2   6   1   8   0.0048205608
2   6   2   6   0.1262425230
2   6   3   7   0.0078469637
2   6   4   5   0.0048205608
2   6   4   8   0.0091870240
2   7   2   7   0.1105485955
2   7   3   6   0.0078469637
2   8   1   6   0.0048205608
2   8   2   5   0.0094368828
2   8   2   8   0.1087298819
2   8   4   6   0.0091870240
3   5   1   7   0.0202786791
3   5   3   5   0.1333503329
3   5   3   8   0.0094368828
3   5   4   7   0.0048205608
3   6   2   7   0.0078469637
3   6   3   6   0.1105485955
3   7   1   5   0.0202786791
3   7   1   8   0.0048205608
3   7   2   6   0.0078469637
3   7   3   7   0.1262425230
3   7   4   5   0.0048205608
3   7   4   8   0.0091870240
3   8   1   7   0.0048205608
3   8   3   5   0.0094368828
3   8   3   8   0.1087298819
3   8   4   7   0.0091870240
4   5   1   5   0.0113741664
4   5   1   8   0.0117467978
4   5   2   6   0.0048205608
4   5   3   7   0.0048205608
4   5   4   5   0.1229327066
4   5   4   8   0.0075275382
4   6   1   6   0.0094368828
4   6   2   5   0.0048205608
4   6   2   8   0.0091870240
4   6   4   6   0.1087298819
4   7   1   7   0.0094368828
4   7   3   5   0.0048205608
4   7   3   8   0.0091870240
4   7   4   7   0.1087298819
4   8   1   5   0.0117467978
4   8   1   8   0.0075275382
4   8   2   6   0.0091870240
4   8   3   7   0.0091870240
4   8   4   5   0.0075275382
4   8   4   8   0.1199459532

End ABCD Block
Begin AIJB Block
1   7   1   5   0.0000752300
1   7   1   8   0.0001145346
1   7   2   5   0.0000055699
1   7   2   8   -0.0000024915
1   7   3   5   0.0000136600
1   7   3   8   -0.0000380687
1   7   4   5   -0.0000128232
1   7   4   8   0.0000241918
1   7   5   6   0.0000389181
1   7   5   7   0.0000133400
1   7   6   6   -0.0000133400
1   7   6   7   0.0000389181
1   8   1   5   0.0000055699
1   8   1   8   0.0000017920
1   8   2   5   0.0037433135
1   8   2   8   0.0022915299
1   8   3   5   -0.0000951264
1   8   3   8   -0.0000717251
1   8   4   5   0.0001261095
1   8   4   8   0.0000837265
1   8   5   6   0.0001111845
1   8   5   7   0.0000381109
1   8   6   6   -0.0000381109
1   8   6   7   0.0001111845
1   9   1   5   0.0000136600
1   9   1   8   -0.0000352654
1   9   2   5   -0.0000951264
1   9   2   8   -0.0000413050
1   9   3   5   0.0003182483
1   9   3   8   0.0004496101
1   9   4   5   -0.0003363238
1   9   4   8   -0.0005172081
1   9   5   6   0.0001066340
1   9   5   7   0.0000365511
1   9   6   6   -0.0000365511
1   9   6   7   0.0001066340
1   10   1   5   -0.0000128232
1   10   1   8   -0.0000478383
1   10   2   5   0.0001261095
1   10   2   8   0.0002522452
1   10   3   5   -0.0003363238
1   10   3   8   -0.0000894513
1   10   4   5   0.0004655187
1   10   4   8   0.0001579730
1   10   5   6   -0.0001294284
1   10   5   7   -0.0000443644
1   10   6   6   0.0000443644
1   10   6   7   -0.0001294284
1   11   1   6   -0.0000261405
1   11   1   7   -0.0000089602
1   11   2   6   0.0002040893
1   11   2   7   0.0000699560
1   11   3   6   0.0005889706
1   11   3   7   0.0002018824
1   11   4   6   -0.0007214807
1   11   4   7   -0.0002473031
1   11   5   5   0.0003818143
1   11   5   8   0.0004879777
1   12   1   6   0.0000089602
1   12   1   7   -0.0000261405
1   12   2   6   -0.0000699560
1   12   2   7   0.0002040893
1   12   3   6   -0.0002018824
1   12   3   7   0.0005889706
1   12   4   6   0.0002473031
1   12   4   7   -0.0007214807
1   12   6   5   0.0003818143
1   12   6   8   0.0004879777
2   7   1   6   0.0002186685
2   7   2   6   0.0000022136
2   7   3   6   0.0002091974
2   7   4   6   0.0000196086
2   7   5   5   -0.0000261405
2   7   5   8   -0.0000576446
2   7   6   5   0.0000089602
2   7   6   8   0.0000197589
2   8   1   6   0.0000022136
2   8   2   6   0.0002074822
2   8   3   6   0.0000069881
2   8   4   6   -0.0000368408
2   8   5   5   0.0002040893
2   8   5   8   0.0000907326
2   8   6   5   -0.0000699560
2   8   6   8   -0.0000311006
2   9   1   6   0.0002091974
2   9   2   6   0.0000069881
2   9   3   6   0.0007536891
2   9   4   6   0.0000705302
2   9   5   5   0.0005889706
2   9   5   8   0.0014292341
2   9   6   5   -0.0002018824
2   9   6   8   -0.0004899008
2   10   1   6   0.0000196086
2   10   2   6   -0.0000368408
2   10   3   6   0.0000705302
2   10   4   6   0.0002309679
2   10   5   5   -0.0007214807
2   10   5   8   0.0001611886
2   10   6   5   0.0002473031
2   10   6   8   -0.0000552509
2   11   1   5   0.0000389181
2   11   1   8   0.0001146236
2   11   2   5   0.0001111845
2   11   2   8   0.0001206421
2   11   3   5   0.0001066340
2   11   3   8   0.0003341731
2   11   4   5   -0.0001294284
2   11   4   8   -0.0000402130
2   11   5   6   0.0024411335
2   11   5   7   0.0007618103
2   11   6   6   -0.0007618103
2   11   6   7   -0.0000424948
2   12   1   5   -0.0000133400
2   12   1   8   -0.0000392897
2   12   2   5   -0.0000381109
2   12   2   8   -0.0000413527
2   12   3   5   -0.0000365511
2   12   3   8   -0.0001145450
2   12   4   5   0.0000443644
2   12   4   8   0.0000137839
2   12   5   6   -0.0007618103
2   12   5   7   0.0020038692
2   12   6   6   0.0004797590
2   12   6   7   -0.0007618103
3   7   1   7   0.0002186685
3   7   2   7   0.0000022136
3   7   3   7   0.0002091974
3   7   4   7   0.0000196086
3   7   5   5   -0.0000089602
3   7   5   8   -0.0000197589
3   7   6   5   -0.0000261405
3   7   6   8   -0.0000576446
3   8   1   7   0.0000022136
3   8   2   7   0.0002074822
3   8   3   7   0.0000069881
3   8   4   7   -0.0000368408
3   8   5   5   0.0000699560
3   8   5   8   0.0000311006
3   8   6   5   0.0002040893
3   8   6   8   0.0000907326
3   9   1   7   0.0002091974
3   9   2   7   0.0000069881
3   9   3   7   0.0007536891
3   9   4   7   0.0000705302
3   9   5   5   0.0002018824
3   9   5   8   0.0004899008
3   9   6   5   0.0005889706
3   9   6   8   0.0014292341
3   10   1   7   0.0000196086
3   10   2   7   -0.0000368408
3   10   3   7   0.0000705302
3   10   4   7   0.0002309679
3   10   5   5   -0.0002473031
3   10   5   8   0.0000552509
3   10   6   5   -0.0007214807
3   10   6   8   0.0001611886
3   11   1   5   0.0000133400
3   11   1   8   0.0000392897
3   11   2   5   0.0000381109
3   11   2   8   0.0000413527
3   11   3   5   0.0000365511
3   11   3   8   0.0001145450
3   11   4   5   -0.0000443644
3   11   4   8   -0.0000137839
3   11   5   6   0.0007618103
3   11   5   7   0.0004797590
3   11   6   6   0.0020038692
3   11   6   7   0.0007618103
3   12   1   5   0.0000389181
3   12   1   8   0.0001146236
3   12   2   5   0.0001111845
3   12   2   8   0.0001206421
3   12   3   5   0.0001066340
3   12   3   8   0.0003341731
3   12   4   5   -0.0001294284
3   12   4   8   -0.0000402130
3   12   5   6   -0.0000424948
3   12   5   7   0.0007618103
3   12   6   6   -0.0007618103
3   12   6   7   0.0024411335
4   7   1   5   0.0001145346
4   7   1   8   0.0002989543
4   7   2   5   0.0000017920
4   7   2   8   -0.0000025183
4   7   3   5   -0.0000352654
4   7   3   8   -0.0000755173
4   7   4   5   -0.0000478383
4   7   4   8   0.0000000128
4   7   5   6   0.0001146236
4   7   5   7   0.0000392897
4   7   6   6   -0.0000392897
4   7   6   7   0.0001146236
4   8   1   5   -0.0000024915
4   8   1   8   -0.0000025183
4   8   2   5   0.0022915299
4   8   2   8   0.0014943431
4   8   3   5   -0.0000413050
4   8   3   8   -0.0000347882
4   8   4   5   0.0002522452
4   8   4   8   0.0001404087
4   8   5   6   0.0001206421
4   8   5   7   0.0000413527
4   8   6   6   -0.0000413527
4   8   6   7   0.0001206421
4   9   1   5   -0.0000380687
4   9   1   8   -0.0000755173
4   9   2   5   -0.0000717251
4   9   2   8   -0.0000347882
4   9   3   5   0.0004496101
4   9   3   8   0.0010749057
4   9   4   5   -0.0000894513
4   9   4   8   0.0001880871
4   9   5   6   0.0003341731
4   9   5   7   0.0001145450
4   9   6   6   -0.0001145450
4   9   6   7   0.0003341731
4   10   1   5   0.0000241918
4   10   1   8   0.0000000128
4   10   2   5   0.0000837265
4   10   2   8   0.0001404087
4   10   3   5   -0.0005172081
4   10   3   8   0.0001880871
4   10   4   5   0.0001579730
4   10   4   8   0.0007197154
4   10   5   6   -0.0000402130
4   10   5   7   -0.0000137839
4   10   6   6   0.0000137839
4   10   6   7   -0.0000402130
4   11   1   6   -0.0000576446
4   11   1   7   -0.0000197589
4   11   2   6   0.0000907326
4   11   2   7   0.0000311006
4   11   3   6   0.0014292341
4   11   3   7   0.0004899008
4   11   4   6   0.0001611886
4   11   4   7   0.0000552509
4   11   5   5   0.0004879777
4   11   5   8   0.0008071275
4   12   1   6   0.0000197589
4   12   1   7   -0.0000576446
4   12   2   6   -0.0000311006
4   12   2   7   0.0000907326
4   12   3   6   -0.0004899008
4   12   3   7   0.0014292341
4   12   4   6   -0.0000552509
4   12   4   7   0.0001611886
4   12   6   5   0.0004879777
4   12   6   8   0.0008071275

1   7   7   1   -0.1483630683
1   7   7   4   -0.0293639024
1   7   8   1   -0.0000187043
1   7   8   4   -0.0000049834
1   7   9   1   -0.0000121799
1   7   9   4   0.0000191074
1   7   10   1   0.0010120687
1   7   10   4   0.0003168023
1   7   11   2   -0.0004001774
1   7   11   3   -0.0001371694
1   7   12   2   0.0001371694
1   7   12   3   -0.0004001774
1   8   7   1   -0.0000187043
1   8   7   4   -0.0000049834
1   8   8   1   -0.2255403725
1   8   8   4   -0.0464229860
1   8   9   1   0.0033085061
1   8   9   4   0.0006923582
1   8   10   1   -0.0034557264
1   8   10   4   -0.0006624271
1   8   11   2   -0.0006235645
1   8   11   3   -0.0002137402
1   8   12   2   0.0002137402
1   8   12   3   -0.0006235645
1   9   7   1   -0.0000121799
1   9   7   4   0.0000191074
1   9   8   1   0.0033085061
1   9   8   4   0.0006923582
1   9   9   1   -0.1491880406
1   9   9   4   -0.0292466101
1   9   10   1   0.0118751602
1   9   10   4   0.0033795802
1   9   11   2   -0.0043900437
1   9   11   3   -0.0015047822
1   9   12   2   0.0015047822
1   9   12   3   -0.0043900437
1   10   7   1   0.0010120687
1   10   7   4   0.0003168023
1   10   8   1   -0.0034557264
1   10   8   4   -0.0006624271
1   10   9   1   0.0118751602
1   10   9   4   0.0033795802
1   10   10   1   -0.1494207480
1   10   10   4   -0.0290024068
1   10   11   2   0.0008721000
1   10   11   3   0.0002989311
1   10   12   2   -0.0002989311
1   10   12   3   0.0008721000
1   11   7   2   -0.0004001774
1   11   7   3   -0.0001371694
1   11   8   2   -0.0006235645
1   11   8   3   -0.0002137402
1   11   9   2   -0.0043900437
1   11   9   3   -0.0015047822
1   11   10   2   0.0008721000
1   11   10   3   0.0002989311
1   11   11   1   -0.1483323110
1   11   11   4   -0.0290432903
1   12   7   2   0.0001371694
1   12   7   3   -0.0004001774
1   12   8   2   0.0002137402
1   12   8   3   -0.0006235645
1   12   9   2   0.0015047822
1   12   9   3   -0.0043900437
1   12   10   2   -0.0002989311
1   12   10   3   0.0008721000
1   12   12   1   -0.1483323110
1   12   12   4   -0.0290432903
2   7   7   2   -0.1330230957
2   7   8   2   -0.0000035348
2   7   9   2   0.0000762411
2   7   10   2   0.0003336300
2   7   11   1   -0.0004001774
2   7   11   4   -0.0005120776
2   7   12   1   0.0001371694
2   7   12   4   0.0001755257
2   8   7   2   -0.0000035348
2   8   8   2   -0.1451975221
2   8   9   2   0.0004923831
2   8   10   2   -0.0004095649
2   8   11   1   -0.0006235645
2   8   11   4   -0.0004454667
2   8   12   1   0.0002137402
2   8   12   4   0.0001526933
2   9   7   2   0.0000762411
2   9   8   2   0.0004923831
2   9   9   2   -0.1313999921
2   9   10   2   0.0038809805
2   9   11   1   -0.0043900437
2   9   11   4   -0.0049601225
2   9   12   1   0.0015047822
2   9   12   4   0.0017001889
2   10   7   2   0.0003336300
2   10   8   2   -0.0004095649
2   10   9   2   0.0038809805
2   10   10   2   -0.1306051943
2   10   11   1   0.0008721000
2   10   11   4   0.0001493518
2   10   12   1   -0.0002989311
2   10   12   4   -0.0000511936
2   11   7   1   -0.0004001774
2   11   7   4   -0.0005120776
2   11   8   1   -0.0006235645
2   11   8   4   -0.0004454667
2   11   9   1   -0.0043900437
2   11   9   4   -0.0049601225
2   11   10   1   0.0008721000
2   11   10   4   0.0001493518
2   11   11   2   -0.1318794421
2   11   11   3   -0.0004871368
2   11   12   2   0.0004871368
2   11   12   3   -0.0006270968
2   12   7   1   0.0001371694
2   12   7   4   0.0001755257
2   12   8   1   0.0002137402
2   12   8   4   0.0001526933
2   12   9   1   0.0015047822
2   12   9   4   0.0017001889
2   12   10   1   -0.0002989311
2   12   10   4   -0.0000511936
2   12   11   2   0.0004871368
2   12   11   3   -0.0006270968
2   12   12   2   -0.1306252484
2   12   12   3   0.0004871368
3   7   7   3   -0.1330230957
3   7   8   3   -0.0000035348
3   7   9   3   0.0000762411
3   7   10   3   0.0003336300
3   7   11   1   -0.0001371694
3   7   11   4   -0.0001755257
3   7   12   1   -0.0004001774
3   7   12   4   -0.0005120776
3   8   7   3   -0.0000035348
3   8   8   3   -0.1451975221
3   8   9   3   0.0004923831
3   8   10   3   -0.0004095649
3   8   11   1   -0.0002137402
3   8   11   4   -0.0001526933
3   8   12   1   -0.0006235645
3   8   12   4   -0.0004454667
3   9   7   3   0.0000762411
3   9   8   3   0.0004923831
3   9   9   3   -0.1313999921
3   9   10   3   0.0038809805
3   9   11   1   -0.0015047822
3   9   11   4   -0.0017001889
3   9   12   1   -0.0043900437
3   9   12   4   -0.0049601225
3   10   7   3   0.0003336300
3   10   8   3   -0.0004095649
3   10   9   3   0.0038809805
3   10   10   3   -0.1306051943
3   10   11   1   0.0002989311
3   10   11   4   0.0000511936
3   10   12   1   0.0008721000
3   10   12   4   0.0001493518
3   11   7   1   -0.0001371694
3   11   7   4   -0.0001755257
3   11   8   1   -0.0002137402
3   11   8   4   -0.0001526933
3   11   9   1   -0.0015047822
3   11   9   4   -0.0017001889
3   11   10   1   0.0002989311
3   11   10   4   0.0000511936
3   11   11   2   -0.0004871368
3   11   11   3   -0.1306252484
3   11   12   2   -0.0006270968
3   11   12   3   -0.0004871368
3   12   7   1   -0.0004001774
3   12   7   4   -0.0005120776
3   12   8   1   -0.0006235645
3   12   8   4   -0.0004454667
3   12   9   1   -0.0043900437
3   12   9   4   -0.0049601225
3   12   10   1   0.0008721000
3   12   10   4   0.0001493518
3   12   11   2   -0.0006270968
3   12   11   3   -0.0004871368
3   12   12   2   0.0004871368
3   12   12   3   -0.1318794421
4   7   7   1   -0.0293639024
4   7   7   4   -0.1518573734
4   7   8   1   -0.0000049834
4   7   8   4   0.0000035243
4   7   9   1   0.0000191074
4   7   9   4   0.0000840452
4   7   10   1   0.0003168023
4   7   10   4   -0.0000674236
4   7   11   2   -0.0005120776
4   7   11   3   -0.0001755257
4   7   12   2   0.0001755257
4   7   12   3   -0.0005120776
4   8   7   1   -0.0000049834
4   8   7   4   0.0000035243
4   8   8   1   -0.0464229860
4   8   8   4   -0.1497719350
4   8   9   1   0.0006923582
4   8   9   4   0.0000075286
4   8   10   1   -0.0006624271
4   8   10   4   -0.0000327587
4   8   11   2   -0.0004454667
4   8   11   3   -0.0001526933
4   8   12   2   0.0001526933
4   8   12   3   -0.0004454667
4   9   7   1   0.0000191074
4   9   7   4   0.0000840452
4   9   8   1   0.0006923582
4   9   8   4   0.0000075286
4   9   9   1   -0.0292466101
4   9   9   4   -0.1504805317
4   9   10   1   0.0033795802
4   9   10   4   -0.0006719985
4   9   11   2   -0.0049601225
4   9   11   3   -0.0017001889
4   9   12   2   0.0017001889
4   9   12   3   -0.0049601225
4   10   7   1   0.0003168023
4   10   7   4   -0.0000674236
4   10   8   1   -0.0006624271
4   10   8   4   -0.0000327587
4   10   9   1   0.0033795802
4   10   9   4   -0.0006719985
4   10   10   1   -0.0290024068
4   10   10   4   -0.1507349808
4   10   11   2   0.0001493518
4   10   11   3   0.0000511936
4   10   12   2   -0.0000511936
4   10   12   3   0.0001493518
4   11   7   2   -0.0005120776
4   11   7   3   -0.0001755257
4   11   8   2   -0.0004454667
4   11   8   3   -0.0001526933
4   11   9   2   -0.0049601225
4   11   9   3   -0.0017001889
4   11   10   2   0.0001493518
4   11   10   3   0.0000511936
4   11   11   1   -0.0290432903
4   11   11   4   -0.1500194085
4   12   7   2   0.0001755257
4   12   7   3   -0.0005120776
4   12   8   2   0.0001526933
4   12   8   3   -0.0004454667
4   12   9   2   0.0017001889
4   12   9   3   -0.0049601225
4   12   10   2   -0.0000511936
4   12   10   3   0.0001493518
4   12   12   1   -0.0290432903
4   12   12   4   -0.1500194085

End AIJB Block
Begin IJKA Block
1   7   1   5   0.0126559661
1   7   1   8   0.0312690199
1   7   2   5   -0.0000699989
1   7   2   8   -0.0001301708
1   7   3   5   -0.0020795534
1   7   3   8   -0.0050349801
1   7   4   5   0.0008355471
1   7   4   8   -0.0005585061
1   7   5   6   -0.0026242529
1   7   5   7   -0.0008995193
1   7   6   6   0.0008995193
1   7   6   7   -0.0026242529
1   8   1   5   -0.0060899970
1   8   1   8   -0.0029246673
1   8   2   5   -0.0000030972
1   8   2   8   -0.0000006736
1   8   3   5   0.0000131134
1   8   3   8   0.0000310567
1   8   4   5   0.0002237094
1   8   4   8   0.0000976006
1   8   5   6   -0.0000259575
1   8   5   7   -0.0000088975
1   8   6   6   0.0000088975
1   8   6   7   -0.0000259575
1   9   1   5   -0.0192717715
1   9   1   8   -0.0458172992
1   9   2   5   -0.0000010725
1   9   2   8   0.0000404277
1   9   3   5   0.0005320997
1   9   3   8   0.0013641638
1   9   4   5   0.0010123981
1   9   4   8   -0.0000748188
1   9   5   6   -0.0025213142
1   9   5   7   -0.0008642348
1   9   6   6   0.0008642348
1   9   6   7   -0.0025213142
1   10   1   5   0.0210694530
1   10   1   8   -0.0090423346
1   10   2   5   0.0000031056
1   10   2   8   0.0000320494
1   10   3   5   -0.0003275684
1   10   3   8   0.0002379578
1   10   4   5   -0.0007650901
1   10   4   8   -0.0016001250
1   10   5   6   -0.0002301682
1   10   5   7   -0.0000788951
1   10   6   6   0.0000788951
1   10   6   7   -0.0002301682
1   11   1   6   -0.0621833763
1   11   1   7   -0.0213146933
1   11   2   6   0.0000324677
1   11   2   7   0.0000111290
1   11   3   6   0.0010597327
1   11   3   7   0.0003632462
1   11   4   6   -0.0000247098
1   11   4   7   -0.0000084698
1   11   5   5   -0.0005236318
1   11   5   8   -0.0015386728
1   12   1   6   0.0213146933
1   12   1   7   -0.0621833763
1   12   2   6   -0.0000111290
1   12   2   7   0.0000324677
1   12   3   6   -0.0003632462
1   12   3   7   0.0010597327
1   12   4   6   0.0000084698
1   12   4   7   -0.0000247098
1   12   6   5   -0.0005236318
1   12   6   8   -0.0015386728
2   7   1   5   -0.0000699989
2   7   1   8   -0.0001301708
2   7   2   5   -0.0001606153
2   7   2   8   0.0000358120
2   7   3   5   -0.0000082717
2   7   3   8   0.0000393012
2   7   4   5   0.0000334056
2   7   4   8   -0.0000188923
2   7   5   6   -0.0000801895
2   7   5   7   -0.0000274867
2   7   6   6   0.0000274867
2   7   6   7   -0.0000801895
2   8   1   5   -0.0000030972
2   8   1   8   -0.0000006736
2   8   2   5   -0.0586520606
2   8   2   8   -0.0392866038
2   8   3   5   0.0026781302
2   8   3   8   0.0020449426
2   8   4   5   -0.0030306393
2   8   4   8   -0.0025141024
2   8   5   6   0.0002496813
2   8   5   7   0.0000855836
2   8   6   6   -0.0000855836
2   8   6   7   0.0002496813
2   9   1   5   -0.0000010725
2   9   1   8   0.0000404277
2   9   2   5   0.0006259915
2   9   2   8   0.0006796235
2   9   3   5   -0.0005767908
2   9   3   8   -0.0008737007
2   9   4   5   0.0006235193
2   9   4   8   0.0006855549
2   9   5   6   -0.0003160293
2   9   5   7   -0.0001083259
2   9   6   6   0.0001083259
2   9   6   7   -0.0003160293
2   10   1   5   0.0000031056
2   10   1   8   0.0000320494
2   10   2   5   -0.0014721746
2   10   2   8   -0.0100245221
2   10   3   5   0.0006783065
2   10   3   8   0.0002859671
2   10   4   5   -0.0007046754
2   10   4   8   -0.0003053542
2   10   5   6   -0.0000393286
2   10   5   7   -0.0000134807
2   10   6   6   0.0000134807
2   10   6   7   -0.0000393286
2   11   1   6   0.0000324677
2   11   1   7   0.0000111290
2   11   2   6   -0.0025906105
2   11   2   7   -0.0008879876
2   11   3   6   -0.0012441687
2   11   3   7   -0.0004264657
2   11   4   6   0.0009513659
2   11   4   7   0.0003261012
2   11   5   5   0.0001222420
2   11   5   8   0.0001013495
2   12   1   6   -0.0000111290
2   12   1   7   0.0000324677
2   12   2   6   0.0008879876
2   12   2   7   -0.0025906105
2   12   3   6   0.0004264657
2   12   3   7   -0.0012441687
2   12   4   6   -0.0003261012
2   12   4   7   0.0009513659
2   12   6   5   0.0001222420
2   12   6   8   0.0001013495
3   7   1   5   -0.0020795534
3   7   1   8   -0.0050349801
3   7   2   5   -0.0000082717
3   7   2   8   0.0000393012
3   7   3   5   0.0004408081
3   7   3   8   0.0013039832
3   7   4   5   0.0010377749
3   7   4   8   -0.0001778907
3   7   5   6   -0.0027139618
3   7   5   7   -0.0009302689
3   7   6   6   0.0009302689
3   7   6   7   -0.0027139618
3   8   1   5   0.0000131134
3   8   1   8   0.0000310567
3   8   2   5   0.0026781302
3   8   2   8   0.0020449426
3   8   3   5   -0.0060220900
3   8   3   8   -0.0025778902
3   8   4   5   0.0024029802
3   8   4   8   0.0010282448
3   8   5   6   0.0002007320
3   8   5   7   0.0000688052
3   8   6   6   -0.0000688052
3   8   6   7   0.0002007320
3   9   1   5   0.0005320997
3   9   1   8   0.0013641638
3   9   2   5   -0.0005767908
3   9   2   8   -0.0008737007
3   9   3   5   -0.0104232493
3   9   3   8   -0.0238837098
3   9   4   5   0.0037065115
3   9   4   8   -0.0012574557
3   9   5   6   -0.0101927683
3   9   5   7   -0.0034937912
3   9   6   6   0.0034937912
3   9   6   7   -0.0101927683
3   10   1   5   -0.0003275684
3   10   1   8   0.0002379578
3   10   2   5   0.0006783065
3   10   2   8   0.0002859671
3   10   3   5   0.0126689280
3   10   3   8   -0.0052696720
3   10   4   5   -0.0022231972
3   10   4   8   -0.0035614699
3   10   5   6   -0.0011457616
3   10   5   7   -0.0003927345
3   10   6   6   0.0003927345
3   10   6   7   -0.0011457616
3   11   1   6   0.0010597327
3   11   1   7   0.0003632462
3   11   2   6   -0.0012441687
3   11   2   7   -0.0004264657
3   11   3   6   -0.0375476165
3   11   3   7   -0.0128702553
3   11   4   6   -0.0016817618
3   11   4   7   -0.0005764601
3   11   5   5   -0.0003198240
3   11   5   8   -0.0029905729
3   12   1   6   -0.0003632462
3   12   1   7   0.0010597327
3   12   2   6   0.0004264657
3   12   2   7   -0.0012441687
3   12   3   6   0.0128702553
3   12   3   7   -0.0375476165
3   12   4   6   0.0005764601
3   12   4   7   -0.0016817618
3   12   6   5   -0.0003198240
3   12   6   8   -0.0029905729
4   7   1   5   0.0008355471
4   7   1   8   -0.0005585061
4   7   2   5   0.0000334056
4   7   2   8   -0.0000188923
4   7   3   5   0.0010377749
4   7   3   8   -0.0001778907
4   7   4   5   0.0003988326
4   7   4   8   0.0007753405
4   7   5   6   -0.0001467722
4   7   5   7   -0.0000503093
4   7   6   6   0.0000503093
4   7   6   7   -0.0001467722
4   8   1   5   0.0002237094
4   8   1   8   0.0000976006
4   8   2   5   -0.0030306393
4   8   2   8   -0.0025141024
4   8   3   5   0.0024029802
4   8   3   8   0.0010282448
4   8   4   5   -0.0066922392
4   8   4   8   -0.0028982176
4   8   5   6   -0.0002065292
4   8   5   7   -0.0000707923
4   8   6   6   0.0000707923
4   8   6   7   -0.0002065292
4   9   1   5   0.0010123981
4   9   1   8   -0.0000748188
4   9   2   5   0.0006235193
4   9   2   8   0.0006855549
4   9   3   5   0.0037065115
4   9   3   8   -0.0012574557
4   9   4   5   -0.0092724210
4   9   4   8   -0.0217588904
4   9   5   6   -0.0005554237
4   9   5   7   -0.0001903835
4   9   6   6   0.0001903835
4   9   6   7   -0.0005554237
4   10   1   5   -0.0007650901
4   10   1   8   -0.0016001250
4   10   2   5   -0.0007046754
4   10   2   8   -0.0003053542
4   10   3   5   -0.0022231972
4   10   3   8   -0.0035614699
4   10   4   5   0.0126882476
4   10   4   8   -0.0057146280
4   10   5   6   -0.0022800882
4   10   5   7   -0.0007815494
4   10   6   6   0.0007815494
4   10   6   7   -0.0022800882
4   11   1   6   -0.0000247098
4   11   1   7   -0.0000084698
4   11   2   6   0.0009513659
4   11   2   7   0.0003261012
4   11   3   6   -0.0016817618
4   11   3   7   -0.0005764601
4   11   4   6   -0.0331280437
4   11   4   7   -0.0113553515
4   11   5   5   0.0004608925
4   11   5   8   -0.0007627692
4   12   1   6   0.0000084698
4   12   1   7   -0.0000247098
4   12   2   6   -0.0003261012
4   12   2   7   0.0009513659
4   12   3   6   0.0005764601
4   12   3   7   -0.0016817618
4   12   4   6   0.0113553515
4   12   4   7   -0.0331280437
4   12   6   5   0.0004608925
4   12   6   8   -0.0007627692
5   7   1   6   -0.0026242529
5   7   1   7   -0.0008995193
5   7   2   6   -0.0000801895
5   7   2   7   -0.0000274867
5   7   3   6   -0.0027139618
5   7   3   7   -0.0009302689
5   7   4   6   -0.0001467722
5   7   4   7   -0.0000503093
5   7   5   5   0.0002979316
5   7   5   8   0.0007800327
5   8   1   6   -0.0000259575
5   8   1   7   -0.0000088975
5   8   2   6   0.0002496813
5   8   2   7   0.0000855836
5   8   3   6   0.0002007320
5   8   3   7   0.0000688052
5   8   4   6   -0.0002065292
5   8   4   7   -0.0000707923
5   8   5   5   -0.0050561963
5   8   5   8   -0.0020851506
5   9   1   6   -0.0025213142
5   9   1   7   -0.0008642348
5   9   2   6   -0.0003160293
5   9   2   7   -0.0001083259
5   9   3   6   -0.0101927683
5   9   3   7   -0.0034937912
5   9   4   6   -0.0005554237
5   9   4   7   -0.0001903835
5   9   5   5   -0.0087982008
5   9   5   8   -0.0212081337
5   10   1   6   -0.0002301682
5   10   1   7   -0.0000788951
5   10   2   6   -0.0000393286
5   10   2   7   -0.0000134807
5   10   3   6   -0.0011457616
5   10   3   7   -0.0003927345
5   10   4   6   -0.0022800882
5   10   4   7   -0.0007815494
5   10   5   5   0.0105262150
5   10   5   8   -0.0051245755
5   11   1   5   -0.0005236318
5   11   1   8   -0.0015386728
5   11   2   5   0.0001222420
5   11   2   8   0.0001013495
5   11   3   5   -0.0003198240
5   11   3   8   -0.0029905729
5   11   4   5   0.0004608925
5   11   4   8   -0.0007627692
5   11   5   6   -0.0373682435
5   11   5   7   -0.0128087714
5   11   6   6   0.0008032337
5   11   6   7   -0.0023433498
5   12   5   6   0.0112023040
5   12   5   7   -0.0326815440
5   12   6   6   -0.0023433498
5   12   6   7   -0.0008032337
6   7   1   6   0.0008995193
6   7   1   7   -0.0026242529
6   7   2   6   0.0000274867
6   7   2   7   -0.0000801895
6   7   3   6   0.0009302689
6   7   3   7   -0.0027139618
6   7   4   6   0.0000503093
6   7   4   7   -0.0001467722
6   7   6   5   0.0002979316
6   7   6   8   0.0007800327
6   8   1   6   0.0000088975
6   8   1   7   -0.0000259575
6   8   2   6   -0.0000855836
6   8   2   7   0.0002496813
6   8   3   6   -0.0000688052
6   8   3   7   0.0002007320
6   8   4   6   0.0000707923
6   8   4   7   -0.0002065292
6   8   6   5   -0.0050561963
6   8   6   8   -0.0020851506
6   9   1   6   0.0008642348
6   9   1   7   -0.0025213142
6   9   2   6   0.0001083259
6   9   2   7   -0.0003160293
6   9   3   6   0.0034937912
6   9   3   7   -0.0101927683
6   9   4   6   0.0001903835
6   9   4   7   -0.0005554237
6   9   6   5   -0.0087982008
6   9   6   8   -0.0212081337
6   10   1   6   0.0000788951
6   10   1   7   -0.0002301682
6   10   2   6   0.0000134807
6   10   2   7   -0.0000393286
6   10   3   6   0.0003927345
6   10   3   7   -0.0011457616
6   10   4   6   0.0007815494
6   10   4   7   -0.0022800882
6   10   6   5   0.0105262150
6   10   6   8   -0.0051245755
6   11   5   6   0.0008032337
6   11   5   7   -0.0023433498
6   11   6   6   -0.0326815440
6   11   6   7   -0.0112023040
6   12   1   5   -0.0005236318
6   12   1   8   -0.0015386728
6   12   2   5   0.0001222420
6   12   2   8   0.0001013495
6   12   3   5   -0.0003198240
6   12   3   8   -0.0029905729
6   12   4   5   0.0004608925
6   12   4   8   -0.0007627692
6   12   5   6   -0.0023433498
6   12   5   7   -0.0008032337
6   12   6   6   0.0128087714
6   12   6   7   -0.0373682435

End IJKA Block
Begin IABC Block
1   5   1   5   -0.0000280686
1   5   1   8   -0.0000077922
1   5   2   6   -0.0000316355
1   5   3   7   -0.0000316355
1   5   4   5   0.0000058438
1   5   4   8   0.0000030746
1   6   1   6   -0.0000066650
1   6   2   5   -0.0000316355
1   6   2   8   -0.0000418686
1   6   4   6   0.0000054598
1   7   1   7   -0.0000066650
1   7   3   5   -0.0000316355
1   7   3   8   -0.0000418686
1   7   4   7   0.0000054598
1   8   1   5   -0.0000077922
1   8   1   8   0.0000031711
1   8   2   6   -0.0000418686
1   8   3   7   -0.0000418686
1   8   4   5   0.0000030746
1   8   4   8   0.0000025008
2   5   1   5   0.0009582828
2   5   1   8   -0.0000944959
2   5   2   6   0.0004703524
2   5   3   7   0.0004703524
2   5   4   5   0.0001166308
2   5   4   8   -0.0000873447
2   6   1   6   0.0000887422
2   6   2   5   0.0004703524
2   6   2   8   0.0002538422
2   6   4   6   0.0000353007
2   7   1   7   0.0000887422
2   7   3   5   0.0004703524
2   7   3   8   0.0002538422
2   7   4   7   0.0000353007
2   8   1   5   -0.0000944959
2   8   1   8   -0.0002274557
2   8   2   6   0.0002538422
2   8   3   7   0.0002538422
2   8   4   5   -0.0000873447
2   8   4   8   -0.0001020196
3   5   1   5   -0.0002004516
3   5   1   8   -0.0000275274
3   5   2   6   -0.0000609912
3   5   3   7   -0.0000609912
3   5   4   5   -0.0000640515
3   5   4   8   -0.0000616400
3   6   1   6   -0.0000265141
3   6   2   5   -0.0000609912
3   6   2   8   -0.0001099018
3   6   4   6   -0.0001096676
3   7   1   7   -0.0000265141
3   7   3   5   -0.0000609912
3   7   3   8   -0.0001099018
3   7   4   7   -0.0001096676
3   8   1   5   -0.0000275274
3   8   1   8   -0.0000434950
3   8   2   6   -0.0001099018
3   8   3   7   -0.0001099018
3   8   4   5   -0.0000616400
3   8   4   8   -0.0001544623
4   5   1   5   -0.0003072590
4   5   1   8   -0.0001631647
4   5   2   6   -0.0004012122
4   5   3   7   -0.0004012122
4   5   4   5   -0.0025578626
4   5   4   8   -0.0006019301
4   6   1   6   -0.0003237871
4   6   2   5   -0.0004012122
4   6   2   8   -0.0001225523
4   6   4   6   -0.0010588901
4   7   1   7   -0.0003237871
4   7   3   5   -0.0004012122
4   7   3   8   -0.0001225523
4   7   4   7   -0.0010588901
4   8   1   5   -0.0001631647
4   8   1   8   0.0001269664
4   8   2   6   -0.0001225523
4   8   3   7   -0.0001225523
4   8   4   5   -0.0006019301
4   8   4   8   0.0000588525
5   5   1   6   0.0014433504
5   5   1   7   0.0004947395
5   5   2   5   0.0007081996
5   5   2   8   -0.0000513410
5   5   3   5   0.0002427507
5   5   3   8   -0.0000175982
5   5   4   6   0.0015304369
5   5   4   7   0.0005245903
5   6   1   5   0.0014433504
5   6   1   8   0.0009559540
5   6   2   6   0.0004327546
5   6   2   7   0.0000957085
5   6   3   6   -0.0000430810
5   6   3   7   0.0002792195
5   6   4   5   0.0015304369
5   6   4   8   0.0013461000
5   7   1   5   0.0004947395
5   7   1   8   0.0003276738
5   7   2   6   0.0000957085
5   7   2   7   -0.0001256843
5   7   3   6   0.0002792195
5   7   3   7   0.0001483360
5   7   4   5   0.0005245903
5   7   4   8   0.0004614048
5   8   1   6   0.0009559540
5   8   1   7   0.0003276738
5   8   2   5   -0.0000513410
5   8   2   8   -0.0007395403
5   8   3   5   -0.0000175982
5   8   3   8   -0.0002534934
5   8   4   6   0.0013461000
5   8   4   7   0.0004614048
6   5   1   6   -0.0004947395
6   5   1   7   0.0014433504
6   5   2   5   -0.0002427507
6   5   2   8   0.0000175982
6   5   3   5   0.0007081996
6   5   3   8   -0.0000513410
6   5   4   6   -0.0005245903
6   5   4   7   0.0015304369
6   6   1   5   -0.0004947395
6   6   1   8   -0.0003276738
6   6   2   6   -0.0001483360
6   6   2   7   0.0002792195
6   6   3   6   -0.0001256843
6   6   3   7   -0.0000957085
6   6   4   5   -0.0005245903
6   6   4   8   -0.0004614048
6   7   1   5   0.0014433504
6   7   1   8   0.0009559540
6   7   2   6   0.0002792195
6   7   2   7   0.0000430810
6   7   3   6   -0.0000957085
6   7   3   7   0.0004327546
6   7   4   5   0.0015304369
6   7   4   8   0.0013461000
6   8   1   6   -0.0003276738
6   8   1   7   0.0009559540
6   8   2   5   0.0000175982
6   8   2   8   0.0002534934
6   8   3   5   -0.0000513410
6   8   3   8   -0.0007395403
6   8   4   6   -0.0004614048
6   8   4   7   0.0013461000

End IABC Block
