Begin IJ Block
1   1   -40.9121778977
1   2   0.0000776878
1   3   0.7523834953
1   6   0.0204324163
2   2   -5.9289558836
2   3   0.0002163007
2   6   -0.0120757813
3   3   -9.3118464227
3   6   -0.0442557351
4   4   -8.1869421446
4   5   0.0000000000
5   5   -8.1869421446
6   6   -7.9582980185

End IJ Block
Begin IA Block
1   1   -0.0063261901
1   4   -0.0385168201
2   1   0.1045782507
2   4   0.0721345759
3   1   0.0445400304
3   4   0.2271889262
4   2   0.1915737990
4   3   0.2591361989
5   2   0.2591361988
5   3   -0.1915737990
6   1   -0.3936817473
6   4   -0.4000698461

End IA Block
Begin AB Block
1   1   -1.8093054231
1   4   -0.4163959631
2   2   -1.6176925807
3   3   -1.6176925807
4   4   -1.7833325555

End AB Block
Begin IJKL Block
1   7   1   7   5.3561608066
1   7   1   8   -0.0000426045
1   7   1   9   -0.5336788607
1   7   1   12   -0.0139248200
1   7   2   7   -0.0000426045
1   7   2   8   0.0000000017
1   7   2   9   0.0000061534
1   7   2   12   -0.0000060218
1   7   3   7   -0.5336788607
1   7   3   8   0.0000061534
1   7   3   9   0.0861679227
1   7   3   12   0.0022474611
1   7   4   10   0.0361334055
1   7   5   11   0.0361334055
1   7   6   7   -0.0139248200
1   7   6   8   -0.0000060218
1   7   6   9   0.0022474611
1   7   6   12   0.0337335104
1   8   1   7   -0.0000426045
1   8   1   8   0.1650071513
1   8   1   9   0.0001514417
1   8   1   12   -0.0006000134
1   8   2   7   0.0000000017
1   8   2   8   -0.0000025436
1   8   2   9   0.0000000068
1   8   2   12   -0.0000001135
1   8   3   7   0.0000061534
1   8   3   8   0.0000024093
1   8   3   9   -0.0000015508
1   8   3   12   0.0000024501
1   8   4   10   0.0000047815
1   8   5   11   0.0000047815
1   8   6   7   -0.0000060218
1   8   6   8   -0.0013772807
1   8   6   9   -0.0000078104
1   8   6   12   0.0000106731
1   9   1   7   -0.5336788607
1   9   1   8   0.0001514417
1   9   1   9   1.2648457026
1   9   1   12   0.0187326963
1   9   2   7   0.0000061534
1   9   2   8   0.0000000068
1   9   2   9   -0.0000019853
1   9   2   12   -0.0000068053
1   9   3   7   0.0861679227
1   9   3   8   -0.0000015508
1   9   3   9   -0.0232310924
1   9   3   12   -0.0006650852
1   9   4   10   0.0374293948
1   9   5   11   0.0374293948
1   9   6   7   0.0022474611
1   9   6   8   -0.0000078104
1   9   6   9   -0.0007827042
1   9   6   12   0.0351723240
1   10   1   10   1.1680853911
1   10   2   10   -0.0000016512
1   10   3   10   -0.0145621050
1   10   3   11   0.0000000000
1   10   4   7   0.0361334055
1   10   4   8   0.0000047815
1   10   4   9   0.0374293948
1   10   4   12   0.0007456980
1   10   6   10   -0.0005175878
1   11   1   11   1.1680853911
1   11   2   11   -0.0000016512
1   11   3   10   0.0000000000
1   11   3   11   -0.0145621050
1   11   5   7   0.0361334055
1   11   5   8   0.0000047815
1   11   5   9   0.0374293948
1   11   5   12   0.0007456980
1   11   6   11   -0.0005175878
1   12   1   7   -0.0139248200
1   12   1   8   -0.0006000134
1   12   1   9   0.0187326963
1   12   1   12   1.1193541564
1   12   2   7   -0.0000060218
1   12   2   8   -0.0000001135
1   12   2   9   -0.0000068053
1   12   2   12   -0.0000016396
1   12   3   7   0.0022474611
1   12   3   8   0.0000024501
1   12   3   9   -0.0006650852
1   12   3   12   -0.0135994103
1   12   4   10   0.0007456980
1   12   5   11   0.0007456980
1   12   6   7   0.0337335104
1   12   6   8   0.0000106731
1   12   6   9   0.0351723240
1   12   6   12   0.0007089219
2   7   1   7   -0.0000426045
2   7   1   8   0.0000000017
2   7   1   9   0.0000061534
2   7   1   12   -0.0000060218
2   7   2   7   0.1650071513
2   7   2   8   -0.0000025436
2   7   2   9   0.0000024093
2   7   2   12   -0.0013772807
2   7   3   7   0.0001514417
2   7   3   8   0.0000000068
2   7   3   9   -0.0000015508
2   7   3   12   -0.0000078104
2   7   4   10   0.0000047815
2   7   5   11   0.0000047815
2   7   6   7   -0.0006000134
2   7   6   8   -0.0000001135
2   7   6   9   0.0000024501
2   7   6   12   0.0000106731
2   8   1   7   0.0000000017
2   8   1   8   -0.0000025436
2   8   1   9   0.0000000068
2   8   1   12   -0.0000001135
2   8   2   7   -0.0000025436
2   8   2   8   1.6514833534
2   8   2   9   -0.0011241360
2   8   2   12   0.0169194470
2   8   3   7   0.0000000068
2   8   3   8   -0.0011241360
2   8   3   9   0.0000011714
2   8   3   12   -0.0000184707
2   8   4   10   0.0000013686
2   8   5   11   0.0000013686
2   8   6   7   -0.0000001135
2   8   6   8   0.0169194470
2   8   6   9   -0.0000184707
2   8   6   12   0.0003063299
2   9   1   7   0.0000061534
2   9   1   8   0.0000000068
2   9   1   9   -0.0000019853
2   9   1   12   -0.0000068053
2   9   2   7   0.0000024093
2   9   2   8   -0.0011241360
2   9   2   9   0.1653036285
2   9   2   12   -0.0172279627
2   9   3   7   -0.0000015508
2   9   3   8   0.0000011714
2   9   3   9   0.0001163092
2   9   3   12   -0.0000388029
2   9   4   10   0.0000303386
2   9   5   11   0.0000303386
2   9   6   7   0.0000024501
2   9   6   8   -0.0000184707
2   9   6   9   -0.0005407045
2   9   6   12   0.0001013972
2   10   1   10   -0.0000016512
2   10   2   10   0.1640154099
2   10   3   10   0.0001088478
2   10   4   7   0.0000047815
2   10   4   8   0.0000013686
2   10   4   9   0.0000303386
2   10   4   12   -0.0000142294
2   10   6   10   -0.0005139958
2   11   1   11   -0.0000016512
2   11   2   11   0.1640154099
2   11   3   11   0.0001088478
2   11   5   7   0.0000047815
2   11   5   8   0.0000013686
2   11   5   9   0.0000303386
2   11   5   12   -0.0000142294
2   11   6   11   -0.0005139958
2   12   1   7   -0.0000060218
2   12   1   8   -0.0000001135
2   12   1   9   -0.0000068053
2   12   1   12   -0.0000016396
2   12   2   7   -0.0013772807
2   12   2   8   0.0169194470
2   12   2   9   -0.0172279627
2   12   2   12   0.1756154894
2   12   3   7   -0.0000078104
2   12   3   8   -0.0000184707
2   12   3   9   -0.0000388029
2   12   3   12   0.0001107396
2   12   4   10   -0.0000142294
2   12   5   11   -0.0000142294
2   12   6   7   0.0000106731
2   12   6   8   0.0003063299
2   12   6   9   0.0001013972
2   12   6   12   -0.0005795301
3   7   1   7   -0.5336788607
3   7   1   8   0.0000061534
3   7   1   9   0.0861679227
3   7   1   12   0.0022474611
3   7   2   7   0.0001514417
3   7   2   8   0.0000000068
3   7   2   9   -0.0000015508
3   7   2   12   -0.0000078104
3   7   3   7   1.2648457026
3   7   3   8   -0.0000019853
3   7   3   9   -0.0232310924
3   7   3   12   -0.0007827042
3   7   4   10   0.0374293948
3   7   5   11   0.0374293948
3   7   6   7   0.0187326963
3   7   6   8   -0.0000068053
3   7   6   9   -0.0006650852
3   7   6   12   0.0351723240
3   8   1   7   0.0000061534
3   8   1   8   0.0000024093
3   8   1   9   -0.0000015508
3   8   1   12   0.0000024501
3   8   2   7   0.0000000068
3   8   2   8   -0.0011241360
3   8   2   9   0.0000011714
3   8   2   12   -0.0000184707
3   8   3   7   -0.0000019853
3   8   3   8   0.1653036285
3   8   3   9   0.0001163092
3   8   3   12   -0.0005407045
3   8   4   10   0.0000303386
3   8   5   11   0.0000303386
3   8   6   7   -0.0000068053
3   8   6   8   -0.0172279627
3   8   6   9   -0.0000388029
3   8   6   12   0.0001013972
3   9   1   7   0.0861679227
3   9   1   8   -0.0000015508
3   9   1   9   -0.0232310924
3   9   1   12   -0.0006650852
3   9   2   7   -0.0000015508
3   9   2   8   0.0000011714
3   9   2   9   0.0001163092
3   9   2   12   -0.0000388029
3   9   3   7   -0.0232310924
3   9   3   8   0.0001163092
3   9   3   9   0.8836615663
3   9   3   12   0.0082407144
3   9   4   10   0.1653927205
3   9   5   11   0.1653927205
3   9   6   7   -0.0006650852
3   9   6   8   -0.0000388029
3   9   6   9   0.0082407144
3   9   6   12   0.1582821451
3   10   1   10   -0.0145621050
3   10   1   11   0.0000000000
3   10   2   10   0.0001088478
3   10   3   10   0.8283033112
3   10   4   7   0.0374293948
3   10   4   8   0.0000303386
3   10   4   9   0.1653927205
3   10   4   12   0.0017733349
3   10   6   10   0.0075777298
3   11   1   10   0.0000000000
3   11   1   11   -0.0145621050
3   11   2   11   0.0001088478
3   11   3   11   0.8283033112
3   11   5   7   0.0374293948
3   11   5   8   0.0000303386
3   11   5   9   0.1653927205
3   11   5   12   0.0017733349
3   11   6   11   0.0075777298
3   12   1   7   0.0022474611
3   12   1   8   0.0000024501
3   12   1   9   -0.0006650852
3   12   1   12   -0.0135994103
3   12   2   7   -0.0000078104
3   12   2   8   -0.0000184707
3   12   2   9   -0.0000388029
3   12   2   12   0.0001107396
3   12   3   7   -0.0007827042
3   12   3   8   -0.0005407045
3   12   3   9   0.0082407144
3   12   3   12   0.8009848852
3   12   4   10   0.0017733349
3   12   5   11   0.0017733349
3   12   6   7   0.0351723240
3   12   6   8   0.0001013972
3   12   6   9   0.1582821451
3   12   6   12   0.0084702945
4   7   1   10   0.0361334055
4   7   2   10   0.0000047815
4   7   3   10   0.0374293948
4   7   4   7   1.1680853911
4   7   4   8   -0.0000016512
4   7   4   9   -0.0145621050
4   7   4   12   -0.0005175878
4   7   5   9   0.0000000000
4   7   6   10   0.0007456980
4   8   1   10   0.0000047815
4   8   2   10   0.0000013686
4   8   3   10   0.0000303386
4   8   4   7   -0.0000016512
4   8   4   8   0.1640154099
4   8   4   9   0.0001088478
4   8   4   12   -0.0005139958
4   8   6   10   -0.0000142294
4   9   1   10   0.0374293948
4   9   2   10   0.0000303386
4   9   3   10   0.1653927205
4   9   4   7   -0.0145621050
4   9   4   8   0.0001088478
4   9   4   9   0.8283033112
4   9   4   12   0.0075777298
4   9   5   7   0.0000000000
4   9   6   10   0.0017733349
4   10   1   7   0.0361334055
4   10   1   8   0.0000047815
4   10   1   9   0.0374293948
4   10   1   12   0.0007456980
4   10   2   7   0.0000047815
4   10   2   8   0.0000013686
4   10   2   9   0.0000303386
4   10   2   12   -0.0000142294
4   10   3   7   0.0374293948
4   10   3   8   0.0000303386
4   10   3   9   0.1653927205
4   10   3   12   0.0017733349
4   10   4   10   0.8364480781
4   10   4   11   -0.0000000000
4   10   5   10   -0.0000000000
4   10   5   11   0.0405788411
4   10   6   7   0.0007456980
4   10   6   8   -0.0000142294
4   10   6   9   0.0017733349
4   10   6   12   0.0389655678
4   11   4   10   -0.0000000000
4   11   4   11   0.7552903958
4   11   5   10   0.0405788411
4   11   5   11   -0.0000000000
4   12   1   10   0.0007456980
4   12   2   10   -0.0000142294
4   12   3   10   0.0017733349
4   12   4   7   -0.0005175878
4   12   4   8   -0.0005139958
4   12   4   9   0.0075777298
4   12   4   12   0.7314095369
4   12   5   12   -0.0000000000
4   12   6   10   0.0389655678
5   7   1   11   0.0361334055
5   7   2   11   0.0000047815
5   7   3   11   0.0374293948
5   7   4   9   0.0000000000
5   7   5   7   1.1680853911
5   7   5   8   -0.0000016512
5   7   5   9   -0.0145621050
5   7   5   12   -0.0005175878
5   7   6   11   0.0007456980
5   8   1   11   0.0000047815
5   8   2   11   0.0000013686
5   8   3   11   0.0000303386
5   8   5   7   -0.0000016512
5   8   5   8   0.1640154099
5   8   5   9   0.0001088478
5   8   5   12   -0.0005139958
5   8   6   11   -0.0000142294
5   9   1   11   0.0374293948
5   9   2   11   0.0000303386
5   9   3   11   0.1653927205
5   9   4   7   0.0000000000
5   9   5   7   -0.0145621050
5   9   5   8   0.0001088478
5   9   5   9   0.8283033112
5   9   5   12   0.0075777298
5   9   6   11   0.0017733349
5   10   4   10   -0.0000000000
5   10   4   11   0.0405788411
5   10   5   10   0.7552903958
5   10   5   11   -0.0000000000
5   11   1   7   0.0361334055
5   11   1   8   0.0000047815
5   11   1   9   0.0374293948
5   11   1   12   0.0007456980
5   11   2   7   0.0000047815
5   11   2   8   0.0000013686
5   11   2   9   0.0000303386
5   11   2   12   -0.0000142294
5   11   3   7   0.0374293948
5   11   3   8   0.0000303386
5   11   3   9   0.1653927205
5   11   3   12   0.0017733349
5   11   4   10   0.0405788411
5   11   4   11   -0.0000000000
5   11   5   10   -0.0000000000
5   11   5   11   0.8364480781
5   11   6   7   0.0007456980
5   11   6   8   -0.0000142294
5   11   6   9   0.0017733349
5   11   6   12   0.0389655678
5   12   1   11   0.0007456980
5   12   2   11   -0.0000142294
5   12   3   11   0.0017733349
5   12   4   12   -0.0000000000
5   12   5   7   -0.0005175878
5   12   5   8   -0.0005139958
5   12   5   9   0.0075777298
5   12   5   12   0.7314095369
5   12   6   11   0.0389655678
6   7   1   7   -0.0139248200
6   7   1   8   -0.0000060218
6   7   1   9   0.0022474611
6   7   1   12   0.0337335104
6   7   2   7   -0.0006000134
6   7   2   8   -0.0000001135
6   7   2   9   0.0000024501
6   7   2   12   0.0000106731
6   7   3   7   0.0187326963
6   7   3   8   -0.0000068053
6   7   3   9   -0.0006650852
6   7   3   12   0.0351723240
6   7   4   10   0.0007456980
6   7   5   11   0.0007456980
6   7   6   7   1.1193541564
6   7   6   8   -0.0000016396
6   7   6   9   -0.0135994103
6   7   6   12   0.0007089219
6   8   1   7   -0.0000060218
6   8   1   8   -0.0013772807
6   8   1   9   -0.0000078104
6   8   1   12   0.0000106731
6   8   2   7   -0.0000001135
6   8   2   8   0.0169194470
6   8   2   9   -0.0000184707
6   8   2   12   0.0003063299
6   8   3   7   -0.0000068053
6   8   3   8   -0.0172279627
6   8   3   9   -0.0000388029
6   8   3   12   0.0001013972
6   8   4   10   -0.0000142294
6   8   5   11   -0.0000142294
6   8   6   7   -0.0000016396
6   8   6   8   0.1756154894
6   8   6   9   0.0001107396
6   8   6   12   -0.0005795301
6   9   1   7   0.0022474611
6   9   1   8   -0.0000078104
6   9   1   9   -0.0007827042
6   9   1   12   0.0351723240
6   9   2   7   0.0000024501
6   9   2   8   -0.0000184707
6   9   2   9   -0.0005407045
6   9   2   12   0.0001013972
6   9   3   7   -0.0006650852
6   9   3   8   -0.0000388029
6   9   3   9   0.0082407144
6   9   3   12   0.1582821451
6   9   4   10   0.0017733349
6   9   5   11   0.0017733349
6   9   6   7   -0.0135994103
6   9   6   8   0.0001107396
6   9   6   9   0.8009848852
6   9   6   12   0.0084702945
6   10   1   10   -0.0005175878
6   10   2   10   -0.0005139958
6   10   3   10   0.0075777298
6   10   4   7   0.0007456980
6   10   4   8   -0.0000142294
6   10   4   9   0.0017733349
6   10   4   12   0.0389655678
6   10   6   10   0.7314095369
6   10   6   11   -0.0000000000
6   11   1   11   -0.0005175878
6   11   2   11   -0.0005139958
6   11   3   11   0.0075777298
6   11   5   7   0.0007456980
6   11   5   8   -0.0000142294
6   11   5   9   0.0017733349
6   11   5   12   0.0389655678
6   11   6   10   -0.0000000000
6   11   6   11   0.7314095369
6   12   1   7   0.0337335104
6   12   1   8   0.0000106731
6   12   1   9   0.0351723240
6   12   1   12   0.0007089219
6   12   2   7   0.0000106731
6   12   2   8   0.0003063299
6   12   2   9   0.0001013972
6   12   2   12   -0.0005795301
6   12   3   7   0.0351723240
6   12   3   8   0.0001013972
6   12   3   9   0.1582821451
6   12   3   12   0.0084702945
6   12   4   10   0.0389655678
6   12   5   11   0.0389655678
6   12   6   7   0.0007089219
6   12   6   8   -0.0005795301
6   12   6   9   0.0084702945
6   12   6   12   0.7841523930

End IJKL Block
Begin IJAB Block
1   7   1   5   0.0002094830
1   7   1   8   0.0002798089
1   7   2   6   0.0001344422
1   7   3   7   0.0001344422
1   7   4   5   0.0002798089
1   7   4   8   0.0005382525
1   8   1   5   0.0000015195
1   8   1   8   -0.0000008359
1   8   2   6   -0.0000009533
1   8   3   7   -0.0000009533
1   8   4   5   0.0000017241
1   8   4   8   -0.0000010395
1   9   1   5   0.0002020150
1   9   1   8   0.0002316463
1   9   2   6   0.0001294298
1   9   3   7   0.0001294298
1   9   4   5   0.0002301155
1   9   4   8   0.0002198363
1   10   1   6   -0.0000071781
1   10   1   7   -0.0000097096
1   10   2   5   0.0000100009
1   10   2   8   0.0000543088
1   10   3   5   0.0000135280
1   10   3   8   0.0000734619
1   10   4   6   -0.0000294645
1   10   4   7   -0.0000398558
1   11   1   6   -0.0000097096
1   11   1   7   0.0000071781
1   11   2   5   0.0000135280
1   11   2   8   0.0000734619
1   11   3   5   -0.0000100009
1   11   3   8   -0.0000543088
1   11   4   6   -0.0000398558
1   11   4   7   0.0000294645
1   12   1   5   0.0000010338
1   12   1   8   -0.0000826321
1   12   2   6   0.0000078990
1   12   3   7   0.0000078990
1   12   4   5   0.0000424622
1   12   4   8   -0.0000506218
2   7   1   5   0.0000015195
2   7   1   8   0.0000017241
2   7   2   6   -0.0000009533
2   7   3   7   -0.0000009533
2   7   4   5   -0.0000008359
2   7   4   8   -0.0000010395
2   8   1   5   0.0085093559
2   8   1   8   0.0065903912
2   8   2   6   0.0013642129
2   8   3   7   0.0013642129
2   8   4   5   0.0065903912
2   8   4   8   0.0062007245
2   9   1   5   -0.0000002458
2   9   1   8   -0.0000051340
2   9   2   6   0.0000070604
2   9   3   7   0.0000070604
2   9   4   5   -0.0000135569
2   9   4   8   -0.0000121747
2   10   1   6   0.0000043568
2   10   1   7   0.0000058933
2   10   2   5   0.0000451240
2   10   2   8   0.0000714367
2   10   3   5   0.0000610379
2   10   3   8   0.0000966304
2   10   4   6   -0.0000103513
2   10   4   7   -0.0000140020
2   11   1   6   0.0000058933
2   11   1   7   -0.0000043568
2   11   2   5   0.0000610379
2   11   2   8   0.0000966304
2   11   3   5   -0.0000451240
2   11   3   8   -0.0000714367
2   11   4   6   -0.0000140020
2   11   4   7   0.0000103513
2   12   1   5   0.0001704071
2   12   1   8   0.0003809498
2   12   2   6   -0.0002499368
2   12   3   7   -0.0002499368
2   12   4   5   0.0001461213
2   12   4   8   0.0000661340
3   7   1   5   0.0002020150
3   7   1   8   0.0002301155
3   7   2   6   0.0001294298
3   7   3   7   0.0001294298
3   7   4   5   0.0002316463
3   7   4   8   0.0002198363
3   8   1   5   -0.0000002458
3   8   1   8   -0.0000135569
3   8   2   6   0.0000070604
3   8   3   7   0.0000070604
3   8   4   5   -0.0000051340
3   8   4   8   -0.0000121747
3   9   1   5   0.0008804651
3   9   1   8   0.0011731165
3   9   2   6   0.0005022741
3   9   3   7   0.0005022741
3   9   4   5   0.0011731165
3   9   4   8   0.0021546273
3   10   1   6   0.0001162675
3   10   1   7   0.0001572716
3   10   2   5   0.0000331785
3   10   2   8   0.0001610681
3   10   3   5   0.0000448796
3   10   3   8   0.0002178720
3   10   4   6   0.0007029584
3   10   4   7   0.0009508710
3   11   1   6   0.0001572716
3   11   1   7   -0.0001162675
3   11   2   5   0.0000448796
3   11   2   8   0.0002178720
3   11   3   5   -0.0000331785
3   11   3   8   -0.0001610681
3   11   4   6   0.0009508710
3   11   4   7   -0.0007029584
3   12   1   5   -0.0002789859
3   12   1   8   -0.0005339215
3   12   2   6   0.0000241611
3   12   3   7   0.0000241611
3   12   4   5   -0.0015253859
3   12   4   8   -0.0020419324
4   7   1   6   0.0000100009
4   7   1   7   0.0000135280
4   7   2   5   -0.0000071781
4   7   2   8   -0.0000294645
4   7   3   5   -0.0000097096
4   7   3   8   -0.0000398558
4   7   4   6   0.0000543088
4   7   4   7   0.0000734619
4   8   1   6   0.0000451240
4   8   1   7   0.0000610379
4   8   2   5   0.0000043568
4   8   2   8   -0.0000103513
4   8   3   5   0.0000058933
4   8   3   8   -0.0000140020
4   8   4   6   0.0000714367
4   8   4   7   0.0000966304
4   9   1   6   0.0000331785
4   9   1   7   0.0000448796
4   9   2   5   0.0001162675
4   9   2   8   0.0007029584
4   9   3   5   0.0001572716
4   9   3   8   0.0009508710
4   9   4   6   0.0001610681
4   9   4   7   0.0002178720
4   10   1   5   0.0002544586
4   10   1   8   0.0003772423
4   10   2   6   0.0007893706
4   10   2   7   0.0008730848
4   10   3   6   0.0008730848
4   10   3   7   0.0013249138
4   10   4   5   0.0003772423
4   10   4   8   0.0008696998
4   11   2   6   0.0008730848
4   11   2   7   -0.0005015350
4   11   3   6   0.0010370781
4   11   3   7   -0.0008730848
4   12   1   6   -0.0001471221
4   12   1   7   -0.0001990077
4   12   2   5   -0.0013209222
4   12   2   8   -0.0015210011
4   12   3   5   -0.0017867723
4   12   3   8   -0.0020574131
4   12   4   6   -0.0002286166
4   12   4   7   -0.0003092428
5   7   1   6   0.0000135280
5   7   1   7   -0.0000100009
5   7   2   5   -0.0000097096
5   7   2   8   -0.0000398558
5   7   3   5   0.0000071781
5   7   3   8   0.0000294645
5   7   4   6   0.0000734619
5   7   4   7   -0.0000543088
5   8   1   6   0.0000610379
5   8   1   7   -0.0000451240
5   8   2   5   0.0000058933
5   8   2   8   -0.0000140020
5   8   3   5   -0.0000043568
5   8   3   8   0.0000103513
5   8   4   6   0.0000966304
5   8   4   7   -0.0000714367
5   9   1   6   0.0000448796
5   9   1   7   -0.0000331785
5   9   2   5   0.0001572716
5   9   2   8   0.0009508710
5   9   3   5   -0.0001162675
5   9   3   8   -0.0007029584
5   9   4   6   0.0002178720
5   9   4   7   -0.0001610681
5   10   2   6   0.0008730848
5   10   2   7   0.0010370781
5   10   3   6   -0.0005015350
5   10   3   7   -0.0008730848
5   11   1   5   0.0002544586
5   11   1   8   0.0003772423
5   11   2   6   0.0013249138
5   11   2   7   -0.0008730848
5   11   3   6   -0.0008730848
5   11   3   7   0.0007893706
5   11   4   5   0.0003772423
5   11   4   8   0.0008696998
5   12   1   6   -0.0001990077
5   12   1   7   0.0001471221
5   12   2   5   -0.0017867723
5   12   2   8   -0.0020574131
5   12   3   5   0.0013209222
5   12   3   8   0.0015210011
5   12   4   6   -0.0003092428
5   12   4   7   0.0002286166
6   7   1   5   0.0000010338
6   7   1   8   0.0000424622
6   7   2   6   0.0000078990
6   7   3   7   0.0000078990
6   7   4   5   -0.0000826321
6   7   4   8   -0.0000506218
6   8   1   5   0.0001704071
6   8   1   8   0.0001461213
6   8   2   6   -0.0002499368
6   8   3   7   -0.0002499368
6   8   4   5   0.0003809498
6   8   4   8   0.0000661340
6   9   1   5   -0.0002789859
6   9   1   8   -0.0015253859
6   9   2   6   0.0000241611
6   9   3   7   0.0000241611
6   9   4   5   -0.0005339215
6   9   4   8   -0.0020419324
6   10   1   6   -0.0013209222
6   10   1   7   -0.0017867723
6   10   2   5   -0.0001471221
6   10   2   8   -0.0002286166
6   10   3   5   -0.0001990077
6   10   3   8   -0.0003092428
6   10   4   6   -0.0015210011
6   10   4   7   -0.0020574131
6   11   1   6   -0.0017867723
6   11   1   7   0.0013209222
6   11   2   5   -0.0001990077
6   11   2   8   -0.0003092428
6   11   3   5   0.0001471221
6   11   3   8   0.0002286166
6   11   4   6   -0.0020574131
6   11   4   7   0.0015210011
6   12   1   5   0.0034771137
6   12   1   8   0.0041470968
6   12   2   6   0.0003906534
6   12   3   7   0.0003906534
6   12   4   5   0.0041470968
6   12   4   8   0.0056163307

End IJAB Block
Begin ABCD Block
1   5   1   5   0.2314451989
1   5   1   8   0.0091932541
1   5   2   6   0.0325207169
1   5   3   7   0.0325207169
1   5   4   5   0.0091932541
1   5   4   8   0.0224405857
1   6   1   6   0.1741754496
1   6   2   5   0.0325207169
1   6   2   8   0.0072292565
1   6   4   6   0.0142958260
1   7   1   7   0.1741754496
1   7   3   5   0.0325207169
1   7   3   8   0.0072292565
1   7   4   7   0.0142958260
1   8   1   5   0.0091932541
1   8   1   8   0.1647864622
1   8   2   6   0.0072292565
1   8   3   7   0.0072292565
1   8   4   5   0.0224405857
1   8   4   8   0.0092001966
2   5   1   6   0.0325207169
2   5   2   5   0.1741754496
2   5   2   8   0.0142958260
2   5   4   6   0.0072292565
2   6   1   5   0.0325207169
2   6   1   8   0.0072292565
2   6   2   6   0.1608846576
2   6   3   7   0.0087182745
2   6   4   5   0.0072292565
2   6   4   8   0.0103373026
2   7   2   7   0.1434481086
2   7   3   6   0.0087182745
2   8   1   6   0.0072292565
2   8   2   5   0.0142958260
2   8   2   8   0.1404886288
2   8   4   6   0.0103373026
3   5   1   7   0.0325207169
3   5   3   5   0.1741754496
3   5   3   8   0.0142958260
3   5   4   7   0.0072292565
3   6   2   7   0.0087182745
3   6   3   6   0.1434481086
3   7   1   5   0.0325207169
3   7   1   8   0.0072292565
3   7   2   6   0.0087182745
3   7   3   7   0.1608846576
3   7   4   5   0.0072292565
3   7   4   8   0.0103373026
3   8   1   7   0.0072292565
3   8   3   5   0.0142958260
3   8   3   8   0.1404886288
3   8   4   7   0.0103373026
4   5   1   5   0.0091932541
4   5   1   8   0.0224405857
4   5   2   6   0.0072292565
4   5   3   7   0.0072292565
4   5   4   5   0.1647864622
4   5   4   8   0.0092001966
4   6   1   6   0.0142958260
4   6   2   5   0.0072292565
4   6   2   8   0.0103373026
4   6   4   6   0.1404886288
4   7   1   7   0.0142958260
4   7   3   5   0.0072292565
4   7   3   8   0.0103373026
4   7   4   7   0.1404886288
4   8   1   5   0.0224405857
4   8   1   8   0.0092001966
4   8   2   6   0.0103373026
4   8   3   7   0.0103373026
4   8   4   5   0.0092001966
4   8   4   8   0.1468818018

End ABCD Block
Begin AIJB Block
1   7   1   5   0.0002094830
1   7   1   8   0.0002798089
1   7   2   5   0.0000015195
1   7   2   8   0.0000017241
1   7   3   5   0.0002020150
1   7   3   8   0.0002301155
1   7   4   6   0.0000100009
1   7   4   7   0.0000135280
1   7   5   6   0.0000135280
1   7   5   7   -0.0000100009
1   7   6   5   0.0000010338
1   7   6   8   0.0000424622
1   8   1   5   0.0000015195
1   8   1   8   -0.0000008359
1   8   2   5   0.0085093559
1   8   2   8   0.0065903912
1   8   3   5   -0.0000002458
1   8   3   8   -0.0000135569
1   8   4   6   0.0000451240
1   8   4   7   0.0000610379
1   8   5   6   0.0000610379
1   8   5   7   -0.0000451240
1   8   6   5   0.0001704071
1   8   6   8   0.0001461213
1   9   1   5   0.0002020150
1   9   1   8   0.0002316463
1   9   2   5   -0.0000002458
1   9   2   8   -0.0000051340
1   9   3   5   0.0008804651
1   9   3   8   0.0011731165
1   9   4   6   0.0000331785
1   9   4   7   0.0000448796
1   9   5   6   0.0000448796
1   9   5   7   -0.0000331785
1   9   6   5   -0.0002789859
1   9   6   8   -0.0015253859
1   10   1   6   -0.0000071781
1   10   1   7   -0.0000097096
1   10   2   6   0.0000043568
1   10   2   7   0.0000058933
1   10   3   6   0.0001162675
1   10   3   7   0.0001572716
1   10   4   5   0.0002544586
1   10   4   8   0.0003772423
1   10   6   6   -0.0013209222
1   10   6   7   -0.0017867723
1   11   1   6   -0.0000097096
1   11   1   7   0.0000071781
1   11   2   6   0.0000058933
1   11   2   7   -0.0000043568
1   11   3   6   0.0001572716
1   11   3   7   -0.0001162675
1   11   5   5   0.0002544586
1   11   5   8   0.0003772423
1   11   6   6   -0.0017867723
1   11   6   7   0.0013209222
1   12   1   5   0.0000010338
1   12   1   8   -0.0000826321
1   12   2   5   0.0001704071
1   12   2   8   0.0003809498
1   12   3   5   -0.0002789859
1   12   3   8   -0.0005339215
1   12   4   6   -0.0001471221
1   12   4   7   -0.0001990077
1   12   5   6   -0.0001990077
1   12   5   7   0.0001471221
1   12   6   5   0.0034771137
1   12   6   8   0.0041470968
2   7   1   6   0.0001344422
2   7   2   6   -0.0000009533
2   7   3   6   0.0001294298
2   7   4   5   -0.0000071781
2   7   4   8   -0.0000294645
2   7   5   5   -0.0000097096
2   7   5   8   -0.0000398558
2   7   6   6   0.0000078990
2   8   1   6   -0.0000009533
2   8   2   6   0.0013642129
2   8   3   6   0.0000070604
2   8   4   5   0.0000043568
2   8   4   8   -0.0000103513
2   8   5   5   0.0000058933
2   8   5   8   -0.0000140020
2   8   6   6   -0.0002499368
2   9   1   6   0.0001294298
2   9   2   6   0.0000070604
2   9   3   6   0.0005022741
2   9   4   5   0.0001162675
2   9   4   8   0.0007029584
2   9   5   5   0.0001572716
2   9   5   8   0.0009508710
2   9   6   6   0.0000241611
2   10   1   5   0.0000100009
2   10   1   8   0.0000543088
2   10   2   5   0.0000451240
2   10   2   8   0.0000714367
2   10   3   5   0.0000331785
2   10   3   8   0.0001610681
2   10   4   6   0.0007893706
2   10   4   7   0.0008730848
2   10   5   6   0.0008730848
2   10   5   7   0.0010370781
2   10   6   5   -0.0001471221
2   10   6   8   -0.0002286166
2   11   1   5   0.0000135280
2   11   1   8   0.0000734619
2   11   2   5   0.0000610379
2   11   2   8   0.0000966304
2   11   3   5   0.0000448796
2   11   3   8   0.0002178720
2   11   4   6   0.0008730848
2   11   4   7   -0.0005015350
2   11   5   6   0.0013249138
2   11   5   7   -0.0008730848
2   11   6   5   -0.0001990077
2   11   6   8   -0.0003092428
2   12   1   6   0.0000078990
2   12   2   6   -0.0002499368
2   12   3   6   0.0000241611
2   12   4   5   -0.0013209222
2   12   4   8   -0.0015210011
2   12   5   5   -0.0017867723
2   12   5   8   -0.0020574131
2   12   6   6   0.0003906534
3   7   1   7   0.0001344422
3   7   2   7   -0.0000009533
3   7   3   7   0.0001294298
3   7   4   5   -0.0000097096
3   7   4   8   -0.0000398558
3   7   5   5   0.0000071781
3   7   5   8   0.0000294645
3   7   6   7   0.0000078990
3   8   1   7   -0.0000009533
3   8   2   7   0.0013642129
3   8   3   7   0.0000070604
3   8   4   5   0.0000058933
3   8   4   8   -0.0000140020
3   8   5   5   -0.0000043568
3   8   5   8   0.0000103513
3   8   6   7   -0.0002499368
3   9   1   7   0.0001294298
3   9   2   7   0.0000070604
3   9   3   7   0.0005022741
3   9   4   5   0.0001572716
3   9   4   8   0.0009508710
3   9   5   5   -0.0001162675
3   9   5   8   -0.0007029584
3   9   6   7   0.0000241611
3   10   1   5   0.0000135280
3   10   1   8   0.0000734619
3   10   2   5   0.0000610379
3   10   2   8   0.0000966304
3   10   3   5   0.0000448796
3   10   3   8   0.0002178720
3   10   4   6   0.0008730848
3   10   4   7   0.0013249138
3   10   5   6   -0.0005015350
3   10   5   7   -0.0008730848
3   10   6   5   -0.0001990077
3   10   6   8   -0.0003092428
3   11   1   5   -0.0000100009
3   11   1   8   -0.0000543088
3   11   2   5   -0.0000451240
3   11   2   8   -0.0000714367
3   11   3   5   -0.0000331785
3   11   3   8   -0.0001610681
3   11   4   6   0.0010370781
3   11   4   7   -0.0008730848
3   11   5   6   -0.0008730848
3   11   5   7   0.0007893706
3   11   6   5   0.0001471221
3   11   6   8   0.0002286166
3   12   1   7   0.0000078990
3   12   2   7   -0.0002499368
3   12   3   7   0.0000241611
3   12   4   5   -0.0017867723
3   12   4   8   -0.0020574131
3   12   5   5   0.0013209222
3   12   5   8   0.0015210011
3   12   6   7   0.0003906534
4   7   1   5   0.0002798089
4   7   1   8   0.0005382525
4   7   2   5   -0.0000008359
4   7   2   8   -0.0000010395
4   7   3   5   0.0002316463
4   7   3   8   0.0002198363
4   7   4   6   0.0000543088
4   7   4   7   0.0000734619
4   7   5   6   0.0000734619
4   7   5   7   -0.0000543088
4   7   6   5   -0.0000826321
4   7   6   8   -0.0000506218
4   8   1   5   0.0000017241
4   8   1   8   -0.0000010395
4   8   2   5   0.0065903912
4   8   2   8   0.0062007245
4   8   3   5   -0.0000051340
4   8   3   8   -0.0000121747
4   8   4   6   0.0000714367
4   8   4   7   0.0000966304
4   8   5   6   0.0000966304
4   8   5   7   -0.0000714367
4   8   6   5   0.0003809498
4   8   6   8   0.0000661340
4   9   1   5   0.0002301155
4   9   1   8   0.0002198363
4   9   2   5   -0.0000135569
4   9   2   8   -0.0000121747
4   9   3   5   0.0011731165
4   9   3   8   0.0021546273
4   9   4   6   0.0001610681
4   9   4   7   0.0002178720
4   9   5   6   0.0002178720
4   9   5   7   -0.0001610681
4   9   6   5   -0.0005339215
4   9   6   8   -0.0020419324
4   10   1   6   -0.0000294645
4   10   1   7   -0.0000398558
4   10   2   6   -0.0000103513
4   10   2   7   -0.0000140020
4   10   3   6   0.0007029584
4   10   3   7   0.0009508710
4   10   4   5   0.0003772423
4   10   4   8   0.0008696998
4   10   6   6   -0.0015210011
4   10   6   7   -0.0020574131
4   11   1   6   -0.0000398558
4   11   1   7   0.0000294645
4   11   2   6   -0.0000140020
4   11   2   7   0.0000103513
4   11   3   6   0.0009508710
4   11   3   7   -0.0007029584
4   11   5   5   0.0003772423
4   11   5   8   0.0008696998
4   11   6   6   -0.0020574131
4   11   6   7   0.0015210011
4   12   1   5   0.0000424622
4   12   1   8   -0.0000506218
4   12   2   5   0.0001461213
4   12   2   8   0.0000661340
4   12   3   5   -0.0015253859
4   12   3   8   -0.0020419324
4   12   4   6   -0.0002286166
4   12   4   7   -0.0003092428
4   12   5   6   -0.0003092428
4   12   5   7   0.0002286166
4   12   6   5   0.0041470968
4   12   6   8   0.0056163307

1   7   7   1   -0.1219583895
1   7   7   4   -0.0318331088
1   7   8   1   0.0000001806
1   7   8   4   -0.0000001028
1   7   9   1   0.0000822365
1   7   9   4   0.0001066065
1   7   10   2   -0.0001425383
1   7   10   3   -0.0001928073
1   7   11   2   -0.0001928073
1   7   11   3   0.0001425383
1   7   12   1   0.0006879231
1   7   12   4   0.0003949915
1   8   7   1   0.0000001806
1   8   7   4   -0.0000001028
1   8   8   1   -0.2790966863
1   8   8   4   -0.0650449255
1   8   9   1   0.0000659968
1   8   9   4   0.0000087186
1   8   10   2   -0.0000482242
1   8   10   3   -0.0000652315
1   8   11   2   -0.0000652315
1   8   11   3   0.0000482242
1   8   12   1   -0.0007353498
1   8   12   4   -0.0000858297
1   9   7   1   0.0000822365
1   9   7   4   0.0001066065
1   9   8   1   0.0000659968
1   9   8   4   0.0000087186
1   9   9   1   -0.1201821114
1   9   9   4   -0.0294707629
1   9   10   2   -0.0016120166
1   9   10   3   -0.0021805271
1   9   11   2   -0.0021805271
1   9   11   3   0.0016120166
1   9   12   1   0.0081055367
1   9   12   4   0.0035183591
1   10   7   2   -0.0001425383
1   10   7   3   -0.0001928073
1   10   8   2   -0.0000482242
1   10   8   3   -0.0000652315
1   10   9   2   -0.0016120166
1   10   9   3   -0.0021805271
1   10   10   1   -0.1195477702
1   10   10   4   -0.0288119774
1   10   12   2   0.0005806732
1   10   12   3   0.0007854595
1   11   7   2   -0.0001928073
1   11   7   3   0.0001425383
1   11   8   2   -0.0000652315
1   11   8   3   0.0000482242
1   11   9   2   -0.0021805271
1   11   9   3   0.0016120166
1   11   11   1   -0.1195477702
1   11   11   4   -0.0288119774
1   11   12   2   0.0007854595
1   11   12   3   -0.0005806732
1   12   7   1   0.0006879231
1   12   7   4   0.0003949915
1   12   8   1   -0.0007353498
1   12   8   4   -0.0000858297
1   12   9   1   0.0081055367
1   12   9   4   0.0035183591
1   12   10   2   0.0005806732
1   12   10   3   0.0007854595
1   12   11   2   0.0007854595
1   12   11   3   -0.0005806732
1   12   12   1   -0.1236928761
1   12   12   4   -0.0306976787
2   7   7   2   -0.1224243679
2   7   8   2   -0.0000000552
2   7   9   2   0.0000530353
2   7   10   1   -0.0001425383
2   7   10   4   -0.0002125899
2   7   11   1   -0.0001928073
2   7   11   4   -0.0002875640
2   7   12   2   0.0005437702
2   8   7   2   -0.0000000552
2   8   8   2   -0.2056070446
2   8   9   2   0.0000230767
2   8   10   1   -0.0000482242
2   8   10   4   -0.0000311999
2   8   11   1   -0.0000652315
2   8   11   4   -0.0000422031
2   8   12   2   -0.0001915055
2   9   7   2   0.0000530353
2   9   8   2   0.0000230767
2   9   9   2   -0.1213150054
2   9   10   1   -0.0016120166
2   9   10   4   -0.0020241244
2   9   11   1   -0.0021805271
2   9   11   4   -0.0027379731
2   9   12   2   0.0066884845
2   10   7   1   -0.0001425383
2   10   7   4   -0.0002125899
2   10   8   1   -0.0000482242
2   10   8   4   -0.0000311999
2   10   9   1   -0.0016120166
2   10   9   4   -0.0020241244
2   10   10   2   -0.1210086246
2   10   10   3   -0.0004056531
2   10   11   2   -0.0004056531
2   10   11   3   -0.0001244122
2   10   12   1   0.0005806732
2   10   12   4   0.0005419763
2   11   7   1   -0.0001928073
2   11   7   4   -0.0002875640
2   11   8   1   -0.0000652315
2   11   8   4   -0.0000422031
2   11   9   1   -0.0021805271
2   11   9   4   -0.0027379731
2   11   10   2   -0.0004056531
2   11   10   3   -0.0001244122
2   11   11   2   -0.1212574489
2   11   11   3   0.0004056531
2   11   12   1   0.0007854595
2   11   12   4   0.0007331152
2   12   7   2   0.0005437702
2   12   8   2   -0.0001915055
2   12   9   2   0.0066884845
2   12   10   1   0.0005806732
2   12   10   4   0.0005419763
2   12   11   1   0.0007854595
2   12   11   4   0.0007331152
2   12   12   2   -0.1235286410
3   7   7   3   -0.1224243679
3   7   8   3   -0.0000000552
3   7   9   3   0.0000530353
3   7   10   1   -0.0001928073
3   7   10   4   -0.0002875640
3   7   11   1   0.0001425383
3   7   11   4   0.0002125899
3   7   12   3   0.0005437702
3   8   7   3   -0.0000000552
3   8   8   3   -0.2056070446
3   8   9   3   0.0000230767
3   8   10   1   -0.0000652315
3   8   10   4   -0.0000422031
3   8   11   1   0.0000482242
3   8   11   4   0.0000311999
3   8   12   3   -0.0001915055
3   9   7   3   0.0000530353
3   9   8   3   0.0000230767
3   9   9   3   -0.1213150054
3   9   10   1   -0.0021805271
3   9   10   4   -0.0027379731
3   9   11   1   0.0016120166
3   9   11   4   0.0020241244
3   9   12   3   0.0066884845
3   10   7   1   -0.0001928073
3   10   7   4   -0.0002875640
3   10   8   1   -0.0000652315
3   10   8   4   -0.0000422031
3   10   9   1   -0.0021805271
3   10   9   4   -0.0027379731
3   10   10   2   -0.0004056531
3   10   10   3   -0.1212574489
3   10   11   2   -0.0001244122
3   10   11   3   0.0004056531
3   10   12   1   0.0007854595
3   10   12   4   0.0007331152
3   11   7   1   0.0001425383
3   11   7   4   0.0002125899
3   11   8   1   0.0000482242
3   11   8   4   0.0000311999
3   11   9   1   0.0016120166
3   11   9   4   0.0020241244
3   11   10   2   -0.0001244122
3   11   10   3   0.0004056531
3   11   11   2   0.0004056531
3   11   11   3   -0.1210086246
3   11   12   1   -0.0005806732
3   11   12   4   -0.0005419763
3   12   7   3   0.0005437702
3   12   8   3   -0.0001915055
3   12   9   3   0.0066884845
3   12   10   1   0.0007854595
3   12   10   4   0.0007331152
3   12   11   1   -0.0005806732
3   12   11   4   -0.0005419763
3   12   12   3   -0.1235286410
4   7   7   1   -0.0318331088
4   7   7   4   -0.1445782712
4   7   8   1   -0.0000001028
4   7   8   4   -0.0000002289
4   7   9   1   0.0001066065
4   7   9   4   0.0001822168
4   7   10   2   -0.0002125899
4   7   10   3   -0.0002875640
4   7   11   2   -0.0002875640
4   7   11   3   0.0002125899
4   7   12   1   0.0003949915
4   7   12   4   0.0008570603
4   8   7   1   -0.0000001028
4   8   7   4   -0.0000002289
4   8   8   1   -0.0650449255
4   8   8   4   -0.2126552522
4   8   9   1   0.0000087186
4   8   9   4   0.0000138163
4   8   10   2   -0.0000311999
4   8   10   3   -0.0000422031
4   8   11   2   -0.0000422031
4   8   11   3   0.0000311999
4   8   12   1   -0.0000858297
4   8   12   4   -0.0000971761
4   9   7   1   0.0001066065
4   9   7   4   0.0001822168
4   9   8   1   0.0000087186
4   9   8   4   0.0000138163
4   9   9   1   -0.0294707629
4   9   9   4   -0.1409660613
4   9   10   2   -0.0020241244
4   9   10   3   -0.0027379731
4   9   11   2   -0.0027379731
4   9   11   3   0.0020241244
4   9   12   1   0.0035183591
4   9   12   4   0.0078739524
4   10   7   2   -0.0002125899
4   10   7   3   -0.0002875640
4   10   8   2   -0.0000311999
4   10   8   3   -0.0000422031
4   10   9   2   -0.0020241244
4   10   9   3   -0.0027379731
4   10   10   1   -0.0288119774
4   10   10   4   -0.1399719895
4   10   12   2   0.0005419763
4   10   12   3   0.0007331152
4   11   7   2   -0.0002875640
4   11   7   3   0.0002125899
4   11   8   2   -0.0000422031
4   11   8   3   0.0000311999
4   11   9   2   -0.0027379731
4   11   9   3   0.0020241244
4   11   11   1   -0.0288119774
4   11   11   4   -0.1399719895
4   11   12   2   0.0007331152
4   11   12   3   -0.0005419763
4   12   7   1   0.0003949915
4   12   7   4   0.0008570603
4   12   8   1   -0.0000858297
4   12   8   4   -0.0000971761
4   12   9   1   0.0035183591
4   12   9   4   0.0078739524
4   12   10   2   0.0005419763
4   12   10   3   0.0007331152
4   12   11   2   0.0007331152
4   12   11   3   -0.0005419763
4   12   12   1   -0.0306976787
4   12   12   4   -0.1434664071

End AIJB Block
Begin IJKA Block
1   7   1   5   0.0048662190
1   7   1   8   0.0290463240
1   7   2   5   -0.0000005355
1   7   2   8   -0.0000008953
1   7   3   5   -0.0007930859
1   7   3   8   -0.0047554757
1   7   4   6   -0.0013102034
1   7   4   7   -0.0017722734
1   7   5   6   -0.0017722734
1   7   5   7   0.0013102034
1   7   6   5   0.0025886022
1   7   6   8   0.0029221356
1   8   1   5   -0.0011856306
1   8   1   8   0.0006833229
1   8   2   5   0.0000001576
1   8   2   8   0.0000004185
1   8   3   5   0.0000001728
1   8   3   8   0.0000003305
1   8   4   6   0.0000094499
1   8   4   7   0.0000127826
1   8   5   6   0.0000127826
1   8   5   7   -0.0000094499
1   8   6   5   0.0000199571
1   8   6   8   -0.0000105824
1   9   1   5   -0.0079928197
1   9   1   8   -0.0440734076
1   9   2   5   -0.0000004847
1   9   2   8   -0.0000004805
1   9   3   5   0.0002108922
1   9   3   8   0.0012876005
1   9   4   6   -0.0012740947
1   9   4   7   -0.0017234302
1   9   5   6   -0.0017234302
1   9   5   7   0.0012740947
1   9   6   5   0.0026471977
1   9   6   8   0.0031804768
1   10   1   6   -0.0331814896
1   10   1   7   -0.0448836174
1   10   2   6   0.0000000734
1   10   2   7   0.0000000993
1   10   3   6   0.0005271513
1   10   3   7   0.0007130620
1   10   4   5   -0.0002813482
1   10   4   8   -0.0015140785
1   10   6   6   -0.0000239016
1   10   6   7   -0.0000323309
1   11   1   6   -0.0448836174
1   11   1   7   0.0331814896
1   11   2   6   0.0000000993
1   11   2   7   -0.0000000734
1   11   3   6   0.0007130620
1   11   3   7   -0.0005271513
1   11   5   5   -0.0002813482
1   11   5   8   -0.0015140785
1   11   6   6   -0.0000323309
1   11   6   7   0.0000239016
1   12   1   5   0.0695905871
1   12   1   8   0.0761703216
1   12   2   5   -0.0000001087
1   12   2   8   0.0000000365
1   12   3   5   -0.0010458270
1   12   3   8   -0.0011951504
1   12   4   6   -0.0000766286
1   12   4   7   -0.0001036533
1   12   5   6   -0.0001036533
1   12   5   7   0.0000766286
1   12   6   5   -0.0001276403
1   12   6   8   -0.0012305680
2   7   1   5   -0.0000005355
2   7   1   8   -0.0000008953
2   7   2   5   -0.0001061237
2   7   2   8   -0.0001239430
2   7   3   5   -0.0000005868
2   7   3   8   -0.0000006322
2   7   4   6   -0.0000001709
2   7   4   7   -0.0000002311
2   7   5   6   -0.0000002311
2   7   5   7   0.0000001709
2   7   6   5   0.0000007994
2   7   6   8   0.0000008597
2   8   1   5   0.0000001576
2   8   1   8   0.0000004185
2   8   2   5   -0.0924919668
2   8   2   8   -0.0790785574
2   8   3   5   0.0000826024
2   8   3   8   0.0000816420
2   8   4   6   0.0000248476
2   8   4   7   0.0000336106
2   8   5   6   0.0000336106
2   8   5   7   -0.0000248476
2   8   6   5   -0.0013118500
2   8   6   8   -0.0013502436
2   9   1   5   -0.0000004847
2   9   1   8   -0.0000004805
2   9   2   5   -0.0004087450
2   9   2   8   -0.0001949670
2   9   3   5   -0.0000034238
2   9   3   8   -0.0000059693
2   9   4   6   -0.0000004128
2   9   4   7   -0.0000005583
2   9   5   6   -0.0000005583
2   9   5   7   0.0000004128
2   9   6   5   0.0000077963
2   9   6   8   0.0000108858
2   10   1   6   0.0000000734
2   10   1   7   0.0000000993
2   10   2   6   0.0010747714
2   10   2   7   0.0014538114
2   10   3   6   -0.0000030006
2   10   3   7   -0.0000040588
2   10   4   5   0.0000024139
2   10   4   8   0.0000047261
2   10   6   6   0.0000100275
2   10   6   7   0.0000135639
2   11   1   6   0.0000000993
2   11   1   7   -0.0000000734
2   11   2   6   0.0014538114
2   11   2   7   -0.0010747714
2   11   3   6   -0.0000040588
2   11   3   7   0.0000030006
2   11   5   5   0.0000024139
2   11   5   8   0.0000047261
2   11   6   6   0.0000135639
2   11   6   7   -0.0000100275
2   12   1   5   -0.0000001087
2   12   1   8   0.0000000365
2   12   2   5   -0.0108126393
2   12   2   8   -0.0193175911
2   12   3   5   0.0000093142
2   12   3   8   0.0000075374
2   12   4   6   -0.0000059839
2   12   4   7   -0.0000080943
2   12   5   6   -0.0000080943
2   12   5   7   0.0000059839
2   12   6   5   -0.0000491237
2   12   6   8   -0.0000018670
3   7   1   5   -0.0007930859
3   7   1   8   -0.0047554757
3   7   2   5   -0.0000005868
3   7   2   8   -0.0000006322
3   7   3   5   0.0001856579
3   7   3   8   0.0011946367
3   7   4   6   -0.0013434586
3   7   4   7   -0.0018172566
3   7   5   6   -0.0018172566
3   7   5   7   0.0013434586
3   7   6   5   0.0027209222
3   7   6   8   0.0032467947
3   8   1   5   0.0000001728
3   8   1   8   0.0000003305
3   8   2   5   0.0000826024
3   8   2   8   0.0000816420
3   8   3   5   -0.0011850799
3   8   3   8   0.0006930737
3   8   4   6   0.0001140926
3   8   4   7   0.0001543297
3   8   5   6   0.0001543297
3   8   5   7   -0.0001140926
3   8   6   5   0.0002501739
3   8   6   8   -0.0001365175
3   9   1   5   0.0002108922
3   9   1   8   0.0012876005
3   9   2   5   -0.0000034238
3   9   2   8   -0.0000059693
3   9   3   5   -0.0046252304
3   9   3   8   -0.0240913342
3   9   4   6   -0.0053526670
3   9   4   7   -0.0072403940
3   9   5   6   -0.0072403940
3   9   5   7   0.0053526670
3   9   6   5   0.0114499347
3   9   6   8   0.0130418493
3   10   1   6   0.0005271513
3   10   1   7   0.0007130620
3   10   2   6   -0.0000030006
3   10   2   7   -0.0000040588
3   10   3   6   -0.0210819070
3   10   3   7   -0.0285168706
3   10   4   5   -0.0008326271
3   10   4   8   -0.0037503374
3   10   6   6   -0.0006973142
3   10   6   7   -0.0009432362
3   11   1   6   0.0007130620
3   11   1   7   -0.0005271513
3   11   2   6   -0.0000040588
3   11   2   7   0.0000030006
3   11   3   6   -0.0285168706
3   11   3   7   0.0210819070
3   11   5   5   -0.0008326271
3   11   5   8   -0.0037503374
3   11   6   6   -0.0009432362
3   11   6   7   0.0006973142
3   12   1   5   -0.0010458270
3   12   1   8   -0.0011951504
3   12   2   5   0.0000093142
3   12   2   8   0.0000075374
3   12   3   5   0.0452107930
3   12   3   8   0.0476159859
3   12   4   6   -0.0005905292
3   12   4   7   -0.0007987913
3   12   5   6   -0.0007987913
3   12   5   7   0.0005905292
3   12   6   5   0.0011815499
3   12   6   8   -0.0008048753
4   7   1   6   -0.0013102034
4   7   1   7   -0.0017722734
4   7   2   6   -0.0000001709
4   7   2   7   -0.0000002311
4   7   3   6   -0.0013434586
4   7   3   7   -0.0018172566
4   7   4   5   0.0001070218
4   7   4   8   0.0007051767
4   7   6   6   -0.0000283220
4   7   6   7   -0.0000383104
4   8   1   6   0.0000094499
4   8   1   7   0.0000127826
4   8   2   6   0.0000248476
4   8   2   7   0.0000336106
4   8   3   6   0.0001140926
4   8   3   7   0.0001543297
4   8   4   5   -0.0011502516
4   8   4   8   0.0006767931
4   8   6   6   -0.0000525809
4   8   6   7   -0.0000711247
4   9   1   6   -0.0012740947
4   9   1   7   -0.0017234302
4   9   2   6   -0.0000004128
4   9   2   7   -0.0000005583
4   9   3   6   -0.0053526670
4   9   3   7   -0.0072403940
4   9   4   5   -0.0042318360
4   9   4   8   -0.0217514403
4   9   6   6   -0.0001401505
4   9   6   7   -0.0001895774
4   10   1   5   -0.0002813482
4   10   1   8   -0.0015140785
4   10   2   5   0.0000024139
4   10   2   8   0.0000047261
4   10   3   5   -0.0008326271
4   10   3   8   -0.0037503374
4   10   4   6   -0.0212357403
4   10   4   7   -0.0287249564
4   10   5   6   -0.0017198720
4   10   5   7   0.0012714643
4   10   6   5   0.0027248629
4   10   6   8   0.0030403594
4   11   4   6   -0.0252852124
4   11   4   7   0.0186928118
4   11   5   6   -0.0012714643
4   11   5   7   -0.0017198720
4   12   1   6   -0.0000766286
4   12   1   7   -0.0001036533
4   12   2   6   -0.0000059839
4   12   2   7   -0.0000080943
4   12   3   6   -0.0005905292
4   12   3   7   -0.0007987913
4   12   4   5   0.0401563061
4   12   4   8   0.0418002776
4   12   6   6   -0.0011060892
4   12   6   7   -0.0014961741
5   7   1   6   -0.0017722734
5   7   1   7   0.0013102034
5   7   2   6   -0.0000002311
5   7   2   7   0.0000001709
5   7   3   6   -0.0018172566
5   7   3   7   0.0013434586
5   7   5   5   0.0001070218
5   7   5   8   0.0007051767
5   7   6   6   -0.0000383104
5   7   6   7   0.0000283220
5   8   1   6   0.0000127826
5   8   1   7   -0.0000094499
5   8   2   6   0.0000336106
5   8   2   7   -0.0000248476
5   8   3   6   0.0001543297
5   8   3   7   -0.0001140926
5   8   5   5   -0.0011502516
5   8   5   8   0.0006767931
5   8   6   6   -0.0000711247
5   8   6   7   0.0000525809
5   9   1   6   -0.0017234302
5   9   1   7   0.0012740947
5   9   2   6   -0.0000005583
5   9   2   7   0.0000004128
5   9   3   6   -0.0072403940
5   9   3   7   0.0053526670
5   9   5   5   -0.0042318360
5   9   5   8   -0.0217514403
5   9   6   6   -0.0001895774
5   9   6   7   0.0001401505
5   10   4   6   -0.0017198720
5   10   4   7   0.0012714643
5   10   5   6   -0.0186928118
5   10   5   7   -0.0252852124
5   11   1   5   -0.0002813482
5   11   1   8   -0.0015140785
5   11   2   5   0.0000024139
5   11   2   8   0.0000047261
5   11   3   5   -0.0008326271
5   11   3   8   -0.0037503374
5   11   4   6   -0.0012714643
5   11   4   7   -0.0017198720
5   11   5   6   -0.0287249564
5   11   5   7   0.0212357403
5   11   6   5   0.0027248629
5   11   6   8   0.0030403594
5   12   1   6   -0.0001036533
5   12   1   7   0.0000766286
5   12   2   6   -0.0000080943
5   12   2   7   0.0000059839
5   12   3   6   -0.0007987913
5   12   3   7   0.0005905292
5   12   5   5   0.0401563061
5   12   5   8   0.0418002776
5   12   6   6   -0.0014961741
5   12   6   7   0.0011060892
6   7   1   5   0.0025886022
6   7   1   8   0.0029221356
6   7   2   5   0.0000007994
6   7   2   8   0.0000008597
6   7   3   5   0.0027209222
6   7   3   8   0.0032467947
6   7   4   6   -0.0000283220
6   7   4   7   -0.0000383104
6   7   5   6   -0.0000383104
6   7   5   7   0.0000283220
6   7   6   5   0.0001967643
6   7   6   8   0.0007688479
6   8   1   5   0.0000199571
6   8   1   8   -0.0000105824
6   8   2   5   -0.0013118500
6   8   2   8   -0.0013502436
6   8   3   5   0.0002501739
6   8   3   8   -0.0001365175
6   8   4   6   -0.0000525809
6   8   4   7   -0.0000711247
6   8   5   6   -0.0000711247
6   8   5   7   0.0000525809
6   8   6   5   -0.0013960559
6   8   6   8   0.0007423682
6   9   1   5   0.0026471977
6   9   1   8   0.0031804768
6   9   2   5   0.0000077963
6   9   2   8   0.0000108858
6   9   3   5   0.0114499347
6   9   3   8   0.0130418493
6   9   4   6   -0.0001401505
6   9   4   7   -0.0001895774
6   9   5   6   -0.0001895774
6   9   5   7   0.0001401505
6   9   6   5   -0.0036892572
6   9   6   8   -0.0202672328
6   10   1   6   -0.0000239016
6   10   1   7   -0.0000323309
6   10   2   6   0.0000100275
6   10   2   7   0.0000135639
6   10   3   6   -0.0006973142
6   10   3   7   -0.0009432362
6   10   4   5   0.0027248629
6   10   4   8   0.0030403594
6   10   6   6   -0.0177953805
6   10   6   7   -0.0240712837
6   11   1   6   -0.0000323309
6   11   1   7   0.0000239016
6   11   2   6   0.0000135639
6   11   2   7   -0.0000100275
6   11   3   6   -0.0009432362
6   11   3   7   0.0006973142
6   11   5   5   0.0027248629
6   11   5   8   0.0030403594
6   11   6   6   -0.0240712837
6   11   6   7   0.0177953805
6   12   1   5   -0.0001276403
6   12   1   8   -0.0012305680
6   12   2   5   -0.0000491237
6   12   2   8   -0.0000018670
6   12   3   5   0.0011815499
6   12   3   8   -0.0008048753
6   12   4   6   -0.0011060892
6   12   4   7   -0.0014961741
6   12   5   6   -0.0014961741
6   12   5   7   0.0011060892
6   12   6   5   0.0432554541
6   12   6   8   0.0446257633

End IJKA Block
Begin IABC Block
1   5   1   5   -0.0000514563
1   5   1   8   -0.0000291230
1   5   2   6   -0.0000138661
1   5   3   7   -0.0000138661
1   5   4   5   -0.0000571638
1   5   4   8   -0.0000309853
1   6   1   6   -0.0000406220
1   6   2   5   -0.0000138661
1   6   2   8   -0.0000215455
1   6   4   6   -0.0000462998
1   7   1   7   -0.0000406220
1   7   3   5   -0.0000138661
1   7   3   8   -0.0000215455
1   7   4   7   -0.0000462998
1   8   1   5   -0.0000291230
1   8   1   8   -0.0000641537
1   8   2   6   -0.0000215455
1   8   3   7   -0.0000215455
1   8   4   5   -0.0000309853
1   8   4   8   -0.0000675452
2   5   1   5   0.0001897212
2   5   1   8   -0.0013137379
2   5   2   6   0.0023123861
2   5   3   7   0.0023123861
2   5   4   5   -0.0020799499
2   5   4   8   -0.0005281582
2   6   1   6   -0.0000814371
2   6   2   5   0.0023123861
2   6   2   8   0.0013431094
2   6   4   6   -0.0004357843
2   7   1   7   -0.0000814371
2   7   3   5   0.0023123861
2   7   3   8   0.0013431094
2   7   4   7   -0.0004357843
2   8   1   5   -0.0013137379
2   8   1   8   -0.0013020364
2   8   2   6   0.0013431094
2   8   3   7   0.0013431094
2   8   4   5   -0.0005281582
2   8   4   8   -0.0005745941
3   5   1   5   -0.0002921861
3   5   1   8   -0.0001813035
3   5   2   6   0.0000117129
3   5   3   7   0.0000117129
3   5   4   5   -0.0003425662
3   5   4   8   -0.0002817473
3   6   1   6   -0.0002667937
3   6   2   5   0.0000117129
3   6   2   8   -0.0000181125
3   6   4   6   -0.0002773681
3   7   1   7   -0.0002667937
3   7   3   5   0.0000117129
3   7   3   8   -0.0000181125
3   7   4   7   -0.0002773681
3   8   1   5   -0.0001813035
3   8   1   8   -0.0003823961
3   8   2   6   -0.0000181125
3   8   3   7   -0.0000181125
3   8   4   5   -0.0002817473
3   8   4   8   -0.0005884989
4   5   1   6   0.0004263762
4   5   1   7   0.0005767464
4   5   2   5   0.0007342857
4   5   2   8   -0.0000210987
4   5   3   5   0.0009932464
4   5   3   8   -0.0000285396
4   5   4   6   0.0007506452
4   5   4   7   0.0010153755
4   6   1   5   0.0004263762
4   6   1   8   0.0002914982
4   6   2   6   0.0007781286
4   6   2   7   0.0002392385
4   6   3   6   0.0005740745
4   6   3   7   0.0001768639
4   6   4   5   0.0007506452
4   6   4   8   0.0006258361
4   7   1   5   0.0005767464
4   7   1   8   0.0003943010
4   7   2   6   0.0002392385
4   7   2   7   0.0004244009
4   7   3   6   0.0001768639
4   7   3   7   0.0010525516
4   7   4   5   0.0010153755
4   7   4   8   0.0008465499
4   8   1   6   0.0002914982
4   8   1   7   0.0003943010
4   8   2   5   -0.0000210987
4   8   2   8   -0.0000020098
4   8   3   5   -0.0000285396
4   8   3   8   -0.0000027186
4   8   4   6   0.0006258361
4   8   4   7   0.0008465499
5   5   1   6   0.0005767464
5   5   1   7   -0.0004263762
5   5   2   5   0.0009932464
5   5   2   8   -0.0000285396
5   5   3   5   -0.0007342857
5   5   3   8   0.0000210987
5   5   4   6   0.0010153755
5   5   4   7   -0.0007506452
5   6   1   5   0.0005767464
5   6   1   8   0.0003943010
5   6   2   6   0.0010525516
5   6   2   7   -0.0001768639
5   6   3   6   -0.0004244009
5   6   3   7   0.0002392385
5   6   4   5   0.0010153755
5   6   4   8   0.0008465499
5   7   1   5   -0.0004263762
5   7   1   8   -0.0002914982
5   7   2   6   -0.0001768639
5   7   2   7   0.0005740745
5   7   3   6   0.0002392385
5   7   3   7   -0.0007781286
5   7   4   5   -0.0007506452
5   7   4   8   -0.0006258361
5   8   1   6   0.0003943010
5   8   1   7   -0.0002914982
5   8   2   5   -0.0000285396
5   8   2   8   -0.0000027186
5   8   3   5   0.0000210987
5   8   3   8   0.0000020098
5   8   4   6   0.0008465499
5   8   4   7   -0.0006258361
6   5   1   5   -0.0050846252
6   5   1   8   -0.0005112842
6   5   2   6   -0.0020964706
6   5   3   7   -0.0020964706
6   5   4   5   -0.0069970126
6   5   4   8   -0.0025013755
6   6   1   6   -0.0032557076
6   6   2   5   -0.0020964706
6   6   2   8   -0.0012560665
6   6   4   6   -0.0054267345
6   7   1   7   -0.0032557076
6   7   3   5   -0.0020964706
6   7   3   8   -0.0012560665
6   7   4   7   -0.0054267345
6   8   1   5   -0.0005112842
6   8   1   8   -0.0020777751
6   8   2   6   -0.0012560665
6   8   3   7   -0.0012560665
6   8   4   5   -0.0025013755
6   8   4   8   -0.0045530113

End IABC Block
