Begin IJ Block
1   1   -6.0754592021
1   2   -0.0017242318
1   3   -0.0122740952
2   2   -7.0741544125
2   3   0.0182136981
3   3   -6.0147307007
4   4   -6.0654917634
4   5   -0.0000000000
5   5   -6.0654917634

End IJ Block
Begin IA Block
1   1   0.0958693525
2   1   0.0509416163
3   1   -0.1963137256
4   2   0.0840096773
4   3   0.2375370881
5   2   -0.2375370881
5   3   0.0840096773

End IA Block
Begin AB Block
1   1   -1.6126862035
2   2   -1.3437571343
3   3   -1.3437571343

End AB Block
Begin IJKL Block
1   6   1   6   1.6506350713
1   6   1   7   -0.0095656322
1   6   1   8   0.0341521526
1   6   2   6   -0.0095656322
1   6   2   7   0.0000949191
1   6   2   8   -0.0003544536
1   6   3   6   0.0341521526
1   6   3   7   -0.0003544536
1   6   3   8   0.0014093633
1   6   4   9   0.0000304950
1   6   5   10   0.0000304950
1   7   1   6   -0.0095656322
1   7   1   7   0.2347469594
1   7   1   8   -0.0352231099
1   7   2   6   0.0000949191
1   7   2   7   0.0020316103
1   7   2   8   -0.0004288540
1   7   3   6   -0.0003544536
1   7   3   7   -0.0033849015
1   7   3   8   0.0009692022
1   7   4   9   0.0004869219
1   7   5   10   0.0004869219
1   8   1   6   0.0341521526
1   8   1   7   -0.0352231099
1   8   1   8   0.2529793997
1   8   2   6   -0.0003544536
1   8   2   7   -0.0004288540
1   8   2   8   0.0019058483
1   8   3   6   0.0014093633
1   8   3   7   0.0009692022
1   8   3   8   -0.0035589626
1   8   4   9   -0.0001570778
1   8   5   10   -0.0001570778
1   9   1   9   0.2303357583
1   9   2   9   0.0018474008
1   9   3   9   -0.0030730753
1   9   4   6   0.0000304950
1   9   4   7   0.0004869219
1   9   4   8   -0.0001570778
1   10   1   10   0.2303357583
1   10   2   10   0.0018474008
1   10   3   10   -0.0030730753
1   10   5   6   0.0000304950
1   10   5   7   0.0004869219
1   10   5   8   -0.0001570778
2   6   1   6   -0.0095656322
2   6   1   7   0.0000949191
2   6   1   8   -0.0003544536
2   6   2   6   0.2347469594
2   6   2   7   0.0020316103
2   6   2   8   -0.0033849015
2   6   3   6   -0.0352231099
2   6   3   7   -0.0004288540
2   6   3   8   0.0009692022
2   6   4   9   0.0004869219
2   6   5   10   0.0004869219
2   7   1   6   0.0000949191
2   7   1   7   0.0020316103
2   7   1   8   -0.0004288540
2   7   2   6   0.0020316103
2   7   2   7   0.8829187854
2   7   2   8   0.0081342832
2   7   3   6   -0.0004288540
2   7   3   7   0.0081342832
2   7   3   8   0.1600259589
2   7   4   9   0.1640761788
2   7   5   10   0.1640761788
2   8   1   6   -0.0003544536
2   8   1   7   -0.0004288540
2   8   1   8   0.0019058483
2   8   2   6   -0.0033849015
2   8   2   7   0.0081342832
2   8   2   8   0.8061193965
2   8   3   6   0.0009692022
2   8   3   7   0.1600259589
2   8   3   8   0.0124504957
2   8   4   9   0.0028813100
2   8   5   10   0.0028813100
2   9   1   9   0.0018474008
2   9   2   9   0.8243280253
2   9   3   9   0.0092639773
2   9   4   6   0.0004869219
2   9   4   7   0.1640761788
2   9   4   8   0.0028813100
2   10   1   10   0.0018474008
2   10   2   10   0.8243280253
2   10   3   10   0.0092639773
2   10   5   6   0.0004869219
2   10   5   7   0.1640761788
2   10   5   8   0.0028813100
3   6   1   6   0.0341521526
3   6   1   7   -0.0003544536
3   6   1   8   0.0014093633
3   6   2   6   -0.0352231099
3   6   2   7   -0.0004288540
3   6   2   8   0.0009692022
3   6   3   6   0.2529793997
3   6   3   7   0.0019058483
3   6   3   8   -0.0035589626
3   6   4   9   -0.0001570778
3   6   5   10   -0.0001570778
3   7   1   6   -0.0003544536
3   7   1   7   -0.0033849015
3   7   1   8   0.0009692022
3   7   2   6   -0.0004288540
3   7   2   7   0.0081342832
3   7   2   8   0.1600259589
3   7   3   6   0.0019058483
3   7   3   7   0.8061193965
3   7   3   8   0.0124504957
3   7   4   9   0.0028813100
3   7   5   10   0.0028813100
3   8   1   6   0.0014093633
3   8   1   7   0.0009692022
3   8   1   8   -0.0035589626
3   8   2   6   0.0009692022
3   8   2   7   0.1600259589
3   8   2   8   0.0124504957
3   8   3   6   -0.0035589626
3   8   3   7   0.0124504957
3   8   3   8   0.7949013303
3   8   4   9   0.0391865312
3   8   5   10   0.0391865312
3   9   1   9   -0.0030730753
3   9   2   9   0.0092639773
3   9   3   9   0.7332898586
3   9   3   10   0.0000000000
3   9   4   6   -0.0001570778
3   9   4   7   0.0028813100
3   9   4   8   0.0391865312
3   10   1   10   -0.0030730753
3   10   2   10   0.0092639773
3   10   3   9   0.0000000000
3   10   3   10   0.7332898586
3   10   5   6   -0.0001570778
3   10   5   7   0.0028813100
3   10   5   8   0.0391865312
4   6   1   9   0.0000304950
4   6   2   9   0.0004869219
4   6   3   9   -0.0001570778
4   6   4   6   0.2303357583
4   6   4   7   0.0018474008
4   6   4   8   -0.0030730753
4   7   1   9   0.0004869219
4   7   2   9   0.1640761788
4   7   3   9   0.0028813100
4   7   4   6   0.0018474008
4   7   4   7   0.8243280253
4   7   4   8   0.0092639773
4   8   1   9   -0.0001570778
4   8   2   9   0.0028813100
4   8   3   9   0.0391865312
4   8   4   6   -0.0030730753
4   8   4   7   0.0092639773
4   8   4   8   0.7332898586
4   8   5   8   0.0000000000
4   9   1   6   0.0000304950
4   9   1   7   0.0004869219
4   9   1   8   -0.0001570778
4   9   2   6   0.0004869219
4   9   2   7   0.1640761788
4   9   2   8   0.0028813100
4   9   3   6   -0.0001570778
4   9   3   7   0.0028813100
4   9   3   8   0.0391865312
4   9   4   9   0.8292252640
4   9   4   10   0.0000000000
4   9   5   9   0.0000000000
4   9   5   10   0.0400693425
4   10   4   9   0.0000000000
4   10   4   10   0.7490865790
4   10   5   9   0.0400693425
4   10   5   10   0.0000000000
5   6   1   10   0.0000304950
5   6   2   10   0.0004869219
5   6   3   10   -0.0001570778
5   6   5   6   0.2303357583
5   6   5   7   0.0018474008
5   6   5   8   -0.0030730753
5   7   1   10   0.0004869219
5   7   2   10   0.1640761788
5   7   3   10   0.0028813100
5   7   5   6   0.0018474008
5   7   5   7   0.8243280253
5   7   5   8   0.0092639773
5   8   1   10   -0.0001570778
5   8   2   10   0.0028813100
5   8   3   10   0.0391865312
5   8   4   8   0.0000000000
5   8   5   6   -0.0030730753
5   8   5   7   0.0092639773
5   8   5   8   0.7332898586
5   9   4   9   0.0000000000
5   9   4   10   0.0400693425
5   9   5   9   0.7490865790
5   9   5   10   0.0000000000
5   10   1   6   0.0000304950
5   10   1   7   0.0004869219
5   10   1   8   -0.0001570778
5   10   2   6   0.0004869219
5   10   2   7   0.1640761788
5   10   2   8   0.0028813100
5   10   3   6   -0.0001570778
5   10   3   7   0.0028813100
5   10   3   8   0.0391865312
5   10   4   9   0.0400693425
5   10   4   10   0.0000000000
5   10   5   9   0.0000000000
5   10   5   10   0.8292252641

End IJKL Block
Begin IJAB Block
1   6   1   4   0.0057122394
1   6   2   5   0.0005952753
1   6   3   6   0.0005952753
1   7   1   4   -0.0000051141
1   7   2   5   0.0000064269
1   7   3   6   0.0000064269
1   8   1   4   0.0001080849
1   8   2   5   -0.0001436714
1   8   3   6   -0.0001436714
1   9   1   5   0.0000207052
1   9   1   6   0.0000585440
1   9   2   4   0.0000341767
1   9   3   4   0.0000966346
1   10   1   5   -0.0000585440
1   10   1   6   0.0000207052
1   10   2   4   -0.0000966346
1   10   3   4   0.0000341767
2   6   1   4   -0.0000051141
2   6   2   5   0.0000064269
2   6   3   6   0.0000064269
2   7   1   4   0.0006573449
2   7   2   5   0.0007695015
2   7   3   6   0.0007695015
2   8   1   4   -0.0004766686
2   8   2   5   0.0000452391
2   8   3   6   0.0000452391
2   9   1   5   0.0001590467
2   9   1   6   0.0004497040
2   9   2   4   0.0000381043
2   9   3   4   0.0001077397
2   10   1   5   -0.0004497040
2   10   1   6   0.0001590467
2   10   2   4   -0.0001077397
2   10   3   4   0.0000381043
3   6   1   4   0.0001080849
3   6   2   5   -0.0001436714
3   6   3   6   -0.0001436714
3   7   1   4   -0.0004766686
3   7   2   5   0.0000452391
3   7   3   6   0.0000452391
3   8   1   4   0.0020871936
3   8   2   5   0.0003507963
3   8   3   6   0.0003507963
3   9   1   5   -0.0006814787
3   9   1   6   -0.0019268788
3   9   2   4   -0.0000899188
3   9   3   4   -0.0002542452
3   10   1   5   0.0019268788
3   10   1   6   -0.0006814787
3   10   2   4   0.0002542452
3   10   3   4   -0.0000899188
4   6   1   5   0.0000341767
4   6   1   6   0.0000966346
4   6   2   4   0.0000207052
4   6   3   4   0.0000585440
4   7   1   5   0.0000381043
4   7   1   6   0.0001077397
4   7   2   4   0.0001590467
4   7   3   4   0.0004497040
4   8   1   5   -0.0000899188
4   8   1   6   -0.0002542452
4   8   2   4   -0.0006814787
4   8   3   4   -0.0019268788
4   9   1   4   0.0002760564
4   9   2   5   0.0005162477
4   9   2   6   0.0008301556
4   9   3   5   0.0008301556
4   9   3   6   0.0025699090
4   10   2   5   -0.0008301556
4   10   2   6   0.0000709541
4   10   3   5   -0.0021246154
4   10   3   6   0.0008301556
5   6   1   5   -0.0000966346
5   6   1   6   0.0000341767
5   6   2   4   -0.0000585440
5   6   3   4   0.0000207052
5   7   1   5   -0.0001077397
5   7   1   6   0.0000381043
5   7   2   4   -0.0004497040
5   7   3   4   0.0001590467
5   8   1   5   0.0002542452
5   8   1   6   -0.0000899188
5   8   2   4   0.0019268788
5   8   3   4   -0.0006814787
5   9   2   5   -0.0008301556
5   9   2   6   -0.0021246154
5   9   3   5   0.0000709541
5   9   3   6   0.0008301556
5   10   1   4   0.0002760564
5   10   2   5   0.0025699090
5   10   2   6   -0.0008301556
5   10   3   5   -0.0008301556
5   10   3   6   0.0005162477

End IJAB Block
Begin ABCD Block
1   4   1   4   0.2187605373
1   4   2   5   0.0249757090
1   4   3   6   0.0249757090
1   5   1   5   0.1499588044
1   5   2   4   0.0249757090
1   6   1   6   0.1499588044
1   6   3   4   0.0249757090
2   4   1   5   0.0249757090
2   4   2   4   0.1499588044
2   5   1   4   0.0249757090
2   5   2   5   0.1376505866
2   5   3   6   0.0079345012
2   6   2   6   0.1217815841
2   6   3   5   0.0079345012
3   4   1   6   0.0249757090
3   4   3   4   0.1499588044
3   5   2   6   0.0079345012
3   5   3   5   0.1217815841
3   6   1   4   0.0249757090
3   6   2   5   0.0079345012
3   6   3   6   0.1376505866

End ABCD Block
Begin AIJB Block
1   6   1   4   0.0057122394
1   6   2   4   -0.0000051141
1   6   3   4   0.0001080849
1   6   4   5   0.0000341767
1   6   4   6   0.0000966346
1   6   5   5   -0.0000966346
1   6   5   6   0.0000341767
1   7   1   4   -0.0000051141
1   7   2   4   0.0006573449
1   7   3   4   -0.0004766686
1   7   4   5   0.0000381043
1   7   4   6   0.0001077397
1   7   5   5   -0.0001077397
1   7   5   6   0.0000381043
1   8   1   4   0.0001080849
1   8   2   4   -0.0004766686
1   8   3   4   0.0020871936
1   8   4   5   -0.0000899188
1   8   4   6   -0.0002542452
1   8   5   5   0.0002542452
1   8   5   6   -0.0000899188
1   9   1   5   0.0000207052
1   9   1   6   0.0000585440
1   9   2   5   0.0001590467
1   9   2   6   0.0004497040
1   9   3   5   -0.0006814787
1   9   3   6   -0.0019268788
1   9   4   4   0.0002760564
1   10   1   5   -0.0000585440
1   10   1   6   0.0000207052
1   10   2   5   -0.0004497040
1   10   2   6   0.0001590467
1   10   3   5   0.0019268788
1   10   3   6   -0.0006814787
1   10   5   4   0.0002760564
2   6   1   5   0.0005952753
2   6   2   5   0.0000064269
2   6   3   5   -0.0001436714
2   6   4   4   0.0000207052
2   6   5   4   -0.0000585440
2   7   1   5   0.0000064269
2   7   2   5   0.0007695015
2   7   3   5   0.0000452391
2   7   4   4   0.0001590467
2   7   5   4   -0.0004497040
2   8   1   5   -0.0001436714
2   8   2   5   0.0000452391
2   8   3   5   0.0003507963
2   8   4   4   -0.0006814787
2   8   5   4   0.0019268788
2   9   1   4   0.0000341767
2   9   2   4   0.0000381043
2   9   3   4   -0.0000899188
2   9   4   5   0.0005162477
2   9   4   6   0.0008301556
2   9   5   5   -0.0008301556
2   9   5   6   -0.0021246154
2   10   1   4   -0.0000966346
2   10   2   4   -0.0001077397
2   10   3   4   0.0002542452
2   10   4   5   -0.0008301556
2   10   4   6   0.0000709541
2   10   5   5   0.0025699090
2   10   5   6   -0.0008301556
3   6   1   6   0.0005952753
3   6   2   6   0.0000064269
3   6   3   6   -0.0001436714
3   6   4   4   0.0000585440
3   6   5   4   0.0000207052
3   7   1   6   0.0000064269
3   7   2   6   0.0007695015
3   7   3   6   0.0000452391
3   7   4   4   0.0004497040
3   7   5   4   0.0001590467
3   8   1   6   -0.0001436714
3   8   2   6   0.0000452391
3   8   3   6   0.0003507963
3   8   4   4   -0.0019268788
3   8   5   4   -0.0006814787
3   9   1   4   0.0000966346
3   9   2   4   0.0001077397
3   9   3   4   -0.0002542452
3   9   4   5   0.0008301556
3   9   4   6   0.0025699090
3   9   5   5   0.0000709541
3   9   5   6   0.0008301556
3   10   1   4   0.0000341767
3   10   2   4   0.0000381043
3   10   3   4   -0.0000899188
3   10   4   5   -0.0021246154
3   10   4   6   0.0008301556
3   10   5   5   -0.0008301556
3   10   5   6   0.0005162477

1   6   6   1   -0.2516552046
1   6   7   1   0.0005888382
1   6   8   1   -0.0017074220
1   6   9   2   -0.0000770662
1   6   9   3   -0.0002179043
1   6   10   2   0.0002179043
1   6   10   3   -0.0000770662
1   7   6   1   0.0005888382
1   7   7   1   -0.1360471528
1   7   8   1   0.0103488559
1   7   9   2   -0.0012771620
1   7   9   3   -0.0036111715
1   7   10   2   0.0036111715
1   7   10   3   -0.0012771620
1   8   6   1   -0.0017074220
1   8   7   1   0.0103488559
1   8   8   1   -0.1393029949
1   8   9   2   0.0004063831
1   8   9   3   0.0011490468
1   8   10   2   -0.0011490468
1   8   10   3   0.0004063831
1   9   6   2   -0.0000770662
1   9   6   3   -0.0002179043
1   9   7   2   -0.0012771620
1   9   7   3   -0.0036111715
1   9   8   2   0.0004063831
1   9   8   3   0.0011490468
1   9   9   1   -0.1354498630
1   10   6   2   0.0002179043
1   10   6   3   -0.0000770662
1   10   7   2   0.0036111715
1   10   7   3   -0.0012771620
1   10   8   2   -0.0011490468
1   10   8   3   0.0004063831
1   10   10   1   -0.1354498630
2   6   6   2   -0.1678066298
2   6   7   2   0.0001435168
2   6   8   2   -0.0003300965
2   6   9   1   -0.0000770662
2   6   10   1   0.0002179043
2   7   6   2   0.0001435168
2   7   7   2   -0.1299903268
2   7   8   2   0.0056791090
2   7   9   1   -0.0012771620
2   7   10   1   0.0036111715
2   8   6   2   -0.0003300965
2   8   7   2   0.0056791090
2   8   8   2   -0.1308018444
2   8   9   1   0.0004063831
2   8   10   1   -0.0011490468
2   9   6   1   -0.0000770662
2   9   7   1   -0.0012771620
2   9   8   1   0.0004063831
2   9   9   2   -0.1293261516
2   9   9   3   -0.0004358164
2   9   10   2   0.0004358164
2   9   10   3   0.0005390672
2   10   6   1   0.0002179043
2   10   7   1   0.0036111715
2   10   8   1   -0.0011490468
2   10   9   2   0.0004358164
2   10   9   3   0.0005390672
2   10   10   2   -0.1304042861
2   10   10   3   0.0004358164
3   6   6   3   -0.1678066298
3   6   7   3   0.0001435168
3   6   8   3   -0.0003300965
3   6   9   1   -0.0002179043
3   6   10   1   -0.0000770662
3   7   6   3   0.0001435168
3   7   7   3   -0.1299903268
3   7   8   3   0.0056791090
3   7   9   1   -0.0036111715
3   7   10   1   -0.0012771620
3   8   6   3   -0.0003300965
3   8   7   3   0.0056791090
3   8   8   3   -0.1308018444
3   8   9   1   0.0011490468
3   8   10   1   0.0004063831
3   9   6   1   -0.0002179043
3   9   7   1   -0.0036111715
3   9   8   1   0.0011490468
3   9   9   2   -0.0004358164
3   9   9   3   -0.1304042861
3   9   10   2   0.0005390672
3   9   10   3   -0.0004358164
3   10   6   1   -0.0000770662
3   10   7   1   -0.0012771620
3   10   8   1   0.0004063831
3   10   9   2   0.0005390672
3   10   9   3   -0.0004358164
3   10   10   2   0.0004358164
3   10   10   3   -0.1293261516

End AIJB Block
Begin IJKA Block
1   6   1   4   -0.0743896192
1   6   2   4   0.0005114371
1   6   3   4   -0.0019077771
1   6   4   5   0.0000417615
1   6   4   6   0.0001180806
1   6   5   5   -0.0001180806
1   6   5   6   0.0000417615
1   7   1   4   -0.0005559934
1   7   2   4   -0.0000506909
1   7   3   4   0.0000902139
1   7   4   5   -0.0000073402
1   7   4   6   -0.0000207545
1   7   5   5   0.0000207545
1   7   5   6   -0.0000073402
1   8   1   4   -0.0060761707
1   8   2   4   0.0001307861
1   8   3   4   -0.0002336453
1   8   4   5   -0.0000123618
1   8   4   6   -0.0000349529
1   8   5   5   0.0000349529
1   8   5   6   -0.0000123618
1   9   1   5   0.0002216095
1   9   1   6   0.0006266000
1   9   2   5   -0.0000387264
1   9   2   6   -0.0001094988
1   9   3   5   0.0000541245
1   9   3   6   0.0001530370
1   9   4   4   0.0000187782
1   10   1   5   -0.0006266000
1   10   1   6   0.0002216095
1   10   2   5   0.0001094988
1   10   2   6   -0.0000387264
1   10   3   5   -0.0001530370
1   10   3   6   0.0000541245
1   10   5   4   0.0000187782
2   6   1   4   0.0005114371
2   6   2   4   -0.0026703443
2   6   3   4   0.0008113870
2   6   4   5   0.0001084471
2   6   4   6   0.0003066339
2   6   5   5   -0.0003066339
2   6   5   6   0.0001084471
2   7   1   4   -0.0000506909
2   7   2   4   -0.0082931070
2   7   3   4   0.0090421259
2   7   4   5   -0.0036736406
2   7   4   6   -0.0103872069
2   7   5   5   0.0103872069
2   7   5   6   -0.0036736406
2   8   1   4   0.0001307861
2   8   2   4   0.0339897648
2   8   3   4   0.0002809441
2   8   4   5   -0.0004025983
2   8   4   6   -0.0011383453
2   8   5   5   0.0011383453
2   8   5   6   -0.0004025983
2   9   1   5   -0.0000387264
2   9   1   6   -0.0001094988
2   9   2   5   -0.0139164530
2   9   2   6   -0.0393487255
2   9   3   5   -0.0005675128
2   9   3   6   -0.0016046405
2   9   4   4   -0.0009862129
2   10   1   5   0.0001094988
2   10   1   6   -0.0000387264
2   10   2   5   0.0393487255
2   10   2   6   -0.0139164530
2   10   3   5   0.0016046405
2   10   3   6   -0.0005675128
2   10   5   4   -0.0009862129
3   6   1   4   -0.0019077771
3   6   2   4   0.0008113870
3   6   3   4   -0.0032114371
3   6   4   5   -0.0000615288
3   6   4   6   -0.0001739724
3   6   5   5   0.0001739724
3   6   5   6   -0.0000615288
3   7   1   4   0.0000902139
3   7   2   4   0.0090421259
3   7   3   4   -0.0067293946
3   7   4   5   -0.0001389826
3   7   4   6   -0.0003929728
3   7   5   5   0.0003929728
3   7   5   6   -0.0001389826
3   8   1   4   -0.0002336453
3   8   2   4   0.0002809441
3   8   3   4   0.0327308456
3   8   4   5   -0.0007400304
3   8   4   6   -0.0020924336
3   8   5   5   0.0020924336
3   8   5   6   -0.0007400304
3   9   1   5   0.0000541245
3   9   1   6   0.0001530370
3   9   2   5   -0.0005675128
3   9   2   6   -0.0016046405
3   9   3   5   -0.0117387991
3   9   3   6   -0.0331914162
3   9   4   4   0.0019654515
3   10   1   5   -0.0001530370
3   10   1   6   0.0000541245
3   10   2   5   0.0016046405
3   10   2   6   -0.0005675128
3   10   3   5   0.0331914162
3   10   3   6   -0.0117387991
3   10   5   4   0.0019654515
4   6   1   5   0.0000417615
4   6   1   6   0.0001180806
4   6   2   5   0.0001084471
4   6   2   6   0.0003066339
4   6   3   5   -0.0000615288
4   6   3   6   -0.0001739724
4   6   4   4   -0.0024907376
4   7   1   5   -0.0000073402
4   7   1   6   -0.0000207545
4   7   2   5   -0.0036736406
4   7   2   6   -0.0103872069
4   7   3   5   -0.0001389826
4   7   3   6   -0.0003929728
4   7   4   4   -0.0073144445
4   8   1   5   -0.0000123618
4   8   1   6   -0.0000349529
4   8   2   5   -0.0004025983
4   8   2   6   -0.0011383453
4   8   3   5   -0.0007400304
4   8   3   6   -0.0020924336
4   8   4   4   0.0297052359
4   9   1   4   0.0000187782
4   9   2   4   -0.0009862129
4   9   3   4   0.0019654515
4   9   4   5   -0.0139381169
4   9   4   6   -0.0394099801
4   9   5   5   0.0024316752
4   9   5   6   -0.0008600099
4   10   4   5   0.0345466298
4   10   4   6   -0.0122180972
4   10   5   5   -0.0008600099
4   10   5   6   -0.0024316752
5   6   1   5   -0.0001180806
5   6   1   6   0.0000417615
5   6   2   5   -0.0003066339
5   6   2   6   0.0001084471
5   6   3   5   0.0001739724
5   6   3   6   -0.0000615288
5   6   5   4   -0.0024907376
5   7   1   5   0.0000207545
5   7   1   6   -0.0000073402
5   7   2   5   0.0103872069
5   7   2   6   -0.0036736406
5   7   3   5   0.0003929728
5   7   3   6   -0.0001389826
5   7   5   4   -0.0073144445
5   8   1   5   0.0000349529
5   8   1   6   -0.0000123618
5   8   2   5   0.0011383453
5   8   2   6   -0.0004025983
5   8   3   5   0.0020924336
5   8   3   6   -0.0007400304
5   8   5   4   0.0297052359
5   9   4   5   0.0024316752
5   9   4   6   -0.0008600099
5   9   5   5   -0.0122180972
5   9   5   6   -0.0345466298
5   10   1   4   0.0000187782
5   10   2   4   -0.0009862129
5   10   3   4   0.0019654515
5   10   4   5   -0.0008600099
5   10   4   6   -0.0024316752
5   10   5   5   0.0394099801
5   10   5   6   -0.0139381169

End IJKA Block
Begin IABC Block
1   4   1   4   0.0008927189
1   4   2   5   0.0010909278
1   4   3   6   0.0010909278
1   5   1   5   0.0001101587
1   5   2   4   0.0010909278
1   6   1   6   0.0001101587
1   6   3   4   0.0010909278
2   4   1   4   -0.0002484531
2   4   2   5   -0.0000012727
2   4   3   6   -0.0000012727
2   5   1   5   -0.0001601487
2   5   2   4   -0.0000012727
2   6   1   6   -0.0001601487
2   6   3   4   -0.0000012727
3   4   1   4   -0.0028443620
3   4   2   5   -0.0012810551
3   4   3   6   -0.0012810551
3   5   1   5   -0.0012736156
3   5   2   4   -0.0012810551
3   6   1   6   -0.0012736156
3   6   3   4   -0.0012810551
4   4   1   5   0.0003584068
4   4   1   6   0.0010133941
4   4   2   4   0.0003455331
4   4   3   4   0.0009769938
4   5   1   4   0.0003584068
4   5   2   5   0.0002792192
4   5   2   6   0.0003160147
4   5   3   5   0.0001574622
4   5   3   6   0.0001117648
4   6   1   4   0.0010133941
4   6   2   5   0.0003160147
4   6   2   6   0.0000556896
4   6   3   5   0.0001117648
4   6   3   6   0.0007894915
5   4   1   5   -0.0010133941
5   4   1   6   0.0003584068
5   4   2   4   -0.0009769938
5   4   3   4   0.0003455331
5   5   1   4   -0.0010133941
5   5   2   5   -0.0007894915
5   5   2   6   0.0001117648
5   5   3   5   0.0000556896
5   5   3   6   -0.0003160147
5   6   1   4   0.0003584068
5   6   2   5   0.0001117648
5   6   2   6   -0.0001574622
5   6   3   5   -0.0003160147
5   6   3   6   0.0002792192

End IABC Block
