Begin IJ Block
1   1   -6.2627950625
1   2   -0.0066173984
1   3   -0.0067301981
2   2   -7.1556408471
2   3   0.0371440116
3   3   -6.1324372300
4   4   -6.1350666367
4   5   0.0000000000
5   5   -6.1350666367

End IJ Block
Begin IA Block
1   1   0.0959257966
1   4   0.0618547795
2   1   0.0563982677
2   4   0.1497280368
3   1   -0.1656617831
3   4   -0.0357482234
4   2   0.1500041633
4   3   0.2043426966
5   2   -0.2043426966
5   3   0.1500041633

End IA Block
Begin AB Block
1   1   -1.6224381722
1   4   -0.3337580740
2   2   -1.3283660447
3   3   -1.3283660447
4   4   -1.4176141946

End AB Block
Begin IJKL Block
1   6   1   6   1.6497058257
1   6   1   7   -0.0177883787
1   6   1   8   0.0434411627
1   6   2   6   -0.0177883787
1   6   2   7   0.0003339500
1   6   2   8   -0.0008557264
1   6   3   6   0.0434411627
1   6   3   7   -0.0008557264
1   6   3   8   0.0023511711
1   6   4   9   0.0000744686
1   6   5   10   0.0000744686
1   7   1   6   -0.0177883787
1   7   1   7   0.2627401852
1   7   1   8   -0.0440620402
1   7   2   6   0.0003339500
1   7   2   7   0.0044028304
1   7   2   8   -0.0008440309
1   7   3   6   -0.0008557264
1   7   3   7   -0.0057955903
1   7   3   8   0.0018421088
1   7   4   9   0.0010772576
1   7   5   10   0.0010772576
1   8   1   6   0.0434411627
1   8   1   7   -0.0440620402
1   8   1   8   0.2825565498
1   8   2   6   -0.0008557264
1   8   2   7   -0.0008440309
1   8   2   8   0.0040693772
1   8   3   6   0.0023511711
1   8   3   7   0.0018421088
1   8   3   8   -0.0059622537
1   8   4   9   -0.0003156974
1   8   5   10   -0.0003156974
1   9   1   9   0.2559320485
1   9   2   9   0.0039652041
1   9   3   9   -0.0051582390
1   9   4   6   0.0000744686
1   9   4   7   0.0010772576
1   9   4   8   -0.0003156974
1   10   1   10   0.2559320485
1   10   2   10   0.0039652041
1   10   3   10   -0.0051582390
1   10   5   6   0.0000744686
1   10   5   7   0.0010772576
1   10   5   8   -0.0003156974
2   6   1   6   -0.0177883787
2   6   1   7   0.0003339500
2   6   1   8   -0.0008557264
2   6   2   6   0.2627401852
2   6   2   7   0.0044028304
2   6   2   8   -0.0057955903
2   6   3   6   -0.0440620402
2   6   3   7   -0.0008440309
2   6   3   8   0.0018421088
2   6   4   9   0.0010772576
2   6   5   10   0.0010772576
2   7   1   6   0.0003339500
2   7   1   7   0.0044028304
2   7   1   8   -0.0008440309
2   7   2   6   0.0044028304
2   7   2   7   0.8824008045
2   7   2   8   0.0063151541
2   7   3   6   -0.0008440309
2   7   3   7   0.0063151541
2   7   3   8   0.1616683642
2   7   4   9   0.1635589375
2   7   5   10   0.1635589375
2   8   1   6   -0.0008557264
2   8   1   7   -0.0008440309
2   8   1   8   0.0040693772
2   8   2   6   -0.0057955903
2   8   2   7   0.0063151541
2   8   2   8   0.8111475848
2   8   3   6   0.0018421088
2   8   3   7   0.1616683642
2   8   3   8   0.0140301857
2   8   4   9   0.0033797348
2   8   5   10   0.0033797348
2   9   1   9   0.0039652041
2   9   2   9   0.8227984147
2   9   3   9   0.0091346180
2   9   4   6   0.0010772576
2   9   4   7   0.1635589375
2   9   4   8   0.0033797348
2   10   1   10   0.0039652041
2   10   2   10   0.8227984147
2   10   3   10   0.0091346180
2   10   5   6   0.0010772576
2   10   5   7   0.1635589375
2   10   5   8   0.0033797348
3   6   1   6   0.0434411627
3   6   1   7   -0.0008557264
3   6   1   8   0.0023511711
3   6   2   6   -0.0440620402
3   6   2   7   -0.0008440309
3   6   2   8   0.0018421088
3   6   3   6   0.2825565498
3   6   3   7   0.0040693772
3   6   3   8   -0.0059622537
3   6   4   9   -0.0003156974
3   6   5   10   -0.0003156974
3   7   1   6   -0.0008557264
3   7   1   7   -0.0057955903
3   7   1   8   0.0018421088
3   7   2   6   -0.0008440309
3   7   2   7   0.0063151541
3   7   2   8   0.1616683642
3   7   3   6   0.0040693772
3   7   3   7   0.8111475848
3   7   3   8   0.0140301857
3   7   4   9   0.0033797348
3   7   5   10   0.0033797348
3   8   1   6   0.0023511711
3   8   1   7   0.0018421088
3   8   1   8   -0.0059622537
3   8   2   6   0.0018421088
3   8   2   7   0.1616683642
3   8   2   8   0.0140301857
3   8   3   6   -0.0059622537
3   8   3   7   0.0140301857
3   8   3   8   0.8049185202
3   8   4   9   0.0395320543
3   8   5   10   0.0395320543
3   9   1   9   -0.0051582390
3   9   2   9   0.0091346180
3   9   3   9   0.7368702149
3   9   3   10   -0.0000000000
3   9   4   6   -0.0003156974
3   9   4   7   0.0033797348
3   9   4   8   0.0395320543
3   10   1   10   -0.0051582390
3   10   2   10   0.0091346180
3   10   3   9   -0.0000000000
3   10   3   10   0.7368702149
3   10   5   6   -0.0003156974
3   10   5   7   0.0033797348
3   10   5   8   0.0395320543
4   6   1   9   0.0000744686
4   6   2   9   0.0010772576
4   6   3   9   -0.0003156974
4   6   4   6   0.2559320485
4   6   4   7   0.0039652041
4   6   4   8   -0.0051582390
4   7   1   9   0.0010772576
4   7   2   9   0.1635589375
4   7   3   9   0.0033797348
4   7   4   6   0.0039652041
4   7   4   7   0.8227984147
4   7   4   8   0.0091346180
4   8   1   9   -0.0003156974
4   8   2   9   0.0033797348
4   8   3   9   0.0395320543
4   8   4   6   -0.0051582390
4   8   4   7   0.0091346180
4   8   4   8   0.7368702149
4   8   5   8   -0.0000000000
4   9   1   6   0.0000744686
4   9   1   7   0.0010772576
4   9   1   8   -0.0003156974
4   9   2   6   0.0010772576
4   9   2   7   0.1635589375
4   9   2   8   0.0033797348
4   9   3   6   -0.0003156974
4   9   3   7   0.0033797348
4   9   3   8   0.0395320543
4   9   4   9   0.8267686908
4   9   5   10   0.0399032808
4   10   4   10   0.7469621292
4   10   5   9   0.0399032808
4   10   5   10   -0.0000000000
5   6   1   10   0.0000744686
5   6   2   10   0.0010772576
5   6   3   10   -0.0003156974
5   6   5   6   0.2559320485
5   6   5   7   0.0039652041
5   6   5   8   -0.0051582390
5   7   1   10   0.0010772576
5   7   2   10   0.1635589375
5   7   3   10   0.0033797348
5   7   5   6   0.0039652041
5   7   5   7   0.8227984147
5   7   5   8   0.0091346180
5   8   1   10   -0.0003156974
5   8   2   10   0.0033797348
5   8   3   10   0.0395320543
5   8   4   8   -0.0000000000
5   8   5   6   -0.0051582390
5   8   5   7   0.0091346180
5   8   5   8   0.7368702149
5   9   4   10   0.0399032808
5   9   5   9   0.7469621292
5   9   5   10   -0.0000000000
5   10   1   6   0.0000744686
5   10   1   7   0.0010772576
5   10   1   8   -0.0003156974
5   10   2   6   0.0010772576
5   10   2   7   0.1635589375
5   10   2   8   0.0033797348
5   10   3   6   -0.0003156974
5   10   3   7   0.0033797348
5   10   3   8   0.0395320543
5   10   4   9   0.0399032808
5   10   4   10   -0.0000000000
5   10   5   9   -0.0000000000
5   10   5   10   0.8267686908

End IJKL Block
Begin IJAB Block
1   6   1   5   0.0049849913
1   6   1   8   0.0035474298
1   6   2   6   0.0004434673
1   6   3   7   0.0004434673
1   6   4   5   0.0035474298
1   6   4   8   0.0026777468
1   7   1   5   -0.0000135794
1   7   1   8   -0.0000200121
1   7   2   6   0.0000048949
1   7   3   7   0.0000048949
1   7   4   5   -0.0000289836
1   7   4   8   -0.0000277514
1   8   1   5   0.0000912779
1   8   1   8   0.0002654257
1   8   2   6   -0.0001075509
1   8   3   7   -0.0001075509
1   8   4   5   0.0000963154
1   8   4   8   0.0001556124
1   9   1   6   0.0000565459
1   9   1   7   0.0000770295
1   9   2   5   0.0000638880
1   9   2   8   0.0000799717
1   9   3   5   0.0000870312
1   9   3   8   0.0001089412
1   9   4   6   0.0000161651
1   9   4   7   0.0000220209
1   10   1   6   -0.0000770295
1   10   1   7   0.0000565459
1   10   2   5   -0.0000870312
1   10   2   8   -0.0001089412
1   10   3   5   0.0000638880
1   10   3   8   0.0000799717
1   10   4   6   -0.0000220209
1   10   4   7   0.0000161651
2   6   1   5   -0.0000135794
2   6   1   8   -0.0000289836
2   6   2   6   0.0000048949
2   6   3   7   0.0000048949
2   6   4   5   -0.0000200121
2   6   4   8   -0.0000277514
2   7   1   5   0.0005412225
2   7   1   8   0.0005827807
2   7   2   6   0.0007892509
2   7   3   7   0.0007892509
2   7   4   5   0.0005827807
2   7   4   8   0.0012313343
2   8   1   5   -0.0004805626
2   8   1   8   -0.0003617335
2   8   2   6   0.0000553839
2   8   3   7   0.0000553839
2   8   4   5   -0.0011291090
2   8   4   8   -0.0005450436
2   9   1   6   0.0003210252
2   9   1   7   0.0004373155
2   9   2   5   0.0000718341
2   9   2   8   0.0002351630
2   9   3   5   0.0000978558
2   9   3   8   0.0003203501
2   9   4   6   0.0009525663
2   9   4   7   0.0012976305
2   10   1   6   -0.0004373155
2   10   1   7   0.0003210252
2   10   2   5   -0.0000978558
2   10   2   8   -0.0003203501
2   10   3   5   0.0000718341
2   10   3   8   0.0002351630
2   10   4   6   -0.0012976305
2   10   4   7   0.0009525663
3   6   1   5   0.0000912779
3   6   1   8   0.0000963154
3   6   2   6   -0.0001075509
3   6   3   7   -0.0001075509
3   6   4   5   0.0002654257
3   6   4   8   0.0001556124
3   7   1   5   -0.0004805626
3   7   1   8   -0.0011291090
3   7   2   6   0.0000553839
3   7   3   7   0.0000553839
3   7   4   5   -0.0003617335
3   7   4   8   -0.0005450436
3   8   1   5   0.0015153653
3   8   1   8   0.0009124777
3   8   2   6   0.0003125699
3   8   3   7   0.0003125699
3   8   4   5   0.0009124777
3   8   4   8   0.0011859384
3   9   1   6   -0.0010237606
3   9   1   7   -0.0013946147
3   9   2   5   -0.0001443565
3   9   2   8   -0.0001181299
3   9   3   5   -0.0001966492
3   9   3   8   -0.0001609221
3   9   4   6   -0.0004905857
3   9   4   7   -0.0006682988
3   10   1   6   0.0013946147
3   10   1   7   -0.0010237606
3   10   2   5   0.0001966492
3   10   2   8   0.0001609221
3   10   3   5   -0.0001443565
3   10   3   8   -0.0001181299
3   10   4   6   0.0006682988
3   10   4   7   -0.0004905857
4   6   1   6   0.0000638880
4   6   1   7   0.0000870312
4   6   2   5   0.0000565459
4   6   2   8   0.0000161651
4   6   3   5   0.0000770295
4   6   3   8   0.0000220209
4   6   4   6   0.0000799717
4   6   4   7   0.0001089412
4   7   1   6   0.0000718341
4   7   1   7   0.0000978558
4   7   2   5   0.0003210252
4   7   2   8   0.0009525663
4   7   3   5   0.0004373155
4   7   3   8   0.0012976305
4   7   4   6   0.0002351630
4   7   4   7   0.0003203501
4   8   1   6   -0.0001443565
4   8   1   7   -0.0001966492
4   8   2   5   -0.0010237606
4   8   2   8   -0.0004905857
4   8   3   5   -0.0013946147
4   8   3   8   -0.0006682988
4   8   4   6   -0.0001181299
4   8   4   7   -0.0001609221
4   9   1   5   0.0002895701
4   9   1   8   0.0003896734
4   9   2   6   0.0011655774
4   9   2   7   0.0012757744
4   9   3   6   0.0012757744
4   9   3   7   0.0019669748
4   9   4   5   0.0003896734
4   9   4   8   0.0007608847
4   10   2   6   -0.0012757744
4   10   2   7   0.0007074670
4   10   3   6   -0.0015088645
4   10   3   7   0.0012757744
5   6   1   6   -0.0000870312
5   6   1   7   0.0000638880
5   6   2   5   -0.0000770295
5   6   2   8   -0.0000220209
5   6   3   5   0.0000565459
5   6   3   8   0.0000161651
5   6   4   6   -0.0001089412
5   6   4   7   0.0000799717
5   7   1   6   -0.0000978558
5   7   1   7   0.0000718341
5   7   2   5   -0.0004373155
5   7   2   8   -0.0012976305
5   7   3   5   0.0003210252
5   7   3   8   0.0009525663
5   7   4   6   -0.0003203501
5   7   4   7   0.0002351630
5   8   1   6   0.0001966492
5   8   1   7   -0.0001443565
5   8   2   5   0.0013946147
5   8   2   8   0.0006682988
5   8   3   5   -0.0010237606
5   8   3   8   -0.0004905857
5   8   4   6   0.0001609221
5   8   4   7   -0.0001181299
5   9   2   6   -0.0012757744
5   9   2   7   -0.0015088645
5   9   3   6   0.0007074670
5   9   3   7   0.0012757744
5   10   1   5   0.0002895701
5   10   1   8   0.0003896734
5   10   2   6   0.0019669748
5   10   2   7   -0.0012757744
5   10   3   6   -0.0012757744
5   10   3   7   0.0011655774
5   10   4   5   0.0003896734
5   10   4   8   0.0007608847

End IJAB Block
Begin ABCD Block
1   5   1   5   0.2137545982
1   5   1   8   0.0141857313
1   5   2   6   0.0232092909
1   5   3   7   0.0232092909
1   5   4   5   0.0141857313
1   5   4   8   0.0144650118
1   6   1   6   0.1439742829
1   6   2   5   0.0232092909
1   6   2   8   0.0046099069
1   6   4   6   0.0109698389
1   7   1   7   0.1439742829
1   7   3   5   0.0232092909
1   7   3   8   0.0046099069
1   7   4   7   0.0109698389
1   8   1   5   0.0141857313
1   8   1   8   0.1327843259
1   8   2   6   0.0046099069
1   8   3   7   0.0046099069
1   8   4   5   0.0144650118
1   8   4   8   0.0071560815
2   5   1   6   0.0232092909
2   5   2   5   0.1439742829
2   5   2   8   0.0109698389
2   5   4   6   0.0046099069
2   6   1   5   0.0232092909
2   6   1   8   0.0046099069
2   6   2   6   0.1330764925
2   6   3   7   0.0078620261
2   6   4   5   0.0046099069
2   6   4   8   0.0083854461
2   7   2   7   0.1173524403
2   7   3   6   0.0078620261
2   8   1   6   0.0046099069
2   8   2   5   0.0109698389
2   8   2   8   0.1132079399
2   8   4   6   0.0083854461
3   5   1   7   0.0232092909
3   5   3   5   0.1439742829
3   5   3   8   0.0109698389
3   5   4   7   0.0046099069
3   6   2   7   0.0078620261
3   6   3   6   0.1173524403
3   7   1   5   0.0232092909
3   7   1   8   0.0046099069
3   7   2   6   0.0078620261
3   7   3   7   0.1330764925
3   7   4   5   0.0046099069
3   7   4   8   0.0083854461
3   8   1   7   0.0046099069
3   8   3   5   0.0109698389
3   8   3   8   0.1132079399
3   8   4   7   0.0083854461
4   5   1   5   0.0141857313
4   5   1   8   0.0144650118
4   5   2   6   0.0046099069
4   5   3   7   0.0046099069
4   5   4   5   0.1327843259
4   5   4   8   0.0071560815
4   6   1   6   0.0109698389
4   6   2   5   0.0046099069
4   6   2   8   0.0083854461
4   6   4   6   0.1132079399
4   7   1   7   0.0109698389
4   7   3   5   0.0046099069
4   7   3   8   0.0083854461
4   7   4   7   0.1132079399
4   8   1   5   0.0144650118
4   8   1   8   0.0071560815
4   8   2   6   0.0083854461
4   8   3   7   0.0083854461
4   8   4   5   0.0071560815
4   8   4   8   0.1195487754

End ABCD Block
Begin AIJB Block
1   6   1   5   0.0049849913
1   6   1   8   0.0035474298
1   6   2   5   -0.0000135794
1   6   2   8   -0.0000289836
1   6   3   5   0.0000912779
1   6   3   8   0.0000963154
1   6   4   6   0.0000638880
1   6   4   7   0.0000870312
1   6   5   6   -0.0000870312
1   6   5   7   0.0000638880
1   7   1   5   -0.0000135794
1   7   1   8   -0.0000200121
1   7   2   5   0.0005412225
1   7   2   8   0.0005827807
1   7   3   5   -0.0004805626
1   7   3   8   -0.0011291090
1   7   4   6   0.0000718341
1   7   4   7   0.0000978558
1   7   5   6   -0.0000978558
1   7   5   7   0.0000718341
1   8   1   5   0.0000912779
1   8   1   8   0.0002654257
1   8   2   5   -0.0004805626
1   8   2   8   -0.0003617335
1   8   3   5   0.0015153653
1   8   3   8   0.0009124777
1   8   4   6   -0.0001443565
1   8   4   7   -0.0001966492
1   8   5   6   0.0001966492
1   8   5   7   -0.0001443565
1   9   1   6   0.0000565459
1   9   1   7   0.0000770295
1   9   2   6   0.0003210252
1   9   2   7   0.0004373155
1   9   3   6   -0.0010237606
1   9   3   7   -0.0013946147
1   9   4   5   0.0002895701
1   9   4   8   0.0003896734
1   10   1   6   -0.0000770295
1   10   1   7   0.0000565459
1   10   2   6   -0.0004373155
1   10   2   7   0.0003210252
1   10   3   6   0.0013946147
1   10   3   7   -0.0010237606
1   10   5   5   0.0002895701
1   10   5   8   0.0003896734
2   6   1   6   0.0004434673
2   6   2   6   0.0000048949
2   6   3   6   -0.0001075509
2   6   4   5   0.0000565459
2   6   4   8   0.0000161651
2   6   5   5   -0.0000770295
2   6   5   8   -0.0000220209
2   7   1   6   0.0000048949
2   7   2   6   0.0007892509
2   7   3   6   0.0000553839
2   7   4   5   0.0003210252
2   7   4   8   0.0009525663
2   7   5   5   -0.0004373155
2   7   5   8   -0.0012976305
2   8   1   6   -0.0001075509
2   8   2   6   0.0000553839
2   8   3   6   0.0003125699
2   8   4   5   -0.0010237606
2   8   4   8   -0.0004905857
2   8   5   5   0.0013946147
2   8   5   8   0.0006682988
2   9   1   5   0.0000638880
2   9   1   8   0.0000799717
2   9   2   5   0.0000718341
2   9   2   8   0.0002351630
2   9   3   5   -0.0001443565
2   9   3   8   -0.0001181299
2   9   4   6   0.0011655774
2   9   4   7   0.0012757744
2   9   5   6   -0.0012757744
2   9   5   7   -0.0015088645
2   10   1   5   -0.0000870312
2   10   1   8   -0.0001089412
2   10   2   5   -0.0000978558
2   10   2   8   -0.0003203501
2   10   3   5   0.0001966492
2   10   3   8   0.0001609221
2   10   4   6   -0.0012757744
2   10   4   7   0.0007074670
2   10   5   6   0.0019669748
2   10   5   7   -0.0012757744
3   6   1   7   0.0004434673
3   6   2   7   0.0000048949
3   6   3   7   -0.0001075509
3   6   4   5   0.0000770295
3   6   4   8   0.0000220209
3   6   5   5   0.0000565459
3   6   5   8   0.0000161651
3   7   1   7   0.0000048949
3   7   2   7   0.0007892509
3   7   3   7   0.0000553839
3   7   4   5   0.0004373155
3   7   4   8   0.0012976305
3   7   5   5   0.0003210252
3   7   5   8   0.0009525663
3   8   1   7   -0.0001075509
3   8   2   7   0.0000553839
3   8   3   7   0.0003125699
3   8   4   5   -0.0013946147
3   8   4   8   -0.0006682988
3   8   5   5   -0.0010237606
3   8   5   8   -0.0004905857
3   9   1   5   0.0000870312
3   9   1   8   0.0001089412
3   9   2   5   0.0000978558
3   9   2   8   0.0003203501
3   9   3   5   -0.0001966492
3   9   3   8   -0.0001609221
3   9   4   6   0.0012757744
3   9   4   7   0.0019669748
3   9   5   6   0.0007074670
3   9   5   7   0.0012757744
3   10   1   5   0.0000638880
3   10   1   8   0.0000799717
3   10   2   5   0.0000718341
3   10   2   8   0.0002351630
3   10   3   5   -0.0001443565
3   10   3   8   -0.0001181299
3   10   4   6   -0.0015088645
3   10   4   7   0.0012757744
3   10   5   6   -0.0012757744
3   10   5   7   0.0011655774
4   6   1   5   0.0035474298
4   6   1   8   0.0026777468
4   6   2   5   -0.0000200121
4   6   2   8   -0.0000277514
4   6   3   5   0.0002654257
4   6   3   8   0.0001556124
4   6   4   6   0.0000799717
4   6   4   7   0.0001089412
4   6   5   6   -0.0001089412
4   6   5   7   0.0000799717
4   7   1   5   -0.0000289836
4   7   1   8   -0.0000277514
4   7   2   5   0.0005827807
4   7   2   8   0.0012313343
4   7   3   5   -0.0003617335
4   7   3   8   -0.0005450436
4   7   4   6   0.0002351630
4   7   4   7   0.0003203501
4   7   5   6   -0.0003203501
4   7   5   7   0.0002351630
4   8   1   5   0.0000963154
4   8   1   8   0.0001556124
4   8   2   5   -0.0011291090
4   8   2   8   -0.0005450436
4   8   3   5   0.0009124777
4   8   3   8   0.0011859384
4   8   4   6   -0.0001181299
4   8   4   7   -0.0001609221
4   8   5   6   0.0001609221
4   8   5   7   -0.0001181299
4   9   1   6   0.0000161651
4   9   1   7   0.0000220209
4   9   2   6   0.0009525663
4   9   2   7   0.0012976305
4   9   3   6   -0.0004905857
4   9   3   7   -0.0006682988
4   9   4   5   0.0003896734
4   9   4   8   0.0007608847
4   10   1   6   -0.0000220209
4   10   1   7   0.0000161651
4   10   2   6   -0.0012976305
4   10   2   7   0.0009525663
4   10   3   6   0.0006682988
4   10   3   7   -0.0004905857
4   10   5   5   0.0003896734
4   10   5   8   0.0007608847

1   6   6   1   -0.2433688809
1   6   6   4   -0.0556050861
1   6   7   1   0.0010404946
1   6   7   4   0.0002528108
1   6   8   1   -0.0021470000
1   6   8   4   -0.0004995490
1   6   9   2   -0.0001858501
1   6   9   3   -0.0002531737
1   6   10   2   0.0002531737
1   6   10   3   -0.0001858501
1   7   6   1   0.0010404946
1   7   6   4   0.0002528108
1   7   7   1   -0.1402774096
1   7   7   4   -0.0285319784
1   7   8   1   0.0109321646
1   7   8   4   0.0037178343
1   7   9   2   -0.0024326459
1   7   9   3   -0.0033138642
1   7   10   2   0.0033138642
1   7   10   3   -0.0024326459
1   8   6   1   -0.0021470000
1   8   6   4   -0.0004995490
1   8   7   1   0.0109321646
1   8   7   4   0.0037178343
1   8   8   1   -0.1429314511
1   8   8   4   -0.0291277210
1   8   9   2   0.0007032391
1   8   9   3   0.0009579853
1   8   10   2   -0.0009579853
1   8   10   3   0.0007032391
1   9   6   2   -0.0001858501
1   9   6   3   -0.0002531737
1   9   7   2   -0.0024326459
1   9   7   3   -0.0033138642
1   9   8   2   0.0007032391
1   9   8   3   0.0009579853
1   9   9   1   -0.1396423231
1   9   9   4   -0.0282626345
1   10   6   2   0.0002531737
1   10   6   3   -0.0001858501
1   10   7   2   0.0033138642
1   10   7   3   -0.0024326459
1   10   8   2   -0.0009579853
1   10   8   3   0.0007032391
1   10   10   1   -0.1396423231
1   10   10   4   -0.0282626345
2   6   6   2   -0.1591941078
2   6   7   2   0.0002218640
2   6   8   2   -0.0003684135
2   6   9   1   -0.0001858501
2   6   9   4   -0.0001216504
2   6   10   1   0.0002531737
2   6   10   4   0.0001657178
2   7   6   2   0.0002218640
2   7   7   2   -0.1308425314
2   7   8   2   0.0051416094
2   7   9   1   -0.0024326459
2   7   9   4   -0.0028820862
2   7   10   1   0.0033138642
2   7   10   4   0.0039261128
2   8   6   2   -0.0003684135
2   8   7   2   0.0051416094
2   8   8   2   -0.1311146223
2   8   9   1   0.0007032391
2   8   9   4   0.0003283899
2   8   10   1   -0.0009579853
2   8   10   4   -0.0004473480
2   9   6   1   -0.0001858501
2   9   6   4   -0.0001216504
2   9   7   1   -0.0024326459
2   9   7   4   -0.0028820862
2   9   8   1   0.0007032391
2   9   8   4   0.0003283899
2   9   9   2   -0.1304861694
2   9   9   3   -0.0007061419
2   9   10   2   0.0007061419
2   9   10   3   0.0002217870
2   10   6   1   0.0002531737
2   10   6   4   0.0001657178
2   10   7   1   0.0033138642
2   10   7   4   0.0039261128
2   10   8   1   -0.0009579853
2   10   8   4   -0.0004473480
2   10   9   2   0.0007061419
2   10   9   3   0.0002217870
2   10   10   2   -0.1309297434
2   10   10   3   0.0007061419
3   6   6   3   -0.1591941078
3   6   7   3   0.0002218640
3   6   8   3   -0.0003684135
3   6   9   1   -0.0002531737
3   6   9   4   -0.0001657178
3   6   10   1   -0.0001858501
3   6   10   4   -0.0001216504
3   7   6   3   0.0002218640
3   7   7   3   -0.1308425314
3   7   8   3   0.0051416094
3   7   9   1   -0.0033138642
3   7   9   4   -0.0039261128
3   7   10   1   -0.0024326459
3   7   10   4   -0.0028820862
3   8   6   3   -0.0003684135
3   8   7   3   0.0051416094
3   8   8   3   -0.1311146223
3   8   9   1   0.0009579853
3   8   9   4   0.0004473480
3   8   10   1   0.0007032391
3   8   10   4   0.0003283899
3   9   6   1   -0.0002531737
3   9   6   4   -0.0001657178
3   9   7   1   -0.0033138642
3   9   7   4   -0.0039261128
3   9   8   1   0.0009579853
3   9   8   4   0.0004473480
3   9   9   2   -0.0007061419
3   9   9   3   -0.1309297434
3   9   10   2   0.0002217870
3   9   10   3   -0.0007061419
3   10   6   1   -0.0001858501
3   10   6   4   -0.0001216504
3   10   7   1   -0.0024326459
3   10   7   4   -0.0028820862
3   10   8   1   0.0007032391
3   10   8   4   0.0003283899
3   10   9   2   0.0002217870
3   10   9   3   -0.0007061419
3   10   10   2   0.0007061419
3   10   10   3   -0.1304861694
4   6   6   1   -0.0556050861
4   6   6   4   -0.1599044781
4   6   7   1   0.0002528108
4   6   7   4   0.0001324269
4   6   8   1   -0.0004995490
4   6   8   4   -0.0002635196
4   6   9   2   -0.0001216504
4   6   9   3   -0.0001657178
4   6   10   2   0.0001657178
4   6   10   3   -0.0001216504
4   7   6   1   0.0002528108
4   7   6   4   0.0001324269
4   7   7   1   -0.0285319784
4   7   7   4   -0.1461016645
4   7   8   1   0.0037178343
4   7   8   4   0.0016112474
4   7   9   2   -0.0028820862
4   7   9   3   -0.0039261128
4   7   10   2   0.0039261128
4   7   10   3   -0.0028820862
4   8   6   1   -0.0004995490
4   8   6   4   -0.0002635196
4   8   7   1   0.0037178343
4   8   7   4   0.0016112474
4   8   8   1   -0.0291277210
4   8   8   4   -0.1465438282
4   8   9   2   0.0003283899
4   8   9   3   0.0004473480
4   8   10   2   -0.0004473480
4   8   10   3   0.0003283899
4   9   6   2   -0.0001216504
4   9   6   3   -0.0001657178
4   9   7   2   -0.0028820862
4   9   7   3   -0.0039261128
4   9   8   2   0.0003283899
4   9   8   3   0.0004473480
4   9   9   1   -0.0282626345
4   9   9   4   -0.1455665813
4   10   6   2   0.0001657178
4   10   6   3   -0.0001216504
4   10   7   2   0.0039261128
4   10   7   3   -0.0028820862
4   10   8   2   -0.0004473480
4   10   8   3   0.0003283899
4   10   10   1   -0.0282626345
4   10   10   4   -0.1455665813

End AIJB Block
Begin IJKA Block
1   6   1   5   -0.0690246973
1   6   1   8   -0.0529650198
1   6   2   5   0.0008715551
1   6   2   8   0.0007603889
1   6   3   5   -0.0021838492
1   6   3   8   -0.0019981656
1   6   4   6   0.0000965747
1   6   4   7   0.0001315586
1   6   5   6   -0.0001315586
1   6   5   7   0.0000965747
1   7   1   5   -0.0005252474
1   7   1   8   0.0001979316
1   7   2   5   -0.0001119431
1   7   2   8   -0.0001727005
1   7   3   5   0.0001748695
1   7   3   8   0.0001948219
1   7   4   6   -0.0000318158
1   7   4   7   -0.0000433410
1   7   5   6   0.0000433410
1   7   5   7   -0.0000318158
1   8   1   5   -0.0043022719
1   8   1   8   -0.0128633878
1   8   2   5   0.0002491010
1   8   2   8   0.0001485987
1   8   3   5   -0.0003568090
1   8   3   8   -0.0001585942
1   8   4   6   -0.0000280799
1   8   4   7   -0.0000382518
1   8   5   6   0.0000382518
1   8   5   7   -0.0000280799
1   9   1   6   -0.0000341216
1   9   1   7   -0.0000464820
1   9   2   6   -0.0001549171
1   9   2   7   -0.0002110353
1   9   3   6   0.0001745478
1   9   3   7   0.0002377771
1   9   4   5   0.0000326471
1   9   4   8   0.0000441640
1   10   1   6   0.0000464820
1   10   1   7   -0.0000341216
1   10   2   6   0.0002110353
1   10   2   7   -0.0001549171
1   10   3   6   -0.0002377771
1   10   3   7   0.0001745478
1   10   5   5   0.0000326471
1   10   5   8   0.0000441640
2   6   1   5   0.0008715551
2   6   1   8   0.0007603889
2   6   2   5   -0.0034025862
2   6   2   8   -0.0011292190
2   6   3   5   0.0011419907
2   6   3   8   0.0004135594
2   6   4   6   0.0002077734
2   6   4   7   0.0002830386
2   6   5   6   -0.0002830386
2   6   5   7   0.0002077734
2   7   1   5   -0.0001119431
2   7   1   8   -0.0001727005
2   7   2   5   -0.0092333343
2   7   2   8   -0.0252778577
2   7   3   5   0.0076840894
2   7   3   8   0.0029661707
2   7   4   6   -0.0065756129
2   7   4   7   -0.0089576079
2   7   5   6   0.0089576079
2   7   5   7   -0.0065756129
2   8   1   5   0.0002491010
2   8   1   8   0.0001485987
2   8   2   5   0.0283885134
2   8   2   8   0.0101317178
2   8   3   5   -0.0003331791
2   8   3   8   -0.0017517093
2   8   4   6   -0.0007532476
2   8   4   7   -0.0010261091
2   8   5   6   0.0010261091
2   8   5   7   -0.0007532476
2   9   1   6   -0.0001549171
2   9   1   7   -0.0002110353
2   9   2   6   -0.0246884529
2   9   2   7   -0.0336317667
2   9   3   6   -0.0010851322
2   9   3   7   -0.0014782179
2   9   4   5   -0.0008744856
2   9   4   8   -0.0038142987
2   10   1   6   0.0002110353
2   10   1   7   -0.0001549171
2   10   2   6   0.0336317667
2   10   2   7   -0.0246884529
2   10   3   6   0.0014782179
2   10   3   7   -0.0010851322
2   10   5   5   -0.0008744856
2   10   5   8   -0.0038142987
3   6   1   5   -0.0021838492
3   6   1   8   -0.0019981656
3   6   2   5   0.0011419907
3   6   2   8   0.0004135594
3   6   3   5   -0.0040456940
3   6   3   8   -0.0014315216
3   6   4   6   -0.0001249499
3   6   4   7   -0.0001702126
3   6   5   6   0.0001702126
3   6   5   7   -0.0001249499
3   7   1   5   0.0001748695
3   7   1   8   0.0001948219
3   7   2   5   0.0076840894
3   7   2   8   0.0029661707
3   7   3   5   -0.0076131602
3   7   3   8   -0.0214673830
3   7   4   6   -0.0002932782
3   7   4   7   -0.0003995174
3   7   5   6   0.0003995174
3   7   5   7   -0.0002932782
3   8   1   5   -0.0003568090
3   8   1   8   -0.0001585942
3   8   2   5   -0.0003331791
3   8   2   8   -0.0017517093
3   8   3   5   0.0276105953
3   8   3   8   0.0091331908
3   8   4   6   -0.0013418373
3   8   4   7   -0.0018279136
3   8   5   6   0.0018279136
3   8   5   7   -0.0013418373
3   9   1   6   0.0001745478
3   9   1   7   0.0002377771
3   9   2   6   -0.0010851322
3   9   2   7   -0.0014782179
3   9   3   6   -0.0209880979
3   9   3   7   -0.0285909699
3   9   4   5   0.0015727440
3   9   4   8   0.0004033627
3   10   1   6   -0.0002377771
3   10   1   7   0.0001745478
3   10   2   6   0.0014782179
3   10   2   7   -0.0010851322
3   10   3   6   0.0285909699
3   10   3   7   -0.0209880979
3   10   5   5   0.0015727440
3   10   5   8   0.0004033627
4   6   1   6   0.0000965747
4   6   1   7   0.0001315586
4   6   2   6   0.0002077734
4   6   2   7   0.0002830386
4   6   3   6   -0.0001249499
4   6   3   7   -0.0001702126
4   6   4   5   -0.0031019992
4   6   4   8   -0.0010028113
4   7   1   6   -0.0000318158
4   7   1   7   -0.0000433410
4   7   2   6   -0.0065756129
4   7   2   7   -0.0089576079
4   7   3   6   -0.0002932782
4   7   3   7   -0.0003995174
4   7   4   5   -0.0080246783
4   7   4   8   -0.0226327985
4   8   1   6   -0.0000280799
4   8   1   7   -0.0000382518
4   8   2   6   -0.0007532476
4   8   2   7   -0.0010261091
4   8   3   6   -0.0013418373
4   8   3   7   -0.0018279136
4   8   4   5   0.0246311083
4   8   4   8   0.0084632758
4   9   1   5   0.0000326471
4   9   1   8   0.0000441640
4   9   2   5   -0.0008744856
4   9   2   8   -0.0038142987
4   9   3   5   0.0015727440
4   9   3   8   0.0004033627
4   9   4   6   -0.0246912637
4   9   4   7   -0.0336355958
4   9   5   6   0.0020897131
4   9   5   7   -0.0015340194
4   10   4   6   0.0294561697
4   10   4   7   -0.0216232249
4   10   5   6   -0.0015340194
4   10   5   7   -0.0020897131
5   6   1   6   -0.0001315586
5   6   1   7   0.0000965747
5   6   2   6   -0.0002830386
5   6   2   7   0.0002077734
5   6   3   6   0.0001702126
5   6   3   7   -0.0001249499
5   6   5   5   -0.0031019992
5   6   5   8   -0.0010028113
5   7   1   6   0.0000433410
5   7   1   7   -0.0000318158
5   7   2   6   0.0089576079
5   7   2   7   -0.0065756129
5   7   3   6   0.0003995174
5   7   3   7   -0.0002932782
5   7   5   5   -0.0080246783
5   7   5   8   -0.0226327985
5   8   1   6   0.0000382518
5   8   1   7   -0.0000280799
5   8   2   6   0.0010261091
5   8   2   7   -0.0007532476
5   8   3   6   0.0018279136
5   8   3   7   -0.0013418373
5   8   5   5   0.0246311083
5   8   5   8   0.0084632758
5   9   4   6   0.0020897131
5   9   4   7   -0.0015340194
5   9   5   6   -0.0216232249
5   9   5   7   -0.0294561697
5   10   1   5   0.0000326471
5   10   1   8   0.0000441640
5   10   2   5   -0.0008744856
5   10   2   8   -0.0038142987
5   10   3   5   0.0015727440
5   10   3   8   0.0004033627
5   10   4   6   -0.0015340194
5   10   4   7   -0.0020897131
5   10   5   6   0.0336355958
5   10   5   7   -0.0246912637

End IJKA Block
Begin IABC Block
1   5   1   5   0.0009708303
1   5   1   8   -0.0002365659
1   5   2   6   0.0008466830
1   5   3   7   0.0008466830
1   5   4   5   -0.0000719081
1   5   4   8   -0.0002482387
1   6   1   6   0.0001177107
1   6   2   5   0.0008466830
1   6   2   8   0.0004588901
1   6   4   6   0.0000125880
1   7   1   7   0.0001177107
1   7   3   5   0.0008466830
1   7   3   8   0.0004588901
1   7   4   7   0.0000125880
1   8   1   5   -0.0002365659
1   8   1   8   -0.0002639215
1   8   2   6   0.0004588901
1   8   3   7   0.0004588901
1   8   4   5   -0.0002482387
1   8   4   8   -0.0002079982
2   5   1   5   -0.0002278207
2   5   1   8   -0.0000950628
2   5   2   6   -0.0000121527
2   5   3   7   -0.0000121527
2   5   4   5   -0.0001073824
2   5   4   8   -0.0000980793
2   6   1   6   -0.0001176506
2   6   2   5   -0.0000121527
2   6   2   8   -0.0000778602
2   6   4   6   -0.0001489394
2   7   1   7   -0.0001176506
2   7   3   5   -0.0000121527
2   7   3   8   -0.0000778602
2   7   4   7   -0.0001489394
2   8   1   5   -0.0000950628
2   8   1   8   -0.0000887246
2   8   2   6   -0.0000778602
2   8   3   7   -0.0000778602
2   8   4   5   -0.0000980793
2   8   4   8   -0.0001538911
3   5   1   5   -0.0020533255
3   5   1   8   -0.0003582032
3   5   2   6   -0.0009922013
3   5   3   7   -0.0009922013
3   5   4   5   -0.0041227163
3   5   4   8   -0.0011359641
3   6   1   6   -0.0008708719
3   6   2   5   -0.0009922013
3   6   2   8   -0.0004714496
3   6   4   6   -0.0020457345
3   7   1   7   -0.0008708719
3   7   3   5   -0.0009922013
3   7   3   8   -0.0004714496
3   7   4   7   -0.0020457345
3   8   1   5   -0.0003582032
3   8   1   8   0.0001100092
3   8   2   6   -0.0004714496
3   8   3   7   -0.0004714496
3   8   4   5   -0.0011359641
3   8   4   8   -0.0006713865
4   5   1   6   0.0007143112
4   5   1   7   0.0009730682
4   5   2   5   0.0005719680
4   5   2   8   0.0000132023
4   5   3   5   0.0007791616
4   5   3   8   0.0000179848
4   5   4   6   0.0009081054
4   5   4   7   0.0012370637
4   6   1   5   0.0007143112
4   6   1   8   0.0004738944
4   6   2   6   0.0004178489
4   6   2   7   0.0002643160
4   6   3   6   0.0000405815
4   6   3   7   0.0001940294
4   6   4   5   0.0009081054
4   6   4   8   0.0007603670
4   7   1   5   0.0009730682
4   7   1   8   0.0006455611
4   7   2   6   0.0002643160
4   7   2   7   0.0000297901
4   7   3   6   0.0001940294
4   7   3   7   0.0005692134
4   7   4   5   0.0012370637
4   7   4   8   0.0010358075
4   8   1   6   0.0004738944
4   8   1   7   0.0006455611
4   8   2   5   0.0000132023
4   8   2   8   -0.0003767080
4   8   3   5   0.0000179848
4   8   3   8   -0.0005131693
4   8   4   6   0.0007603670
4   8   4   7   0.0010358075
5   5   1   6   -0.0009730682
5   5   1   7   0.0007143112
5   5   2   5   -0.0007791616
5   5   2   8   -0.0000179848
5   5   3   5   0.0005719680
5   5   3   8   0.0000132023
5   5   4   6   -0.0012370637
5   5   4   7   0.0009081054
5   6   1   5   -0.0009730682
5   6   1   8   -0.0006455611
5   6   2   6   -0.0005692134
5   6   2   7   0.0001940294
5   6   3   6   0.0000297901
5   6   3   7   -0.0002643160
5   6   4   5   -0.0012370637
5   6   4   8   -0.0010358075
5   7   1   5   0.0007143112
5   7   1   8   0.0004738944
5   7   2   6   0.0001940294
5   7   2   7   -0.0000405815
5   7   3   6   -0.0002643160
5   7   3   7   0.0004178489
5   7   4   5   0.0009081054
5   7   4   8   0.0007603670
5   8   1   6   -0.0006455611
5   8   1   7   0.0004738944
5   8   2   5   -0.0000179848
5   8   2   8   0.0005131693
5   8   3   5   0.0000132023
5   8   3   8   -0.0003767080
5   8   4   6   -0.0010358075
5   8   4   7   0.0007603670

End IABC Block
