Begin IJ Block
1   1   -5.5714799359
1   2   0.0004770480
1   5   -0.0129675566
2   2   -6.8564375863
2   5   -0.0096302137
3   3   -5.8766413947
3   4   -0.0000000000
4   4   -5.8766413947
5   5   -5.7405719824

End IJ Block
Begin IA Block
1   1   0.1028519710
1   4   0.0731441818
2   1   0.0278297381
2   4   0.1418018074
3   2   0.0828080590
3   3   0.1907225962
4   2   0.1907225962
4   3   -0.0828080590
5   1   -0.2588035651
5   4   -0.2652621710

End IA Block
Begin AB Block
1   1   -1.5609321485
1   4   -0.3508981269
2   2   -1.3721467450
3   3   -1.3721467450
4   4   -1.5071540237

End AB Block
Begin IJKL Block
1   6   1   6   1.6515054629
1   6   1   7   -0.0009609810
1   6   1   10   0.0161563376
1   6   2   6   -0.0009609810
1   6   2   7   0.0000008421
1   6   2   10   -0.0000148354
1   6   3   8   0.0000010807
1   6   4   9   0.0000010807
1   6   5   6   0.0161563376
1   6   5   7   -0.0000148354
1   6   5   10   0.0002759249
1   7   1   6   -0.0009609810
1   7   1   7   0.1613481401
1   7   1   10   -0.0163942106
1   7   2   6   0.0000008421
1   7   2   7   0.0000931309
1   7   2   10   -0.0000327911
1   7   3   8   0.0000244308
1   7   4   9   0.0000244308
1   7   5   6   -0.0000148354
1   7   5   7   -0.0004717433
1   7   5   10   0.0000864062
1   8   1   8   0.1601416094
1   8   2   8   0.0000872086
1   8   3   6   0.0000010807
1   8   3   7   0.0000244308
1   8   3   10   -0.0000118632
1   8   5   8   -0.0004491376
1   9   1   9   0.1601416094
1   9   2   9   0.0000872086
1   9   4   6   0.0000010807
1   9   4   7   0.0000244308
1   9   4   10   -0.0000118632
1   9   5   9   -0.0004491376
1   10   1   6   0.0161563376
1   10   1   7   -0.0163942106
1   10   1   10   0.1711325962
1   10   2   6   -0.0000148354
1   10   2   7   -0.0000327911
1   10   2   10   0.0000886179
1   10   3   8   -0.0000118632
1   10   4   9   -0.0000118632
1   10   5   6   0.0002759249
1   10   5   7   0.0000864062
1   10   5   10   -0.0005052616
2   6   1   6   -0.0009609810
2   6   1   7   0.0000008421
2   6   1   10   -0.0000148354
2   6   2   6   0.1613481401
2   6   2   7   0.0000931309
2   6   2   10   -0.0004717433
2   6   3   8   0.0000244308
2   6   4   9   0.0000244308
2   6   5   6   -0.0163942106
2   6   5   7   -0.0000327911
2   6   5   10   0.0000864062
2   7   1   6   0.0000008421
2   7   1   7   0.0000931309
2   7   1   10   -0.0000327911
2   7   2   6   0.0000931309
2   7   2   7   0.8836591421
2   7   2   10   0.0080539448
2   7   3   8   0.1654702605
2   7   4   9   0.1654702605
2   7   5   6   -0.0000327911
2   7   5   7   0.0080539448
2   7   5   10   0.1583068387
2   8   1   8   0.0000872086
2   8   2   8   0.8285423287
2   8   3   6   0.0000244308
2   8   3   7   0.1654702605
2   8   3   10   0.0017310032
2   8   5   8   0.0074027815
2   9   1   9   0.0000872086
2   9   2   9   0.8285423287
2   9   4   6   0.0000244308
2   9   4   7   0.1654702605
2   9   4   10   0.0017310032
2   9   5   9   0.0074027815
2   10   1   6   -0.0000148354
2   10   1   7   -0.0000327911
2   10   1   10   0.0000886179
2   10   2   6   -0.0004717433
2   10   2   7   0.0080539448
2   10   2   10   0.8010803617
2   10   3   8   0.0017310032
2   10   4   9   0.0017310032
2   10   5   6   0.0000864062
2   10   5   7   0.1583068387
2   10   5   10   0.0082007351
3   6   1   8   0.0000010807
3   6   2   8   0.0000244308
3   6   3   6   0.1601416094
3   6   3   7   0.0000872086
3   6   3   10   -0.0004491376
3   6   5   8   -0.0000118632
3   7   1   8   0.0000244308
3   7   2   8   0.1654702605
3   7   3   6   0.0000872086
3   7   3   7   0.8285423287
3   7   3   10   0.0074027815
3   7   5   8   0.0017310032
3   8   1   6   0.0000010807
3   8   1   7   0.0000244308
3   8   1   10   -0.0000118632
3   8   2   6   0.0000244308
3   8   2   7   0.1654702605
3   8   2   10   0.0017310032
3   8   3   8   0.8369384995
3   8   3   9   0.0000000000
3   8   4   8   0.0000000000
3   8   4   9   0.0406147555
3   8   5   6   -0.0000118632
3   8   5   7   0.0017310032
3   8   5   10   0.0389822919
3   9   3   8   0.0000000000
3   9   3   9   0.7557089884
3   9   4   8   0.0406147555
3   9   4   9   0.0000000000
3   10   1   8   -0.0000118632
3   10   2   8   0.0017310032
3   10   3   6   -0.0004491376
3   10   3   7   0.0074027815
3   10   3   10   0.7316820390
3   10   4   10   0.0000000000
3   10   5   8   0.0389822919
4   6   1   9   0.0000010807
4   6   2   9   0.0000244308
4   6   4   6   0.1601416094
4   6   4   7   0.0000872086
4   6   4   10   -0.0004491376
4   6   5   9   -0.0000118632
4   7   1   9   0.0000244308
4   7   2   9   0.1654702605
4   7   4   6   0.0000872086
4   7   4   7   0.8285423287
4   7   4   10   0.0074027815
4   7   5   9   0.0017310032
4   8   3   8   0.0000000000
4   8   3   9   0.0406147555
4   8   4   8   0.7557089884
4   8   4   9   0.0000000000
4   9   1   6   0.0000010807
4   9   1   7   0.0000244308
4   9   1   10   -0.0000118632
4   9   2   6   0.0000244308
4   9   2   7   0.1654702605
4   9   2   10   0.0017310032
4   9   3   8   0.0406147555
4   9   3   9   0.0000000000
4   9   4   8   0.0000000000
4   9   4   9   0.8369384995
4   9   5   6   -0.0000118632
4   9   5   7   0.0017310032
4   9   5   10   0.0389822919
4   10   1   9   -0.0000118632
4   10   2   9   0.0017310032
4   10   3   10   0.0000000000
4   10   4   6   -0.0004491376
4   10   4   7   0.0074027815
4   10   4   10   0.7316820390
4   10   5   9   0.0389822919
5   6   1   6   0.0161563376
5   6   1   7   -0.0000148354
5   6   1   10   0.0002759249
5   6   2   6   -0.0163942106
5   6   2   7   -0.0000327911
5   6   2   10   0.0000864062
5   6   3   8   -0.0000118632
5   6   4   9   -0.0000118632
5   6   5   6   0.1711325962
5   6   5   7   0.0000886179
5   6   5   10   -0.0005052616
5   7   1   6   -0.0000148354
5   7   1   7   -0.0004717433
5   7   1   10   0.0000864062
5   7   2   6   -0.0000327911
5   7   2   7   0.0080539448
5   7   2   10   0.1583068387
5   7   3   8   0.0017310032
5   7   4   9   0.0017310032
5   7   5   6   0.0000886179
5   7   5   7   0.8010803617
5   7   5   10   0.0082007351
5   8   1   8   -0.0004491376
5   8   2   8   0.0074027815
5   8   3   6   -0.0000118632
5   8   3   7   0.0017310032
5   8   3   10   0.0389822919
5   8   5   8   0.7316820390
5   8   5   9   0.0000000000
5   9   1   9   -0.0004491376
5   9   2   9   0.0074027815
5   9   4   6   -0.0000118632
5   9   4   7   0.0017310032
5   9   4   10   0.0389822919
5   9   5   8   0.0000000000
5   9   5   9   0.7316820390
5   10   1   6   0.0002759249
5   10   1   7   0.0000864062
5   10   1   10   -0.0005052616
5   10   2   6   0.0000864062
5   10   2   7   0.1583068387
5   10   2   10   0.0082007351
5   10   3   8   0.0389822919
5   10   4   9   0.0389822919
5   10   5   6   -0.0005052616
5   10   5   7   0.0082007351
5   10   5   10   0.7842936783

End IJKL Block
Begin IJAB Block
1   6   1   5   0.0087159010
1   6   1   8   0.0066683088
1   6   2   6   0.0014298106
1   6   3   7   0.0014298106
1   6   4   5   0.0066683088
1   6   4   8   0.0063195462
1   7   1   5   -0.0000002376
1   7   1   8   -0.0000041755
1   7   2   6   0.0000068369
1   7   3   7   0.0000068369
1   7   4   5   -0.0000131448
1   7   4   8   -0.0000114561
1   8   1   6   0.0000023064
1   8   1   7   0.0000053122
1   8   2   5   0.0000292642
1   8   2   8   0.0000465197
1   8   3   5   0.0000674009
1   8   3   8   0.0001071436
1   8   4   6   -0.0000068851
1   8   4   7   -0.0000158577
1   9   1   6   0.0000053122
1   9   1   7   -0.0000023064
1   9   2   5   0.0000674009
1   9   2   8   0.0001071436
1   9   3   5   -0.0000292642
1   9   3   8   -0.0000465197
1   9   4   6   -0.0000158577
1   9   4   7   0.0000068851
1   10   1   5   0.0001730801
1   10   1   8   0.0003804836
1   10   2   6   -0.0002543920
1   10   3   7   -0.0002543920
1   10   4   5   0.0001429563
1   10   4   8   0.0000416087
2   6   1   5   -0.0000002376
2   6   1   8   -0.0000131448
2   6   2   6   0.0000068369
2   6   3   7   0.0000068369
2   6   4   5   -0.0000041755
2   6   4   8   -0.0000114561
2   7   1   5   0.0008803164
2   7   1   8   0.0012036636
2   7   2   6   0.0004753241
2   7   3   7   0.0004753241
2   7   4   5   0.0012036636
2   7   4   8   0.0022215648
2   8   1   6   0.0000703872
2   8   1   7   0.0001621149
2   8   2   5   0.0000203076
2   8   2   8   0.0001023654
2   8   3   5   0.0000467723
2   8   3   8   0.0002357668
2   8   4   6   0.0004496467
2   8   4   7   0.0010356212
2   9   1   6   0.0001621149
2   9   1   7   -0.0000703872
2   9   2   5   0.0000467723
2   9   2   8   0.0002357668
2   9   3   5   -0.0000203076
2   9   3   8   -0.0001023654
2   9   4   6   0.0010356213
2   9   4   7   -0.0004496467
2   10   1   5   -0.0002608245
2   10   1   8   -0.0005247643
2   10   2   6   0.0000232621
2   10   3   7   0.0000232621
2   10   4   5   -0.0015029142
2   10   4   8   -0.0020970176
3   6   1   6   0.0000292642
3   6   1   7   0.0000674009
3   6   2   5   0.0000023064
3   6   2   8   -0.0000068851
3   6   3   5   0.0000053122
3   6   3   8   -0.0000158577
3   6   4   6   0.0000465197
3   6   4   7   0.0001071436
3   7   1   6   0.0000203076
3   7   1   7   0.0000467723
3   7   2   5   0.0000703872
3   7   2   8   0.0004496467
3   7   3   5   0.0001621149
3   7   3   8   0.0010356212
3   7   4   6   0.0001023654
3   7   4   7   0.0002357668
3   8   1   5   0.0002513936
3   8   1   8   0.0003777775
3   8   2   6   0.0004117164
3   8   2   7   0.0006347029
3   8   3   6   0.0006347029
3   8   3   7   0.0015979812
3   8   4   5   0.0003777775
3   8   4   8   0.0008736292
3   9   2   6   0.0006347029
3   9   2   7   -0.0001394350
3   9   3   6   0.0013256998
3   9   3   7   -0.0006347029
3   10   1   6   -0.0000955943
3   10   1   7   -0.0002201717
3   10   2   5   -0.0008680674
3   10   2   8   -0.0010370992
3   10   3   5   -0.0019993232
3   10   3   8   -0.0023886352
3   10   4   6   -0.0001531008
3   10   4   7   -0.0003526199
4   6   1   6   0.0000674009
4   6   1   7   -0.0000292642
4   6   2   5   0.0000053122
4   6   2   8   -0.0000158577
4   6   3   5   -0.0000023064
4   6   3   8   0.0000068851
4   6   4   6   0.0001071436
4   6   4   7   -0.0000465197
4   7   1   6   0.0000467723
4   7   1   7   -0.0000203076
4   7   2   5   0.0001621149
4   7   2   8   0.0010356213
4   7   3   5   -0.0000703872
4   7   3   8   -0.0004496467
4   7   4   6   0.0002357668
4   7   4   7   -0.0001023654
4   8   2   6   0.0006347029
4   8   2   7   0.0013256998
4   8   3   6   -0.0001394350
4   8   3   7   -0.0006347029
4   9   1   5   0.0002513936
4   9   1   8   0.0003777775
4   9   2   6   0.0015979812
4   9   2   7   -0.0006347029
4   9   3   6   -0.0006347029
4   9   3   7   0.0004117164
4   9   4   5   0.0003777775
4   9   4   8   0.0008736292
4   10   1   6   -0.0002201717
4   10   1   7   0.0000955943
4   10   2   5   -0.0019993232
4   10   2   8   -0.0023886352
4   10   3   5   0.0008680674
4   10   3   8   0.0010370992
4   10   4   6   -0.0003526199
4   10   4   7   0.0001531008
5   6   1   5   0.0001730801
5   6   1   8   0.0001429563
5   6   2   6   -0.0002543920
5   6   3   7   -0.0002543920
5   6   4   5   0.0003804836
5   6   4   8   0.0000416087
5   7   1   5   -0.0002608245
5   7   1   8   -0.0015029142
5   7   2   6   0.0000232621
5   7   3   7   0.0000232621
5   7   4   5   -0.0005247643
5   7   4   8   -0.0020970176
5   8   1   6   -0.0008680674
5   8   1   7   -0.0019993232
5   8   2   5   -0.0000955943
5   8   2   8   -0.0001531008
5   8   3   5   -0.0002201717
5   8   3   8   -0.0003526199
5   8   4   6   -0.0010370992
5   8   4   7   -0.0023886352
5   9   1   6   -0.0019993232
5   9   1   7   0.0008680674
5   9   2   5   -0.0002201717
5   9   2   8   -0.0003526199
5   9   3   5   0.0000955943
5   9   3   8   0.0001531008
5   9   4   6   -0.0023886352
5   9   4   7   0.0010370992
5   10   1   5   0.0035139569
5   10   1   8   0.0043318620
5   10   2   6   0.0003862917
5   10   3   7   0.0003862917
5   10   4   5   0.0043318620
5   10   4   8   0.0060089871

End IJAB Block
Begin ABCD Block
1   5   1   5   0.2320286800
1   5   1   8   0.0080816799
1   5   2   6   0.0330830787
1   5   3   7   0.0330830787
1   5   4   5   0.0080816799
1   5   4   8   0.0229959769
1   6   1   6   0.1759164921
1   6   2   5   0.0330830787
1   6   2   8   0.0074447501
1   6   4   6   0.0141472062
1   7   1   7   0.1759164921
1   7   3   5   0.0330830787
1   7   3   8   0.0074447501
1   7   4   7   0.0141472062
1   8   1   5   0.0080816799
1   8   1   8   0.1670492485
1   8   2   6   0.0074447501
1   8   3   7   0.0074447501
1   8   4   5   0.0229959769
1   8   4   8   0.0096807349
2   5   1   6   0.0330830787
2   5   2   5   0.1759164921
2   5   2   8   0.0141472062
2   5   4   6   0.0074447501
2   6   1   5   0.0330830787
2   6   1   8   0.0074447501
2   6   2   6   0.1628246251
2   6   3   7   0.0088024676
2   6   4   5   0.0074447501
2   6   4   8   0.0105791451
2   7   2   7   0.1452196899
2   7   3   6   0.0088024676
2   8   1   6   0.0074447501
2   8   2   5   0.0141472062
2   8   2   8   0.1428812456
2   8   4   6   0.0105791451
3   5   1   7   0.0330830787
3   5   3   5   0.1759164921
3   5   3   8   0.0141472062
3   5   4   7   0.0074447501
3   6   2   7   0.0088024676
3   6   3   6   0.1452196899
3   7   1   5   0.0330830787
3   7   1   8   0.0074447501
3   7   2   6   0.0088024676
3   7   3   7   0.1628246251
3   7   4   5   0.0074447501
3   7   4   8   0.0105791451
3   8   1   7   0.0074447501
3   8   3   5   0.0141472062
3   8   3   8   0.1428812456
3   8   4   7   0.0105791451
4   5   1   5   0.0080816799
4   5   1   8   0.0229959769
4   5   2   6   0.0074447501
4   5   3   7   0.0074447501
4   5   4   5   0.1670492485
4   5   4   8   0.0096807349
4   6   1   6   0.0141472062
4   6   2   5   0.0074447501
4   6   2   8   0.0105791451
4   6   4   6   0.1428812456
4   7   1   7   0.0141472062
4   7   3   5   0.0074447501
4   7   3   8   0.0105791451
4   7   4   7   0.1428812456
4   8   1   5   0.0229959769
4   8   1   8   0.0096807349
4   8   2   6   0.0105791451
4   8   3   7   0.0105791451
4   8   4   5   0.0096807349
4   8   4   8   0.1502579026

End ABCD Block
Begin AIJB Block
1   6   1   5   0.0087159010
1   6   1   8   0.0066683088
1   6   2   5   -0.0000002376
1   6   2   8   -0.0000131448
1   6   3   6   0.0000292642
1   6   3   7   0.0000674009
1   6   4   6   0.0000674009
1   6   4   7   -0.0000292642
1   6   5   5   0.0001730801
1   6   5   8   0.0001429563
1   7   1   5   -0.0000002376
1   7   1   8   -0.0000041755
1   7   2   5   0.0008803164
1   7   2   8   0.0012036636
1   7   3   6   0.0000203076
1   7   3   7   0.0000467723
1   7   4   6   0.0000467723
1   7   4   7   -0.0000203076
1   7   5   5   -0.0002608245
1   7   5   8   -0.0015029142
1   8   1   6   0.0000023064
1   8   1   7   0.0000053122
1   8   2   6   0.0000703872
1   8   2   7   0.0001621149
1   8   3   5   0.0002513936
1   8   3   8   0.0003777775
1   8   5   6   -0.0008680674
1   8   5   7   -0.0019993232
1   9   1   6   0.0000053122
1   9   1   7   -0.0000023064
1   9   2   6   0.0001621149
1   9   2   7   -0.0000703872
1   9   4   5   0.0002513936
1   9   4   8   0.0003777775
1   9   5   6   -0.0019993232
1   9   5   7   0.0008680674
1   10   1   5   0.0001730801
1   10   1   8   0.0003804836
1   10   2   5   -0.0002608245
1   10   2   8   -0.0005247643
1   10   3   6   -0.0000955943
1   10   3   7   -0.0002201717
1   10   4   6   -0.0002201717
1   10   4   7   0.0000955943
1   10   5   5   0.0035139569
1   10   5   8   0.0043318620
2   6   1   6   0.0014298106
2   6   2   6   0.0000068369
2   6   3   5   0.0000023064
2   6   3   8   -0.0000068851
2   6   4   5   0.0000053122
2   6   4   8   -0.0000158577
2   6   5   6   -0.0002543920
2   7   1   6   0.0000068369
2   7   2   6   0.0004753241
2   7   3   5   0.0000703872
2   7   3   8   0.0004496467
2   7   4   5   0.0001621149
2   7   4   8   0.0010356213
2   7   5   6   0.0000232621
2   8   1   5   0.0000292642
2   8   1   8   0.0000465197
2   8   2   5   0.0000203076
2   8   2   8   0.0001023654
2   8   3   6   0.0004117164
2   8   3   7   0.0006347029
2   8   4   6   0.0006347029
2   8   4   7   0.0013256998
2   8   5   5   -0.0000955943
2   8   5   8   -0.0001531008
2   9   1   5   0.0000674009
2   9   1   8   0.0001071436
2   9   2   5   0.0000467723
2   9   2   8   0.0002357668
2   9   3   6   0.0006347029
2   9   3   7   -0.0001394350
2   9   4   6   0.0015979812
2   9   4   7   -0.0006347029
2   9   5   5   -0.0002201717
2   9   5   8   -0.0003526199
2   10   1   6   -0.0002543920
2   10   2   6   0.0000232621
2   10   3   5   -0.0008680674
2   10   3   8   -0.0010370992
2   10   4   5   -0.0019993232
2   10   4   8   -0.0023886352
2   10   5   6   0.0003862917
3   6   1   7   0.0014298106
3   6   2   7   0.0000068369
3   6   3   5   0.0000053122
3   6   3   8   -0.0000158577
3   6   4   5   -0.0000023064
3   6   4   8   0.0000068851
3   6   5   7   -0.0002543920
3   7   1   7   0.0000068369
3   7   2   7   0.0004753241
3   7   3   5   0.0001621149
3   7   3   8   0.0010356212
3   7   4   5   -0.0000703872
3   7   4   8   -0.0004496467
3   7   5   7   0.0000232621
3   8   1   5   0.0000674009
3   8   1   8   0.0001071436
3   8   2   5   0.0000467723
3   8   2   8   0.0002357668
3   8   3   6   0.0006347029
3   8   3   7   0.0015979812
3   8   4   6   -0.0001394350
3   8   4   7   -0.0006347029
3   8   5   5   -0.0002201717
3   8   5   8   -0.0003526199
3   9   1   5   -0.0000292642
3   9   1   8   -0.0000465197
3   9   2   5   -0.0000203076
3   9   2   8   -0.0001023654
3   9   3   6   0.0013256998
3   9   3   7   -0.0006347029
3   9   4   6   -0.0006347029
3   9   4   7   0.0004117164
3   9   5   5   0.0000955943
3   9   5   8   0.0001531008
3   10   1   7   -0.0002543920
3   10   2   7   0.0000232621
3   10   3   5   -0.0019993232
3   10   3   8   -0.0023886352
3   10   4   5   0.0008680674
3   10   4   8   0.0010370992
3   10   5   7   0.0003862917
4   6   1   5   0.0066683088
4   6   1   8   0.0063195462
4   6   2   5   -0.0000041755
4   6   2   8   -0.0000114561
4   6   3   6   0.0000465197
4   6   3   7   0.0001071436
4   6   4   6   0.0001071436
4   6   4   7   -0.0000465197
4   6   5   5   0.0003804836
4   6   5   8   0.0000416087
4   7   1   5   -0.0000131448
4   7   1   8   -0.0000114561
4   7   2   5   0.0012036636
4   7   2   8   0.0022215648
4   7   3   6   0.0001023654
4   7   3   7   0.0002357668
4   7   4   6   0.0002357668
4   7   4   7   -0.0001023654
4   7   5   5   -0.0005247643
4   7   5   8   -0.0020970176
4   8   1   6   -0.0000068851
4   8   1   7   -0.0000158577
4   8   2   6   0.0004496467
4   8   2   7   0.0010356212
4   8   3   5   0.0003777775
4   8   3   8   0.0008736292
4   8   5   6   -0.0010370992
4   8   5   7   -0.0023886352
4   9   1   6   -0.0000158577
4   9   1   7   0.0000068851
4   9   2   6   0.0010356213
4   9   2   7   -0.0004496467
4   9   4   5   0.0003777775
4   9   4   8   0.0008736292
4   9   5   6   -0.0023886352
4   9   5   7   0.0010370992
4   10   1   5   0.0001429563
4   10   1   8   0.0000416087
4   10   2   5   -0.0015029142
4   10   2   8   -0.0020970176
4   10   3   6   -0.0001531008
4   10   3   7   -0.0003526199
4   10   4   6   -0.0003526199
4   10   4   7   0.0001531008
4   10   5   5   0.0043318620
4   10   5   8   0.0060089871

1   6   6   1   -0.2809213115
1   6   6   4   -0.0641575998
1   6   7   1   0.0000549099
1   6   7   4   0.0000063684
1   6   8   2   -0.0000297873
1   6   8   3   -0.0000686058
1   6   9   2   -0.0000686058
1   6   9   3   0.0000297873
1   6   10   1   -0.0006868740
1   6   10   4   -0.0000663894
1   7   6   1   0.0000549099
1   7   6   4   0.0000063684
1   7   7   1   -0.1189104860
1   7   7   4   -0.0294768602
1   7   8   2   -0.0010449951
1   7   8   3   -0.0024068211
1   7   9   2   -0.0024068211
1   7   9   3   0.0010449951
1   7   10   1   0.0079395392
1   7   10   4   0.0034826958
1   8   6   2   -0.0000297873
1   8   6   3   -0.0000686058
1   8   7   2   -0.0010449951
1   8   7   3   -0.0024068211
1   8   8   1   -0.1182705273
1   8   8   4   -0.0287952192
1   8   10   2   0.0003752653
1   8   10   3   0.0008643069
1   9   6   2   -0.0000686058
1   9   6   3   0.0000297873
1   9   7   2   -0.0024068211
1   9   7   3   0.0010449951
1   9   9   1   -0.1182705273
1   9   9   4   -0.0287952192
1   9   10   2   0.0008643069
1   9   10   3   -0.0003752653
1   10   6   1   -0.0006868740
1   10   6   4   -0.0000663894
1   10   7   1   0.0079395392
1   10   7   4   0.0034826958
1   10   8   2   0.0003752653
1   10   8   3   0.0008643069
1   10   9   2   0.0008643069
1   10   9   3   -0.0003752653
1   10   10   1   -0.1223710463
1   10   10   4   -0.0307038598
2   6   6   2   -0.2084595106
2   6   7   2   0.0000196170
2   6   8   1   -0.0000297873
2   6   8   4   -0.0000190678
2   6   9   1   -0.0000686058
2   6   9   4   -0.0000439168
2   6   10   2   -0.0001819538
2   7   6   2   0.0000196170
2   7   7   2   -0.1202562174
2   7   8   1   -0.0010449951
2   7   8   4   -0.0013144042
2   7   9   1   -0.0024068211
2   7   9   4   -0.0030273212
2   7   10   2   0.0066827950
2   8   6   1   -0.0000297873
2   8   6   4   -0.0000190678
2   8   7   1   -0.0010449951
2   8   7   4   -0.0013144042
2   8   8   2   -0.1197898212
2   8   8   3   -0.0002934099
2   8   9   2   -0.0002934099
2   8   9   3   -0.0002741927
2   8   10   1   0.0003752653
2   8   10   4   0.0003614739
2   9   6   1   -0.0000686058
2   9   6   4   -0.0000439168
2   9   7   1   -0.0024068211
2   9   7   4   -0.0030273212
2   9   8   2   -0.0002934099
2   9   8   3   -0.0002741927
2   9   9   2   -0.1203382066
2   9   9   3   0.0002934099
2   9   10   1   0.0008643069
2   9   10   4   0.0008325426
2   10   6   2   -0.0001819538
2   10   7   2   0.0066827950
2   10   8   1   0.0003752653
2   10   8   4   0.0003614739
2   10   9   1   0.0008643069
2   10   9   4   0.0008325426
2   10   10   2   -0.1225180859
3   6   6   3   -0.2084595106
3   6   7   3   0.0000196170
3   6   8   1   -0.0000686058
3   6   8   4   -0.0000439168
3   6   9   1   0.0000297873
3   6   9   4   0.0000190678
3   6   10   3   -0.0001819538
3   7   6   3   0.0000196170
3   7   7   3   -0.1202562174
3   7   8   1   -0.0024068211
3   7   8   4   -0.0030273212
3   7   9   1   0.0010449951
3   7   9   4   0.0013144042
3   7   10   3   0.0066827950
3   8   6   1   -0.0000686058
3   8   6   4   -0.0000439168
3   8   7   1   -0.0024068211
3   8   7   4   -0.0030273212
3   8   8   2   -0.0002934099
3   8   8   3   -0.1203382066
3   8   9   2   -0.0002741927
3   8   9   3   0.0002934099
3   8   10   1   0.0008643069
3   8   10   4   0.0008325426
3   9   6   1   0.0000297873
3   9   6   4   0.0000190678
3   9   7   1   0.0010449951
3   9   7   4   0.0013144042
3   9   8   2   -0.0002741927
3   9   8   3   0.0002934099
3   9   9   2   0.0002934099
3   9   9   3   -0.1197898212
3   9   10   1   -0.0003752653
3   9   10   4   -0.0003614739
3   10   6   3   -0.0001819538
3   10   7   3   0.0066827950
3   10   8   1   0.0008643069
3   10   8   4   0.0008325426
3   10   9   1   -0.0003752653
3   10   9   4   -0.0003614739
3   10   10   3   -0.1225180859
4   6   6   1   -0.0641575998
4   6   6   4   -0.2172369958
4   6   7   1   0.0000063684
4   6   7   4   0.0000114354
4   6   8   2   -0.0000190678
4   6   8   3   -0.0000439168
4   6   9   2   -0.0000439168
4   6   9   3   0.0000190678
4   6   10   1   -0.0000663894
4   6   10   4   -0.0000815689
4   7   6   1   0.0000063684
4   7   6   4   0.0000114354
4   7   7   1   -0.0294768602
4   7   7   4   -0.1411844171
4   7   8   2   -0.0013144042
4   7   8   3   -0.0030273212
4   7   9   2   -0.0030273212
4   7   9   3   0.0013144042
4   7   10   1   0.0034826958
4   7   10   4   0.0082334076
4   8   6   2   -0.0000190678
4   8   6   3   -0.0000439168
4   8   7   2   -0.0013144042
4   8   7   3   -0.0030273212
4   8   8   1   -0.0287952192
4   8   8   4   -0.1401317996
4   8   10   2   0.0003614739
4   8   10   3   0.0008325426
4   9   6   2   -0.0000439168
4   9   6   3   0.0000190678
4   9   7   2   -0.0030273212
4   9   7   3   0.0013144042
4   9   9   1   -0.0287952192
4   9   9   4   -0.1401317996
4   9   10   2   0.0008325426
4   9   10   3   -0.0003614739
4   10   6   1   -0.0000663894
4   10   6   4   -0.0000815689
4   10   7   1   0.0034826958
4   10   7   4   0.0082334076
4   10   8   2   0.0003614739
4   10   8   3   0.0008325426
4   10   9   2   0.0008325426
4   10   9   3   -0.0003614739
4   10   10   1   -0.0307038598
4   10   10   4   -0.1438289735

End AIJB Block
Begin IJKA Block
1   6   1   5   -0.0937238318
1   6   1   8   -0.0793751532
1   6   2   5   0.0000725847
1   6   2   8   0.0000702334
1   6   3   6   0.0000151463
1   6   3   7   0.0000348849
1   6   4   6   0.0000348849
1   6   4   7   -0.0000151463
1   6   5   5   -0.0012802732
1   6   5   8   -0.0013031359
1   7   1   5   -0.0004022803
1   7   1   8   -0.0002269325
1   7   2   5   -0.0000028464
1   7   2   8   -0.0000050117
1   7   3   6   -0.0000002035
1   7   3   7   -0.0000004688
1   7   4   6   -0.0000004688
1   7   4   7   0.0000002035
1   7   5   5   0.0000065339
1   7   5   8   0.0000092370
1   8   1   6   0.0007263670
1   8   1   7   0.0016729604
1   8   2   6   -0.0000015655
1   8   2   7   -0.0000036056
1   8   3   5   0.0000020534
1   8   3   8   0.0000040008
1   8   5   6   0.0000056064
1   8   5   7   0.0000129126
1   9   1   6   0.0016729604
1   9   1   7   -0.0007263670
1   9   2   6   -0.0000036056
1   9   2   7   0.0000015655
1   9   4   5   0.0000020534
1   9   4   8   0.0000040008
1   9   5   6   0.0000129126
1   9   5   7   -0.0000056064
1   10   1   5   -0.0110015012
1   10   1   8   -0.0193929985
1   10   2   5   0.0000075653
1   10   2   8   0.0000063026
1   10   3   6   -0.0000035637
1   10   3   7   -0.0000082078
1   10   4   6   -0.0000082078
1   10   4   7   0.0000035637
1   10   5   5   -0.0000440407
1   10   5   8   0.0000001763
2   6   1   5   0.0000725847
2   6   1   8   0.0000702334
2   6   2   5   -0.0011135526
2   6   2   8   0.0007727073
2   6   3   6   0.0000728753
2   6   3   7   0.0001678455
2   6   4   6   0.0001678455
2   6   4   7   -0.0000728753
2   6   5   5   0.0002290626
2   6   5   8   -0.0001500711
2   7   1   5   -0.0000028464
2   7   1   8   -0.0000050117
2   7   2   5   -0.0043714276
2   7   2   8   -0.0237297484
2   7   3   6   -0.0034905764
2   7   3   7   -0.0080394565
2   7   4   6   -0.0080394565
2   7   4   7   0.0034905764
2   7   5   5   0.0114855245
2   7   5   8   0.0136342400
2   8   1   6   -0.0000015655
2   8   1   7   -0.0000036056
2   8   2   6   -0.0137953228
2   8   2   7   -0.0317732333
2   8   3   5   -0.0008000941
2   8   3   8   -0.0036862959
2   8   5   6   -0.0004528428
2   8   5   7   -0.0010429826
2   9   1   6   -0.0000036056
2   9   1   7   0.0000015655
2   9   2   6   -0.0317732333
2   9   2   7   0.0137953228
2   9   4   5   -0.0008000941
2   9   4   8   -0.0036862959
2   9   5   6   -0.0010429826
2   9   5   7   0.0004528428
2   10   1   5   0.0000075653
2   10   1   8   0.0000063026
2   10   2   5   0.0455187833
2   10   2   8   0.0500001622
2   10   3   6   -0.0003907464
2   10   3   7   -0.0008999627
2   10   4   6   -0.0008999627
2   10   4   7   0.0003907464
2   10   5   5   0.0011842587
2   10   5   8   -0.0007818175
3   6   1   6   0.0000151463
3   6   1   7   0.0000348849
3   6   2   6   0.0000728753
3   6   2   7   0.0001678455
3   6   3   5   -0.0010823372
3   6   3   8   0.0007547360
3   6   5   6   -0.0000328612
3   6   5   7   -0.0000756854
3   7   1   6   -0.0000002035
3   7   1   7   -0.0000004688
3   7   2   6   -0.0034905764
3   7   2   7   -0.0080394565
3   7   3   5   -0.0040052783
3   7   3   8   -0.0214298119
3   7   5   6   -0.0000911980
3   7   5   7   -0.0002100463
3   8   1   5   0.0000020534
3   8   1   8   0.0000040008
3   8   2   5   -0.0008000941
3   8   2   8   -0.0036862959
3   8   3   6   -0.0139030770
3   8   3   7   -0.0320214116
3   8   4   6   -0.0019126757
3   8   4   7   0.0008304468
3   8   5   5   0.0027433108
3   8   5   8   0.0031893157
3   9   3   6   -0.0281960602
3   9   3   7   0.0122421835
3   9   4   6   -0.0008304468
3   9   4   7   -0.0019126757
3   10   1   6   -0.0000035637
3   10   1   7   -0.0000082078
3   10   2   6   -0.0003907464
3   10   2   7   -0.0008999627
3   10   3   5   0.0404703127
3   10   3   8   0.0439456027
3   10   5   6   -0.0007228766
3   10   5   7   -0.0016649214
4   6   1   6   0.0000348849
4   6   1   7   -0.0000151463
4   6   2   6   0.0001678455
4   6   2   7   -0.0000728753
4   6   4   5   -0.0010823372
4   6   4   8   0.0007547360
4   6   5   6   -0.0000756854
4   6   5   7   0.0000328612
4   7   1   6   -0.0000004688
4   7   1   7   0.0000002035
4   7   2   6   -0.0080394565
4   7   2   7   0.0034905764
4   7   4   5   -0.0040052783
4   7   4   8   -0.0214298119
4   7   5   6   -0.0002100463
4   7   5   7   0.0000911980
4   8   3   6   -0.0019126757
4   8   3   7   0.0008304468
4   8   4   6   -0.0122421835
4   8   4   7   -0.0281960602
4   9   1   5   0.0000020534
4   9   1   8   0.0000040008
4   9   2   5   -0.0008000941
4   9   2   8   -0.0036862959
4   9   3   6   -0.0008304468
4   9   3   7   -0.0019126757
4   9   4   6   -0.0320214116
4   9   4   7   0.0139030770
4   9   5   5   0.0027433108
4   9   5   8   0.0031893157
4   10   1   6   -0.0000082078
4   10   1   7   0.0000035637
4   10   2   6   -0.0008999627
4   10   2   7   0.0003907464
4   10   4   5   0.0404703127
4   10   4   8   0.0439456027
4   10   5   6   -0.0016649214
4   10   5   7   0.0007228766
5   6   1   5   -0.0012802732
5   6   1   8   -0.0013031359
5   6   2   5   0.0002290626
5   6   2   8   -0.0001500711
5   6   3   6   -0.0000328612
5   6   3   7   -0.0000756854
5   6   4   6   -0.0000756854
5   6   4   7   0.0000328612
5   6   5   5   -0.0013072327
5   6   5   8   0.0008348895
5   7   1   5   0.0000065339
5   7   1   8   0.0000092370
5   7   2   5   0.0114855245
5   7   2   8   0.0136342400
5   7   3   6   -0.0000911980
5   7   3   7   -0.0002100463
5   7   4   6   -0.0002100463
5   7   4   7   0.0000911980
5   7   5   5   -0.0034879908
5   7   5   8   -0.0199915611
5   8   1   6   0.0000056064
5   8   1   7   0.0000129126
5   8   2   6   -0.0004528428
5   8   2   7   -0.0010429826
5   8   3   5   0.0027433108
5   8   3   8   0.0031893157
5   8   5   6   -0.0116557285
5   8   5   7   -0.0268453436
5   9   1   6   0.0000129126
5   9   1   7   -0.0000056064
5   9   2   6   -0.0010429826
5   9   2   7   0.0004528428
5   9   4   5   0.0027433108
5   9   4   8   0.0031893157
5   9   5   6   -0.0268453436
5   9   5   7   0.0116557285
5   10   1   5   -0.0000440407
5   10   1   8   0.0000001763
5   10   2   5   0.0011842587
5   10   2   8   -0.0007818175
5   10   3   6   -0.0007228766
5   10   3   7   -0.0016649214
5   10   4   6   -0.0016649214
5   10   4   7   0.0007228766
5   10   5   5   0.0435796228
5   10   5   8   0.0469751684

End IJKA Block
Begin IABC Block
1   5   1   5   0.0001134069
1   5   1   8   -0.0013973986
1   5   2   6   0.0024158574
1   5   3   7   0.0024158574
1   5   4   5   -0.0022540738
1   5   4   8   -0.0004474055
1   6   1   6   -0.0001062283
1   6   2   5   0.0024158574
1   6   2   8   0.0013973938
1   6   4   6   -0.0004794069
1   7   1   7   -0.0001062283
1   7   3   5   0.0024158574
1   7   3   8   0.0013973938
1   7   4   7   -0.0004794069
1   8   1   5   -0.0013973986
1   8   1   8   -0.0014006171
1   8   2   6   0.0013973938
1   8   3   7   0.0013973938
1   8   4   5   -0.0004474055
1   8   4   8   -0.0005205049
2   5   1   5   -0.0002925882
2   5   1   8   -0.0001822176
2   5   2   6   0.0000122951
2   5   3   7   0.0000122951
2   5   4   5   -0.0003546846
2   5   4   8   -0.0002910922
2   6   1   6   -0.0002704449
2   6   2   5   0.0000122951
2   6   2   8   -0.0000143332
2   6   4   6   -0.0002859132
2   7   1   7   -0.0002704449
2   7   3   5   0.0000122951
2   7   3   8   -0.0000143332
2   7   4   7   -0.0002859132
2   8   1   5   -0.0001822176
2   8   1   8   -0.0004024529
2   8   2   6   -0.0000143332
2   8   3   7   -0.0000143332
2   8   4   5   -0.0002910922
2   8   4   8   -0.0006288925
3   5   1   6   0.0002768235
3   5   1   7   0.0006375767
3   5   2   5   0.0004945630
3   5   2   8   -0.0000168528
3   5   3   5   0.0011390721
3   5   3   8   -0.0000388151
3   5   4   6   0.0004917088
3   5   4   7   0.0011324982
3   6   1   5   0.0002768235
3   6   1   8   0.0001894797
3   6   2   6   0.0005301711
3   6   2   7   0.0002667686
3   6   3   6   0.0006875469
3   6   3   7   0.0001158258
3   6   4   5   0.0004917088
3   6   4   8   0.0004118487
3   7   1   5   0.0006375767
3   7   1   8   0.0004364075
3   7   2   6   0.0002667686
3   7   2   7   0.0002985196
3   7   3   6   0.0001158258
3   7   3   7   0.0012210842
3   7   4   5   0.0011324982
3   7   4   8   0.0009485653
3   8   1   6   0.0001894797
3   8   1   7   0.0004364075
3   8   2   5   -0.0000168528
3   8   2   8   0.0000163199
3   8   3   5   -0.0000388151
3   8   3   8   0.0000375878
3   8   4   6   0.0004118487
3   8   4   7   0.0009485653
4   5   1   6   0.0006375767
4   5   1   7   -0.0002768235
4   5   2   5   0.0011390721
4   5   2   8   -0.0000388151
4   5   3   5   -0.0004945630
4   5   3   8   0.0000168528
4   5   4   6   0.0011324982
4   5   4   7   -0.0004917088
4   6   1   5   0.0006375767
4   6   1   8   0.0004364075
4   6   2   6   0.0012210842
4   6   2   7   -0.0001158258
4   6   3   6   -0.0002985196
4   6   3   7   0.0002667686
4   6   4   5   0.0011324982
4   6   4   8   0.0009485653
4   7   1   5   -0.0002768235
4   7   1   8   -0.0001894797
4   7   2   6   -0.0001158258
4   7   2   7   0.0006875469
4   7   3   6   0.0002667686
4   7   3   7   -0.0005301711
4   7   4   5   -0.0004917088
4   7   4   8   -0.0004118487
4   8   1   6   0.0004364075
4   8   1   7   -0.0001894797
4   8   2   5   -0.0000388151
4   8   2   8   0.0000375878
4   8   3   5   0.0000168528
4   8   3   8   -0.0000163199
4   8   4   6   0.0009485653
4   8   4   7   -0.0004118487
5   5   1   5   -0.0052050225
5   5   1   8   -0.0004898175
5   5   2   6   -0.0021323960
5   5   3   7   -0.0021323960
5   5   4   5   -0.0070966025
5   5   4   8   -0.0025551363
5   6   1   6   -0.0034098476
5   6   2   5   -0.0021323960
5   6   2   8   -0.0012897109
5   6   4   6   -0.0056231936
5   7   1   7   -0.0034098476
5   7   3   5   -0.0021323960
5   7   3   8   -0.0012897109
5   7   4   7   -0.0056231936
5   8   1   5   -0.0004898175
5   8   1   8   -0.0022688269
5   8   2   6   -0.0012897109
5   8   3   7   -0.0012897109
5   8   4   5   -0.0025551363
5   8   4   8   -0.0049024412

End IABC Block
