Begin IJ Block
1   1   -41.1170682630
1   2   0.0015602204
1   3   0.7515424222
1   4   0.0358793455
2   2   -6.5417783693
2   3   -0.0070400033
2   4   -0.0045407176
3   3   -9.5166569885
3   4   -0.0299317819
4   4   -8.2345522652
5   5   -8.3548156334
5   6   0.0000000000
6   6   -8.3548156334

End IJ Block
Begin IA Block
1   1   -0.0119636978
2   1   0.1012198981
3   1   0.0787155082
4   1   -0.3023639284
5   2   0.2457073688
5   3   -0.2955115907
6   2   0.2955115907
6   3   0.2457073688

End IA Block
Begin AB Block
1   1   -1.8865633944
2   2   -1.6069971312
3   3   -1.6069971312

End AB Block
Begin IJKL Block
1   7   1   7   5.3561040347
1   7   1   8   -0.0010281525
1   7   1   9   -0.5333964241
1   7   1   10   -0.0230676693
1   7   2   7   -0.0010281525
1   7   2   8   0.0000004249
1   7   2   9   0.0001672966
1   7   2   10   -0.0000507784
1   7   3   7   -0.5333964241
1   7   3   8   0.0001672966
1   7   3   9   0.0860624033
1   7   3   10   0.0034882325
1   7   4   7   -0.0230676693
1   7   4   8   -0.0000507784
1   7   4   9   0.0034882325
1   7   4   10   0.0339903699
1   7   5   11   0.0358907518
1   7   6   12   0.0358907518
1   8   1   7   -0.0010281525
1   8   1   8   0.2331597960
1   8   1   9   0.0027415341
1   8   1   10   -0.0038920780
1   8   2   7   0.0000004249
1   8   2   8   -0.0000021636
1   8   2   9   0.0000000436
1   8   2   10   -0.0000001288
1   8   3   7   0.0001672966
1   8   3   8   0.0000258990
1   8   3   9   -0.0000443482
1   8   3   10   0.0000202321
1   8   4   7   -0.0000507784
1   8   4   8   -0.0027531078
1   8   4   9   -0.0000808634
1   8   4   10   0.0001280068
1   8   5   11   0.0000828329
1   8   6   12   0.0000828329
1   9   1   7   -0.5333964241
1   9   1   8   0.0027415341
1   9   1   9   1.2642824897
1   9   1   10   0.0258168562
1   9   2   7   0.0001672966
1   9   2   8   0.0000000436
1   9   2   9   -0.0000475117
1   9   2   10   -0.0000625709
1   9   3   7   0.0860624033
1   9   3   8   -0.0000443482
1   9   3   9   -0.0231835503
1   9   3   10   -0.0012402027
1   9   4   7   0.0034882325
1   9   4   8   -0.0000808634
1   9   4   9   -0.0017994152
1   9   4   10   0.0353770568
1   9   5   11   0.0371925715
1   9   6   12   0.0371925715
1   10   1   7   -0.0230676693
1   10   1   8   -0.0038920780
1   10   1   9   0.0258168562
1   10   1   10   1.1269059672
1   10   2   7   -0.0000507784
1   10   2   8   -0.0000001288
1   10   2   9   -0.0000625709
1   10   2   10   -0.0000321677
1   10   3   7   0.0034882325
1   10   3   8   0.0000202321
1   10   3   9   -0.0012402027
1   10   3   10   -0.0136988392
1   10   4   7   0.0339903699
1   10   4   8   0.0001280068
1   10   4   9   0.0353770568
1   10   4   10   0.0012922275
1   10   5   11   0.0012571128
1   10   6   12   0.0012571128
1   11   1   11   1.1626073109
1   11   2   11   -0.0000303053
1   11   3   11   -0.0144635810
1   11   3   12   0.0000000000
1   11   4   11   -0.0009312409
1   11   5   7   0.0358907518
1   11   5   8   0.0000828329
1   11   5   9   0.0371925715
1   11   5   10   0.0012571128
1   12   1   12   1.1626073109
1   12   2   12   -0.0000303053
1   12   3   11   0.0000000000
1   12   3   12   -0.0144635810
1   12   4   12   -0.0009312409
1   12   6   7   0.0358907518
1   12   6   8   0.0000828329
1   12   6   9   0.0371925715
1   12   6   10   0.0012571128
2   7   1   7   -0.0010281525
2   7   1   8   0.0000004249
2   7   1   9   0.0001672966
2   7   1   10   -0.0000507784
2   7   2   7   0.2331597960
2   7   2   8   -0.0000021636
2   7   2   9   0.0000258990
2   7   2   10   -0.0027531078
2   7   3   7   0.0027415341
2   7   3   8   0.0000000436
2   7   3   9   -0.0000443482
2   7   3   10   -0.0000808634
2   7   4   7   -0.0038920780
2   7   4   8   -0.0000001288
2   7   4   9   0.0000202321
2   7   4   10   0.0001280068
2   7   5   11   0.0000828329
2   7   6   12   0.0000828329
2   8   1   7   0.0000004249
2   8   1   8   -0.0000021636
2   8   1   9   0.0000000436
2   8   1   10   -0.0000001288
2   8   2   7   -0.0000021636
2   8   2   8   1.6506350713
2   8   2   9   -0.0095656322
2   8   2   10   0.0341521526
2   8   3   7   0.0000000436
2   8   3   8   -0.0095656322
2   8   3   9   0.0000949191
2   8   3   10   -0.0003544536
2   8   4   7   -0.0000001288
2   8   4   8   0.0341521526
2   8   4   9   -0.0003544536
2   8   4   10   0.0014093633
2   8   5   11   0.0000304950
2   8   6   12   0.0000304950
2   9   1   7   0.0001672966
2   9   1   8   0.0000000436
2   9   1   9   -0.0000475117
2   9   1   10   -0.0000625709
2   9   2   7   0.0000258990
2   9   2   8   -0.0095656322
2   9   2   9   0.2347469594
2   9   2   10   -0.0352231099
2   9   3   7   -0.0000443482
2   9   3   8   0.0000949191
2   9   3   9   0.0020316103
2   9   3   10   -0.0004288540
2   9   4   7   0.0000202321
2   9   4   8   -0.0003544536
2   9   4   9   -0.0033849015
2   9   4   10   0.0009692022
2   9   5   11   0.0004869219
2   9   6   12   0.0004869219
2   10   1   7   -0.0000507784
2   10   1   8   -0.0000001288
2   10   1   9   -0.0000625709
2   10   1   10   -0.0000321677
2   10   2   7   -0.0027531078
2   10   2   8   0.0341521526
2   10   2   9   -0.0352231099
2   10   2   10   0.2529793997
2   10   3   7   -0.0000808634
2   10   3   8   -0.0003544536
2   10   3   9   -0.0004288540
2   10   3   10   0.0019058483
2   10   4   7   0.0001280068
2   10   4   8   0.0014093633
2   10   4   9   0.0009692022
2   10   4   10   -0.0035589626
2   10   5   11   -0.0001570778
2   10   6   12   -0.0001570778
2   11   1   11   -0.0000303053
2   11   2   11   0.2303357583
2   11   3   11   0.0018474008
2   11   4   11   -0.0030730753
2   11   5   7   0.0000828329
2   11   5   8   0.0000304950
2   11   5   9   0.0004869219
2   11   5   10   -0.0001570778
2   12   1   12   -0.0000303053
2   12   2   12   0.2303357583
2   12   3   12   0.0018474008
2   12   4   12   -0.0030730753
2   12   6   7   0.0000828329
2   12   6   8   0.0000304950
2   12   6   9   0.0004869219
2   12   6   10   -0.0001570778
3   7   1   7   -0.5333964241
3   7   1   8   0.0001672966
3   7   1   9   0.0860624033
3   7   1   10   0.0034882325
3   7   2   7   0.0027415341
3   7   2   8   0.0000000436
3   7   2   9   -0.0000443482
3   7   2   10   -0.0000808634
3   7   3   7   1.2642824897
3   7   3   8   -0.0000475117
3   7   3   9   -0.0231835503
3   7   3   10   -0.0017994152
3   7   4   7   0.0258168562
3   7   4   8   -0.0000625709
3   7   4   9   -0.0012402027
3   7   4   10   0.0353770568
3   7   5   11   0.0371925715
3   7   6   12   0.0371925715
3   8   1   7   0.0001672966
3   8   1   8   0.0000258990
3   8   1   9   -0.0000443482
3   8   1   10   0.0000202321
3   8   2   7   0.0000000436
3   8   2   8   -0.0095656322
3   8   2   9   0.0000949191
3   8   2   10   -0.0003544536
3   8   3   7   -0.0000475117
3   8   3   8   0.2347469594
3   8   3   9   0.0020316103
3   8   3   10   -0.0033849015
3   8   4   7   -0.0000625709
3   8   4   8   -0.0352231099
3   8   4   9   -0.0004288540
3   8   4   10   0.0009692022
3   8   5   11   0.0004869219
3   8   6   12   0.0004869219
3   9   1   7   0.0860624033
3   9   1   8   -0.0000443482
3   9   1   9   -0.0231835503
3   9   1   10   -0.0012402027
3   9   2   7   -0.0000443482
3   9   2   8   0.0000949191
3   9   2   9   0.0020316103
3   9   2   10   -0.0004288540
3   9   3   7   -0.0231835503
3   9   3   8   0.0020316103
3   9   3   9   0.8829187854
3   9   3   10   0.0081342832
3   9   4   7   -0.0012402027
3   9   4   8   -0.0004288540
3   9   4   9   0.0081342832
3   9   4   10   0.1600259589
3   9   5   11   0.1640761788
3   9   6   12   0.1640761788
3   10   1   7   0.0034882325
3   10   1   8   0.0000202321
3   10   1   9   -0.0012402027
3   10   1   10   -0.0136988392
3   10   2   7   -0.0000808634
3   10   2   8   -0.0003544536
3   10   2   9   -0.0004288540
3   10   2   10   0.0019058483
3   10   3   7   -0.0017994152
3   10   3   8   -0.0033849015
3   10   3   9   0.0081342832
3   10   3   10   0.8061193965
3   10   4   7   0.0353770568
3   10   4   8   0.0009692022
3   10   4   9   0.1600259589
3   10   4   10   0.0124504957
3   10   5   11   0.0028813100
3   10   6   12   0.0028813100
3   11   1   11   -0.0144635810
3   11   1   12   0.0000000000
3   11   2   11   0.0018474008
3   11   3   11   0.8243280253
3   11   4   11   0.0092639773
3   11   5   7   0.0371925715
3   11   5   8   0.0004869219
3   11   5   9   0.1640761788
3   11   5   10   0.0028813100
3   12   1   11   0.0000000000
3   12   1   12   -0.0144635810
3   12   2   12   0.0018474008
3   12   3   12   0.8243280253
3   12   4   12   0.0092639773
3   12   6   7   0.0371925715
3   12   6   8   0.0004869219
3   12   6   9   0.1640761788
3   12   6   10   0.0028813100
4   7   1   7   -0.0230676693
4   7   1   8   -0.0000507784
4   7   1   9   0.0034882325
4   7   1   10   0.0339903699
4   7   2   7   -0.0038920780
4   7   2   8   -0.0000001288
4   7   2   9   0.0000202321
4   7   2   10   0.0001280068
4   7   3   7   0.0258168562
4   7   3   8   -0.0000625709
4   7   3   9   -0.0012402027
4   7   3   10   0.0353770568
4   7   4   7   1.1269059672
4   7   4   8   -0.0000321677
4   7   4   9   -0.0136988392
4   7   4   10   0.0012922275
4   7   5   11   0.0012571128
4   7   6   12   0.0012571128
4   8   1   7   -0.0000507784
4   8   1   8   -0.0027531078
4   8   1   9   -0.0000808634
4   8   1   10   0.0001280068
4   8   2   7   -0.0000001288
4   8   2   8   0.0341521526
4   8   2   9   -0.0003544536
4   8   2   10   0.0014093633
4   8   3   7   -0.0000625709
4   8   3   8   -0.0352231099
4   8   3   9   -0.0004288540
4   8   3   10   0.0009692022
4   8   4   7   -0.0000321677
4   8   4   8   0.2529793997
4   8   4   9   0.0019058483
4   8   4   10   -0.0035589626
4   8   5   11   -0.0001570778
4   8   6   12   -0.0001570778
4   9   1   7   0.0034882325
4   9   1   8   -0.0000808634
4   9   1   9   -0.0017994152
4   9   1   10   0.0353770568
4   9   2   7   0.0000202321
4   9   2   8   -0.0003544536
4   9   2   9   -0.0033849015
4   9   2   10   0.0009692022
4   9   3   7   -0.0012402027
4   9   3   8   -0.0004288540
4   9   3   9   0.0081342832
4   9   3   10   0.1600259589
4   9   4   7   -0.0136988392
4   9   4   8   0.0019058483
4   9   4   9   0.8061193965
4   9   4   10   0.0124504957
4   9   5   11   0.0028813100
4   9   6   12   0.0028813100
4   10   1   7   0.0339903699
4   10   1   8   0.0001280068
4   10   1   9   0.0353770568
4   10   1   10   0.0012922275
4   10   2   7   0.0001280068
4   10   2   8   0.0014093633
4   10   2   9   0.0009692022
4   10   2   10   -0.0035589626
4   10   3   7   0.0353770568
4   10   3   8   0.0009692022
4   10   3   9   0.1600259589
4   10   3   10   0.0124504957
4   10   4   7   0.0012922275
4   10   4   8   -0.0035589626
4   10   4   9   0.0124504957
4   10   4   10   0.7949013303
4   10   5   11   0.0391865312
4   10   6   12   0.0391865312
4   11   1   11   -0.0009312409
4   11   2   11   -0.0030730753
4   11   3   11   0.0092639773
4   11   4   11   0.7332898586
4   11   4   12   -0.0000000000
4   11   5   7   0.0012571128
4   11   5   8   -0.0001570778
4   11   5   9   0.0028813100
4   11   5   10   0.0391865312
4   12   1   12   -0.0009312409
4   12   2   12   -0.0030730753
4   12   3   12   0.0092639773
4   12   4   11   -0.0000000000
4   12   4   12   0.7332898586
4   12   6   7   0.0012571128
4   12   6   8   -0.0001570778
4   12   6   9   0.0028813100
4   12   6   10   0.0391865312
5   7   1   11   0.0358907518
5   7   2   11   0.0000828329
5   7   3   11   0.0371925715
5   7   4   11   0.0012571128
5   7   5   7   1.1626073109
5   7   5   8   -0.0000303053
5   7   5   9   -0.0144635810
5   7   5   10   -0.0009312409
5   7   6   9   0.0000000000
5   8   1   11   0.0000828329
5   8   2   11   0.0000304950
5   8   3   11   0.0004869219
5   8   4   11   -0.0001570778
5   8   5   7   -0.0000303053
5   8   5   8   0.2303357583
5   8   5   9   0.0018474008
5   8   5   10   -0.0030730753
5   9   1   11   0.0371925715
5   9   2   11   0.0004869219
5   9   3   11   0.1640761788
5   9   4   11   0.0028813100
5   9   5   7   -0.0144635810
5   9   5   8   0.0018474008
5   9   5   9   0.8243280253
5   9   5   10   0.0092639773
5   9   6   7   0.0000000000
5   10   1   11   0.0012571128
5   10   2   11   -0.0001570778
5   10   3   11   0.0028813100
5   10   4   11   0.0391865312
5   10   5   7   -0.0009312409
5   10   5   8   -0.0030730753
5   10   5   9   0.0092639773
5   10   5   10   0.7332898586
5   10   6   10   -0.0000000000
5   11   1   7   0.0358907518
5   11   1   8   0.0000828329
5   11   1   9   0.0371925715
5   11   1   10   0.0012571128
5   11   2   7   0.0000828329
5   11   2   8   0.0000304950
5   11   2   9   0.0004869219
5   11   2   10   -0.0001570778
5   11   3   7   0.0371925715
5   11   3   8   0.0004869219
5   11   3   9   0.1640761788
5   11   3   10   0.0028813100
5   11   4   7   0.0012571128
5   11   4   8   -0.0001570778
5   11   4   9   0.0028813100
5   11   4   10   0.0391865312
5   11   5   11   0.8292252640
5   11   5   12   -0.0000000000
5   11   6   11   -0.0000000000
5   11   6   12   0.0400693425
5   12   5   11   -0.0000000000
5   12   5   12   0.7490865790
5   12   6   11   0.0400693425
5   12   6   12   -0.0000000000
6   7   1   12   0.0358907518
6   7   2   12   0.0000828329
6   7   3   12   0.0371925715
6   7   4   12   0.0012571128
6   7   5   9   0.0000000000
6   7   6   7   1.1626073109
6   7   6   8   -0.0000303053
6   7   6   9   -0.0144635810
6   7   6   10   -0.0009312409
6   8   1   12   0.0000828329
6   8   2   12   0.0000304950
6   8   3   12   0.0004869219
6   8   4   12   -0.0001570778
6   8   6   7   -0.0000303053
6   8   6   8   0.2303357583
6   8   6   9   0.0018474008
6   8   6   10   -0.0030730753
6   9   1   12   0.0371925715
6   9   2   12   0.0004869219
6   9   3   12   0.1640761788
6   9   4   12   0.0028813100
6   9   5   7   0.0000000000
6   9   6   7   -0.0144635810
6   9   6   8   0.0018474008
6   9   6   9   0.8243280253
6   9   6   10   0.0092639773
6   10   1   12   0.0012571128
6   10   2   12   -0.0001570778
6   10   3   12   0.0028813100
6   10   4   12   0.0391865312
6   10   5   10   -0.0000000000
6   10   6   7   -0.0009312409
6   10   6   8   -0.0030730753
6   10   6   9   0.0092639773
6   10   6   10   0.7332898586
6   11   5   11   -0.0000000000
6   11   5   12   0.0400693425
6   11   6   11   0.7490865790
6   11   6   12   -0.0000000000
6   12   1   7   0.0358907518
6   12   1   8   0.0000828329
6   12   1   9   0.0371925715
6   12   1   10   0.0012571128
6   12   2   7   0.0000828329
6   12   2   8   0.0000304950
6   12   2   9   0.0004869219
6   12   2   10   -0.0001570778
6   12   3   7   0.0371925715
6   12   3   8   0.0004869219
6   12   3   9   0.1640761788
6   12   3   10   0.0028813100
6   12   4   7   0.0012571128
6   12   4   8   -0.0001570778
6   12   4   9   0.0028813100
6   12   4   10   0.0391865312
6   12   5   11   0.0400693425
6   12   5   12   -0.0000000000
6   12   6   11   -0.0000000000
6   12   6   12   0.8292252641

End IJKL Block
Begin IJAB Block
1   7   1   4   0.0001669270
1   7   2   5   0.0002158884
1   7   3   6   0.0002158884
1   8   1   4   0.0000039386
1   8   2   5   -0.0000017706
1   8   3   6   -0.0000017706
1   9   1   4   0.0001318030
1   9   2   5   0.0002067797
1   9   3   6   0.0002067797
1   10   1   4   -0.0000086464
1   10   2   5   0.0000148578
1   10   3   6   0.0000148578
1   11   1   5   -0.0000143213
1   11   1   6   0.0000172241
1   11   2   4   0.0000227784
1   11   3   4   -0.0000273956
1   12   1   5   -0.0000172241
1   12   1   6   -0.0000143213
1   12   2   4   0.0000273956
1   12   3   4   0.0000227784
2   7   1   4   0.0000039386
2   7   2   5   -0.0000017706
2   7   3   6   -0.0000017706
2   8   1   4   0.0057122394
2   8   2   5   0.0005952753
2   8   3   6   0.0005952753
2   9   1   4   -0.0000051141
2   9   2   5   0.0000064269
2   9   3   6   0.0000064269
2   10   1   4   0.0001080849
2   10   2   5   -0.0001436714
2   10   3   6   -0.0001436714
2   11   1   5   0.0000397012
2   11   1   6   -0.0000477485
2   11   2   4   0.0000655321
2   11   3   4   -0.0000788152
2   12   1   5   0.0000477485
2   12   1   6   0.0000397012
2   12   2   4   0.0000788152
2   12   3   4   0.0000655321
3   7   1   4   0.0001318030
3   7   2   5   0.0002067797
3   7   3   6   0.0002067797
3   8   1   4   -0.0000051141
3   8   2   5   0.0000064269
3   8   3   6   0.0000064269
3   9   1   4   0.0006573449
3   9   2   5   0.0007695015
3   9   3   6   0.0007695015
3   10   1   4   -0.0004766686
3   10   2   5   0.0000452391
3   10   3   6   0.0000452391
3   11   1   5   0.0003049636
3   11   1   6   -0.0003667789
3   11   2   4   0.0000730629
3   11   3   4   -0.0000878725
3   12   1   5   0.0003667789
3   12   1   6   0.0003049636
3   12   2   4   0.0000878725
3   12   3   4   0.0000730629
4   7   1   4   -0.0000086464
4   7   2   5   0.0000148578
4   7   3   6   0.0000148578
4   8   1   4   0.0001080849
4   8   2   5   -0.0001436714
4   8   3   6   -0.0001436714
4   9   1   4   -0.0004766686
4   9   2   5   0.0000452391
4   9   3   6   0.0000452391
4   10   1   4   0.0020871936
4   10   2   5   0.0003507963
4   10   3   6   0.0003507963
4   11   1   5   -0.0013066992
4   11   1   6   0.0015715636
4   11   2   4   -0.0001724146
4   11   3   4   0.0002073626
4   12   1   5   -0.0015715636
4   12   1   6   -0.0013066992
4   12   2   4   -0.0002073626
4   12   3   4   -0.0001724146
5   7   1   5   0.0000227784
5   7   1   6   -0.0000273956
5   7   2   4   -0.0000143213
5   7   3   4   0.0000172241
5   8   1   5   0.0000655321
5   8   1   6   -0.0000788152
5   8   2   4   0.0000397012
5   8   3   4   -0.0000477485
5   9   1   5   0.0000730629
5   9   1   6   -0.0000878725
5   9   2   4   0.0003049636
5   9   3   4   -0.0003667789
5   10   1   5   -0.0001724146
5   10   1   6   0.0002073626
5   10   2   4   -0.0013066992
5   10   3   4   0.0015715636
5   11   1   4   0.0002760564
5   11   2   5   0.0013021006
5   11   2   6   -0.0012982562
5   11   3   5   -0.0012982562
5   11   3   6   0.0017840561
5   12   2   5   0.0012982562
5   12   2   6   0.0008568070
5   12   3   5   -0.0013387625
5   12   3   6   -0.0012982562
6   7   1   5   0.0000273956
6   7   1   6   0.0000227784
6   7   2   4   -0.0000172241
6   7   3   4   -0.0000143213
6   8   1   5   0.0000788152
6   8   1   6   0.0000655321
6   8   2   4   0.0000477485
6   8   3   4   0.0000397012
6   9   1   5   0.0000878725
6   9   1   6   0.0000730629
6   9   2   4   0.0003667789
6   9   3   4   0.0003049636
6   10   1   5   -0.0002073626
6   10   1   6   -0.0001724146
6   10   2   4   -0.0015715636
6   10   3   4   -0.0013066992
6   11   2   5   0.0012982562
6   11   2   6   -0.0013387625
6   11   3   5   0.0008568070
6   11   3   6   -0.0012982562
6   12   1   4   0.0002760564
6   12   2   5   0.0017840561
6   12   2   6   0.0012982562
6   12   3   5   0.0012982562
6   12   3   6   0.0013021006

End IJAB Block
Begin ABCD Block
1   4   1   4   0.2187605373
1   4   2   5   0.0249757090
1   4   3   6   0.0249757090
1   5   1   5   0.1499588044
1   5   2   4   0.0249757090
1   6   1   6   0.1499588044
1   6   3   4   0.0249757090
2   4   1   5   0.0249757090
2   4   2   4   0.1499588044
2   5   1   4   0.0249757090
2   5   2   5   0.1376505866
2   5   3   6   0.0079345012
2   6   2   6   0.1217815841
2   6   3   5   0.0079345012
3   4   1   6   0.0249757090
3   4   3   4   0.1499588044
3   5   2   6   0.0079345012
3   5   3   5   0.1217815841
3   6   1   4   0.0249757090
3   6   2   5   0.0079345012
3   6   3   6   0.1376505866

End ABCD Block
Begin AIJB Block
1   7   1   4   0.0001669270
1   7   2   4   0.0000039386
1   7   3   4   0.0001318030
1   7   4   4   -0.0000086464
1   7   5   5   0.0000227784
1   7   5   6   -0.0000273956
1   7   6   5   0.0000273956
1   7   6   6   0.0000227784
1   8   1   4   0.0000039386
1   8   2   4   0.0057122394
1   8   3   4   -0.0000051141
1   8   4   4   0.0001080849
1   8   5   5   0.0000655321
1   8   5   6   -0.0000788152
1   8   6   5   0.0000788152
1   8   6   6   0.0000655321
1   9   1   4   0.0001318030
1   9   2   4   -0.0000051141
1   9   3   4   0.0006573449
1   9   4   4   -0.0004766686
1   9   5   5   0.0000730629
1   9   5   6   -0.0000878725
1   9   6   5   0.0000878725
1   9   6   6   0.0000730629
1   10   1   4   -0.0000086464
1   10   2   4   0.0001080849
1   10   3   4   -0.0004766686
1   10   4   4   0.0020871936
1   10   5   5   -0.0001724146
1   10   5   6   0.0002073626
1   10   6   5   -0.0002073626
1   10   6   6   -0.0001724146
1   11   1   5   -0.0000143213
1   11   1   6   0.0000172241
1   11   2   5   0.0000397012
1   11   2   6   -0.0000477485
1   11   3   5   0.0003049636
1   11   3   6   -0.0003667789
1   11   4   5   -0.0013066992
1   11   4   6   0.0015715636
1   11   5   4   0.0002760564
1   12   1   5   -0.0000172241
1   12   1   6   -0.0000143213
1   12   2   5   0.0000477485
1   12   2   6   0.0000397012
1   12   3   5   0.0003667789
1   12   3   6   0.0003049636
1   12   4   5   -0.0015715636
1   12   4   6   -0.0013066992
1   12   6   4   0.0002760564
2   7   1   5   0.0002158884
2   7   2   5   -0.0000017706
2   7   3   5   0.0002067797
2   7   4   5   0.0000148578
2   7   5   4   -0.0000143213
2   7   6   4   -0.0000172241
2   8   1   5   -0.0000017706
2   8   2   5   0.0005952753
2   8   3   5   0.0000064269
2   8   4   5   -0.0001436714
2   8   5   4   0.0000397012
2   8   6   4   0.0000477485
2   9   1   5   0.0002067797
2   9   2   5   0.0000064269
2   9   3   5   0.0007695015
2   9   4   5   0.0000452391
2   9   5   4   0.0003049636
2   9   6   4   0.0003667789
2   10   1   5   0.0000148578
2   10   2   5   -0.0001436714
2   10   3   5   0.0000452391
2   10   4   5   0.0003507963
2   10   5   4   -0.0013066992
2   10   6   4   -0.0015715636
2   11   1   4   0.0000227784
2   11   2   4   0.0000655321
2   11   3   4   0.0000730629
2   11   4   4   -0.0001724146
2   11   5   5   0.0013021006
2   11   5   6   -0.0012982562
2   11   6   5   0.0012982562
2   11   6   6   -0.0013387625
2   12   1   4   0.0000273956
2   12   2   4   0.0000788152
2   12   3   4   0.0000878725
2   12   4   4   -0.0002073626
2   12   5   5   0.0012982562
2   12   5   6   0.0008568070
2   12   6   5   0.0017840561
2   12   6   6   0.0012982562
3   7   1   6   0.0002158884
3   7   2   6   -0.0000017706
3   7   3   6   0.0002067797
3   7   4   6   0.0000148578
3   7   5   4   0.0000172241
3   7   6   4   -0.0000143213
3   8   1   6   -0.0000017706
3   8   2   6   0.0005952753
3   8   3   6   0.0000064269
3   8   4   6   -0.0001436714
3   8   5   4   -0.0000477485
3   8   6   4   0.0000397012
3   9   1   6   0.0002067797
3   9   2   6   0.0000064269
3   9   3   6   0.0007695015
3   9   4   6   0.0000452391
3   9   5   4   -0.0003667789
3   9   6   4   0.0003049636
3   10   1   6   0.0000148578
3   10   2   6   -0.0001436714
3   10   3   6   0.0000452391
3   10   4   6   0.0003507963
3   10   5   4   0.0015715636
3   10   6   4   -0.0013066992
3   11   1   4   -0.0000273956
3   11   2   4   -0.0000788152
3   11   3   4   -0.0000878725
3   11   4   4   0.0002073626
3   11   5   5   -0.0012982562
3   11   5   6   0.0017840561
3   11   6   5   0.0008568070
3   11   6   6   -0.0012982562
3   12   1   4   0.0000227784
3   12   2   4   0.0000655321
3   12   3   4   0.0000730629
3   12   4   4   -0.0001724146
3   12   5   5   -0.0013387625
3   12   5   6   -0.0012982562
3   12   6   5   0.0012982562
3   12   6   6   0.0013021006

1   7   7   1   -0.1370220589
1   7   8   1   -0.0000023937
1   7   9   1   0.0000553563
1   7   10   1   0.0008789985
1   7   11   2   -0.0002220603
1   7   11   3   0.0002670714
1   7   12   2   -0.0002670714
1   7   12   3   -0.0002220603
1   8   7   1   -0.0000023937
1   8   8   1   -0.2516552046
1   8   9   1   0.0005888382
1   8   10   1   -0.0017074220
1   8   11   2   -0.0001477703
1   8   11   3   0.0001777229
1   8   12   2   -0.0001777229
1   8   12   3   -0.0001477703
1   9   7   1   0.0000553563
1   9   8   1   0.0005888382
1   9   9   1   -0.1360471528
1   9   10   1   0.0103488559
1   9   11   2   -0.0024488904
1   9   11   3   0.0029452739
1   9   12   2   -0.0029452739
1   9   12   3   -0.0024488904
1   10   7   1   0.0008789985
1   10   8   1   -0.0017074220
1   10   9   1   0.0103488559
1   10   10   1   -0.1393029949
1   10   11   2   0.0007792180
1   10   11   3   -0.0009371633
1   10   12   2   0.0009371633
1   10   12   3   0.0007792180
1   11   7   2   -0.0002220603
1   11   7   3   0.0002670714
1   11   8   2   -0.0001477703
1   11   8   3   0.0001777229
1   11   9   2   -0.0024488904
1   11   9   3   0.0029452739
1   11   10   2   0.0007792180
1   11   10   3   -0.0009371633
1   11   11   1   -0.1354498630
1   12   7   2   -0.0002670714
1   12   7   3   -0.0002220603
1   12   8   2   -0.0001777229
1   12   8   3   -0.0001477703
1   12   9   2   -0.0029452739
1   12   9   3   -0.0024488904
1   12   10   2   0.0009371633
1   12   10   3   0.0007792180
1   12   12   1   -0.1354498630
2   7   7   2   -0.1317279426
2   7   8   2   -0.0000008555
2   7   9   2   0.0000823521
2   7   10   2   0.0004645774
2   7   11   1   -0.0002220603
2   7   12   1   -0.0002670714
2   8   7   2   -0.0000008555
2   8   8   2   -0.1678066298
2   8   9   2   0.0001435168
2   8   10   2   -0.0003300965
2   8   11   1   -0.0001477703
2   8   12   1   -0.0001777229
2   9   7   2   0.0000823521
2   9   8   2   0.0001435168
2   9   9   2   -0.1299903268
2   9   10   2   0.0056791090
2   9   11   1   -0.0024488904
2   9   12   1   -0.0029452739
2   10   7   2   0.0004645774
2   10   8   2   -0.0003300965
2   10   9   2   0.0056791090
2   10   10   2   -0.1308018444
2   10   11   1   0.0007792180
2   10   12   1   0.0009371633
2   11   7   1   -0.0002220603
2   11   8   1   -0.0001477703
2   11   9   1   -0.0024488904
2   11   10   1   0.0007792180
2   11   11   2   -0.1297387100
2   11   11   3   0.0006815606
2   11   12   2   -0.0006815606
2   11   12   3   0.0001265089
2   12   7   1   -0.0002670714
2   12   8   1   -0.0001777229
2   12   9   1   -0.0029452739
2   12   10   1   0.0009371633
2   12   11   2   -0.0006815606
2   12   11   3   0.0001265089
2   12   12   2   -0.1299917277
2   12   12   3   -0.0006815606
3   7   7   3   -0.1317279426
3   7   8   3   -0.0000008555
3   7   9   3   0.0000823521
3   7   10   3   0.0004645774
3   7   11   1   0.0002670714
3   7   12   1   -0.0002220603
3   8   7   3   -0.0000008555
3   8   8   3   -0.1678066298
3   8   9   3   0.0001435168
3   8   10   3   -0.0003300965
3   8   11   1   0.0001777229
3   8   12   1   -0.0001477703
3   9   7   3   0.0000823521
3   9   8   3   0.0001435168
3   9   9   3   -0.1299903268
3   9   10   3   0.0056791090
3   9   11   1   0.0029452739
3   9   12   1   -0.0024488904
3   10   7   3   0.0004645774
3   10   8   3   -0.0003300965
3   10   9   3   0.0056791090
3   10   10   3   -0.1308018444
3   10   11   1   -0.0009371633
3   10   12   1   0.0007792180
3   11   7   1   0.0002670714
3   11   8   1   0.0001777229
3   11   9   1   0.0029452739
3   11   10   1   -0.0009371633
3   11   11   2   0.0006815606
3   11   11   3   -0.1299917277
3   11   12   2   0.0001265089
3   11   12   3   0.0006815606
3   12   7   1   -0.0002220603
3   12   8   1   -0.0001477703
3   12   9   1   -0.0024488904
3   12   10   1   0.0007792180
3   12   11   2   0.0001265089
3   12   11   3   0.0006815606
3   12   12   2   -0.0006815606
3   12   12   3   -0.1297387100

End AIJB Block
Begin IJKA Block
1   7   1   4   0.0092475461
1   7   2   4   -0.0000066697
1   7   3   4   -0.0015263783
1   7   4   4   0.0021137609
1   7   5   5   -0.0017796282
1   7   5   6   0.0021403541
1   7   6   5   -0.0021403541
1   7   6   6   -0.0017796282
1   8   1   4   -0.0026786077
1   8   2   4   0.0000011127
1   8   3   4   0.0000016843
1   8   4   4   0.0000658289
1   8   5   5   0.0000150185
1   8   5   6   -0.0000180627
1   8   6   5   0.0000180627
1   8   6   6   0.0000150185
1   9   1   4   -0.0146501351
1   9   2   4   -0.0000028712
1   9   3   4   0.0003964894
1   9   4   4   0.0021825837
1   9   5   5   -0.0017167593
1   9   5   6   0.0020647418
1   9   6   5   -0.0020647418
1   9   6   6   -0.0017167593
1   10   1   4   0.0540819819
1   10   2   4   -0.0000011622
1   10   3   4   -0.0008566557
1   10   4   4   -0.0003799253
1   10   5   5   -0.0001220340
1   10   5   6   0.0001467700
1   10   6   5   -0.0001467700
1   10   6   6   -0.0001220340
1   11   1   5   -0.0432014508
1   11   1   6   0.0519582685
1   11   2   5   0.0000015775
1   11   2   6   -0.0000018973
1   11   3   5   0.0007169170
1   11   3   6   -0.0008622342
1   11   4   5   -0.0000185709
1   11   4   6   0.0000223351
1   11   5   4   -0.0004640767
1   12   1   5   -0.0519582685
1   12   1   6   -0.0432014508
1   12   2   5   0.0000018973
1   12   2   6   0.0000015775
1   12   3   5   0.0008622342
1   12   3   6   0.0007169170
1   12   4   5   -0.0000223351
1   12   4   6   -0.0000185709
1   12   6   4   -0.0004640767
2   7   1   4   -0.0000066697
2   7   2   4   -0.0001728188
2   7   3   4   -0.0000043243
2   7   4   4   0.0000078509
2   7   5   5   -0.0000040627
2   7   5   6   0.0000048862
2   7   6   5   -0.0000048862
2   7   6   6   -0.0000040627
2   8   1   4   0.0000011127
2   8   2   4   -0.0743896192
2   8   3   4   0.0005114371
2   8   4   4   -0.0019077771
2   8   5   5   0.0000800755
2   8   5   6   -0.0000963066
2   8   6   5   0.0000963066
2   8   6   6   0.0000800755
2   9   1   4   -0.0000028712
2   9   2   4   -0.0005559934
2   9   3   4   -0.0000506909
2   9   4   4   0.0000902139
2   9   5   5   -0.0000140745
2   9   5   6   0.0000169274
2   9   6   5   -0.0000169274
2   9   6   6   -0.0000140745
2   10   1   4   -0.0000011622
2   10   2   4   -0.0060761707
2   10   3   4   0.0001307861
2   10   4   4   -0.0002336453
2   10   5   5   -0.0000237030
2   10   5   6   0.0000285076
2   10   6   5   -0.0000285076
2   10   6   6   -0.0000237030
2   11   1   5   0.0000015775
2   11   1   6   -0.0000018973
2   11   2   5   0.0004249244
2   11   2   6   -0.0005110554
2   11   3   5   -0.0000742558
2   11   3   6   0.0000893073
2   11   4   5   0.0001037809
2   11   4   6   -0.0001248170
2   11   5   4   0.0000187782
2   12   1   5   0.0000018973
2   12   1   6   0.0000015775
2   12   2   5   0.0005110554
2   12   2   6   0.0004249244
2   12   3   5   -0.0000893073
2   12   3   6   -0.0000742558
2   12   4   5   0.0001248170
2   12   4   6   0.0001037809
2   12   6   4   0.0000187782
3   7   1   4   -0.0015263783
3   7   2   4   -0.0000043243
3   7   3   4   0.0003303486
3   7   4   4   0.0022838954
3   7   5   5   -0.0018304357
3   7   5   6   0.0022014600
3   7   6   5   -0.0022014600
3   7   6   6   -0.0018304357
3   8   1   4   0.0000016843
3   8   2   4   0.0005114371
3   8   3   4   -0.0026703443
3   8   4   4   0.0008113870
3   8   5   5   0.0002079416
3   8   5   6   -0.0002500908
3   8   6   5   0.0002500908
3   8   6   6   0.0002079416
3   9   1   4   0.0003964894
3   9   2   4   -0.0000506909
3   9   3   4   -0.0082931070
3   9   4   4   0.0090421259
3   9   5   5   -0.0070440109
3   9   5   6   0.0084718129
3   9   6   5   -0.0084718129
3   9   6   6   -0.0070440109
3   10   1   4   -0.0008566557
3   10   2   4   0.0001307861
3   10   3   4   0.0339897648
3   10   4   4   0.0002809441
3   10   5   5   -0.0007719608
3   10   5   6   0.0009284352
3   10   6   5   -0.0009284352
3   10   6   6   -0.0007719608
3   11   1   5   0.0007169170
3   11   1   6   -0.0008622342
3   11   2   5   -0.0000742558
3   11   2   6   0.0000893073
3   11   3   5   -0.0266840598
3   11   3   6   0.0320928468
3   11   4   5   -0.0010881756
3   11   4   6   0.0013087459
3   11   5   4   -0.0009862129
3   12   1   5   0.0008622342
3   12   1   6   0.0007169170
3   12   2   5   -0.0000893073
3   12   2   6   -0.0000742558
3   12   3   5   -0.0320928468
3   12   3   6   -0.0266840598
3   12   4   5   -0.0013087459
3   12   4   6   -0.0010881756
3   12   6   4   -0.0009862129
4   7   1   4   0.0021137609
4   7   2   4   0.0000078509
4   7   3   4   0.0022838954
4   7   4   4   0.0003342791
4   7   5   5   -0.0000642387
4   7   5   6   0.0000772597
4   7   6   5   -0.0000772597
4   7   6   6   -0.0000642387
4   8   1   4   0.0000658289
4   8   2   4   -0.0019077771
4   8   3   4   0.0008113870
4   8   4   4   -0.0032114371
4   8   5   5   -0.0001179781
4   8   5   6   0.0001418920
4   8   6   5   -0.0001418920
4   8   6   6   -0.0001179781
4   9   1   4   0.0021825837
4   9   2   4   0.0000902139
4   9   3   4   0.0090421259
4   9   4   4   -0.0067293946
4   9   5   5   -0.0002664917
4   9   5   6   0.0003205089
4   9   6   5   -0.0003205089
4   9   6   6   -0.0002664917
4   10   1   4   -0.0003799253
4   10   2   4   -0.0002336453
4   10   3   4   0.0002809441
4   10   4   4   0.0327308456
4   10   5   5   -0.0014189690
4   10   5   6   0.0017065902
4   10   6   5   -0.0017065902
4   10   6   6   -0.0014189690
4   11   1   5   -0.0000185709
4   11   1   6   0.0000223351
4   11   2   5   0.0001037809
4   11   2   6   -0.0001248170
4   11   3   5   -0.0010881756
4   11   3   6   0.0013087459
4   11   4   5   -0.0225085240
4   11   4   6   0.0270709412
4   11   5   4   0.0019654515
4   12   1   5   -0.0000223351
4   12   1   6   -0.0000185709
4   12   2   5   0.0001248170
4   12   2   6   0.0001037809
4   12   3   5   -0.0013087459
4   12   3   6   -0.0010881756
4   12   4   5   -0.0270709412
4   12   4   6   -0.0225085240
4   12   6   4   0.0019654515
5   7   1   5   -0.0017796282
5   7   1   6   0.0021403541
5   7   2   5   -0.0000040627
5   7   2   6   0.0000048862
5   7   3   5   -0.0018304357
5   7   3   6   0.0022014600
5   7   4   5   -0.0000642387
5   7   4   6   0.0000772597
5   7   5   4   0.0002055144
5   8   1   5   0.0000150185
5   8   1   6   -0.0000180627
5   8   2   5   0.0000800755
5   8   2   6   -0.0000963066
5   8   3   5   0.0002079416
5   8   3   6   -0.0002500908
5   8   4   5   -0.0001179781
5   8   4   6   0.0001418920
5   8   5   4   -0.0024907376
5   9   1   5   -0.0017167593
5   9   1   6   0.0020647418
5   9   2   5   -0.0000140745
5   9   2   6   0.0000169274
5   9   3   5   -0.0070440109
5   9   3   6   0.0084718129
5   9   4   5   -0.0002664917
5   9   4   6   0.0003205089
5   9   5   4   -0.0073144445
5   10   1   5   -0.0001220340
5   10   1   6   0.0001467700
5   10   2   5   -0.0000237030
5   10   2   6   0.0000285076
5   10   3   5   -0.0007719608
5   10   3   6   0.0009284352
5   10   4   5   -0.0014189690
5   10   4   6   0.0017065902
5   10   5   4   0.0297052359
5   11   1   4   -0.0004640767
5   11   2   4   0.0000187782
5   11   3   4   -0.0009862129
5   11   4   4   0.0019654515
5   11   5   5   -0.0267255992
5   11   5   6   0.0321428061
5   11   6   5   -0.0019832759
5   11   6   6   -0.0016490233
5   12   5   5   -0.0281762544
5   12   5   6   -0.0234275526
5   12   6   5   -0.0016490233
5   12   6   6   0.0019832759
6   7   1   5   -0.0021403541
6   7   1   6   -0.0017796282
6   7   2   5   -0.0000048862
6   7   2   6   -0.0000040627
6   7   3   5   -0.0022014600
6   7   3   6   -0.0018304357
6   7   4   5   -0.0000772597
6   7   4   6   -0.0000642387
6   7   6   4   0.0002055144
6   8   1   5   0.0000180627
6   8   1   6   0.0000150185
6   8   2   5   0.0000963066
6   8   2   6   0.0000800755
6   8   3   5   0.0002500908
6   8   3   6   0.0002079416
6   8   4   5   -0.0001418920
6   8   4   6   -0.0001179781
6   8   6   4   -0.0024907376
6   9   1   5   -0.0020647418
6   9   1   6   -0.0017167593
6   9   2   5   -0.0000169274
6   9   2   6   -0.0000140745
6   9   3   5   -0.0084718129
6   9   3   6   -0.0070440109
6   9   4   5   -0.0003205089
6   9   4   6   -0.0002664917
6   9   6   4   -0.0073144445
6   10   1   5   -0.0001467700
6   10   1   6   -0.0001220340
6   10   2   5   -0.0000285076
6   10   2   6   -0.0000237030
6   10   3   5   -0.0009284352
6   10   3   6   -0.0007719608
6   10   4   5   -0.0017065902
6   10   4   6   -0.0014189690
6   10   6   4   0.0297052359
6   11   5   5   -0.0019832759
6   11   5   6   -0.0016490233
6   11   6   5   -0.0234275526
6   11   6   6   0.0281762544
6   12   1   4   -0.0004640767
6   12   2   4   0.0000187782
6   12   3   4   -0.0009862129
6   12   4   4   0.0019654515
6   12   5   5   -0.0016490233
6   12   5   6   0.0019832759
6   12   6   5   -0.0321428061
6   12   6   6   -0.0267255992

End IJKA Block
Begin IABC Block
1   4   1   4   -0.0000551176
1   4   2   5   -0.0000257269
1   4   3   6   -0.0000257269
1   5   1   5   -0.0000273244
1   5   2   4   -0.0000257269
1   6   1   6   -0.0000273244
1   6   3   4   -0.0000257269
2   4   1   4   0.0008927189
2   4   2   5   0.0010909278
2   4   3   6   0.0010909278
2   5   1   5   0.0001101587
2   5   2   4   0.0010909278
2   6   1   6   0.0001101587
2   6   3   4   0.0010909278
3   4   1   4   -0.0002484531
3   4   2   5   -0.0000012727
3   4   3   6   -0.0000012727
3   5   1   5   -0.0001601487
3   5   2   4   -0.0000012727
3   6   1   6   -0.0001601487
3   6   3   4   -0.0000012727
4   4   1   4   -0.0028443620
4   4   2   5   -0.0012810551
4   4   3   6   -0.0012810551
4   5   1   5   -0.0012736156
4   5   2   4   -0.0012810551
4   6   1   6   -0.0012736156
4   6   3   4   -0.0012810551
5   4   1   5   0.0006872260
5   4   1   6   -0.0008265249
5   4   2   4   0.0006625414
5   4   3   4   -0.0007968368
5   5   1   4   0.0006872260
5   5   2   5   0.0005353881
5   5   2   6   -0.0002577418
5   5   3   5   -0.0001284263
5   5   3   6   0.0002143031
5   6   1   4   -0.0008265249
5   6   2   5   -0.0002577418
5   6   2   6   0.0001067819
5   6   3   5   0.0002143031
5   6   3   6   -0.0006439098
6   4   1   5   0.0008265249
6   4   1   6   0.0006872260
6   4   2   4   0.0007968368
6   4   3   4   0.0006625414
6   5   1   4   0.0008265249
6   5   2   5   0.0006439098
6   5   2   6   0.0002143031
6   5   3   5   0.0001067819
6   5   3   6   0.0002577418
6   6   1   4   0.0006872260
6   6   2   5   0.0002143031
6   6   2   6   0.0001284263
6   6   3   5   0.0002577418
6   6   3   6   0.0005353881

End IABC Block
