Begin IJ Block
1   1   -5.9230197071
1   2   0.0000108804
1   5   -0.0142043044
2   2   -7.0082604632
2   5   0.0063633497
3   3   -6.0083151111
3   4   -0.0000000000
4   4   -6.0083151111
5   5   -5.9242925287

End IJ Block
Begin IA Block
1   1   0.0968887295
1   4   0.0689079535
2   1   0.0452194574
2   4   0.1501788218
3   2   -0.0379346818
3   3   0.2440133704
4   2   0.2440133704
4   3   0.0379346818
5   1   -0.2198942959
5   4   -0.1176970322

End IA Block
Begin AB Block
1   1   -1.6023321925
1   4   -0.3497386339
2   2   -1.3571225140
2   3   0.0000000000
3   3   -1.3571225140
4   4   -1.4197337758

End AB Block
Begin IJKL Block
1   6   1   6   1.6510512154
1   6   1   7   -0.0053130286
1   6   1   10   0.0276483368
1   6   2   6   -0.0053130286
1   6   2   7   0.0000288713
1   6   2   10   -0.0001567618
1   6   3   8   0.0000133525
1   6   4   9   0.0000133525
1   6   5   6   0.0276483368
1   6   5   7   -0.0001567618
1   6   5   10   0.0009000252
1   7   1   6   -0.0053130286
1   7   1   7   0.2123159145
1   7   1   10   -0.0287488869
1   7   2   6   0.0000288713
1   7   2   7   0.0009570389
1   7   2   10   -0.0002211119
1   7   3   8   0.0002300033
1   7   4   9   0.0002300033
1   7   5   6   -0.0001567618
1   7   5   7   -0.0020460572
1   7   5   10   0.0005229632
1   8   1   8   0.2093186067
1   8   2   8   0.0008784056
1   8   3   6   0.0000133525
1   8   3   7   0.0002300033
1   8   3   10   -0.0000815097
1   8   5   8   -0.0018891566
1   9   1   9   0.2093186067
1   9   2   9   0.0008784056
1   9   4   6   0.0000133525
1   9   4   7   0.0002300033
1   9   4   10   -0.0000815097
1   9   5   9   -0.0018891566
1   10   1   6   0.0276483368
1   10   1   7   -0.0287488869
1   10   1   10   0.2284618118
1   10   2   6   -0.0001567618
1   10   2   7   -0.0002211119
1   10   2   10   0.0009072284
1   10   3   8   -0.0000815097
1   10   4   9   -0.0000815097
1   10   5   6   0.0009000252
1   10   5   7   0.0005229632
1   10   5   10   -0.0021794229
2   6   1   6   -0.0053130286
2   6   1   7   0.0000288713
2   6   1   10   -0.0001567618
2   6   2   6   0.2123159145
2   6   2   7   0.0009570389
2   6   2   10   -0.0020460572
2   6   3   8   0.0002300033
2   6   4   9   0.0002300033
2   6   5   6   -0.0287488869
2   6   5   7   -0.0002211119
2   6   5   10   0.0005229632
2   7   1   6   0.0000288713
2   7   1   7   0.0009570389
2   7   1   10   -0.0002211119
2   7   2   6   0.0009570389
2   7   2   7   0.8833002757
2   7   2   10   0.0088288125
2   7   3   8   0.1644902087
2   7   4   9   0.1644902087
2   7   5   6   -0.0002211119
2   7   5   7   0.0088288125
2   7   5   10   0.1590550758
2   8   1   8   0.0008784056
2   8   2   8   0.8255587421
2   8   3   6   0.0002300033
2   8   3   7   0.1644902087
2   8   3   10   0.0024583344
2   8   5   8   0.0089685355
2   9   1   9   0.0008784056
2   9   2   9   0.8255587421
2   9   4   6   0.0002300033
2   9   4   7   0.1644902087
2   9   4   10   0.0024583344
2   9   5   9   0.0089685355
2   10   1   6   -0.0001567618
2   10   1   7   -0.0002211119
2   10   1   10   0.0009072284
2   10   2   6   -0.0020460572
2   10   2   7   0.0088288125
2   10   2   10   0.8032246845
2   10   3   8   0.0024583344
2   10   4   9   0.0024583344
2   10   5   6   0.0005229632
2   10   5   7   0.1590550758
2   10   5   10   0.0111913765
3   6   1   8   0.0000133525
3   6   2   8   0.0002300033
3   6   3   6   0.2093186067
3   6   3   7   0.0008784056
3   6   3   10   -0.0018891566
3   6   5   8   -0.0000815097
3   7   1   8   0.0002300033
3   7   2   8   0.1644902087
3   7   3   6   0.0008784056
3   7   3   7   0.8255587421
3   7   3   10   0.0089685355
3   7   5   8   0.0024583344
3   8   1   6   0.0000133525
3   8   1   7   0.0002300033
3   8   1   10   -0.0000815097
3   8   2   6   0.0002300033
3   8   2   7   0.1644902087
3   8   2   10   0.0024583344
3   8   3   8   0.8312776730
3   8   3   9   0.0000000000
3   8   4   8   0.0000000000
3   8   4   9   0.0402102499
3   8   5   6   -0.0000815097
3   8   5   7   0.0024583344
3   8   5   10   0.0390087298
3   9   3   8   0.0000000000
3   9   3   9   0.7508571733
3   9   4   8   0.0402102499
3   9   4   9   0.0000000000
3   10   1   8   -0.0000815097
3   10   2   8   0.0024583344
3   10   3   6   -0.0018891566
3   10   3   7   0.0089685355
3   10   3   10   0.7314586164
3   10   4   10   0.0000000000
3   10   5   8   0.0390087298
4   6   1   9   0.0000133525
4   6   2   9   0.0002300033
4   6   4   6   0.2093186067
4   6   4   7   0.0008784056
4   6   4   10   -0.0018891566
4   6   5   9   -0.0000815097
4   7   1   9   0.0002300033
4   7   2   9   0.1644902087
4   7   4   6   0.0008784056
4   7   4   7   0.8255587421
4   7   4   10   0.0089685355
4   7   5   9   0.0024583344
4   8   3   8   0.0000000000
4   8   3   9   0.0402102499
4   8   4   8   0.7508571733
4   8   4   9   0.0000000000
4   9   1   6   0.0000133525
4   9   1   7   0.0002300033
4   9   1   10   -0.0000815097
4   9   2   6   0.0002300033
4   9   2   7   0.1644902087
4   9   2   10   0.0024583344
4   9   3   8   0.0402102499
4   9   3   9   0.0000000000
4   9   4   8   0.0000000000
4   9   4   9   0.8312776730
4   9   5   6   -0.0000815097
4   9   5   7   0.0024583344
4   9   5   10   0.0390087298
4   10   1   9   -0.0000815097
4   10   2   9   0.0024583344
4   10   3   10   0.0000000000
4   10   4   6   -0.0018891566
4   10   4   7   0.0089685355
4   10   4   10   0.7314586164
4   10   5   9   0.0390087298
5   6   1   6   0.0276483368
5   6   1   7   -0.0001567618
5   6   1   10   0.0009000252
5   6   2   6   -0.0287488869
5   6   2   7   -0.0002211119
5   6   2   10   0.0005229632
5   6   3   8   -0.0000815097
5   6   4   9   -0.0000815097
5   6   5   6   0.2284618118
5   6   5   7   0.0009072284
5   6   5   10   -0.0021794229
5   7   1   6   -0.0001567618
5   7   1   7   -0.0020460572
5   7   1   10   0.0005229632
5   7   2   6   -0.0002211119
5   7   2   7   0.0088288125
5   7   2   10   0.1590550758
5   7   3   8   0.0024583344
5   7   4   9   0.0024583344
5   7   5   6   0.0009072284
5   7   5   7   0.8032246845
5   7   5   10   0.0111913765
5   8   1   8   -0.0018891566
5   8   2   8   0.0089685355
5   8   3   6   -0.0000815097
5   8   3   7   0.0024583344
5   8   3   10   0.0390087298
5   8   5   8   0.7314586164
5   8   5   9   0.0000000000
5   9   1   9   -0.0018891566
5   9   2   9   0.0089685355
5   9   4   6   -0.0000815097
5   9   4   7   0.0024583344
5   9   4   10   0.0390087298
5   9   5   8   0.0000000000
5   9   5   9   0.7314586164
5   10   1   6   0.0009000252
5   10   1   7   0.0005229632
5   10   1   10   -0.0021794229
5   10   2   6   0.0005229632
5   10   2   7   0.1590550758
5   10   2   10   0.0111913765
5   10   3   8   0.0390087298
5   10   4   9   0.0390087298
5   10   5   6   -0.0021794229
5   10   5   7   0.0111913765
5   10   5   10   0.7890641648

End IJKL Block
Begin IJAB Block
1   6   1   5   0.0064497854
1   6   1   8   0.0049983828
1   6   2   6   0.0007695342
1   6   3   7   0.0007695342
1   6   4   5   0.0049983828
1   6   4   8   0.0042232565
1   7   1   5   -0.0000018254
1   7   1   8   -0.0000143952
1   7   2   6   0.0000074079
1   7   3   7   0.0000074079
1   7   4   5   -0.0000184425
1   7   4   8   -0.0000213123
1   8   1   6   -0.0000060653
1   8   1   7   0.0000390150
1   8   2   5   -0.0000148387
1   8   2   8   -0.0000208504
1   8   3   5   0.0000954493
1   8   3   8   0.0001341191
1   8   4   6   0.0000006558
1   8   4   7   -0.0000042187
1   9   1   6   0.0000390150
1   9   1   7   0.0000060653
1   9   2   5   0.0000954493
1   9   2   8   0.0001341191
1   9   3   5   0.0000148387
1   9   3   8   0.0000208504
1   9   4   6   -0.0000042187
1   9   4   7   -0.0000006558
1   10   1   5   0.0001272965
1   10   1   8   0.0003260071
1   10   2   6   -0.0001776993
1   10   3   7   -0.0001776993
1   10   4   5   0.0001321024
1   10   4   8   0.0001730109
2   6   1   5   -0.0000018254
2   6   1   8   -0.0000184425
2   6   2   6   0.0000074079
2   6   3   7   0.0000074079
2   6   4   5   -0.0000143952
2   6   4   8   -0.0000213123
2   7   1   5   0.0007544261
2   7   1   8   0.0008128901
2   7   2   6   0.0007255617
2   7   3   7   0.0007255617
2   7   4   5   0.0008128901
2   7   4   8   0.0015102359
2   8   1   6   -0.0000621104
2   8   1   7   0.0003995226
2   8   2   5   -0.0000157119
2   8   2   8   -0.0000575769
2   8   3   5   0.0001010663
2   8   3   8   0.0003703610
2   8   4   6   -0.0002354498
2   8   4   7   0.0015145218
2   9   1   6   0.0003995226
2   9   1   7   0.0000621104
2   9   2   5   0.0001010663
2   9   2   8   0.0003703610
2   9   3   5   0.0000157119
2   9   3   8   0.0000575769
2   9   4   6   0.0015145218
2   9   4   7   0.0002354498
2   10   1   5   -0.0004436304
2   10   1   8   -0.0004956371
2   10   2   6   0.0000370036
2   10   3   7   0.0000370036
2   10   4   5   -0.0014510448
2   10   4   8   -0.0012028768
3   6   1   6   -0.0000148387
3   6   1   7   0.0000954493
3   6   2   5   -0.0000060653
3   6   2   8   0.0000006558
3   6   3   5   0.0000390150
3   6   3   8   -0.0000042187
3   6   4   6   -0.0000208504
3   6   4   7   0.0001341191
3   7   1   6   -0.0000157119
3   7   1   7   0.0001010663
3   7   2   5   -0.0000621104
3   7   2   8   -0.0002354498
3   7   3   5   0.0003995226
3   7   3   8   0.0015145218
3   7   4   6   -0.0000575769
3   7   4   7   0.0003703610
3   8   1   5   0.0002704570
3   8   1   8   0.0003652905
3   8   2   6   0.0002687798
3   8   2   7   -0.0003830540
3   8   3   6   -0.0003830540
3   8   3   7   0.0026732097
3   8   4   5   0.0003652905
3   8   4   8   0.0007733807
3   9   2   6   -0.0003830540
3   9   2   7   0.0001496795
3   9   3   6   0.0022547504
3   9   3   7   0.0003830540
3   10   1   6   0.0000431183
3   10   1   7   -0.0002773570
3   10   2   5   0.0003442964
3   10   2   8   0.0002613855
3   10   3   5   -0.0022146733
3   10   3   8   -0.0016813523
3   10   4   6   0.0000476762
3   10   4   7   -0.0003066755
4   6   1   6   0.0000954493
4   6   1   7   0.0000148387
4   6   2   5   0.0000390150
4   6   2   8   -0.0000042187
4   6   3   5   0.0000060653
4   6   3   8   -0.0000006558
4   6   4   6   0.0001341191
4   6   4   7   0.0000208504
4   7   1   6   0.0001010663
4   7   1   7   0.0000157119
4   7   2   5   0.0003995226
4   7   2   8   0.0015145218
4   7   3   5   0.0000621104
4   7   3   8   0.0002354498
4   7   4   6   0.0003703610
4   7   4   7   0.0000575769
4   8   2   6   -0.0003830540
4   8   2   7   0.0022547504
4   8   3   6   0.0001496795
4   8   3   7   0.0003830540
4   9   1   5   0.0002704570
4   9   1   8   0.0003652905
4   9   2   6   0.0026732097
4   9   2   7   0.0003830540
4   9   3   6   0.0003830540
4   9   3   7   0.0002687798
4   9   4   5   0.0003652905
4   9   4   8   0.0007733807
4   10   1   6   -0.0002773570
4   10   1   7   -0.0000431183
4   10   2   5   -0.0022146733
4   10   2   8   -0.0016813523
4   10   3   5   -0.0003442964
4   10   3   8   -0.0002613855
4   10   4   6   -0.0003066755
4   10   4   7   -0.0000476762
5   6   1   5   0.0001272965
5   6   1   8   0.0001321024
5   6   2   6   -0.0001776993
5   6   3   7   -0.0001776993
5   6   4   5   0.0003260071
5   6   4   8   0.0001730109
5   7   1   5   -0.0004436304
5   7   1   8   -0.0014510448
5   7   2   6   0.0000370036
5   7   3   7   0.0000370036
5   7   4   5   -0.0004956371
5   7   4   8   -0.0012028768
5   8   1   6   0.0003442964
5   8   1   7   -0.0022146733
5   8   2   5   0.0000431183
5   8   2   8   0.0000476762
5   8   3   5   -0.0002773570
5   8   3   8   -0.0003066755
5   8   4   6   0.0002613855
5   8   4   7   -0.0016813523
5   9   1   6   -0.0022146733
5   9   1   7   -0.0003442964
5   9   2   5   -0.0002773570
5   9   2   8   -0.0003066755
5   9   3   5   -0.0000431183
5   9   3   8   -0.0000476762
5   9   4   6   -0.0016813523
5   9   4   7   -0.0002613855
5   10   1   5   0.0025965870
5   10   1   8   0.0021629486
5   10   2   6   0.0003794836
5   10   3   7   0.0003794836
5   10   4   5   0.0021629486
5   10   4   8   0.0024589141

End IJAB Block
Begin ABCD Block
1   5   1   5   0.2230121603
1   5   1   8   0.0150068584
1   5   2   6   0.0268710760
1   5   3   7   0.0268710760
1   5   4   5   0.0150068584
1   5   4   8   0.0177740017
1   6   1   6   0.1562172904
1   6   2   5   0.0268710760
1   6   2   8   0.0051785485
1   6   4   6   0.0130512156
1   7   1   7   0.1562172904
1   7   3   5   0.0268710760
1   7   3   8   0.0051785485
1   7   4   7   0.0130512156
1   8   1   5   0.0150068584
1   8   1   8   0.1451286702
1   8   2   6   0.0051785485
1   8   3   7   0.0051785485
1   8   4   5   0.0177740017
1   8   4   8   0.0072007069
2   5   1   6   0.0268710760
2   5   2   5   0.1562172904
2   5   2   8   0.0130512156
2   5   4   6   0.0051785485
2   6   1   5   0.0268710760
2   6   1   8   0.0051785485
2   6   2   6   0.1429504091
2   6   3   7   0.0080625458
2   6   4   5   0.0051785485
2   6   4   8   0.0085247608
2   7   2   7   0.1268253175
2   7   3   6   0.0080625458
2   8   1   6   0.0051785485
2   8   2   5   0.0130512156
2   8   2   8   0.1216378511
2   8   4   6   0.0085247608
3   5   1   7   0.0268710760
3   5   3   5   0.1562172904
3   5   3   8   0.0130512156
3   5   4   7   0.0051785485
3   6   2   7   0.0080625458
3   6   3   6   0.1268253175
3   7   1   5   0.0268710760
3   7   1   8   0.0051785485
3   7   2   6   0.0080625458
3   7   3   7   0.1429504091
3   7   4   5   0.0051785485
3   7   4   8   0.0085247608
3   8   1   7   0.0051785485
3   8   3   5   0.0130512156
3   8   3   8   0.1216378511
3   8   4   7   0.0085247608
4   5   1   5   0.0150068584
4   5   1   8   0.0177740017
4   5   2   6   0.0051785485
4   5   3   7   0.0051785485
4   5   4   5   0.1451286702
4   5   4   8   0.0072007069
4   6   1   6   0.0130512156
4   6   2   5   0.0051785485
4   6   2   8   0.0085247608
4   6   4   6   0.1216378511
4   7   1   7   0.0130512156
4   7   3   5   0.0051785485
4   7   3   8   0.0085247608
4   7   4   7   0.1216378511
4   8   1   5   0.0177740017
4   8   1   8   0.0072007069
4   8   2   6   0.0085247608
4   8   3   7   0.0085247608
4   8   4   5   0.0072007069
4   8   4   8   0.1254088352

End ABCD Block
Begin AIJB Block
1   6   1   5   0.0064497854
1   6   1   8   0.0049983828
1   6   2   5   -0.0000018254
1   6   2   8   -0.0000184425
1   6   3   6   -0.0000148387
1   6   3   7   0.0000954493
1   6   4   6   0.0000954493
1   6   4   7   0.0000148387
1   6   5   5   0.0001272965
1   6   5   8   0.0001321024
1   7   1   5   -0.0000018254
1   7   1   8   -0.0000143952
1   7   2   5   0.0007544261
1   7   2   8   0.0008128901
1   7   3   6   -0.0000157119
1   7   3   7   0.0001010663
1   7   4   6   0.0001010663
1   7   4   7   0.0000157119
1   7   5   5   -0.0004436304
1   7   5   8   -0.0014510448
1   8   1   6   -0.0000060653
1   8   1   7   0.0000390150
1   8   2   6   -0.0000621104
1   8   2   7   0.0003995226
1   8   3   5   0.0002704570
1   8   3   8   0.0003652905
1   8   5   6   0.0003442964
1   8   5   7   -0.0022146733
1   9   1   6   0.0000390150
1   9   1   7   0.0000060653
1   9   2   6   0.0003995226
1   9   2   7   0.0000621104
1   9   4   5   0.0002704570
1   9   4   8   0.0003652905
1   9   5   6   -0.0022146733
1   9   5   7   -0.0003442964
1   10   1   5   0.0001272965
1   10   1   8   0.0003260071
1   10   2   5   -0.0004436304
1   10   2   8   -0.0004956371
1   10   3   6   0.0000431183
1   10   3   7   -0.0002773570
1   10   4   6   -0.0002773570
1   10   4   7   -0.0000431183
1   10   5   5   0.0025965870
1   10   5   8   0.0021629486
2   6   1   6   0.0007695342
2   6   2   6   0.0000074079
2   6   3   5   -0.0000060653
2   6   3   8   0.0000006558
2   6   4   5   0.0000390150
2   6   4   8   -0.0000042187
2   6   5   6   -0.0001776993
2   7   1   6   0.0000074079
2   7   2   6   0.0007255617
2   7   3   5   -0.0000621104
2   7   3   8   -0.0002354498
2   7   4   5   0.0003995226
2   7   4   8   0.0015145218
2   7   5   6   0.0000370036
2   8   1   5   -0.0000148387
2   8   1   8   -0.0000208504
2   8   2   5   -0.0000157119
2   8   2   8   -0.0000575769
2   8   3   6   0.0002687798
2   8   3   7   -0.0003830540
2   8   4   6   -0.0003830540
2   8   4   7   0.0022547504
2   8   5   5   0.0000431183
2   8   5   8   0.0000476762
2   9   1   5   0.0000954493
2   9   1   8   0.0001341191
2   9   2   5   0.0001010663
2   9   2   8   0.0003703610
2   9   3   6   -0.0003830540
2   9   3   7   0.0001496795
2   9   4   6   0.0026732097
2   9   4   7   0.0003830540
2   9   5   5   -0.0002773570
2   9   5   8   -0.0003066755
2   10   1   6   -0.0001776993
2   10   2   6   0.0000370036
2   10   3   5   0.0003442964
2   10   3   8   0.0002613855
2   10   4   5   -0.0022146733
2   10   4   8   -0.0016813523
2   10   5   6   0.0003794836
3   6   1   7   0.0007695342
3   6   2   7   0.0000074079
3   6   3   5   0.0000390150
3   6   3   8   -0.0000042187
3   6   4   5   0.0000060653
3   6   4   8   -0.0000006558
3   6   5   7   -0.0001776993
3   7   1   7   0.0000074079
3   7   2   7   0.0007255617
3   7   3   5   0.0003995226
3   7   3   8   0.0015145218
3   7   4   5   0.0000621104
3   7   4   8   0.0002354498
3   7   5   7   0.0000370036
3   8   1   5   0.0000954493
3   8   1   8   0.0001341191
3   8   2   5   0.0001010663
3   8   2   8   0.0003703610
3   8   3   6   -0.0003830540
3   8   3   7   0.0026732097
3   8   4   6   0.0001496795
3   8   4   7   0.0003830540
3   8   5   5   -0.0002773570
3   8   5   8   -0.0003066755
3   9   1   5   0.0000148387
3   9   1   8   0.0000208504
3   9   2   5   0.0000157119
3   9   2   8   0.0000575769
3   9   3   6   0.0022547504
3   9   3   7   0.0003830540
3   9   4   6   0.0003830540
3   9   4   7   0.0002687798
3   9   5   5   -0.0000431183
3   9   5   8   -0.0000476762
3   10   1   7   -0.0001776993
3   10   2   7   0.0000370036
3   10   3   5   -0.0022146733
3   10   3   8   -0.0016813523
3   10   4   5   -0.0003442964
3   10   4   8   -0.0002613855
3   10   5   7   0.0003794836
4   6   1   5   0.0049983828
4   6   1   8   0.0042232565
4   6   2   5   -0.0000143952
4   6   2   8   -0.0000213123
4   6   3   6   -0.0000208504
4   6   3   7   0.0001341191
4   6   4   6   0.0001341191
4   6   4   7   0.0000208504
4   6   5   5   0.0003260071
4   6   5   8   0.0001730109
4   7   1   5   -0.0000184425
4   7   1   8   -0.0000213123
4   7   2   5   0.0008128901
4   7   2   8   0.0015102359
4   7   3   6   -0.0000575769
4   7   3   7   0.0003703610
4   7   4   6   0.0003703610
4   7   4   7   0.0000575769
4   7   5   5   -0.0004956371
4   7   5   8   -0.0012028768
4   8   1   6   0.0000006558
4   8   1   7   -0.0000042187
4   8   2   6   -0.0002354498
4   8   2   7   0.0015145218
4   8   3   5   0.0003652905
4   8   3   8   0.0007733807
4   8   5   6   0.0002613855
4   8   5   7   -0.0016813523
4   9   1   6   -0.0000042187
4   9   1   7   -0.0000006558
4   9   2   6   0.0015145218
4   9   2   7   0.0002354498
4   9   4   5   0.0003652905
4   9   4   8   0.0007733807
4   9   5   6   -0.0016813523
4   9   5   7   -0.0002613855
4   10   1   5   0.0001321024
4   10   1   8   0.0001730109
4   10   2   5   -0.0014510448
4   10   2   8   -0.0012028768
4   10   3   6   0.0000476762
4   10   3   7   -0.0003066755
4   10   4   6   -0.0003066755
4   10   4   7   -0.0000476762
4   10   5   5   0.0021629486
4   10   5   8   0.0024589141

1   6   6   1   -0.2594381649
1   6   6   4   -0.0637415334
1   6   7   1   0.0003370917
1   6   7   4   0.0000808884
1   6   8   2   0.0000268537
1   6   8   3   -0.0001727354
1   6   9   2   -0.0001727354
1   6   9   3   -0.0000268537
1   6   10   1   -0.0013704890
1   6   10   4   -0.0003198145
1   7   6   1   0.0003370917
1   7   6   4   0.0000808884
1   7   7   1   -0.1319530251
1   7   7   4   -0.0288129381
1   7   8   2   0.0005450059
1   7   8   3   -0.0035057296
1   7   9   2   -0.0035057296
1   7   9   3   -0.0005450059
1   7   10   1   0.0097548169
1   7   10   4   0.0037245495
1   8   6   2   0.0000268537
1   8   6   3   -0.0001727354
1   8   7   2   0.0005450059
1   8   7   3   -0.0035057296
1   8   8   1   -0.1313654260
1   8   8   4   -0.0284011060
1   8   10   2   -0.0001848627
1   8   10   3   0.0011891220
1   9   6   2   -0.0001727354
1   9   6   3   -0.0000268537
1   9   7   2   -0.0035057296
1   9   7   3   -0.0005450059
1   9   9   1   -0.1313654260
1   9   9   4   -0.0284011060
1   9   10   2   0.0011891220
1   9   10   3   0.0001848627
1   10   6   1   -0.0013704890
1   10   6   4   -0.0003198145
1   10   7   1   0.0097548169
1   10   7   4   0.0037245495
1   10   8   2   -0.0001848627
1   10   8   3   0.0011891220
1   10   9   2   0.0011891220
1   10   9   3   0.0001848627
1   10   10   1   -0.1355108367
1   10   10   4   -0.0298650347
2   6   6   2   -0.1771909876
2   6   7   2   0.0000919463
2   6   8   1   0.0000268537
2   6   8   4   0.0000174346
2   6   9   1   -0.0001727354
2   6   9   4   -0.0001121474
2   6   10   2   -0.0002915329
2   7   6   2   0.0000919463
2   7   7   2   -0.1286338362
2   7   8   1   0.0005450059
2   7   8   4   0.0006617436
2   7   9   1   -0.0035057296
2   7   9   4   -0.0042566403
2   7   10   2   0.0061197221
2   8   6   1   0.0000268537
2   8   6   4   0.0000174346
2   8   7   1   0.0005450059
2   8   7   4   0.0006617436
2   8   8   2   -0.1279060648
2   8   8   3   0.0001926140
2   8   9   2   0.0001926140
2   8   9   3   -0.0006045192
2   8   10   1   -0.0001848627
2   8   10   4   -0.0001216150
2   9   6   1   -0.0001727354
2   9   6   4   -0.0001121474
2   9   7   1   -0.0035057296
2   9   7   4   -0.0042566403
2   9   8   2   0.0001926140
2   9   8   3   -0.0006045192
2   9   9   2   -0.1291151031
2   9   9   3   -0.0001926140
2   9   10   1   0.0011891220
2   9   10   4   0.0007822836
2   10   6   2   -0.0002915329
2   10   7   2   0.0061197221
2   10   8   1   -0.0001848627
2   10   8   4   -0.0001216150
2   10   9   1   0.0011891220
2   10   9   4   0.0007822836
2   10   10   2   -0.1299281130
3   6   6   3   -0.1771909876
3   6   7   3   0.0000919463
3   6   8   1   -0.0001727354
3   6   8   4   -0.0001121474
3   6   9   1   -0.0000268537
3   6   9   4   -0.0000174346
3   6   10   3   -0.0002915329
3   7   6   3   0.0000919463
3   7   7   3   -0.1286338362
3   7   8   1   -0.0035057296
3   7   8   4   -0.0042566403
3   7   9   1   -0.0005450059
3   7   9   4   -0.0006617436
3   7   10   3   0.0061197221
3   8   6   1   -0.0001727354
3   8   6   4   -0.0001121474
3   8   7   1   -0.0035057296
3   8   7   4   -0.0042566403
3   8   8   2   0.0001926140
3   8   8   3   -0.1291151031
3   8   9   2   -0.0006045192
3   8   9   3   -0.0001926140
3   8   10   1   0.0011891220
3   8   10   4   0.0007822836
3   9   6   1   -0.0000268537
3   9   6   4   -0.0000174346
3   9   7   1   -0.0005450059
3   9   7   4   -0.0006617436
3   9   8   2   -0.0006045192
3   9   8   3   -0.0001926140
3   9   9   2   -0.0001926140
3   9   9   3   -0.1279060648
3   9   10   1   0.0001848627
3   9   10   4   0.0001216150
3   10   6   3   -0.0002915329
3   10   7   3   0.0061197221
3   10   8   1   0.0011891220
3   10   8   4   0.0007822836
3   10   9   1   0.0001848627
3   10   9   4   0.0001216150
3   10   10   3   -0.1299281130
4   6   6   1   -0.0637415334
4   6   6   4   -0.1767998256
4   6   7   1   0.0000808884
4   6   7   4   0.0000713603
4   6   8   2   0.0000174346
4   6   8   3   -0.0001121474
4   6   9   2   -0.0001121474
4   6   9   3   -0.0000174346
4   6   10   1   -0.0003198145
4   6   10   4   -0.0002597092
4   7   6   1   0.0000808884
4   7   6   4   0.0000713603
4   7   7   1   -0.0288129381
4   7   7   4   -0.1417431777
4   7   8   2   0.0006617436
4   7   8   3   -0.0042566403
4   7   9   2   -0.0042566403
4   7   9   3   -0.0006617436
4   7   10   1   0.0037245495
4   7   10   4   0.0041362437
4   8   6   2   0.0000174346
4   8   6   3   -0.0001121474
4   8   7   2   0.0006617436
4   8   7   3   -0.0042566403
4   8   8   1   -0.0284011060
4   8   8   4   -0.1411180539
4   8   10   2   -0.0001216150
4   8   10   3   0.0007822836
4   9   6   2   -0.0001121474
4   9   6   3   -0.0000174346
4   9   7   2   -0.0042566403
4   9   7   3   -0.0006617436
4   9   9   1   -0.0284011060
4   9   9   4   -0.1411180539
4   9   10   2   0.0007822836
4   9   10   3   0.0001216150
4   10   6   1   -0.0003198145
4   10   6   4   -0.0002597092
4   10   7   1   0.0037245495
4   10   7   4   0.0041362437
4   10   8   2   -0.0001216150
4   10   8   3   0.0007822836
4   10   9   2   0.0007822836
4   10   9   3   0.0001216150
4   10   10   1   -0.0298650347
4   10   10   4   -0.1429262731

End AIJB Block
Begin IJKA Block
1   6   1   5   -0.0794748455
1   6   1   8   -0.0666812270
1   6   2   5   0.0003079477
1   6   2   8   0.0003004598
1   6   3   6   -0.0000147634
1   6   3   7   0.0000949649
1   6   4   6   0.0000949649
1   6   4   7   0.0000147634
1   6   5   5   -0.0016971956
1   6   5   8   -0.0017050716
1   7   1   5   -0.0005207163
1   7   1   8   0.0000846903
1   7   2   5   -0.0000237873
1   7   2   8   -0.0000378862
1   7   3   6   0.0000014120
1   7   3   7   -0.0000090826
1   7   4   6   -0.0000090826
1   7   4   7   -0.0000014120
1   7   5   5   0.0000468300
1   7   5   8   0.0000558209
1   8   1   6   -0.0001785502
1   8   1   7   0.0011485174
1   8   2   6   0.0000079795
1   8   2   7   -0.0000513276
1   8   3   5   0.0000110773
1   8   3   8   0.0000186973
1   8   5   6   -0.0000139207
1   8   5   7   0.0000895445
1   9   1   6   0.0011485174
1   9   1   7   0.0001785502
1   9   2   6   -0.0000513276
1   9   2   7   -0.0000079795
1   9   4   5   0.0000110773
1   9   4   8   0.0000186973
1   9   5   6   0.0000895445
1   9   5   7   0.0000139207
1   10   1   5   -0.0076740587
1   10   1   8   -0.0162930445
1   10   2   5   0.0000668868
1   10   2   8   0.0000450378
1   10   3   6   0.0000042342
1   10   3   7   -0.0000272363
1   10   4   6   -0.0000272363
1   10   4   7   -0.0000042342
1   10   5   5   -0.0001524474
1   10   5   8   -0.0000538303
2   6   1   5   0.0003079477
2   6   1   8   0.0003004598
2   6   2   5   -0.0021425703
2   6   2   8   -0.0002623580
2   6   3   6   -0.0000445022
2   6   3   7   0.0002862589
2   6   4   6   0.0002862589
2   6   4   7   0.0000445022
2   6   5   5   0.0005894879
2   6   5   8   0.0000938936
2   7   1   5   -0.0000237873
2   7   1   8   -0.0000378862
2   7   2   5   -0.0073128625
2   7   2   8   -0.0253763953
2   7   3   6   0.0016495006
2   7   3   7   -0.0106103485
2   7   4   6   -0.0106103485
2   7   4   7   -0.0016495006
2   7   5   5   0.0100602479
2   7   5   8   0.0070630351
2   8   1   6   0.0000079795
2   8   1   7   -0.0000513276
2   8   2   6   0.0063067090
2   8   2   7   -0.0405676612
2   8   3   5   -0.0010161247
2   8   3   8   -0.0040503373
2   8   5   6   0.0002383527
2   8   5   7   -0.0015331944
2   9   1   6   -0.0000513276
2   9   1   7   -0.0000079795
2   9   2   6   -0.0405676612
2   9   2   7   -0.0063067090
2   9   4   5   -0.0010161247
2   9   4   8   -0.0040503373
2   9   5   6   -0.0015331944
2   9   5   7   -0.0002383527
2   10   1   5   0.0000668868
2   10   1   8   0.0000450378
2   10   2   5   0.0383437218
2   10   2   8   0.0248840134
2   10   3   6   0.0001745351
2   10   3   7   -0.0011226902
2   10   4   6   -0.0011226902
2   10   4   7   -0.0001745351
2   10   5   5   0.0007027190
2   10   5   8   -0.0009544691
3   6   1   6   -0.0000147634
3   6   1   7   0.0000949649
3   6   2   6   -0.0000445022
3   6   2   7   0.0002862589
3   6   3   5   -0.0020305033
3   6   3   8   -0.0002375418
3   6   5   6   0.0000240946
3   6   5   7   -0.0001549878
3   7   1   6   0.0000014120
3   7   1   7   -0.0000090826
3   7   2   6   0.0016495006
3   7   2   7   -0.0106103485
3   7   3   5   -0.0065317291
3   7   3   8   -0.0228485901
3   7   5   6   0.0000534881
3   7   5   7   -0.0003440600
3   8   1   5   0.0000110773
3   8   1   8   0.0000186973
3   8   2   5   -0.0010161247
3   8   2   8   -0.0040503373
3   8   3   6   0.0063247408
3   8   3   7   -0.0406836499
3   8   4   6   -0.0024913191
3   8   4   7   -0.0003873042
3   8   5   5   0.0022661010
3   8   5   8   0.0015162580
3   9   3   6   -0.0357010118
3   9   3   7   -0.0055501324
3   9   4   6   0.0003873042
3   9   4   7   -0.0024913191
3   10   1   6   0.0000042342
3   10   1   7   -0.0000272363
3   10   2   6   0.0001745351
3   10   2   7   -0.0011226902
3   10   3   5   0.0336813308
3   10   3   8   0.0215246921
3   10   5   6   0.0003327356
3   10   5   7   -0.0021403086
4   6   1   6   0.0000949649
4   6   1   7   0.0000147634
4   6   2   6   0.0002862589
4   6   2   7   0.0000445022
4   6   4   5   -0.0020305033
4   6   4   8   -0.0002375418
4   6   5   6   -0.0001549878
4   6   5   7   -0.0000240946
4   7   1   6   -0.0000090826
4   7   1   7   -0.0000014120
4   7   2   6   -0.0106103485
4   7   2   7   -0.0016495006
4   7   4   5   -0.0065317291
4   7   4   8   -0.0228485901
4   7   5   6   -0.0003440600
4   7   5   7   -0.0000534881
4   8   3   6   -0.0024913191
4   8   3   7   -0.0003873042
4   8   4   6   0.0055501324
4   8   4   7   -0.0357010118
4   9   1   5   0.0000110773
4   9   1   8   0.0000186973
4   9   2   5   -0.0010161247
4   9   2   8   -0.0040503373
4   9   3   6   0.0003873042
4   9   3   7   -0.0024913191
4   9   4   6   -0.0406836499
4   9   4   7   -0.0063247408
4   9   5   5   0.0022661010
4   9   5   8   0.0015162580
4   10   1   6   -0.0000272363
4   10   1   7   -0.0000042342
4   10   2   6   -0.0011226902
4   10   2   7   -0.0001745351
4   10   4   5   0.0336813308
4   10   4   8   0.0215246921
4   10   5   6   -0.0021403086
4   10   5   7   -0.0003327356
5   6   1   5   -0.0016971956
5   6   1   8   -0.0017050716
5   6   2   5   0.0005894879
5   6   2   8   0.0000938936
5   6   3   6   0.0000240946
5   6   3   7   -0.0001549878
5   6   4   6   -0.0001549878
5   6   4   7   -0.0000240946
5   6   5   5   -0.0025804050
5   6   5   8   -0.0004030827
5   7   1   5   0.0000468300
5   7   1   8   0.0000558209
5   7   2   5   0.0100602479
5   7   2   8   0.0070630351
5   7   3   6   0.0000534881
5   7   3   7   -0.0003440600
5   7   4   6   -0.0003440600
5   7   4   7   -0.0000534881
5   7   5   5   -0.0058799142
5   7   5   8   -0.0211660653
5   8   1   6   -0.0000139207
5   8   1   7   0.0000895445
5   8   2   6   0.0002383527
5   8   2   7   -0.0015331944
5   8   3   5   0.0022661010
5   8   3   8   0.0015162580
5   8   5   6   0.0053040678
5   8   5   7   -0.0341182104
5   9   1   6   0.0000895445
5   9   1   7   0.0000139207
5   9   2   6   -0.0015331944
5   9   2   7   -0.0002383527
5   9   4   5   0.0022661010
5   9   4   8   0.0015162580
5   9   5   6   -0.0341182104
5   9   5   7   -0.0053040678
5   10   1   5   -0.0001524474
5   10   1   8   -0.0000538303
5   10   2   5   0.0007027190
5   10   2   8   -0.0009544691
5   10   3   6   0.0003327356
5   10   3   7   -0.0021403086
5   10   4   6   -0.0021403086
5   10   4   7   -0.0003327356
5   10   5   5   0.0367249010
5   10   5   8   0.0228068054

End IJKA Block
Begin IABC Block
1   5   1   5   0.0007687009
1   5   1   8   -0.0005606419
1   5   2   6   0.0013702879
1   5   3   7   0.0013702879
1   5   4   5   -0.0006253805
1   5   4   8   -0.0005069550
1   6   1   6   0.0000855473
1   6   2   5   0.0013702879
1   6   2   8   0.0007708055
1   6   4   6   -0.0000915288
1   7   1   7   0.0000855473
1   7   3   5   0.0013702879
1   7   3   8   0.0007708055
1   7   4   7   -0.0000915288
1   8   1   5   -0.0005606419
1   8   1   8   -0.0005030573
1   8   2   6   0.0007708055
1   8   3   7   0.0007708055
1   8   4   5   -0.0005069550
1   8   4   8   -0.0004288027
2   5   1   5   -0.0002665103
2   5   1   8   -0.0001450493
2   5   2   6   0.0000045015
2   5   3   7   0.0000045015
2   5   4   5   -0.0001965878
2   5   4   8   -0.0001625495
2   6   1   6   -0.0001974751
2   6   2   5   0.0000045015
2   6   2   8   -0.0000536559
2   6   4   6   -0.0001947513
2   7   1   7   -0.0001974751
2   7   3   5   0.0000045015
2   7   3   8   -0.0000536559
2   7   4   7   -0.0001947513
2   8   1   5   -0.0001450493
2   8   1   8   -0.0001820223
2   8   2   6   -0.0000536559
2   8   3   7   -0.0000536559
2   8   4   5   -0.0001625495
2   8   4   8   -0.0002554661
3   5   1   6   -0.0001481867
3   5   1   7   0.0009532050
3   5   2   5   -0.0001690710
3   5   2   8   -0.0000032819
3   5   3   5   0.0010875426
3   5   3   8   0.0000211110
3   5   4   6   -0.0002203555
3   5   4   7   0.0014174280
3   6   1   5   -0.0001481867
3   6   1   8   -0.0000986535
3   6   2   6   -0.0001496181
3   6   2   7   0.0003316716
3   6   3   6   0.0002990692
3   6   3   7   -0.0000515622
3   6   4   5   -0.0002203555
3   6   4   8   -0.0001785272
3   7   1   5   0.0009532050
3   7   1   8   0.0006345849
3   7   2   6   0.0003316716
3   7   2   7   -0.0000464937
3   7   3   6   -0.0000515622
3   7   3   7   0.0009624124
3   7   4   5   0.0014174280
3   7   4   8   0.0011483694
3   8   1   6   -0.0000986535
3   8   1   7   0.0006345849
3   8   2   5   -0.0000032819
3   8   2   8   0.0000621217
3   8   3   5   0.0000211110
3   8   3   8   -0.0003995957
3   8   4   6   -0.0001785272
3   8   4   7   0.0011483694
4   5   1   6   0.0009532050
4   5   1   7   0.0001481867
4   5   2   5   0.0010875426
4   5   2   8   0.0000211110
4   5   3   5   0.0001690710
4   5   3   8   0.0000032819
4   5   4   6   0.0014174280
4   5   4   7   0.0002203555
4   6   1   5   0.0009532050
4   6   1   8   0.0006345849
4   6   2   6   0.0009624124
4   6   2   7   0.0000515622
4   6   3   6   0.0000464937
4   6   3   7   0.0003316716
4   6   4   5   0.0014174280
4   6   4   8   0.0011483694
4   7   1   5   0.0001481867
4   7   1   8   0.0000986535
4   7   2   6   0.0000515622
4   7   2   7   0.0002990692
4   7   3   6   0.0003316716
4   7   3   7   0.0001496181
4   7   4   5   0.0002203555
4   7   4   8   0.0001785272
4   8   1   6   0.0006345849
4   8   1   7   0.0000986535
4   8   2   5   0.0000211110
4   8   2   8   -0.0003995957
4   8   3   5   0.0000032819
4   8   3   8   -0.0000621217
4   8   4   6   0.0011483694
4   8   4   7   0.0001785272
5   5   1   5   -0.0035462208
5   5   1   8   -0.0005296597
5   5   2   6   -0.0015463555
5   5   3   7   -0.0015463555
5   5   4   5   -0.0055328121
5   5   4   8   -0.0017621457
5   6   1   6   -0.0017415787
5   6   2   5   -0.0015463555
5   6   2   8   -0.0008209650
5   6   4   6   -0.0033486521
5   7   1   7   -0.0017415787
5   7   3   5   -0.0015463555
5   7   3   8   -0.0008209650
5   7   4   7   -0.0033486521
5   8   1   5   -0.0005296597
5   8   1   8   -0.0005390567
5   8   2   6   -0.0008209650
5   8   3   7   -0.0008209650
5   8   4   5   -0.0017621457
5   8   4   8   -0.0019161248

End IABC Block
