Begin IJ Block
1   1   -5.6580784621
1   2   0.0005723966
1   5   -0.0138169215
2   2   -6.8938925051
2   5   -0.0073228974
3   3   -5.9089627607
3   4   -0.0000000000
4   4   -5.9089627608
5   5   -5.7819566935

End IJ Block
Begin IA Block
1   1   0.1009202588
1   4   0.0736288939
2   1   0.0325559525
2   4   0.1467367741
3   2   0.2212475088
3   3   0.0208941908
4   2   -0.0208941908
4   3   0.2212475088
5   1   -0.2524426828
5   4   -0.2203553718

End IA Block
Begin AB Block
1   1   -1.5745988536
1   4   -0.3555411921
2   2   -1.3731295510
3   3   -1.3731295510
4   4   -1.4707049781

End AB Block
Begin IJKL Block
1   6   1   6   1.6514298167
1   6   1   7   -0.0015490516
1   6   1   10   0.0186174436
1   6   2   6   -0.0015490516
1   6   2   7   0.0000022974
1   6   2   10   -0.0000288556
1   6   3   8   0.0000022274
1   6   4   9   0.0000022274
1   6   5   6   0.0186174436
1   6   5   7   -0.0000288556
1   6   5   10   0.0003800269
1   7   1   6   -0.0015490516
1   7   1   7   0.1738331122
1   7   1   10   -0.0190985546
1   7   2   6   0.0000022974
1   7   2   7   0.0001824704
1   7   2   10   -0.0000550415
1   7   3   8   0.0000468052
1   7   4   9   0.0000468052
1   7   5   6   -0.0000288556
1   7   5   7   -0.0007137609
1   7   5   10   0.0001414771
1   8   1   8   0.1723423160
1   8   2   8   0.0001703533
1   8   3   6   0.0000022274
1   8   3   7   0.0000468052
1   8   3   10   -0.0000205553
1   8   5   8   -0.0006758534
1   9   1   9   0.1723423160
1   9   2   9   0.0001703533
1   9   4   6   0.0000022274
1   9   4   7   0.0000468052
1   9   4   10   -0.0000205553
1   9   5   9   -0.0006758534
1   10   1   6   0.0186174436
1   10   1   7   -0.0190985546
1   10   1   10   0.1852763188
1   10   2   6   -0.0000288556
1   10   2   7   -0.0000550415
1   10   2   10   0.0001739295
1   10   3   8   -0.0000205553
1   10   4   9   -0.0000205553
1   10   5   6   0.0003800269
1   10   5   7   0.0001414771
1   10   5   10   -0.0007657386
2   6   1   6   -0.0015490516
2   6   1   7   0.0000022974
2   6   1   10   -0.0000288556
2   6   2   6   0.1738331122
2   6   2   7   0.0001824704
2   6   2   10   -0.0007137609
2   6   3   8   0.0000468052
2   6   4   9   0.0000468052
2   6   5   6   -0.0190985546
2   6   5   7   -0.0000550415
2   6   5   10   0.0001414771
2   7   1   6   0.0000022974
2   7   1   7   0.0001824704
2   7   1   10   -0.0000550415
2   7   2   6   0.0001824704
2   7   2   7   0.8836482214
2   7   2   10   0.0085614674
2   7   3   8   0.1652232490
2   7   4   9   0.1652232490
2   7   5   6   -0.0000550415
2   7   5   7   0.0085614674
2   7   5   10   0.1582854106
2   8   1   8   0.0001703533
2   8   2   8   0.8277802595
2   8   3   6   0.0000468052
2   8   3   7   0.1652232490
2   8   3   10   0.0018693399
2   8   5   8   0.0079123865
2   9   1   9   0.0001703533
2   9   2   9   0.8277802595
2   9   4   6   0.0000468052
2   9   4   7   0.1652232490
2   9   4   10   0.0018693399
2   9   5   9   0.0079123865
2   10   1   6   -0.0000288556
2   10   1   7   -0.0000550415
2   10   1   10   0.0001739295
2   10   2   6   -0.0007137609
2   10   2   7   0.0085614674
2   10   2   10   0.8009666869
2   10   3   8   0.0018693399
2   10   4   9   0.0018693399
2   10   5   6   0.0001414771
2   10   5   7   0.1582854106
2   10   5   10   0.0090188175
3   6   1   8   0.0000022274
3   6   2   8   0.0000468052
3   6   3   6   0.1723423160
3   6   3   7   0.0001703533
3   6   3   10   -0.0006758534
3   6   5   8   -0.0000205553
3   7   1   8   0.0000468052
3   7   2   8   0.1652232490
3   7   3   6   0.0001703533
3   7   3   7   0.8277802595
3   7   3   10   0.0079123865
3   7   5   8   0.0018693399
3   8   1   6   0.0000022274
3   8   1   7   0.0000468052
3   8   1   10   -0.0000205553
3   8   2   6   0.0000468052
3   8   2   7   0.1652232490
3   8   2   10   0.0018693399
3   8   3   8   0.8353969343
3   8   3   9   0.0000000000
3   8   4   8   0.0000000000
3   8   4   9   0.0405024291
3   8   5   6   -0.0000205553
3   8   5   7   0.0018693399
3   8   5   10   0.0389414000
3   9   3   8   0.0000000000
3   9   3   9   0.7543920761
3   9   4   8   0.0405024291
3   9   4   9   0.0000000000
3   10   1   8   -0.0000205553
3   10   2   8   0.0018693399
3   10   3   6   -0.0006758534
3   10   3   7   0.0079123865
3   10   3   10   0.7309925106
3   10   4   10   0.0000000000
3   10   5   8   0.0389414000
4   6   1   9   0.0000022274
4   6   2   9   0.0000468052
4   6   4   6   0.1723423160
4   6   4   7   0.0001703533
4   6   4   10   -0.0006758534
4   6   5   9   -0.0000205553
4   7   1   9   0.0000468052
4   7   2   9   0.1652232490
4   7   4   6   0.0001703533
4   7   4   7   0.8277802595
4   7   4   10   0.0079123865
4   7   5   9   0.0018693399
4   8   3   8   0.0000000000
4   8   3   9   0.0405024291
4   8   4   8   0.7543920761
4   8   4   9   0.0000000000
4   9   1   6   0.0000022274
4   9   1   7   0.0000468052
4   9   1   10   -0.0000205553
4   9   2   6   0.0000468052
4   9   2   7   0.1652232490
4   9   2   10   0.0018693399
4   9   3   8   0.0405024291
4   9   3   9   0.0000000000
4   9   4   8   0.0000000000
4   9   4   9   0.8353969343
4   9   5   6   -0.0000205553
4   9   5   7   0.0018693399
4   9   5   10   0.0389414000
4   10   1   9   -0.0000205553
4   10   2   9   0.0018693399
4   10   3   10   0.0000000000
4   10   4   6   -0.0006758534
4   10   4   7   0.0079123865
4   10   4   10   0.7309925106
4   10   5   9   0.0389414000
5   6   1   6   0.0186174436
5   6   1   7   -0.0000288556
5   6   1   10   0.0003800269
5   6   2   6   -0.0190985546
5   6   2   7   -0.0000550415
5   6   2   10   0.0001414771
5   6   3   8   -0.0000205553
5   6   4   9   -0.0000205553
5   6   5   6   0.1852763188
5   6   5   7   0.0001739295
5   6   5   10   -0.0007657386
5   7   1   6   -0.0000288556
5   7   1   7   -0.0007137609
5   7   1   10   0.0001414771
5   7   2   6   -0.0000550415
5   7   2   7   0.0085614674
5   7   2   10   0.1582854106
5   7   3   8   0.0018693399
5   7   4   9   0.0018693399
5   7   5   6   0.0001739295
5   7   5   7   0.8009666869
5   7   5   10   0.0090188175
5   8   1   8   -0.0006758534
5   8   2   8   0.0079123865
5   8   3   6   -0.0000205553
5   8   3   7   0.0018693399
5   8   3   10   0.0389414000
5   8   5   8   0.7309925106
5   8   5   9   0.0000000000
5   9   1   9   -0.0006758534
5   9   2   9   0.0079123865
5   9   4   6   -0.0000205553
5   9   4   7   0.0018693399
5   9   4   10   0.0389414000
5   9   5   8   0.0000000000
5   9   5   9   0.7309925106
5   10   1   6   0.0003800269
5   10   1   7   0.0001414771
5   10   1   10   -0.0007657386
5   10   2   6   0.0001414771
5   10   2   7   0.1582854106
5   10   2   10   0.0090188175
5   10   3   8   0.0389414000
5   10   4   9   0.0389414000
5   10   5   6   -0.0007657386
5   10   5   7   0.0090188175
5   10   5   10   0.7842176509

End IJKL Block
Begin IJAB Block
1   6   1   5   0.0080814068
1   6   1   8   0.0063634649
1   6   2   6   0.0012304705
1   6   3   7   0.0012304705
1   6   4   5   0.0063634649
1   6   4   8   0.0058854614
1   7   1   5   -0.0000002665
1   7   1   8   -0.0000071627
1   7   2   6   0.0000074365
1   7   3   7   0.0000074365
1   7   4   5   -0.0000143671
1   7   4   8   -0.0000138190
1   8   1   6   0.0000112649
1   8   1   7   0.0000010638
1   8   2   5   0.0000803892
1   8   2   8   0.0001252224
1   8   3   5   0.0000075918
1   8   3   8   0.0000118258
1   8   4   6   -0.0000169334
1   8   4   7   -0.0000015992
1   9   1   6   -0.0000010638
1   9   1   7   0.0000112649
1   9   2   5   -0.0000075918
1   9   2   8   -0.0000118258
1   9   3   5   0.0000803892
1   9   3   8   0.0001252224
1   9   4   6   0.0000015992
1   9   4   7   -0.0000169334
1   10   1   5   0.0001636086
1   10   1   8   0.0003771145
1   10   2   6   -0.0002388228
1   10   3   7   -0.0002388228
1   10   4   5   0.0001493846
1   10   4   8   0.0001082867
2   6   1   5   -0.0000002665
2   6   1   8   -0.0000143671
2   6   2   6   0.0000074365
2   6   3   7   0.0000074365
2   6   4   5   -0.0000071627
2   6   4   8   -0.0000138190
2   7   1   5   0.0008733877
2   7   1   8   0.0011021146
2   7   2   6   0.0005568673
2   7   3   7   0.0005568673
2   7   4   5   0.0011021146
2   7   4   8   0.0020056207
2   8   1   6   0.0002356479
2   8   1   7   0.0000222541
2   8   2   5   0.0000657048
2   8   2   8   0.0002967350
2   8   3   5   0.0000062050
2   8   3   8   0.0000280231
2   8   4   6   0.0012761816
2   8   4   7   0.0001205201
2   9   1   6   -0.0000222541
2   9   1   7   0.0002356479
2   9   2   5   -0.0000062050
2   9   2   8   -0.0000280231
2   9   3   5   0.0000657048
2   9   3   8   0.0002967350
2   9   4   6   -0.0001205201
2   9   4   7   0.0012761816
2   10   1   5   -0.0003168391
2   10   1   8   -0.0005431432
2   10   2   6   0.0000260644
2   10   3   7   0.0000260644
2   10   4   5   -0.0015512096
2   10   4   8   -0.0018941687
3   6   1   6   0.0000803892
3   6   1   7   0.0000075918
3   6   2   5   0.0000112649
3   6   2   8   -0.0000169334
3   6   3   5   0.0000010638
3   6   3   8   -0.0000015992
3   6   4   6   0.0001252224
3   6   4   7   0.0000118258
3   7   1   6   0.0000657048
3   7   1   7   0.0000062050
3   7   2   5   0.0002356479
3   7   2   8   0.0012761816
3   7   3   5   0.0000222541
3   7   3   8   0.0001205201
3   7   4   6   0.0002967350
3   7   4   7   0.0000280231
3   8   1   5   0.0002596908
3   8   1   8   0.0003744428
3   8   2   6   0.0021461807
3   8   2   7   0.0001875994
3   8   3   6   0.0001875994
3   8   3   7   0.0001774167
3   8   4   5   0.0003744428
3   8   4   8   0.0008526435
3   9   2   6   -0.0001875994
3   9   2   7   0.0018267804
3   9   3   6   0.0001419836
3   9   3   7   0.0001875994
3   10   1   6   -0.0002598117
3   10   1   7   -0.0000245361
3   10   2   5   -0.0022789736
3   10   2   8   -0.0024199942
3   10   3   5   -0.0002152219
3   10   3   8   -0.0002285396
3   10   4   6   -0.0003773430
3   10   4   7   -0.0000356355
4   6   1   6   -0.0000075918
4   6   1   7   0.0000803892
4   6   2   5   -0.0000010638
4   6   2   8   0.0000015992
4   6   3   5   0.0000112649
4   6   3   8   -0.0000169334
4   6   4   6   -0.0000118258
4   6   4   7   0.0001252224
4   7   1   6   -0.0000062050
4   7   1   7   0.0000657048
4   7   2   5   -0.0000222541
4   7   2   8   -0.0001205201
4   7   3   5   0.0002356479
4   7   3   8   0.0012761816
4   7   4   6   -0.0000280231
4   7   4   7   0.0002967350
4   8   2   6   -0.0001875994
4   8   2   7   0.0001419836
4   8   3   6   0.0018267804
4   8   3   7   0.0001875994
4   9   1   5   0.0002596908
4   9   1   8   0.0003744428
4   9   2   6   0.0001774167
4   9   2   7   -0.0001875994
4   9   3   6   -0.0001875994
4   9   3   7   0.0021461807
4   9   4   5   0.0003744428
4   9   4   8   0.0008526435
4   10   1   6   0.0000245361
4   10   1   7   -0.0002598117
4   10   2   5   0.0002152219
4   10   2   8   0.0002285396
4   10   3   5   -0.0022789736
4   10   3   8   -0.0024199942
4   10   4   6   0.0000356355
4   10   4   7   -0.0003773430
5   6   1   5   0.0001636086
5   6   1   8   0.0001493846
5   6   2   6   -0.0002388228
5   6   3   7   -0.0002388228
5   6   4   5   0.0003771145
5   6   4   8   0.0001082867
5   7   1   5   -0.0003168391
5   7   1   8   -0.0015512096
5   7   2   6   0.0000260644
5   7   3   7   0.0000260644
5   7   4   5   -0.0005431432
5   7   4   8   -0.0018941687
5   8   1   6   -0.0022789736
5   8   1   7   -0.0002152219
5   8   2   5   -0.0002598117
5   8   2   8   -0.0003773430
5   8   3   5   -0.0000245361
5   8   3   8   -0.0000356355
5   8   4   6   -0.0024199942
5   8   4   7   -0.0002285396
5   9   1   6   0.0002152219
5   9   1   7   -0.0022789736
5   9   2   5   0.0000245361
5   9   2   8   0.0000356355
5   9   3   5   -0.0002598117
5   9   3   8   -0.0003773430
5   9   4   6   0.0002285396
5   9   4   7   -0.0024199942
5   10   1   5   0.0033699637
5   10   1   8   0.0037393564
5   10   2   6   0.0003968146
5   10   3   7   0.0003968146
5   10   4   5   0.0037393564
5   10   4   8   0.0048200699

End IJAB Block
Begin ABCD Block
1   5   1   5   0.2300878740
1   5   1   8   0.0112080060
1   5   2   6   0.0313409619
1   5   3   7   0.0313409619
1   5   4   5   0.0112080060
1   5   4   8   0.0213809471
1   6   1   6   0.1704988565
1   6   2   5   0.0313409619
1   6   2   8   0.0067589071
1   6   4   6   0.0144071847
1   7   1   7   0.1704988565
1   7   3   5   0.0313409619
1   7   3   8   0.0067589071
1   7   4   7   0.0144071847
1   8   1   5   0.0112080060
1   8   1   8   0.1603120178
1   8   2   6   0.0067589071
1   8   3   7   0.0067589071
1   8   4   5   0.0213809471
1   8   4   8   0.0083907971
2   5   1   6   0.0313409619
2   5   2   5   0.1704988565
2   5   2   8   0.0144071847
2   5   4   6   0.0067589071
2   6   1   5   0.0313409619
2   6   1   8   0.0067589071
2   6   2   6   0.1569006259
2   6   3   7   0.0085515210
2   6   4   5   0.0067589071
2   6   4   8   0.0098500913
2   7   2   7   0.1397975839
2   7   3   6   0.0085515210
2   8   1   6   0.0067589071
2   8   2   5   0.0144071847
2   8   2   8   0.1358133843
2   8   4   6   0.0098500913
3   5   1   7   0.0313409619
3   5   3   5   0.1704988565
3   5   3   8   0.0144071847
3   5   4   7   0.0067589071
3   6   2   7   0.0085515210
3   6   3   6   0.1397975839
3   7   1   5   0.0313409619
3   7   1   8   0.0067589071
3   7   2   6   0.0085515210
3   7   3   7   0.1569006259
3   7   4   5   0.0067589071
3   7   4   8   0.0098500913
3   8   1   7   0.0067589071
3   8   3   5   0.0144071847
3   8   3   8   0.1358133843
3   8   4   7   0.0098500913
4   5   1   5   0.0112080060
4   5   1   8   0.0213809471
4   5   2   6   0.0067589071
4   5   3   7   0.0067589071
4   5   4   5   0.1603120178
4   5   4   8   0.0083907971
4   6   1   6   0.0144071847
4   6   2   5   0.0067589071
4   6   2   8   0.0098500913
4   6   4   6   0.1358133843
4   7   1   7   0.0144071847
4   7   3   5   0.0067589071
4   7   3   8   0.0098500913
4   7   4   7   0.1358133843
4   8   1   5   0.0213809471
4   8   1   8   0.0083907971
4   8   2   6   0.0098500913
4   8   3   7   0.0098500913
4   8   4   5   0.0083907971
4   8   4   8   0.1407194416

End ABCD Block
Begin AIJB Block
1   6   1   5   0.0080814068
1   6   1   8   0.0063634649
1   6   2   5   -0.0000002665
1   6   2   8   -0.0000143671
1   6   3   6   0.0000803892
1   6   3   7   0.0000075918
1   6   4   6   -0.0000075918
1   6   4   7   0.0000803892
1   6   5   5   0.0001636086
1   6   5   8   0.0001493846
1   7   1   5   -0.0000002665
1   7   1   8   -0.0000071627
1   7   2   5   0.0008733877
1   7   2   8   0.0011021146
1   7   3   6   0.0000657048
1   7   3   7   0.0000062050
1   7   4   6   -0.0000062050
1   7   4   7   0.0000657048
1   7   5   5   -0.0003168391
1   7   5   8   -0.0015512096
1   8   1   6   0.0000112649
1   8   1   7   0.0000010638
1   8   2   6   0.0002356479
1   8   2   7   0.0000222541
1   8   3   5   0.0002596908
1   8   3   8   0.0003744428
1   8   5   6   -0.0022789736
1   8   5   7   -0.0002152219
1   9   1   6   -0.0000010638
1   9   1   7   0.0000112649
1   9   2   6   -0.0000222541
1   9   2   7   0.0002356479
1   9   4   5   0.0002596908
1   9   4   8   0.0003744428
1   9   5   6   0.0002152219
1   9   5   7   -0.0022789736
1   10   1   5   0.0001636086
1   10   1   8   0.0003771145
1   10   2   5   -0.0003168391
1   10   2   8   -0.0005431432
1   10   3   6   -0.0002598117
1   10   3   7   -0.0000245361
1   10   4   6   0.0000245361
1   10   4   7   -0.0002598117
1   10   5   5   0.0033699637
1   10   5   8   0.0037393564
2   6   1   6   0.0012304705
2   6   2   6   0.0000074365
2   6   3   5   0.0000112649
2   6   3   8   -0.0000169334
2   6   4   5   -0.0000010638
2   6   4   8   0.0000015992
2   6   5   6   -0.0002388228
2   7   1   6   0.0000074365
2   7   2   6   0.0005568673
2   7   3   5   0.0002356479
2   7   3   8   0.0012761816
2   7   4   5   -0.0000222541
2   7   4   8   -0.0001205201
2   7   5   6   0.0000260644
2   8   1   5   0.0000803892
2   8   1   8   0.0001252224
2   8   2   5   0.0000657048
2   8   2   8   0.0002967350
2   8   3   6   0.0021461807
2   8   3   7   0.0001875994
2   8   4   6   -0.0001875994
2   8   4   7   0.0001419836
2   8   5   5   -0.0002598117
2   8   5   8   -0.0003773430
2   9   1   5   -0.0000075918
2   9   1   8   -0.0000118258
2   9   2   5   -0.0000062050
2   9   2   8   -0.0000280231
2   9   3   6   -0.0001875994
2   9   3   7   0.0018267804
2   9   4   6   0.0001774167
2   9   4   7   -0.0001875994
2   9   5   5   0.0000245361
2   9   5   8   0.0000356355
2   10   1   6   -0.0002388228
2   10   2   6   0.0000260644
2   10   3   5   -0.0022789736
2   10   3   8   -0.0024199942
2   10   4   5   0.0002152219
2   10   4   8   0.0002285396
2   10   5   6   0.0003968146
3   6   1   7   0.0012304705
3   6   2   7   0.0000074365
3   6   3   5   0.0000010638
3   6   3   8   -0.0000015992
3   6   4   5   0.0000112649
3   6   4   8   -0.0000169334
3   6   5   7   -0.0002388228
3   7   1   7   0.0000074365
3   7   2   7   0.0005568673
3   7   3   5   0.0000222541
3   7   3   8   0.0001205201
3   7   4   5   0.0002356479
3   7   4   8   0.0012761816
3   7   5   7   0.0000260644
3   8   1   5   0.0000075918
3   8   1   8   0.0000118258
3   8   2   5   0.0000062050
3   8   2   8   0.0000280231
3   8   3   6   0.0001875994
3   8   3   7   0.0001774167
3   8   4   6   0.0018267804
3   8   4   7   0.0001875994
3   8   5   5   -0.0000245361
3   8   5   8   -0.0000356355
3   9   1   5   0.0000803892
3   9   1   8   0.0001252224
3   9   2   5   0.0000657048
3   9   2   8   0.0002967350
3   9   3   6   0.0001419836
3   9   3   7   0.0001875994
3   9   4   6   -0.0001875994
3   9   4   7   0.0021461807
3   9   5   5   -0.0002598117
3   9   5   8   -0.0003773430
3   10   1   7   -0.0002388228
3   10   2   7   0.0000260644
3   10   3   5   -0.0002152219
3   10   3   8   -0.0002285396
3   10   4   5   -0.0022789736
3   10   4   8   -0.0024199942
3   10   5   7   0.0003968146
4   6   1   5   0.0063634649
4   6   1   8   0.0058854614
4   6   2   5   -0.0000071627
4   6   2   8   -0.0000138190
4   6   3   6   0.0001252224
4   6   3   7   0.0000118258
4   6   4   6   -0.0000118258
4   6   4   7   0.0001252224
4   6   5   5   0.0003771145
4   6   5   8   0.0001082867
4   7   1   5   -0.0000143671
4   7   1   8   -0.0000138190
4   7   2   5   0.0011021146
4   7   2   8   0.0020056207
4   7   3   6   0.0002967350
4   7   3   7   0.0000280231
4   7   4   6   -0.0000280231
4   7   4   7   0.0002967350
4   7   5   5   -0.0005431432
4   7   5   8   -0.0018941687
4   8   1   6   -0.0000169334
4   8   1   7   -0.0000015992
4   8   2   6   0.0012761816
4   8   2   7   0.0001205201
4   8   3   5   0.0003744428
4   8   3   8   0.0008526435
4   8   5   6   -0.0024199942
4   8   5   7   -0.0002285396
4   9   1   6   0.0000015992
4   9   1   7   -0.0000169334
4   9   2   6   -0.0001205201
4   9   2   7   0.0012761816
4   9   4   5   0.0003744428
4   9   4   8   0.0008526435
4   9   5   6   0.0002285396
4   9   5   7   -0.0024199942
4   10   1   5   0.0001493846
4   10   1   8   0.0001082867
4   10   2   5   -0.0015512096
4   10   2   8   -0.0018941687
4   10   3   6   -0.0003773430
4   10   3   7   -0.0000356355
4   10   4   6   0.0000356355
4   10   4   7   -0.0003773430
4   10   5   5   0.0037393564
4   10   5   8   0.0048200699

1   6   6   1   -0.2752346837
1   6   6   4   -0.0662136110
1   6   7   1   0.0000949122
1   6   7   4   0.0000155932
1   6   8   2   -0.0000953110
1   6   8   3   -0.0000090010
1   6   9   2   0.0000090010
1   6   9   3   -0.0000953110
1   6   10   1   -0.0008428045
1   6   10   4   -0.0001298068
1   7   6   1   0.0000949122
1   7   6   4   0.0000155932
1   7   7   1   -0.1227475952
1   7   7   4   -0.0293827851
1   7   8   2   -0.0028791311
1   7   8   3   -0.0002718996
1   7   9   2   0.0002718996
1   7   9   3   -0.0028791311
1   7   10   1   0.0084482253
1   7   10   4   0.0035795825
1   8   6   2   -0.0000953110
1   8   6   3   -0.0000090010
1   8   7   2   -0.0028791311
1   8   7   3   -0.0002718996
1   8   8   1   -0.1221260384
1   8   8   4   -0.0287752267
1   8   10   2   0.0010381493
1   8   10   3   0.0000980408
1   9   6   2   0.0000090010
1   9   6   3   -0.0000953110
1   9   7   2   0.0002718996
1   9   7   3   -0.0028791311
1   9   9   1   -0.1221260384
1   9   9   4   -0.0287752267
1   9   10   2   -0.0000980408
1   9   10   3   0.0010381493
1   10   6   1   -0.0008428045
1   10   6   4   -0.0001298068
1   10   7   1   0.0084482253
1   10   7   4   0.0035795825
1   10   8   2   0.0010381493
1   10   8   3   0.0000980408
1   10   9   2   -0.0000980408
1   10   9   3   0.0010381493
1   10   10   1   -0.1263404861
1   10   10   4   -0.0306006574
2   6   6   2   -0.1996383250
2   6   7   2   0.0000316839
2   6   8   1   -0.0000953110
2   6   8   4   -0.0000624190
2   6   9   1   0.0000090010
2   6   9   4   0.0000058947
2   6   10   2   -0.0002115330
2   7   6   2   0.0000316839
2   7   7   2   -0.1233157038
2   7   8   1   -0.0028791311
2   7   8   4   -0.0035934154
2   7   9   1   0.0002718996
2   7   9   4   0.0003393553
2   7   10   2   0.0066620799
2   8   6   1   -0.0000953110
2   8   6   4   -0.0000624190
2   8   7   1   -0.0028791311
2   8   7   4   -0.0035934154
2   8   8   2   -0.1236162336
2   8   8   3   -0.0000882198
2   8   9   2   0.0000882198
2   8   9   3   -0.0004629120
2   8   10   1   0.0010381493
2   8   10   4   0.0009047241
2   9   6   1   0.0000090010
2   9   6   4   0.0000058947
2   9   7   1   0.0002718996
2   9   7   4   0.0003393553
2   9   8   2   0.0000882198
2   9   8   3   -0.0004629120
2   9   9   2   -0.1226904095
2   9   9   3   0.0000882198
2   9   10   1   -0.0000980408
2   9   10   4   -0.0000854404
2   10   6   2   -0.0002115330
2   10   7   2   0.0066620799
2   10   8   1   0.0010381493
2   10   8   4   0.0009047241
2   10   9   1   -0.0000980408
2   10   9   4   -0.0000854404
2   10   10   2   -0.1254004404
3   6   6   3   -0.1996383250
3   6   7   3   0.0000316839
3   6   8   1   -0.0000090010
3   6   8   4   -0.0000058947
3   6   9   1   -0.0000953110
3   6   9   4   -0.0000624190
3   6   10   3   -0.0002115330
3   7   6   3   0.0000316839
3   7   7   3   -0.1233157038
3   7   8   1   -0.0002718996
3   7   8   4   -0.0003393553
3   7   9   1   -0.0028791311
3   7   9   4   -0.0035934154
3   7   10   3   0.0066620799
3   8   6   1   -0.0000090010
3   8   6   4   -0.0000058947
3   8   7   1   -0.0002718996
3   8   7   4   -0.0003393553
3   8   8   2   -0.0000882198
3   8   8   3   -0.1226904095
3   8   9   2   -0.0004629120
3   8   9   3   -0.0000882198
3   8   10   1   0.0000980408
3   8   10   4   0.0000854404
3   9   6   1   -0.0000953110
3   9   6   4   -0.0000624190
3   9   7   1   -0.0028791311
3   9   7   4   -0.0035934154
3   9   8   2   -0.0004629120
3   9   8   3   -0.0000882198
3   9   9   2   0.0000882198
3   9   9   3   -0.1236162336
3   9   10   1   0.0010381493
3   9   10   4   0.0009047241
3   10   6   3   -0.0002115330
3   10   7   3   0.0066620799
3   10   8   1   0.0000980408
3   10   8   4   0.0000854404
3   10   9   1   0.0010381493
3   10   9   4   0.0009047241
3   10   10   3   -0.1254004404
4   6   6   1   -0.0662136110
4   6   6   4   -0.2037080467
4   6   7   1   0.0000155932
4   6   7   4   0.0000205337
4   6   8   2   -0.0000624190
4   6   8   3   -0.0000058947
4   6   9   2   0.0000058947
4   6   9   3   -0.0000624190
4   6   10   1   -0.0001298068
4   6   10   4   -0.0001330783
4   7   6   1   0.0000155932
4   7   6   4   0.0000205337
4   7   7   1   -0.0293827851
4   7   7   4   -0.1405378279
4   7   8   2   -0.0035934154
4   7   8   3   -0.0003393553
4   7   9   2   0.0003393553
4   7   9   3   -0.0035934154
4   7   10   1   0.0035795825
4   7   10   4   0.0070899792
4   8   6   2   -0.0000624190
4   8   6   3   -0.0000058947
4   8   7   2   -0.0035934154
4   8   7   3   -0.0003393553
4   8   8   1   -0.0287752267
4   8   8   4   -0.1396554980
4   8   10   2   0.0009047241
4   8   10   3   0.0000854404
4   9   6   2   0.0000058947
4   9   6   3   -0.0000624190
4   9   7   2   0.0003393553
4   9   7   3   -0.0035934154
4   9   9   1   -0.0287752267
4   9   9   4   -0.1396554980
4   9   10   2   -0.0000854404
4   9   10   3   0.0009047241
4   10   6   1   -0.0001298068
4   10   6   4   -0.0001330783
4   10   7   1   0.0035795825
4   10   7   4   0.0070899792
4   10   8   2   0.0009047241
4   10   8   3   0.0000854404
4   10   9   2   -0.0000854404
4   10   9   3   0.0009047241
4   10   10   1   -0.0306006574
4   10   10   4   -0.1427406000

End AIJB Block
Begin IJKA Block
1   6   1   5   -0.0899007031
1   6   1   8   -0.0777417625
1   6   2   5   0.0001078052
1   6   2   8   0.0001093376
1   6   3   6   0.0000503493
1   6   3   7   0.0000047549
1   6   4   6   -0.0000047549
1   6   4   7   0.0000503493
1   6   5   5   -0.0013784077
1   6   5   8   -0.0014374150
1   7   1   5   -0.0004253041
1   7   1   8   -0.0001268542
1   7   2   5   -0.0000050317
1   7   2   8   -0.0000085898
1   7   3   6   -0.0000012466
1   7   3   7   -0.0000001177
1   7   4   6   0.0000001177
1   7   4   7   -0.0000012466
1   7   5   5   0.0000112559
1   7   5   8   0.0000152311
1   8   1   6   0.0017413136
1   8   1   7   0.0001644463
1   8   2   6   -0.0000083322
1   8   2   7   -0.0000007869
1   8   3   5   0.0000033583
1   8   3   8   0.0000065235
1   8   5   6   0.0000242086
1   8   5   7   0.0000022862
1   9   1   6   -0.0001644463
1   9   1   7   0.0017413136
1   9   2   6   0.0000007869
1   9   2   7   -0.0000083322
1   9   4   5   0.0000033583
1   9   4   8   0.0000065235
1   9   5   6   -0.0000022862
1   9   5   7   0.0000242086
1   10   1   5   -0.0103425025
1   10   1   8   -0.0189899959
1   10   2   5   0.0000142281
1   10   2   8   0.0000109388
1   10   3   6   -0.0000126617
1   10   3   7   -0.0000011957
1   10   4   6   0.0000011957
1   10   4   7   -0.0000126617
1   10   5   5   -0.0000616799
1   10   5   8   -0.0000074647
2   6   1   5   0.0001078052
2   6   1   8   0.0001093376
2   6   2   5   -0.0013444028
2   6   2   8   0.0005150676
2   6   3   6   0.0002100945
2   6   3   7   0.0000198409
2   6   4   6   -0.0000198409
2   6   4   7   0.0002100945
2   6   5   5   0.0002994954
2   6   5   8   -0.0001029238
2   7   1   5   -0.0000050317
2   7   1   8   -0.0000085898
2   7   2   5   -0.0051639526
2   7   2   8   -0.0246398964
2   7   3   6   -0.0094260432
2   7   3   7   -0.0008901775
2   7   4   6   0.0008901775
2   7   4   7   -0.0094260432
2   7   5   5   0.0113198780
2   7   5   8   0.0117694766
2   8   1   6   -0.0000083322
2   8   1   7   -0.0000007869
2   8   2   6   -0.0368732797
2   8   2   7   -0.0034822419
2   8   3   5   -0.0008938156
2   8   3   8   -0.0038629016
2   8   5   6   -0.0012414183
2   8   5   7   -0.0001172372
2   9   1   6   0.0000007869
2   9   1   7   -0.0000083322
2   9   2   6   0.0034822419
2   9   2   7   -0.0368732797
2   9   4   5   -0.0008938156
2   9   4   8   -0.0038629016
2   9   5   6   0.0001172372
2   9   5   7   -0.0012414183
2   10   1   5   0.0000142281
2   10   1   8   0.0000109388
2   10   2   5   0.0443639884
2   10   2   8   0.0425968063
2   10   3   6   -0.0010134041
2   10   3   7   -0.0000957039
2   10   4   6   0.0000957039
2   10   4   7   -0.0010134041
2   10   5   5   0.0011521461
2   10   5   8   -0.0008271235
3   6   1   6   0.0000503493
3   6   1   7   0.0000047549
3   6   2   6   0.0002100945
3   6   2   7   0.0000198409
3   6   3   5   -0.0013005807
3   6   3   8   0.0005032913
3   6   5   6   -0.0001008854
3   6   5   7   -0.0000095274
3   7   1   6   -0.0000012466
3   7   1   7   -0.0000001177
3   7   2   6   -0.0094260432
3   7   2   7   -0.0008901775
3   7   3   5   -0.0047078541
3   7   3   8   -0.0222376719
3   7   5   6   -0.0002502005
3   7   5   7   -0.0000236285
3   8   1   5   0.0000033583
3   8   1   8   0.0000065235
3   8   2   5   -0.0008938156
3   8   2   8   -0.0038629016
3   8   3   6   -0.0371037340
3   8   3   7   -0.0035040056
3   8   4   6   0.0002108116
3   8   4   7   -0.0022322727
3   8   5   5   0.0026712583
3   8   5   8   0.0027217343
3   9   3   6   0.0030823824
3   9   3   7   -0.0326391886
3   9   4   6   -0.0022322727
3   9   4   7   -0.0002108116
3   10   1   6   -0.0000126617
3   10   1   7   -0.0000011957
3   10   2   6   -0.0010134041
3   10   2   7   -0.0000957039
3   10   3   5   0.0393199449
3   10   3   8   0.0372993801
3   10   5   6   -0.0019383845
3   10   5   7   -0.0001830573
4   6   1   6   -0.0000047549
4   6   1   7   0.0000503493
4   6   2   6   -0.0000198409
4   6   2   7   0.0002100945
4   6   4   5   -0.0013005807
4   6   4   8   0.0005032913
4   6   5   6   0.0000095274
4   6   5   7   -0.0001008854
4   7   1   6   0.0000001177
4   7   1   7   -0.0000012466
4   7   2   6   0.0008901775
4   7   2   7   -0.0094260432
4   7   4   5   -0.0047078541
4   7   4   8   -0.0222376719
4   7   5   6   0.0000236285
4   7   5   7   -0.0002502005
4   8   3   6   0.0002108116
4   8   3   7   -0.0022322727
4   8   4   6   -0.0326391886
4   8   4   7   -0.0030823824
4   9   1   5   0.0000033583
4   9   1   8   0.0000065235
4   9   2   5   -0.0008938156
4   9   2   8   -0.0038629016
4   9   3   6   -0.0022322727
4   9   3   7   -0.0002108116
4   9   4   6   0.0035040056
4   9   4   7   -0.0371037340
4   9   5   5   0.0026712583
4   9   5   8   0.0027217343
4   10   1   6   0.0000011957
4   10   1   7   -0.0000126617
4   10   2   6   0.0000957039
4   10   2   7   -0.0010134041
4   10   4   5   0.0393199449
4   10   4   8   0.0372993801
4   10   5   6   0.0001830573
4   10   5   7   -0.0019383845
5   6   1   5   -0.0013784077
5   6   1   8   -0.0014374150
5   6   2   5   0.0002994954
5   6   2   8   -0.0001029238
5   6   3   6   -0.0001008854
5   6   3   7   -0.0000095274
5   6   4   6   0.0000095274
5   6   4   7   -0.0001008854
5   6   5   5   -0.0015942109
5   6   5   8   0.0005332805
5   7   1   5   0.0000112559
5   7   1   8   0.0000152311
5   7   2   5   0.0113198780
5   7   2   8   0.0117694766
5   7   3   6   -0.0002502005
5   7   3   7   -0.0000236285
5   7   4   6   0.0000236285
5   7   4   7   -0.0002502005
5   7   5   5   -0.0041188275
5   7   5   8   -0.0206680354
5   8   1   6   0.0000242086
5   8   1   7   0.0000022862
5   8   2   6   -0.0012414183
5   8   2   7   -0.0001172372
5   8   3   5   0.0026712583
5   8   3   8   0.0027217343
5   8   5   6   -0.0310739082
5   8   5   7   -0.0029345604
5   9   1   6   -0.0000022862
5   9   1   7   0.0000242086
5   9   2   6   0.0001172372
5   9   2   7   -0.0012414183
5   9   4   5   0.0026712583
5   9   4   8   0.0027217343
5   9   5   6   0.0029345604
5   9   5   7   -0.0310739082
5   10   1   5   -0.0000616799
5   10   1   8   -0.0000074647
5   10   2   5   0.0011521461
5   10   2   8   -0.0008271235
5   10   3   6   -0.0019383845
5   10   3   7   -0.0001830573
5   10   4   6   0.0001830573
5   10   4   7   -0.0019383845
5   10   5   5   0.0424039184
5   10   5   8   0.0397197608

End IJKA Block
Begin IABC Block
1   5   1   5   0.0003376468
1   5   1   8   -0.0011388157
1   5   2   6   0.0021014375
1   5   3   7   0.0021014375
1   5   4   5   -0.0017253040
1   5   4   8   -0.0006265031
1   6   1   6   -0.0000345635
1   6   2   5   0.0021014375
1   6   2   8   0.0012234583
1   6   4   6   -0.0003478668
1   7   1   7   -0.0000345635
1   7   3   5   0.0021014375
1   7   3   8   0.0012234583
1   7   4   7   -0.0003478668
1   8   1   5   -0.0011388157
1   8   1   8   -0.0010995735
1   8   2   6   0.0012234583
1   8   3   7   0.0012234583
1   8   4   5   -0.0006265031
1   8   4   8   -0.0006274469
2   5   1   5   -0.0002900215
2   5   1   8   -0.0001774233
2   5   2   6   0.0000104996
2   5   3   7   0.0000104996
2   5   4   5   -0.0003140510
2   5   4   8   -0.0002581698
2   6   1   6   -0.0002571679
2   6   2   5   0.0000104996
2   6   2   8   -0.0000259250
2   6   4   6   -0.0002587220
2   7   1   7   -0.0002571679
2   7   3   5   0.0000104996
2   7   3   8   -0.0000259250
2   7   4   7   -0.0002587220
2   8   1   5   -0.0001774233
2   8   1   8   -0.0003381830
2   8   2   6   -0.0000259250
2   8   3   7   -0.0000259250
2   8   4   5   -0.0002581698
2   8   4   8   -0.0005035494
3   5   1   6   0.0007610153
3   5   1   7   0.0000718688
3   5   2   5   0.0012112130
3   5   2   8   -0.0000212470
3   5   3   5   0.0001143846
3   5   3   8   -0.0000020065
3   5   4   6   0.0013046612
3   5   4   7   0.0001232097
3   6   1   5   0.0007610153
3   6   1   8   0.0005173891
3   6   2   6   0.0012482720
3   6   2   7   0.0000291422
3   6   3   6   0.0000596000
3   6   3   7   0.0003085854
3   6   4   5   0.0013046612
3   6   4   8   0.0010765911
3   7   1   5   0.0000718688
3   7   1   8   0.0000488612
3   7   2   6   0.0000291422
3   7   2   7   0.0006311011
3   7   3   6   0.0003085854
3   7   3   7   0.0001178844
3   7   4   5   0.0001232097
3   7   4   8   0.0001016712
3   8   1   6   0.0005173891
3   8   1   7   0.0000488612
3   8   2   5   -0.0000212470
3   8   2   8   -0.0000915522
3   8   3   5   -0.0000020065
3   8   3   8   -0.0000086460
3   8   4   6   0.0010765911
3   8   4   7   0.0001016712
4   5   1   6   -0.0000718688
4   5   1   7   0.0007610153
4   5   2   5   -0.0001143846
4   5   2   8   0.0000020065
4   5   3   5   0.0012112130
4   5   3   8   -0.0000212470
4   5   4   6   -0.0001232097
4   5   4   7   0.0013046612
4   6   1   5   -0.0000718688
4   6   1   8   -0.0000488612
4   6   2   6   -0.0001178844
4   6   2   7   0.0003085854
4   6   3   6   0.0006311011
4   6   3   7   -0.0000291422
4   6   4   5   -0.0001232097
4   6   4   8   -0.0001016712
4   7   1   5   0.0007610153
4   7   1   8   0.0005173891
4   7   2   6   0.0003085854
4   7   2   7   -0.0000596000
4   7   3   6   -0.0000291422
4   7   3   7   0.0012482720
4   7   4   5   0.0013046612
4   7   4   8   0.0010765911
4   8   1   6   -0.0000488612
4   8   1   7   0.0005173891
4   8   2   5   0.0000020065
4   8   2   8   0.0000086460
4   8   3   5   -0.0000212470
4   8   3   8   -0.0000915522
4   8   4   6   -0.0001016712
4   8   4   7   0.0010765911
5   5   1   5   -0.0048153814
5   5   1   8   -0.0005459920
5   5   2   6   -0.0020100424
5   5   3   7   -0.0020100424
5   5   4   5   -0.0067554374
5   5   4   8   -0.0023764545
5   6   1   6   -0.0029323328
5   6   2   5   -0.0020100424
5   6   2   8   -0.0011774706
5   6   4   6   -0.0050001372
5   7   1   7   -0.0029323328
5   7   3   5   -0.0020100424
5   7   3   8   -0.0011774706
5   7   4   7   -0.0050001372
5   8   1   5   -0.0005459920
5   8   1   8   -0.0017058435
5   8   2   6   -0.0011774706
5   8   3   7   -0.0011774706
5   8   4   5   -0.0023764545
5   8   4   8   -0.0038803864

End IABC Block
