Begin IJ Block
1   1   -5.3726964336
1   2   0.0001662500
1   5   -0.0098835606
2   2   -6.7699928701
2   5   -0.0094725368
3   3   -5.7995416282
3   4   -0.0000000000
4   4   -5.7995416282
5   5   -5.6650801601

End IJ Block
Begin IA Block
1   1   0.1083075737
1   4   0.0638595973
2   1   0.0168396801
2   4   0.1100617435
3   2   -0.1332485807
3   3   0.0920839198
4   2   0.0920839198
4   3   0.1332485807
5   1   -0.2610468778
5   4   -0.3506976688

End IA Block
Begin AB Block
1   1   -1.5154761405
1   4   -0.3118850140
2   2   -1.3468674371
3   3   -1.3468674371
4   4   -1.5700477726

End AB Block
Begin IJKL Block
1   6   1   6   1.6516147162
1   6   1   7   -0.0002276112
1   6   1   10   0.0108619498
1   6   2   6   -0.0002276112
1   6   2   7   0.0000000546
1   6   2   10   -0.0000021301
1   6   3   8   0.0000002273
1   6   4   9   0.0000002273
1   6   5   6   0.0108619498
1   6   5   7   -0.0000021301
1   6   5   10   0.0001145304
1   7   1   6   -0.0002276112
1   7   1   7   0.1327944584
1   7   1   10   -0.0110034367
1   7   2   6   0.0000000546
1   7   2   7   0.0000139071
1   7   2   10   -0.0000081073
1   7   3   8   0.0000035187
1   7   4   9   0.0000035187
1   7   5   6   -0.0000021301
1   7   5   7   -0.0001437792
1   7   5   10   0.0000232537
1   8   1   8   0.1320275161
1   8   2   8   0.0000128289
1   8   3   6   0.0000002273
1   8   3   7   0.0000035187
1   8   3   10   -0.0000024325
1   8   5   8   -0.0001378954
1   9   1   9   0.1320275161
1   9   2   9   0.0000128289
1   9   4   6   0.0000002273
1   9   4   7   0.0000035187
1   9   4   10   -0.0000024325
1   9   5   9   -0.0001378954
1   10   1   6   0.0108619498
1   10   1   7   -0.0110034367
1   10   1   10   0.1387775109
1   10   2   6   -0.0000021301
1   10   2   7   -0.0000081073
1   10   2   10   0.0000132148
1   10   3   8   -0.0000024325
1   10   4   9   -0.0000024325
1   10   5   6   0.0001145304
1   10   5   7   0.0000232537
1   10   5   10   -0.0001522215
2   6   1   6   -0.0002276112
2   6   1   7   0.0000000546
2   6   1   10   -0.0000021301
2   6   2   6   0.1327944584
2   6   2   7   0.0000139071
2   6   2   10   -0.0001437792
2   6   3   8   0.0000035187
2   6   4   9   0.0000035187
2   6   5   6   -0.0110034367
2   6   5   7   -0.0000081073
2   6   5   10   0.0000232537
2   7   1   6   0.0000000546
2   7   1   7   0.0000139071
2   7   1   10   -0.0000081073
2   7   2   6   0.0000139071
2   7   2   7   0.8834304429
2   7   2   10   0.0058663796
2   7   3   8   0.1658850084
2   7   4   9   0.1658850084
2   7   5   6   -0.0000081073
2   7   5   7   0.0058663796
2   7   5   10   0.1592639255
2   8   1   8   0.0000128289
2   8   2   8   0.8297345836
2   8   3   6   0.0000035187
2   8   3   7   0.1658850084
2   8   3   10   0.0013729461
2   8   5   8   0.0055848748
2   9   1   9   0.0000128289
2   9   2   9   0.8297345836
2   9   4   6   0.0000035187
2   9   4   7   0.1658850084
2   9   4   10   0.0013729461
2   9   5   9   0.0055848748
2   10   1   6   -0.0000021301
2   10   1   7   -0.0000081073
2   10   1   10   0.0000132148
2   10   2   6   -0.0001437792
2   10   2   7   0.0058663796
2   10   2   10   0.8044684836
2   10   3   8   0.0013729461
2   10   4   9   0.0013729461
2   10   5   6   0.0000232537
2   10   5   7   0.1592639255
2   10   5   10   0.0060172934
3   6   1   8   0.0000002273
3   6   2   8   0.0000035187
3   6   3   6   0.1320275161
3   6   3   7   0.0000128289
3   6   3   10   -0.0001378954
3   6   5   8   -0.0000024325
3   7   1   8   0.0000035187
3   7   2   8   0.1658850084
3   7   3   6   0.0000128289
3   7   3   7   0.8297345836
3   7   3   10   0.0055848748
3   7   5   8   0.0013729461
3   8   1   6   0.0000002273
3   8   1   7   0.0000035187
3   8   1   10   -0.0000024325
3   8   2   6   0.0000035187
3   8   2   7   0.1658850084
3   8   2   10   0.0013729461
3   8   3   8   0.8396351566
3   8   3   9   0.0000000000
3   8   4   8   0.0000000000
3   8   4   9   0.0408225443
3   8   5   6   -0.0000024325
3   8   5   7   0.0013729461
3   8   5   10   0.0392642042
3   9   3   8   0.0000000000
3   9   3   9   0.7579900679
3   9   4   8   0.0408225443
3   9   4   9   0.0000000000
3   10   1   8   -0.0000024325
3   10   2   8   0.0013729461
3   10   3   6   -0.0001378954
3   10   3   7   0.0055848748
3   10   3   10   0.7357422892
3   10   4   10   0.0000000000
3   10   5   8   0.0392642042
4   6   1   9   0.0000002273
4   6   2   9   0.0000035187
4   6   4   6   0.1320275161
4   6   4   7   0.0000128289
4   6   4   10   -0.0001378954
4   6   5   9   -0.0000024325
4   7   1   9   0.0000035187
4   7   2   9   0.1658850084
4   7   4   6   0.0000128289
4   7   4   7   0.8297345836
4   7   4   10   0.0055848748
4   7   5   9   0.0013729461
4   8   3   8   0.0000000000
4   8   3   9   0.0408225443
4   8   4   8   0.7579900679
4   8   4   9   0.0000000000
4   9   1   6   0.0000002273
4   9   1   7   0.0000035187
4   9   1   10   -0.0000024325
4   9   2   6   0.0000035187
4   9   2   7   0.1658850084
4   9   2   10   0.0013729461
4   9   3   8   0.0408225443
4   9   3   9   0.0000000000
4   9   4   8   0.0000000000
4   9   4   9   0.8396351565
4   9   5   6   -0.0000024325
4   9   5   7   0.0013729461
4   9   5   10   0.0392642042
4   10   1   9   -0.0000024325
4   10   2   9   0.0013729461
4   10   3   10   0.0000000000
4   10   4   6   -0.0001378954
4   10   4   7   0.0055848748
4   10   4   10   0.7357422892
4   10   5   9   0.0392642042
5   6   1   6   0.0108619498
5   6   1   7   -0.0000021301
5   6   1   10   0.0001145304
5   6   2   6   -0.0110034367
5   6   2   7   -0.0000081073
5   6   2   10   0.0000232537
5   6   3   8   -0.0000024325
5   6   4   9   -0.0000024325
5   6   5   6   0.1387775109
5   6   5   7   0.0000132148
5   6   5   10   -0.0001522215
5   7   1   6   -0.0000021301
5   7   1   7   -0.0001437792
5   7   1   10   0.0000232537
5   7   2   6   -0.0000081073
5   7   2   7   0.0058663796
5   7   2   10   0.1592639255
5   7   3   8   0.0013729461
5   7   4   9   0.0013729461
5   7   5   6   0.0000132148
5   7   5   7   0.8044684836
5   7   5   10   0.0060172934
5   8   1   8   -0.0001378954
5   8   2   8   0.0055848748
5   8   3   6   -0.0000024325
5   8   3   7   0.0013729461
5   8   3   10   0.0392642042
5   8   5   8   0.7357422892
5   8   5   9   0.0000000000
5   9   1   9   -0.0001378954
5   9   2   9   0.0055848748
5   9   4   6   -0.0000024325
5   9   4   7   0.0013729461
5   9   4   10   0.0392642042
5   9   5   8   0.0000000000
5   9   5   9   0.7357422892
5   10   1   6   0.0001145304
5   10   1   7   0.0000232537
5   10   1   10   -0.0001522215
5   10   2   6   0.0000232537
5   10   2   7   0.1592639255
5   10   2   10   0.0060172934
5   10   3   8   0.0392642042
5   10   4   9   0.0392642042
5   10   5   6   -0.0001522215
5   10   5   7   0.0060172934
5   10   5   10   0.7906207334

End IJKL Block
Begin IJAB Block
1   6   1   5   0.0103402668
1   6   1   8   0.0064851889
1   6   2   6   0.0019477520
1   6   3   7   0.0019477520
1   6   4   5   0.0064851889
1   6   4   8   0.0063999466
1   7   1   5   0.0000004141
1   7   1   8   0.0000018928
1   7   2   6   0.0000044461
1   7   3   7   0.0000044461
1   7   4   5   -0.0000088103
1   7   4   8   -0.0000081267
1   8   1   6   0.0000003573
1   8   1   7   -0.0000002469
1   8   2   5   -0.0000432083
1   8   2   8   -0.0000614052
1   8   3   5   0.0000298599
1   8   3   8   0.0000424352
1   8   4   6   0.0000111421
1   8   4   7   -0.0000077000
1   9   1   6   -0.0000002469
1   9   1   7   -0.0000003573
1   9   2   5   0.0000298599
1   9   2   8   0.0000424352
1   9   3   5   0.0000432083
1   9   3   8   0.0000614052
1   9   4   6   -0.0000077000
1   9   4   7   -0.0000111421
1   10   1   5   0.0001736030
1   10   1   8   0.0003093182
1   10   2   6   -0.0002673616
1   10   3   7   -0.0002673616
1   10   4   5   0.0000834739
1   10   4   8   -0.0001858453
2   6   1   5   0.0000004141
2   6   1   8   -0.0000088103
2   6   2   6   0.0000044461
2   6   3   7   0.0000044461
2   6   4   5   0.0000018928
2   6   4   8   -0.0000081267
2   7   1   5   0.0008039034
2   7   1   8   0.0012571550
2   7   2   6   0.0002669147
2   7   3   7   0.0002669147
2   7   4   5   0.0012571550
2   7   4   8   0.0023194319
2   8   1   6   -0.0000495272
2   8   1   7   0.0000342267
2   8   2   5   -0.0000156563
2   8   2   8   -0.0001144426
2   8   3   5   0.0000108195
2   8   3   8   0.0000790877
2   8   4   6   -0.0005154452
2   8   4   7   0.0003562080
2   9   1   6   0.0000342267
2   9   1   7   0.0000495272
2   9   2   5   0.0000108195
2   9   2   8   0.0000790877
2   9   3   5   0.0000156563
2   9   3   8   0.0001144426
2   9   4   6   0.0003562080
2   9   4   7   0.0005154452
2   10   1   5   -0.0001315263
2   10   1   8   -0.0003447345
2   10   2   6   0.0000144274
2   10   3   7   0.0000144274
2   10   4   5   -0.0010990235
2   10   4   8   -0.0018842640
3   6   1   6   -0.0000432083
3   6   1   7   0.0000298599
3   6   2   5   0.0000003573
3   6   2   8   0.0000111421
3   6   3   5   -0.0000002469
3   6   3   8   -0.0000077000
3   6   4   6   -0.0000614052
3   6   4   7   0.0000424352
3   7   1   6   -0.0000156563
3   7   1   7   0.0000108195
3   7   2   5   -0.0000495272
3   7   2   8   -0.0005154452
3   7   3   5   0.0000342267
3   7   3   8   0.0003562080
3   7   4   6   -0.0001144426
3   7   4   7   0.0000790877
3   8   1   5   0.0002138182
3   8   1   8   0.0003411018
3   8   2   6   0.0007662736
3   8   2   7   -0.0004770601
3   8   3   6   -0.0004770601
3   8   3   7   0.0004056326
3   8   4   5   0.0003411018
3   8   4   8   0.0007349724
3   9   2   6   -0.0004770601
3   9   2   7   -0.0006143709
3   9   3   6   0.0002537299
3   9   3   7   0.0004770601
3   10   1   6   0.0001372954
3   10   1   7   -0.0000948805
3   10   2   5   0.0013710270
3   10   2   8   0.0019793061
3   10   3   5   -0.0009474738
3   10   3   8   -0.0013678364
3   10   4   6   0.0002482645
3   10   4   7   -0.0001715678
4   6   1   6   0.0000298599
4   6   1   7   0.0000432083
4   6   2   5   -0.0000002469
4   6   2   8   -0.0000077000
4   6   3   5   -0.0000003573
4   6   3   8   -0.0000111421
4   6   4   6   0.0000424352
4   6   4   7   0.0000614052
4   7   1   6   0.0000108195
4   7   1   7   0.0000156563
4   7   2   5   0.0000342267
4   7   2   8   0.0003562080
4   7   3   5   0.0000495272
4   7   3   8   0.0005154452
4   7   4   6   0.0000790877
4   7   4   7   0.0001144426
4   8   2   6   -0.0004770601
4   8   2   7   0.0002537299
4   8   3   6   -0.0006143709
4   8   3   7   0.0004770601
4   9   1   5   0.0002138182
4   9   1   8   0.0003411018
4   9   2   6   0.0004056326
4   9   2   7   0.0004770601
4   9   3   6   0.0004770601
4   9   3   7   0.0007662736
4   9   4   5   0.0003411018
4   9   4   8   0.0007349724
4   10   1   6   -0.0000948805
4   10   1   7   -0.0001372954
4   10   2   5   -0.0009474738
4   10   2   8   -0.0013678364
4   10   3   5   -0.0013710270
4   10   3   8   -0.0019793061
4   10   4   6   -0.0001715678
4   10   4   7   -0.0002482645
5   6   1   5   0.0001736030
5   6   1   8   0.0000834739
5   6   2   6   -0.0002673616
5   6   3   7   -0.0002673616
5   6   4   5   0.0003093182
5   6   4   8   -0.0001858453
5   7   1   5   -0.0001315263
5   7   1   8   -0.0010990235
5   7   2   6   0.0000144274
5   7   3   7   0.0000144274
5   7   4   5   -0.0003447345
5   7   4   8   -0.0018842640
5   8   1   6   0.0013710270
5   8   1   7   -0.0009474738
5   8   2   5   0.0001372954
5   8   2   8   0.0002482645
5   8   3   5   -0.0000948805
5   8   3   8   -0.0001715678
5   8   4   6   0.0019793061
5   8   4   7   -0.0013678364
5   9   1   6   -0.0009474738
5   9   1   7   -0.0013710270
5   9   2   5   -0.0000948805
5   9   2   8   -0.0001715678
5   9   3   5   -0.0001372954
5   9   3   8   -0.0002482645
5   9   4   6   -0.0013678364
5   9   4   7   -0.0019793061
5   10   1   5   0.0034785833
5   10   1   8   0.0050729738
5   10   2   6   0.0003275746
5   10   3   7   0.0003275746
5   10   4   5   0.0050729738
5   10   4   8   0.0079958585

End IJAB Block
Begin ABCD Block
1   5   1   5   0.2350640291
1   5   1   8   -0.0014724056
1   5   2   6   0.0371995153
1   5   3   7   0.0371995153
1   5   4   5   -0.0014724056
1   5   4   8   0.0286375737
1   6   1   6   0.1884719229
1   6   2   5   0.0371995153
1   6   2   8   0.0083730105
1   6   4   6   0.0113090729
1   7   1   7   0.1884719229
1   7   3   5   0.0371995153
1   7   3   8   0.0083730105
1   7   4   7   0.0113090729
1   8   1   5   -0.0014724056
1   8   1   8   0.1859642484
1   8   2   6   0.0083730105
1   8   3   7   0.0083730105
1   8   4   5   0.0286375737
1   8   4   8   0.0139979586
2   5   1   6   0.0371995153
2   5   2   5   0.1884719229
2   5   2   8   0.0113090729
2   5   4   6   0.0083730105
2   6   1   5   0.0371995153
2   6   1   8   0.0083730105
2   6   2   6   0.1777978753
2   6   3   7   0.0094984733
2   6   4   5   0.0083730105
2   6   4   8   0.0121046883
2   7   2   7   0.1588009286
2   7   3   6   0.0094984733
2   8   1   6   0.0083730105
2   8   2   5   0.0113090729
2   8   2   8   0.1626618330
2   8   4   6   0.0121046883
3   5   1   7   0.0371995153
3   5   3   5   0.1884719229
3   5   3   8   0.0113090729
3   5   4   7   0.0083730105
3   6   2   7   0.0094984733
3   6   3   6   0.1588009286
3   7   1   5   0.0371995153
3   7   1   8   0.0083730105
3   7   2   6   0.0094984733
3   7   3   7   0.1777978753
3   7   4   5   0.0083730105
3   7   4   8   0.0121046883
3   8   1   7   0.0083730105
3   8   3   5   0.0113090729
3   8   3   8   0.1626618330
3   8   4   7   0.0121046883
4   5   1   5   -0.0014724056
4   5   1   8   0.0286375737
4   5   2   6   0.0083730105
4   5   3   7   0.0083730105
4   5   4   5   0.1859642484
4   5   4   8   0.0139979586
4   6   1   6   0.0113090729
4   6   2   5   0.0083730105
4   6   2   8   0.0121046883
4   6   4   6   0.1626618330
4   7   1   7   0.0113090729
4   7   3   5   0.0083730105
4   7   3   8   0.0121046883
4   7   4   7   0.1626618330
4   8   1   5   0.0286375737
4   8   1   8   0.0139979586
4   8   2   6   0.0121046883
4   8   3   7   0.0121046883
4   8   4   5   0.0139979586
4   8   4   8   0.1828231773

End ABCD Block
Begin AIJB Block
1   6   1   5   0.0103402668
1   6   1   8   0.0064851889
1   6   2   5   0.0000004141
1   6   2   8   -0.0000088103
1   6   3   6   -0.0000432083
1   6   3   7   0.0000298599
1   6   4   6   0.0000298599
1   6   4   7   0.0000432083
1   6   5   5   0.0001736030
1   6   5   8   0.0000834739
1   7   1   5   0.0000004141
1   7   1   8   0.0000018928
1   7   2   5   0.0008039034
1   7   2   8   0.0012571550
1   7   3   6   -0.0000156563
1   7   3   7   0.0000108195
1   7   4   6   0.0000108195
1   7   4   7   0.0000156563
1   7   5   5   -0.0001315263
1   7   5   8   -0.0010990235
1   8   1   6   0.0000003573
1   8   1   7   -0.0000002469
1   8   2   6   -0.0000495272
1   8   2   7   0.0000342267
1   8   3   5   0.0002138182
1   8   3   8   0.0003411018
1   8   5   6   0.0013710270
1   8   5   7   -0.0009474738
1   9   1   6   -0.0000002469
1   9   1   7   -0.0000003573
1   9   2   6   0.0000342267
1   9   2   7   0.0000495272
1   9   4   5   0.0002138182
1   9   4   8   0.0003411018
1   9   5   6   -0.0009474738
1   9   5   7   -0.0013710270
1   10   1   5   0.0001736030
1   10   1   8   0.0003093182
1   10   2   5   -0.0001315263
1   10   2   8   -0.0003447345
1   10   3   6   0.0001372954
1   10   3   7   -0.0000948805
1   10   4   6   -0.0000948805
1   10   4   7   -0.0001372954
1   10   5   5   0.0034785833
1   10   5   8   0.0050729738
2   6   1   6   0.0019477520
2   6   2   6   0.0000044461
2   6   3   5   0.0000003573
2   6   3   8   0.0000111421
2   6   4   5   -0.0000002469
2   6   4   8   -0.0000077000
2   6   5   6   -0.0002673616
2   7   1   6   0.0000044461
2   7   2   6   0.0002669147
2   7   3   5   -0.0000495272
2   7   3   8   -0.0005154452
2   7   4   5   0.0000342267
2   7   4   8   0.0003562080
2   7   5   6   0.0000144274
2   8   1   5   -0.0000432083
2   8   1   8   -0.0000614052
2   8   2   5   -0.0000156563
2   8   2   8   -0.0001144426
2   8   3   6   0.0007662736
2   8   3   7   -0.0004770601
2   8   4   6   -0.0004770601
2   8   4   7   0.0002537299
2   8   5   5   0.0001372954
2   8   5   8   0.0002482645
2   9   1   5   0.0000298599
2   9   1   8   0.0000424352
2   9   2   5   0.0000108195
2   9   2   8   0.0000790877
2   9   3   6   -0.0004770601
2   9   3   7   -0.0006143709
2   9   4   6   0.0004056326
2   9   4   7   0.0004770601
2   9   5   5   -0.0000948805
2   9   5   8   -0.0001715678
2   10   1   6   -0.0002673616
2   10   2   6   0.0000144274
2   10   3   5   0.0013710270
2   10   3   8   0.0019793061
2   10   4   5   -0.0009474738
2   10   4   8   -0.0013678364
2   10   5   6   0.0003275746
3   6   1   7   0.0019477520
3   6   2   7   0.0000044461
3   6   3   5   -0.0000002469
3   6   3   8   -0.0000077000
3   6   4   5   -0.0000003573
3   6   4   8   -0.0000111421
3   6   5   7   -0.0002673616
3   7   1   7   0.0000044461
3   7   2   7   0.0002669147
3   7   3   5   0.0000342267
3   7   3   8   0.0003562080
3   7   4   5   0.0000495272
3   7   4   8   0.0005154452
3   7   5   7   0.0000144274
3   8   1   5   0.0000298599
3   8   1   8   0.0000424352
3   8   2   5   0.0000108195
3   8   2   8   0.0000790877
3   8   3   6   -0.0004770601
3   8   3   7   0.0004056326
3   8   4   6   -0.0006143709
3   8   4   7   0.0004770601
3   8   5   5   -0.0000948805
3   8   5   8   -0.0001715678
3   9   1   5   0.0000432083
3   9   1   8   0.0000614052
3   9   2   5   0.0000156563
3   9   2   8   0.0001144426
3   9   3   6   0.0002537299
3   9   3   7   0.0004770601
3   9   4   6   0.0004770601
3   9   4   7   0.0007662736
3   9   5   5   -0.0001372954
3   9   5   8   -0.0002482645
3   10   1   7   -0.0002673616
3   10   2   7   0.0000144274
3   10   3   5   -0.0009474738
3   10   3   8   -0.0013678364
3   10   4   5   -0.0013710270
3   10   4   8   -0.0019793061
3   10   5   7   0.0003275746
4   6   1   5   0.0064851889
4   6   1   8   0.0063999466
4   6   2   5   0.0000018928
4   6   2   8   -0.0000081267
4   6   3   6   -0.0000614052
4   6   3   7   0.0000424352
4   6   4   6   0.0000424352
4   6   4   7   0.0000614052
4   6   5   5   0.0003093182
4   6   5   8   -0.0001858453
4   7   1   5   -0.0000088103
4   7   1   8   -0.0000081267
4   7   2   5   0.0012571550
4   7   2   8   0.0023194319
4   7   3   6   -0.0001144426
4   7   3   7   0.0000790877
4   7   4   6   0.0000790877
4   7   4   7   0.0001144426
4   7   5   5   -0.0003447345
4   7   5   8   -0.0018842640
4   8   1   6   0.0000111421
4   8   1   7   -0.0000077000
4   8   2   6   -0.0005154452
4   8   2   7   0.0003562080
4   8   3   5   0.0003411018
4   8   3   8   0.0007349724
4   8   5   6   0.0019793061
4   8   5   7   -0.0013678364
4   9   1   6   -0.0000077000
4   9   1   7   -0.0000111421
4   9   2   6   0.0003562080
4   9   2   7   0.0005154452
4   9   4   5   0.0003411018
4   9   4   8   0.0007349724
4   9   5   6   -0.0013678364
4   9   5   7   -0.0019793061
4   10   1   5   0.0000834739
4   10   1   8   -0.0001858453
4   10   2   5   -0.0010990235
4   10   2   8   -0.0018842640
4   10   3   6   0.0002482645
4   10   3   7   -0.0001715678
4   10   4   6   -0.0001715678
4   10   4   7   -0.0002482645
4   10   5   5   0.0050729738
4   10   5   8   0.0079958585

1   6   6   1   -0.2944671391
1   6   6   4   -0.0516960032
1   6   7   1   0.0000091492
1   6   7   4   0.0000006102
1   6   8   2   0.0000335358
1   6   8   3   -0.0000231755
1   6   9   2   -0.0000231755
1   6   9   3   -0.0000335358
1   6   10   1   -0.0003736193
1   6   10   4   0.0000226126
1   7   6   1   0.0000091492
1   7   6   4   0.0000006102
1   7   7   1   -0.1079070563
1   7   7   4   -0.0278494989
1   7   8   2   0.0015872579
1   7   8   3   -0.0010969042
1   7   9   2   -0.0010969042
1   7   9   3   -0.0015872579
1   7   10   1   0.0065947255
1   7   10   4   0.0029993288
1   8   6   2   0.0000335358
1   8   6   3   -0.0000231755
1   8   7   2   0.0015872579
1   8   7   3   -0.0010969042
1   8   8   1   -0.1072604782
1   8   8   4   -0.0270943287
1   8   10   2   -0.0005229043
1   8   10   3   0.0003613628
1   9   6   2   -0.0000231755
1   9   6   3   -0.0000335358
1   9   7   2   -0.0010969042
1   9   7   3   -0.0015872579
1   9   9   1   -0.1072604782
1   9   9   4   -0.0270943287
1   9   10   2   0.0003613628
1   9   10   3   0.0005229043
1   10   6   1   -0.0003736193
1   10   6   4   0.0000226126
1   10   7   1   0.0065947255
1   10   7   4   0.0029993288
1   10   8   2   -0.0005229043
1   10   8   3   0.0003613628
1   10   9   2   0.0003613628
1   10   9   3   0.0005229043
1   10   10   1   -0.1107229683
1   10   10   4   -0.0289571082
2   6   6   2   -0.2295670039
2   6   7   2   0.0000034531
2   6   8   1   0.0000335358
2   6   8   4   0.0000168513
2   6   9   1   -0.0000231755
2   6   9   4   -0.0000116454
2   6   10   2   -0.0001104481
2   7   6   2   0.0000034531
2   7   7   2   -0.1097956540
2   7   8   1   0.0015872579
2   7   8   4   0.0018991667
2   7   9   1   -0.0010969042
2   7   9   4   -0.0013124546
2   7   10   2   0.0062234657
2   8   6   1   0.0000335358
2   8   6   4   0.0000168513
2   8   7   1   0.0015872579
2   8   7   4   0.0018991667
2   8   8   2   -0.1096134052
2   8   8   3   0.0002169813
2   8   9   2   0.0002169813
2   8   9   3   0.0000820152
2   8   10   1   -0.0005229043
2   8   10   4   -0.0005956262
2   9   6   1   -0.0000231755
2   9   6   4   -0.0000116454
2   9   7   1   -0.0010969042
2   9   7   4   -0.0013124546
2   9   8   2   0.0002169813
2   9   8   3   0.0000820152
2   9   9   2   -0.1094493748
2   9   9   3   -0.0002169813
2   9   10   1   0.0003613628
2   9   10   4   0.0004116186
2   10   6   2   -0.0001104481
2   10   7   2   0.0062234657
2   10   8   1   -0.0005229043
2   10   8   4   -0.0005956262
2   10   9   1   0.0003613628
2   10   9   4   0.0004116186
2   10   10   2   -0.1120544918
3   6   6   3   -0.2295670039
3   6   7   3   0.0000034531
3   6   8   1   -0.0000231755
3   6   8   4   -0.0000116454
3   6   9   1   -0.0000335358
3   6   9   4   -0.0000168513
3   6   10   3   -0.0001104481
3   7   6   3   0.0000034531
3   7   7   3   -0.1097956540
3   7   8   1   -0.0010969042
3   7   8   4   -0.0013124546
3   7   9   1   -0.0015872579
3   7   9   4   -0.0018991667
3   7   10   3   0.0062234657
3   8   6   1   -0.0000231755
3   8   6   4   -0.0000116454
3   8   7   1   -0.0010969042
3   8   7   4   -0.0013124546
3   8   8   2   0.0002169813
3   8   8   3   -0.1094493748
3   8   9   2   0.0000820152
3   8   9   3   -0.0002169813
3   8   10   1   0.0003613628
3   8   10   4   0.0004116186
3   9   6   1   -0.0000335358
3   9   6   4   -0.0000168513
3   9   7   1   -0.0015872579
3   9   7   4   -0.0018991667
3   9   8   2   0.0000820152
3   9   8   3   -0.0002169813
3   9   9   2   -0.0002169813
3   9   9   3   -0.1096134052
3   9   10   1   0.0005229043
3   9   10   4   0.0005956262
3   10   6   3   -0.0001104481
3   10   7   3   0.0062234657
3   10   8   1   0.0003613628
3   10   8   4   0.0004116186
3   10   9   1   0.0005229043
3   10   9   4   0.0005956262
3   10   10   3   -0.1120544918
4   6   6   1   -0.0516960032
4   6   6   4   -0.2535073734
4   6   7   1   0.0000006102
4   6   7   4   0.0000045961
4   6   8   2   0.0000168513
4   6   8   3   -0.0000116454
4   6   9   2   -0.0000116454
4   6   9   3   -0.0000168513
4   6   10   1   0.0000226126
4   6   10   4   -0.0000294542
4   7   6   1   0.0000006102
4   7   6   4   0.0000045961
4   7   7   1   -0.0278494989
4   7   7   4   -0.1375049809
4   7   8   2   0.0018991667
4   7   8   3   -0.0013124546
4   7   9   2   -0.0013124546
4   7   9   3   -0.0018991667
4   7   10   1   0.0029993288
4   7   10   4   0.0096547561
4   8   6   2   0.0000168513
4   8   6   3   -0.0000116454
4   8   7   2   0.0018991667
4   8   7   3   -0.0013124546
4   8   8   1   -0.0270943287
4   8   8   4   -0.1361084924
4   8   10   2   -0.0005956262
4   8   10   3   0.0004116186
4   9   6   2   -0.0000116454
4   9   6   3   -0.0000168513
4   9   7   2   -0.0013124546
4   9   7   3   -0.0018991667
4   9   9   1   -0.0270943287
4   9   9   4   -0.1361084924
4   9   10   2   0.0004116186
4   9   10   3   0.0005956262
4   10   6   1   0.0000226126
4   10   6   4   -0.0000294542
4   10   7   1   0.0029993288
4   10   7   4   0.0096547561
4   10   8   2   -0.0005956262
4   10   8   3   0.0004116186
4   10   9   2   0.0004116186
4   10   9   3   0.0005956262
4   10   10   1   -0.0289571082
4   10   10   4   -0.1408425006

End AIJB Block
Begin IJKA Block
1   6   1   5   -0.1030103114
1   6   1   8   -0.0731742820
1   6   2   5   0.0000219933
1   6   2   8   0.0000132126
1   6   3   6   -0.0000167024
1   6   3   7   0.0000115425
1   6   4   6   0.0000115425
1   6   4   7   0.0000167024
1   6   5   5   -0.0010057886
1   6   5   8   -0.0008245203
1   7   1   5   -0.0003752125
1   7   1   8   -0.0003908480
1   7   2   5   -0.0000006187
1   7   2   8   -0.0000011383
1   7   3   6   0.0000000031
1   7   3   7   -0.0000000021
1   7   4   6   -0.0000000021
1   7   4   7   -0.0000000031
1   7   5   5   0.0000015051
1   7   5   8   0.0000022098
1   8   1   6   -0.0014027294
1   8   1   7   0.0009693824
1   8   2   6   0.0000003806
1   8   2   7   -0.0000002630
1   8   3   5   0.0000005805
1   8   3   8   0.0000008137
1   8   5   6   -0.0000025536
1   8   5   7   0.0000017647
1   9   1   6   0.0009693824
1   9   1   7   0.0014027294
1   9   2   6   -0.0000002630
1   9   2   7   -0.0000003806
1   9   4   5   0.0000005805
1   9   4   8   0.0000008137
1   9   5   6   0.0000017647
1   9   5   7   0.0000025536
1   10   1   5   -0.0115876188
1   10   1   8   -0.0175485112
1   10   2   5   0.0000013092
1   10   2   8   0.0000015980
1   10   3   6   0.0000028021
1   10   3   7   -0.0000019365
1   10   4   6   -0.0000019365
1   10   4   7   -0.0000028021
1   10   5   5   -0.0000182629
1   10   5   8   0.0000045752
2   6   1   5   0.0000219933
2   6   1   8   0.0000132126
2   6   2   5   -0.0006491988
2   6   2   8   0.0011501832
2   6   3   6   -0.0000982756
2   6   3   7   0.0000679152
2   6   4   6   0.0000679152
2   6   4   7   0.0000982756
2   6   5   5   0.0001083262
2   6   5   8   -0.0001888503
2   7   1   5   -0.0000006187
2   7   1   8   -0.0000011383
2   7   2   5   -0.0025626289
2   7   2   8   -0.0182543711
2   7   3   6   0.0054220362
2   7   3   7   -0.0037469994
2   7   4   6   -0.0037469994
2   7   4   7   -0.0054220362
2   7   5   5   0.0111965366
2   7   5   8   0.0164983573
2   8   1   6   0.0000003806
2   8   1   7   -0.0000002630
2   8   2   6   0.0221124615
2   8   2   7   -0.0152812294
2   8   3   5   -0.0005091244
2   8   3   8   -0.0029284942
2   8   5   6   0.0006695818
2   8   5   7   -0.0004627270
2   9   1   6   -0.0000002630
2   9   1   7   -0.0000003806
2   9   2   6   -0.0152812294
2   9   2   7   -0.0221124615
2   9   4   5   -0.0005091244
2   9   4   8   -0.0029284942
2   9   5   6   -0.0004627270
2   9   5   7   -0.0006695818
2   10   1   5   0.0000013092
2   10   1   8   0.0000015980
2   10   2   5   0.0457954821
2   10   2   8   0.0629342104
2   10   3   6   0.0006821054
2   10   3   7   -0.0004713817
2   10   4   6   -0.0004713817
2   10   4   7   -0.0006821054
2   10   5   5   0.0010001885
2   10   5   8   -0.0003058194
3   6   1   6   -0.0000167024
3   6   1   7   0.0000115425
3   6   2   6   -0.0000982756
3   6   2   7   0.0000679152
3   6   3   5   -0.0006362402
3   6   3   8   0.0011284687
3   6   5   6   0.0000353872
3   6   5   7   -0.0000244550
3   7   1   6   0.0000000031
3   7   1   7   -0.0000000021
3   7   2   6   0.0054220362
3   7   2   7   -0.0037469994
3   7   3   5   -0.0023531069
3   7   3   8   -0.0165277861
3   7   5   6   0.0001427806
3   7   5   7   -0.0000986712
3   8   1   5   0.0000005805
3   8   1   8   0.0000008137
3   8   2   5   -0.0005091244
3   8   2   8   -0.0029284942
3   8   3   6   0.0223616227
3   8   3   7   -0.0154534169
3   8   4   6   -0.0009031972
3   8   4   7   -0.0013069572
3   8   5   5   0.0027272897
3   8   5   8   0.0039520766
3   9   3   6   -0.0136470226
3   9   3   7   -0.0197477084
3   9   4   6   0.0013069572
3   9   4   7   -0.0009031972
3   10   1   6   0.0000028021
3   10   1   7   -0.0000019365
3   10   2   6   0.0006821054
3   10   2   7   -0.0004713817
3   10   3   5   0.0409887955
3   10   3   8   0.0557911139
3   10   5   6   0.0011430603
3   10   5   7   -0.0007899332
4   6   1   6   0.0000115425
4   6   1   7   0.0000167024
4   6   2   6   0.0000679152
4   6   2   7   0.0000982756
4   6   4   5   -0.0006362402
4   6   4   8   0.0011284687
4   6   5   6   -0.0000244550
4   6   5   7   -0.0000353872
4   7   1   6   -0.0000000021
4   7   1   7   -0.0000000031
4   7   2   6   -0.0037469994
4   7   2   7   -0.0054220362
4   7   4   5   -0.0023531069
4   7   4   8   -0.0165277861
4   7   5   6   -0.0000986712
4   7   5   7   -0.0001427806
4   8   3   6   -0.0009031972
4   8   3   7   -0.0013069572
4   8   4   6   0.0197477084
4   8   4   7   -0.0136470226
4   9   1   5   0.0000005805
4   9   1   8   0.0000008137
4   9   2   5   -0.0005091244
4   9   2   8   -0.0029284942
4   9   3   6   0.0013069572
4   9   3   7   -0.0009031972
4   9   4   6   -0.0154534169
4   9   4   7   -0.0223616227
4   9   5   5   0.0027272897
4   9   5   8   0.0039520766
4   10   1   6   -0.0000019365
4   10   1   7   -0.0000028021
4   10   2   6   -0.0004713817
4   10   2   7   -0.0006821054
4   10   4   5   0.0409887955
4   10   4   8   0.0557911139
4   10   5   6   -0.0007899332
4   10   5   7   -0.0011430603
5   6   1   5   -0.0010057886
5   6   1   8   -0.0008245203
5   6   2   5   0.0001083262
5   6   2   8   -0.0001888503
5   6   3   6   0.0000353872
5   6   3   7   -0.0000244550
5   6   4   6   -0.0000244550
5   6   4   7   -0.0000353872
5   6   5   5   -0.0007358123
5   6   5   8   0.0012527539
5   7   1   5   0.0000015051
5   7   1   8   0.0000022098
5   7   2   5   0.0111965366
5   7   2   8   0.0164983573
5   7   3   6   0.0001427806
5   7   3   7   -0.0000986712
5   7   4   6   -0.0000986712
5   7   4   7   -0.0001427806
5   7   5   5   -0.0020551329
5   7   5   8   -0.0155320636
5   8   1   6   -0.0000025536
5   8   1   7   0.0000017647
5   8   2   6   0.0006695818
5   8   2   7   -0.0004627270
5   8   3   5   0.0027272897
5   8   3   8   0.0039520766
5   8   5   6   0.0189137142
5   8   5   7   -0.0130706754
5   9   1   6   0.0000017647
5   9   1   7   0.0000025536
5   9   2   6   -0.0004627270
5   9   2   7   -0.0006695818
5   9   4   5   0.0027272897
5   9   4   8   0.0039520766
5   9   5   6   -0.0130706754
5   9   5   7   -0.0189137142
5   10   1   5   -0.0000182629
5   10   1   8   0.0000045752
5   10   2   5   0.0010001885
5   10   2   8   -0.0003058194
5   10   3   6   0.0011430603
5   10   3   7   -0.0007899332
5   10   4   6   -0.0007899332
5   10   4   7   -0.0011430603
5   10   5   5   0.0443212967
5   10   5   8   0.0603398048

End IJKA Block
Begin IABC Block
1   5   1   5   -0.0005902660
1   5   1   8   -0.0018946089
1   5   2   6   0.0032396603
1   5   3   7   0.0032396603
1   5   4   5   -0.0033758696
1   5   4   8   0.0009796597
1   6   1   6   -0.0003431957
1   6   2   5   0.0032396603
1   6   2   8   0.0016563256
1   6   4   6   -0.0007669437
1   7   1   7   -0.0003431957
1   7   3   5   0.0032396603
1   7   3   8   0.0016563256
1   7   4   7   -0.0007669437
1   8   1   5   -0.0018946089
1   8   1   8   -0.0019777253
1   8   2   6   0.0016563256
1   8   3   7   0.0016563256
1   8   4   5   0.0009796597
1   8   4   8   0.0004768577
2   5   1   5   -0.0002780640
2   5   1   8   -0.0001629166
2   5   2   6   0.0000172112
2   5   3   7   0.0000172112
2   5   4   5   -0.0003802208
2   5   4   8   -0.0002771773
2   6   1   6   -0.0002736790
2   6   2   5   0.0000172112
2   6   2   8   0.0000115058
2   6   4   6   -0.0003133616
2   7   1   7   -0.0002736790
2   7   3   5   0.0000172112
2   7   3   8   0.0000115058
2   7   4   7   -0.0003133616
2   8   1   5   -0.0001629166
2   8   1   8   -0.0004714466
2   8   2   6   0.0000115058
2   8   3   7   0.0000115058
2   8   4   5   -0.0002771773
2   8   4   8   -0.0007638039
3   5   1   6   -0.0004362053
3   5   1   7   0.0003014478
3   5   2   5   -0.0010077936
3   5   2   8   0.0000753723
3   5   3   5   0.0006964546
3   5   3   8   -0.0000520874
3   5   4   6   -0.0006986604
3   5   4   7   0.0004828223
3   6   1   5   -0.0004362053
3   6   1   8   -0.0002706675
3   6   2   6   -0.0011315019
3   6   2   7   0.0001285076
3   6   3   6   0.0005249303
3   6   3   7   -0.0001859549
3   6   4   5   -0.0006986604
3   6   4   8   -0.0005861032
3   7   1   5   0.0003014478
3   7   1   8   0.0001870498
3   7   2   6   0.0001285076
3   7   2   7   -0.0007595921
3   7   3   6   -0.0001859549
3   7   3   7   0.0007819455
3   7   4   5   0.0004828223
3   7   4   8   0.0004050376
3   8   1   6   -0.0002706675
3   8   1   7   0.0001870498
3   8   2   5   0.0000753723
3   8   2   8   -0.0003289329
3   8   3   5   -0.0000520874
3   8   3   8   0.0002273152
3   8   4   6   -0.0005861032
3   8   4   7   0.0004050376
4   5   1   6   0.0003014478
4   5   1   7   0.0004362053
4   5   2   5   0.0006964546
4   5   2   8   -0.0000520874
4   5   3   5   0.0010077936
4   5   3   8   -0.0000753723
4   5   4   6   0.0004828223
4   5   4   7   0.0006986604
4   6   1   5   0.0003014478
4   6   1   8   0.0001870498
4   6   2   6   0.0007819455
4   6   2   7   0.0001859549
4   6   3   6   0.0007595921
4   6   3   7   0.0001285076
4   6   4   5   0.0004828223
4   6   4   8   0.0004050376
4   7   1   5   0.0004362053
4   7   1   8   0.0002706675
4   7   2   6   0.0001859549
4   7   2   7   0.0005249303
4   7   3   6   0.0001285076
4   7   3   7   0.0011315019
4   7   4   5   0.0006986604
4   7   4   8   0.0005861032
4   8   1   6   0.0001870498
4   8   1   7   0.0002706675
4   8   2   5   -0.0000520874
4   8   2   8   0.0002273152
4   8   3   5   -0.0000753723
4   8   3   8   0.0003289329
4   8   4   6   0.0004050376
4   8   4   7   0.0005861032
5   5   1   5   -0.0059546729
5   5   1   8   -0.0003266805
5   5   2   6   -0.0022933188
5   5   3   7   -0.0022933188
5   5   4   5   -0.0072827057
5   5   4   8   -0.0028386860
5   6   1   6   -0.0045195234
5   6   2   5   -0.0022933188
5   6   2   8   -0.0013984121
5   6   4   6   -0.0066233005
5   7   1   7   -0.0045195234
5   7   3   5   -0.0022933188
5   7   3   8   -0.0013984121
5   7   4   7   -0.0066233005
5   8   1   5   -0.0003266805
5   8   1   8   -0.0039777613
5   8   2   6   -0.0013984121
5   8   3   7   -0.0013984121
5   8   4   5   -0.0028386860
5   8   4   8   -0.0075173003

End IABC Block
