Begin IJ Block
1   1   -5.2380466936
1   2   0.0000010612
1   5   -0.0115935661
2   2   -6.6938879404
2   5   -0.0257809665
3   3   -5.7431792198
4   4   -5.7431792198
5   5   -5.3549330165

End IJ Block
Begin IA Block
1   1   0.1116031356
2   1   0.0083664383
3   2   0.0095323120
3   3   0.0811832918
4   2   0.0811832918
4   3   -0.0095323120
5   1   0.0729537740

End IA Block
Begin AB Block
1   1   -1.5063271342
2   2   -1.3053970611
3   3   -1.3053970611

End AB Block
Begin IJKL Block
1   6   1   6   1.6355298866
1   6   1   7   -0.0000515908
1   6   1   10   0.0132485038
1   6   2   6   -0.0000515908
1   6   2   7   0.0000053808
1   6   2   10   -0.0000025959
1   6   3   8   0.0000005871
1   6   3   9   -0.0000000000
1   6   4   8   0.0000000000
1   6   4   9   0.0000005871
1   6   5   6   0.0132485038
1   6   5   7   -0.0000025959
1   6   5   10   -0.0001442713
1   7   1   6   -0.0000515908
1   7   1   7   0.1131048847
1   7   1   10   -0.0078563825
1   7   2   6   0.0000086749
1   7   2   7   0.0000089390
1   7   2   10   -0.0000015590
1   7   3   8   0.0000007863
1   7   4   9   0.0000007863
1   7   5   6   0.0000019160
1   7   5   7   -0.0002538432
1   7   5   10   0.0000277292
1   8   1   8   0.1127932811
1   8   2   8   0.0000090050
1   8   3   6   -0.0000036370
1   8   3   7   0.0000012336
1   8   3   10   0.0000000631
1   8   5   8   -0.0002491831
1   9   1   9   0.1127932811
1   9   2   9   0.0000090050
1   9   4   6   -0.0000036370
1   9   4   7   0.0000012336
1   9   4   10   0.0000000631
1   9   5   9   -0.0002491831
1   10   1   6   0.0132485038
1   10   1   7   -0.0078563825
1   10   1   10   0.1297478075
1   10   2   6   0.0000019160
1   10   2   7   0.0000008437
1   10   2   10   0.0000088024
1   10   3   8   0.0000042627
1   10   3   9   -0.0000000000
1   10   4   8   0.0000000000
1   10   4   9   0.0000042627
1   10   5   6   0.0004162361
1   10   5   7   0.0000285911
1   10   5   10   -0.0001805897
2   6   1   6   -0.0000515908
2   6   1   7   0.0000086749
2   6   1   10   0.0000019160
2   6   2   6   0.1131048847
2   6   2   7   0.0000089390
2   6   2   10   -0.0002538432
2   6   3   8   0.0000007863
2   6   4   9   0.0000007863
2   6   5   6   -0.0078563825
2   6   5   7   -0.0000015590
2   6   5   10   0.0000277292
2   7   1   6   0.0000053808
2   7   1   7   0.0000089390
2   7   1   10   0.0000008437
2   7   2   6   0.0000089390
2   7   2   7   0.8723570709
2   7   2   10   0.0073451225
2   7   3   8   0.1548210381
2   7   3   9   -0.0000000000
2   7   4   8   0.0000000000
2   7   4   9   0.1548210381
2   7   5   6   0.0000008437
2   7   5   7   0.0073451225
2   7   5   10   0.1398403502
2   8   1   8   0.0000090050
2   8   2   8   0.8212344124
2   8   3   6   0.0000012336
2   8   3   7   0.1596520121
2   8   3   10   0.0016042068
2   8   5   8   0.0070233148
2   9   1   9   0.0000090050
2   9   2   9   0.8212344124
2   9   4   6   0.0000012336
2   9   4   7   0.1596520121
2   9   4   10   0.0016042068
2   9   5   9   0.0070233148
2   10   1   6   -0.0000025959
2   10   1   7   -0.0000015590
2   10   1   10   0.0000088024
2   10   2   6   -0.0002538432
2   10   2   7   0.0073451225
2   10   2   10   0.7500173149
2   10   3   8   0.0014914843
2   10   3   9   -0.0000000000
2   10   4   8   0.0000000000
2   10   4   9   0.0014914843
2   10   5   6   0.0000285911
2   10   5   7   0.1451472362
2   10   5   10   0.0062771317
3   6   1   8   -0.0000036370
3   6   2   8   0.0000012336
3   6   3   6   0.1127932811
3   6   3   7   0.0000090050
3   6   3   10   -0.0002491831
3   6   5   8   0.0000000631
3   7   1   8   0.0000012336
3   7   2   8   0.1596520121
3   7   3   6   0.0000090050
3   7   3   7   0.8212344124
3   7   3   10   0.0070233148
3   7   5   8   0.0016042068
3   8   1   6   0.0000005871
3   8   1   7   0.0000007863
3   8   1   10   0.0000042627
3   8   2   6   0.0000007863
3   8   2   7   0.1548210381
3   8   2   10   0.0014914843
3   8   3   8   0.8218449850
3   8   3   9   -0.0000000000
3   8   4   8   0.0000000000
3   8   4   9   0.0324473074
3   8   5   6   0.0000042627
3   8   5   7   0.0014914843
3   8   5   10   0.0301492178
3   9   1   6   -0.0000000000
3   9   1   10   -0.0000000000
3   9   2   7   -0.0000000000
3   9   2   10   -0.0000000000
3   9   3   8   -0.0000000000
3   9   3   9   0.7508338297
3   9   4   8   0.0385638478
3   9   4   9   -0.0000000000
3   9   5   6   -0.0000000000
3   9   5   7   0.0000000000
3   9   5   10   -0.0000000000
3   10   1   8   0.0000000631
3   10   2   8   0.0016042068
3   10   3   6   -0.0002491831
3   10   3   7   0.0070233148
3   10   3   10   0.6872395831
3   10   5   8   0.0352852705
4   6   1   9   -0.0000036370
4   6   2   9   0.0000012336
4   6   4   6   0.1127932811
4   6   4   7   0.0000090050
4   6   4   10   -0.0002491831
4   6   5   9   0.0000000631
4   7   1   9   0.0000012336
4   7   2   9   0.1596520121
4   7   4   6   0.0000090050
4   7   4   7   0.8212344124
4   7   4   10   0.0070233148
4   7   5   9   0.0016042068
4   8   1   6   0.0000000000
4   8   1   10   0.0000000000
4   8   2   7   0.0000000000
4   8   2   10   0.0000000000
4   8   3   8   0.0000000000
4   8   3   9   0.0385638478
4   8   4   8   0.7508338297
4   8   4   9   0.0000000000
4   8   5   6   0.0000000000
4   8   5   7   -0.0000000000
4   8   5   10   0.0000000000
4   9   1   6   0.0000005871
4   9   1   7   0.0000007863
4   9   1   10   0.0000042627
4   9   2   6   0.0000007863
4   9   2   7   0.1548210381
4   9   2   10   0.0014914843
4   9   3   8   0.0324473074
4   9   3   9   -0.0000000000
4   9   4   8   0.0000000000
4   9   4   9   0.8218449850
4   9   5   6   0.0000042627
4   9   5   7   0.0014914843
4   9   5   10   0.0301492178
4   10   1   9   0.0000000631
4   10   2   9   0.0016042068
4   10   4   6   -0.0002491831
4   10   4   7   0.0070233148
4   10   4   10   0.6872395831
4   10   5   9   0.0352852705
5   6   1   6   0.0132485038
5   6   1   7   0.0000019160
5   6   1   10   0.0004162361
5   6   2   6   -0.0078563825
5   6   2   7   0.0000008437
5   6   2   10   0.0000285911
5   6   3   8   0.0000042627
5   6   3   9   -0.0000000000
5   6   4   8   0.0000000000
5   6   4   9   0.0000042627
5   6   5   6   0.1297478075
5   6   5   7   0.0000088024
5   6   5   10   -0.0001805897
5   7   1   6   -0.0000025959
5   7   1   7   -0.0002538432
5   7   1   10   0.0000285911
5   7   2   6   -0.0000015590
5   7   2   7   0.0073451225
5   7   2   10   0.1451472362
5   7   3   8   0.0014914843
5   7   3   9   0.0000000000
5   7   4   8   -0.0000000000
5   7   4   9   0.0014914843
5   7   5   6   0.0000088024
5   7   5   7   0.7500173149
5   7   5   10   0.0062771317
5   8   1   8   -0.0002491831
5   8   2   8   0.0070233148
5   8   3   6   0.0000000631
5   8   3   7   0.0016042068
5   8   3   10   0.0352852705
5   8   5   8   0.6872395831
5   9   1   9   -0.0002491831
5   9   2   9   0.0070233148
5   9   4   6   0.0000000631
5   9   4   7   0.0016042068
5   9   4   10   0.0352852705
5   9   5   9   0.6872395831
5   10   1   6   -0.0001442713
5   10   1   7   0.0000277292
5   10   1   10   -0.0001805897
5   10   2   6   0.0000277292
5   10   2   7   0.1398403502
5   10   2   10   0.0062771317
5   10   3   8   0.0301492178
5   10   3   9   -0.0000000000
5   10   4   8   0.0000000000
5   10   4   9   0.0301492178
5   10   5   6   -0.0001805897
5   10   5   7   0.0062771317
5   10   5   10   0.7115695577

End IJKL Block
Begin IJAB Block
1   6   1   4   0.0148687289
1   6   2   5   0.0025588801
1   6   3   6   0.0025588801
1   7   1   4   -0.0000061734
1   7   2   5   0.0000076774
1   7   3   6   0.0000076774
1   8   1   5   0.0000000606
1   8   1   6   0.0000005161
1   8   2   4   0.0000027416
1   8   3   4   0.0000233491
1   9   1   5   0.0000005161
1   9   1   6   -0.0000000606
1   9   2   4   0.0000233491
1   9   3   4   -0.0000027416
1   10   1   4   0.0007462010
1   10   2   5   -0.0005313082
1   10   3   6   -0.0005313082
2   6   1   4   -0.0000061734
2   6   2   5   0.0000076774
2   6   3   6   0.0000076774
2   7   1   4   0.0012927788
2   7   2   5   0.0001520649
2   7   3   6   0.0001520649
2   8   1   5   0.0000066796
2   8   1   6   0.0000568878
2   8   2   4   0.0000029555
2   8   3   4   0.0000251713
2   9   1   5   0.0000568878
2   9   1   6   -0.0000066796
2   9   2   4   0.0000251713
2   9   3   4   -0.0000029555
2   10   1   4   -0.0006807995
2   10   2   5   -0.0000158760
2   10   3   6   -0.0000158760
3   6   1   5   0.0000027416
3   6   1   6   0.0000233491
3   6   2   4   0.0000000606
3   6   3   4   0.0000005161
3   7   1   5   0.0000029555
3   7   1   6   0.0000251713
3   7   2   4   0.0000066796
3   7   3   4   0.0000568878
3   8   1   4   0.0011657638
3   8   2   5   0.0000683866
3   8   2   6   0.0000484413
3   8   3   5   0.0000484413
3   8   3   6   0.0004752562
3   9   1   4   -0.0000000001
3   9   2   5   0.0000484413
3   9   2   6   0.0000689952
3   9   3   5   0.0003378745
3   9   3   6   -0.0000484414
3   10   1   5   -0.0000609353
3   10   1   6   -0.0005189639
3   10   2   4   -0.0001038251
3   10   3   4   -0.0008842414
4   6   1   5   0.0000233491
4   6   1   6   -0.0000027416
4   6   2   4   0.0000005161
4   6   3   4   -0.0000000606
4   7   1   5   0.0000251713
4   7   1   6   -0.0000029555
4   7   2   4   0.0000568878
4   7   3   4   -0.0000066796
4   8   1   4   0.0000000001
4   8   2   5   0.0000484414
4   8   2   6   0.0003378745
4   8   3   5   0.0000689952
4   8   3   6   -0.0000484413
4   9   1   4   0.0011657638
4   9   2   5   0.0004752562
4   9   2   6   -0.0000484413
4   9   3   5   -0.0000484413
4   9   3   6   0.0000683866
4   10   1   5   -0.0005189639
4   10   1   6   0.0000609353
4   10   2   4   -0.0008842414
4   10   3   4   0.0001038251
5   6   1   4   0.0007462010
5   6   2   5   -0.0005313082
5   6   3   6   -0.0005313082
5   7   1   4   -0.0006807995
5   7   2   5   -0.0000158760
5   7   3   6   -0.0000158760
5   8   1   5   -0.0001038251
5   8   1   6   -0.0008842414
5   8   2   4   -0.0000609353
5   8   3   4   -0.0005189639
5   9   1   5   -0.0008842414
5   9   1   6   0.0001038251
5   9   2   4   -0.0005189639
5   9   3   4   0.0000609353
5   10   1   4   0.0105173398
5   10   2   5   0.0001462675
5   10   3   6   0.0001462675

End IJAB Block
Begin ABCD Block
1   4   1   4   0.2328099459
1   4   2   5   0.0393517129
1   4   3   6   0.0393517129
1   5   1   5   0.1949296284
1   5   2   4   0.0393856718
1   6   1   6   0.1949296284
1   6   3   4   0.0393856718
2   4   1   5   0.0393856718
2   4   2   4   0.1949296284
2   5   1   4   0.0393517129
2   5   2   5   0.1877217102
2   5   3   6   0.0099913348
2   6   2   6   0.1677394334
2   6   3   5   0.0099909419
3   4   1   6   0.0393856718
3   4   3   4   0.1949296284
3   5   2   6   0.0099909419
3   5   3   5   0.1677394334
3   6   1   4   0.0393517129
3   6   2   5   0.0099913348
3   6   3   6   0.1877217102

End ABCD Block
Begin AIJB Block
1   6   1   4   0.0113882854
1   6   2   4   -0.0000002398
1   6   3   5   0.0000022994
1   6   3   6   0.0000195827
1   6   4   5   0.0000195827
1   6   4   6   -0.0000022994
1   6   5   4   0.0003309389
1   7   1   4   -0.0000002398
1   7   2   4   0.0019865346
1   7   3   5   0.0000000588
1   7   3   6   0.0000005005
1   7   4   5   0.0000005005
1   7   4   6   -0.0000000588
1   7   5   4   0.0005215739
1   8   1   5   0.0000002158
1   8   1   6   0.0000018379
1   8   2   5   -0.0000040382
1   8   2   6   -0.0000343921
1   8   3   4   -0.0003995771
1   8   5   5   -0.0001759258
1   8   5   6   -0.0014982972
1   9   1   5   0.0000018379
1   9   1   6   -0.0000002158
1   9   2   5   -0.0000343921
1   9   2   6   0.0000040382
1   9   4   4   -0.0003995771
1   9   5   5   -0.0014982972
1   9   5   6   0.0001759258
1   10   1   4   0.0003309389
1   10   2   4   0.0005215739
1   10   3   5   -0.0000115840
1   10   3   6   -0.0000986572
1   10   4   5   -0.0000986572
1   10   4   6   0.0000115840
1   10   5   4   0.0096006900
2   6   1   5   0.0023113637
2   6   2   5   0.0000036528
2   6   3   4   0.0000002158
2   6   4   4   0.0000018379
2   6   5   5   -0.0003819427
2   7   1   5   0.0000036528
2   7   2   5   0.0001467277
2   7   3   4   -0.0000040382
2   7   4   4   -0.0000343921
2   7   5   5   0.0000073537
2   8   1   4   0.0000022994
2   8   2   4   0.0000000588
2   8   3   5   0.0000329112
2   8   3   6   0.0000543312
2   8   4   5   0.0000543312
2   8   4   6   0.0004210216
2   8   5   4   -0.0000115840
2   9   1   4   0.0000195827
2   9   2   4   0.0000005005
2   9   3   5   0.0000543312
2   9   3   6   0.0000353180
2   9   4   5   0.0004892508
2   9   4   6   -0.0000543312
2   9   5   4   -0.0000986572
2   10   1   5   -0.0003819427
2   10   2   5   0.0000073537
2   10   3   4   -0.0001759258
2   10   4   4   -0.0014982972
2   10   5   5   0.0009762208
3   6   1   6   0.0023113637
3   6   2   6   0.0000036528
3   6   3   4   0.0000018379
3   6   4   4   -0.0000002158
3   6   5   6   -0.0003819427
3   7   1   6   0.0000036528
3   7   2   6   0.0001467277
3   7   3   4   -0.0000343921
3   7   4   4   0.0000040382
3   7   5   6   0.0000073537
3   8   1   4   0.0000195827
3   8   2   4   0.0000005005
3   8   3   5   0.0000543312
3   8   3   6   0.0004892508
3   8   4   5   0.0000353180
3   8   4   6   -0.0000543312
3   8   5   4   -0.0000986572
3   9   1   4   -0.0000022994
3   9   2   4   -0.0000000588
3   9   3   5   0.0004210216
3   9   3   6   -0.0000543312
3   9   4   5   -0.0000543312
3   9   4   6   0.0000329112
3   9   5   4   0.0000115840
3   10   1   6   -0.0003819427
3   10   2   6   0.0000073537
3   10   3   4   -0.0014982972
3   10   4   4   0.0001759258
3   10   5   6   0.0009762208

1   6   6   1   -0.3016560029
1   6   7   1   0.0000062256
1   6   8   2   -0.0000016282
1   6   8   3   -0.0000138667
1   6   9   2   -0.0000138667
1   6   9   3   0.0000016282
1   6   10   1   -0.0006620588
1   7   6   1   0.0000062256
1   7   7   1   -0.1060624390
1   7   8   2   -0.0001620360
1   7   8   3   -0.0013800026
1   7   9   2   -0.0013800026
1   7   9   3   0.0001620360
1   7   10   1   0.0047800345
1   8   6   2   -0.0000013505
1   8   6   3   -0.0000115020
1   8   7   2   -0.0001610537
1   8   7   3   -0.0013716366
1   8   8   1   -0.1039376946
1   8   10   2   0.0000456914
1   8   10   3   0.0003891372
1   9   6   2   -0.0000115020
1   9   6   3   0.0000013505
1   9   7   2   -0.0013716366
1   9   7   3   0.0001610537
1   9   9   1   -0.1039376946
1   9   10   2   0.0003891372
1   9   10   3   -0.0000456914
1   10   6   1   -0.0006620588
1   10   7   1   0.0047800345
1   10   8   2   0.0000529742
1   10   8   3   0.0004511622
1   10   9   2   0.0004511622
1   10   9   3   -0.0000529742
1   10   10   1   -0.1035006214
2   6   6   2   -0.2429035757
2   6   7   2   0.0000007894
2   6   8   1   -0.0000013505
2   6   9   1   -0.0000115020
2   6   10   2   -0.0001811957
2   7   6   2   0.0000007894
2   7   7   2   -0.0993745464
2   7   8   1   -0.0001610537
2   7   9   1   -0.0013716366
2   7   10   2   0.0053287681
2   8   6   1   -0.0000016282
2   8   7   1   -0.0001620360
2   8   8   2   -0.0990621657
2   8   8   3   -0.0000301321
2   8   9   2   -0.0000301321
2   8   9   3   -0.0001241260
2   8   10   1   0.0000529742
2   9   6   1   -0.0000138667
2   9   7   1   -0.0013800026
2   9   8   2   -0.0000301321
2   9   8   3   -0.0001289606
2   9   9   2   -0.0993152523
2   9   9   3   0.0000301321
2   9   10   1   0.0004511622
2   10   6   2   -0.0001811957
2   10   7   2   0.0053287681
2   10   8   1   0.0000456914
2   10   9   1   0.0003891372
2   10   10   2   -0.1071239755
3   6   6   3   -0.2429035757
3   6   7   3   0.0000007894
3   6   8   1   -0.0000115020
3   6   9   1   0.0000013505
3   6   10   3   -0.0001811957
3   7   6   3   0.0000007894
3   7   7   3   -0.0993745464
3   7   8   1   -0.0013716366
3   7   9   1   0.0001610537
3   7   10   3   0.0053287681
3   8   6   1   -0.0000138667
3   8   7   1   -0.0013800026
3   8   8   2   -0.0000301321
3   8   8   3   -0.0993152523
3   8   9   2   -0.0001289606
3   8   9   3   0.0000301321
3   8   10   1   0.0004511622
3   9   6   1   0.0000016282
3   9   7   1   0.0001620360
3   9   8   2   -0.0001241260
3   9   8   3   0.0000301321
3   9   9   2   0.0000301321
3   9   9   3   -0.0990621657
3   9   10   1   -0.0000529742
3   10   6   3   -0.0001811957
3   10   7   3   0.0053287681
3   10   8   1   0.0003891372
3   10   9   1   -0.0000456914
3   10   10   3   -0.1071239755

End AIJB Block
Begin IJKA Block
1   6   1   4   -0.1109022570
1   6   2   4   0.0000035680
1   6   3   5   0.0000015040
1   6   3   6   0.0000128090
1   6   4   5   0.0000128090
1   6   4   6   -0.0000015040
1   6   5   4   -0.0010885409
1   7   1   4   0.0000525772
1   7   2   4   0.0000152221
1   7   3   5   -0.0000000358
1   7   3   6   -0.0000003045
1   7   4   5   -0.0000003045
1   7   4   6   0.0000000358
1   7   5   4   -0.0000062107
1   8   1   5   0.0000550124
1   8   1   6   0.0004685207
1   8   2   5   -0.0000000204
1   8   2   6   -0.0000001738
1   8   3   4   0.0000060859
1   8   5   5   -0.0000002670
1   8   5   6   -0.0000022743
1   9   1   5   0.0004685207
1   9   1   6   -0.0000550124
1   9   2   5   -0.0000001738
1   9   2   6   0.0000000204
1   9   4   4   0.0000060859
1   9   5   5   -0.0000022743
1   9   5   6   0.0000002670
1   10   1   4   -0.0109564083
1   10   2   4   -0.0000026216
1   10   3   5   -0.0000016862
1   10   3   6   -0.0000143606
1   10   4   5   -0.0000143606
1   10   4   6   0.0000016862
1   10   5   4   0.0001604205
2   6   1   4   0.0000068544
2   6   2   4   -0.0004186498
2   6   3   5   0.0000085466
2   6   3   6   0.0000727885
2   6   4   5   0.0000727885
2   6   4   6   -0.0000085466
2   6   5   4   0.0000480165
2   7   1   4   0.0000054243
2   7   2   4   -0.0017834263
2   7   3   5   -0.0005245624
2   7   3   6   -0.0044675100
2   7   4   5   -0.0044675100
2   7   4   6   0.0005245624
2   7   5   4   0.0126786478
2   8   1   5   0.0000000652
2   8   1   6   0.0000005557
2   8   2   5   -0.0016111935
2   8   2   6   -0.0137219586
2   8   3   4   -0.0002610639
2   8   5   5   -0.0000414284
2   8   5   6   -0.0003528311
2   9   1   5   0.0000005557
2   9   1   6   -0.0000000652
2   9   2   5   -0.0137219586
2   9   2   6   0.0016111935
2   9   4   4   -0.0002610639
2   9   5   5   -0.0003528311
2   9   5   6   0.0000414284
2   10   1   4   -0.0000101613
2   10   2   4   -0.0016707809
2   10   3   5   -0.0000730789
2   10   3   6   -0.0006223869
2   10   4   5   -0.0006223869
2   10   4   6   0.0000730789
2   10   5   4   -0.0005891346
3   6   1   5   0.0000003076
3   6   1   6   0.0000026198
3   6   2   5   0.0000081596
3   6   2   6   0.0000694926
3   6   3   4   -0.0004199879
3   6   5   5   -0.0000027977
3   6   5   6   -0.0000238271
3   7   1   5   -0.0000000063
3   7   1   6   -0.0000000536
3   7   2   5   -0.0005183588
3   7   2   6   -0.0044146763
3   7   3   4   -0.0011694636
3   7   5   5   -0.0000064244
3   7   5   6   -0.0000547143
3   8   1   4   0.0000140718
3   8   2   4   -0.0002756260
3   8   3   5   -0.0017590567
3   8   3   6   -0.0149812568
3   8   4   5   -0.0013801718
3   8   4   6   0.0001620559
3   8   5   4   0.0073934483
3   9   1   4   -0.0000000000
3   9   2   4   -0.0000000000
3   9   3   5   -0.0122170044
3   9   3   6   0.0014344860
3   9   4   5   -0.0001625148
3   9   4   6   -0.0013840806
3   9   5   4   0.0000000000
3   10   1   5   -0.0000016465
3   10   1   6   -0.0000140226
3   10   2   5   -0.0000557051
3   10   2   6   -0.0004744208
3   10   3   4   -0.0030333190
3   10   4   4   0.0000000000
3   10   5   5   -0.0001881122
3   10   5   6   -0.0016020844
4   6   1   5   0.0000026198
4   6   1   6   -0.0000003076
4   6   2   5   0.0000694926
4   6   2   6   -0.0000081596
4   6   4   4   -0.0004199879
4   6   5   5   -0.0000238271
4   6   5   6   0.0000027977
4   7   1   5   -0.0000000536
4   7   1   6   0.0000000063
4   7   2   5   -0.0044146763
4   7   2   6   0.0005183588
4   7   4   4   -0.0011694636
4   7   5   5   -0.0000547143
4   7   5   6   0.0000064244
4   8   1   4   0.0000000000
4   8   2   4   0.0000000000
4   8   3   5   -0.0013840806
4   8   3   6   0.0001625148
4   8   4   5   -0.0014344860
4   8   4   6   -0.0122170044
4   8   5   4   -0.0000000000
4   9   1   4   0.0000140718
4   9   2   4   -0.0002756260
4   9   3   5   -0.0001620559
4   9   3   6   -0.0013801718
4   9   4   5   -0.0149812568
4   9   4   6   0.0017590567
4   9   5   4   0.0073934483
4   10   1   5   -0.0000140226
4   10   1   6   0.0000016465
4   10   2   5   -0.0004744208
4   10   2   6   0.0000557051
4   10   3   4   -0.0000000000
4   10   4   4   -0.0030333190
4   10   5   5   -0.0016020844
4   10   5   6   0.0001881122
5   6   1   4   -0.0016289660
5   6   2   4   0.0000442292
5   6   3   5   -0.0000044009
5   6   3   6   -0.0000374807
5   6   4   5   -0.0000374807
5   6   4   6   0.0000044009
5   6   5   4   -0.0005257672
5   7   1   4   -0.0000089650
5   7   2   4   0.0124076419
5   7   3   5   -0.0000107015
5   7   3   6   -0.0000911410
5   7   4   5   -0.0000911410
5   7   4   6   0.0000107015
5   7   5   4   -0.0014379800
5   8   1   5   -0.0000006981
5   8   1   6   -0.0000059457
5   8   2   5   -0.0000267890
5   8   2   6   -0.0002281522
5   8   3   4   0.0059322437
5   8   4   4   -0.0000000000
5   8   5   5   -0.0014300786
5   8   5   6   -0.0121794676
5   9   1   5   -0.0000059457
5   9   1   6   0.0000006981
5   9   2   5   -0.0002281522
5   9   2   6   0.0000267890
5   9   3   4   0.0000000000
5   9   4   4   0.0059322437
5   9   5   5   -0.0121794676
5   9   5   6   0.0014300786
5   10   1   4   0.0003028770
5   10   2   4   -0.0018936875
5   10   3   5   -0.0001672680
5   10   3   6   -0.0014245619
5   10   4   5   -0.0014245619
5   10   4   6   0.0001672680
5   10   5   4   0.0321572605

End IJKA Block
Begin IABC Block
1   4   1   4   -0.0011968584
1   4   2   5   0.0037793305
1   4   3   6   0.0037793305
1   5   1   5   -0.0004505591
1   5   2   4   0.0038038253
1   6   1   6   -0.0004505591
1   6   3   4   0.0038038253
2   4   1   4   0.0000364056
2   4   2   5   0.0000359195
2   4   3   6   0.0000359195
2   5   1   5   0.0000283817
2   5   2   4   0.0000383112
2   6   1   6   0.0000283817
2   6   3   4   0.0000383112
3   4   1   5   0.0000283332
3   4   1   6   0.0002413040
3   4   2   4   0.0000229620
3   4   3   4   0.0001955593
3   5   1   4   0.0000260799
3   5   2   5   0.0000841036
3   5   2   6   0.0001382255
3   5   3   5   0.0004409020
3   5   3   6   0.0000161040
3   6   1   4   0.0002221135
3   6   2   5   0.0001371523
3   6   2   6   0.0000517695
3   6   3   5   0.0000162300
3   6   3   6   0.0007162799
4   4   1   5   0.0002413040
4   4   1   6   -0.0000283332
4   4   2   4   0.0001955593
4   4   3   4   -0.0000229620
4   5   1   4   0.0002221135
4   5   2   5   0.0007162799
4   5   2   6   -0.0000162300
4   5   3   5   -0.0000517695
4   5   3   6   0.0001371523
4   6   1   4   -0.0000260799
4   6   2   5   -0.0000161040
4   6   2   6   0.0004409020
4   6   3   5   0.0001382255
4   6   3   6   -0.0000841036
5   4   1   4   -0.0024553312
5   4   2   5   -0.0026029263
5   4   3   6   -0.0026029263
5   5   1   5   -0.0038361825
5   5   2   4   -0.0027550484
5   6   1   6   -0.0038361825
5   6   3   4   -0.0027550484

End IABC Block
