One Electron Eigenvalues:
 1 -41.153492371041
 2 -10.557843917520
 3 -10.152701637570
 4 -8.546944748502
 5 -8.546944513398
 6 -5.810605574300
 7 -5.020386270575
 8 -4.797779457395

Example of symmetry-related two-electron integrals for indices:
Indices: i=1, j=4, k=5, l=6
two_electron_spatial_integrals[1,4,5,6] = -0.0176095771
two_electron_spatial_integrals[5,6,1,4] = -0.0176095771
two_electron_spatial_integrals[1,4,6,5] = -0.0163005654
two_electron_spatial_integrals[6,5,1,4] = -0.0163005654
two_electron_spatial_integrals[4,1,5,6] = -0.0163005654
two_electron_spatial_integrals[5,6,4,1] = -0.0163005654
two_electron_spatial_integrals[4,1,6,5] = -0.0176095771
two_electron_spatial_integrals[6,5,4,1] = -0.0176095771

Two Electron Eigenvalues:
 1 -0.017122247652
 2 -0.009997091236
 3 -0.009099324425
 4 -0.007658139555
 5 -0.007658097127
 6 -0.006964353619
 7 -0.006007564275
 8 -0.004364496100
 9 -0.002998025332
10 -0.002998014068
11 -0.002892252798
12 -0.002892252745
13 -0.002655881947
14 -0.002219365887
15 -0.001350838070
16 -0.000963455614
17 -0.000813721111
18 -0.000789079819
19 -0.000580989626
20 -0.000231280462
21 -0.000032646301
22 0.000130119394
23 0.000232756741
24 0.000642657650
25 0.000642665494
26 0.001836508811
27 0.001957261213
28 0.003448443459
29 0.003544463442
30 0.003544464898
31 0.004697998423
32 0.005305966136
33 0.006769476135
34 0.010842898761
35 0.015408740923
36 0.015779930365
37 0.015779963476
38 0.018100901206
39 0.021113166210
40 0.025375823389
41 0.025375824342
42 0.027500901846
43 0.034734463177
44 0.034734490417
45 0.041607585408
46 0.041607586712
47 0.062429065586
48 0.070330669726
49 0.076036437900
50 0.076036437900
51 0.087520198528
52 0.097311007690
53 0.097311017540
54 0.115227807823
55 0.115227858019
56 0.124361505957
57 0.262740391249
58 0.323748327516
59 0.426691727220
60 0.426692509063
61 0.448833104658
62 1.008353791773
63 2.556382115916
64 8.975971193878
