One Electron Eigenvalues:
 1 -41.090548355482
 2 -10.443101845457
 3 -10.021752302563
 4 -8.496136361100
 5 -8.496136336400
 6 -5.653507428514
 7 -4.981566387422
 8 -4.757087958661

Example of symmetry-related two-electron integrals for indices:
Indices: i=1, j=4, k=5, l=6
two_electron_spatial_integrals[1,4,5,6] = 0.0154626003
two_electron_spatial_integrals[5,6,1,4] = 0.0154626003
two_electron_spatial_integrals[1,4,6,5] = 0.0141501676
two_electron_spatial_integrals[6,5,1,4] = 0.0141501676
two_electron_spatial_integrals[4,1,5,6] = 0.0141501676
two_electron_spatial_integrals[5,6,4,1] = 0.0141501676
two_electron_spatial_integrals[4,1,6,5] = 0.0154626003
two_electron_spatial_integrals[6,5,4,1] = 0.0154626003

Two Electron Eigenvalues:
 1 -0.017491064078
 2 -0.010319765767
 3 -0.009751114141
 4 -0.007903390432
 5 -0.007903364364
 6 -0.006927482696
 7 -0.006035826908
 8 -0.004429254500
 9 -0.002980666452
10 -0.002980666378
11 -0.002874394960
12 -0.002874386413
13 -0.002827008972
14 -0.002334458164
15 -0.001351127882
16 -0.000924219574
17 -0.000791422811
18 -0.000586752926
19 -0.000498596267
20 -0.000138389050
21 -0.000035086894
22 0.000301238309
23 0.000317420282
24 0.000676519733
25 0.000676520599
26 0.001197713641
27 0.002044276752
28 0.003261157351
29 0.003261157724
30 0.003371236571
31 0.004515628834
32 0.005166381866
33 0.006587548941
34 0.010292744955
35 0.014785572495
36 0.014785618796
37 0.015244191059
38 0.019714445002
39 0.021089366731
40 0.022355907793
41 0.022355911706
42 0.027031428398
43 0.034377573108
44 0.034377586199
45 0.041486274298
46 0.041486280303
47 0.062468608328
48 0.067978818518
49 0.075732741250
50 0.075732741300
51 0.083043768599
52 0.097624235107
53 0.097624247849
54 0.113527176226
55 0.113527228406
56 0.118377207893
57 0.266143042223
58 0.311896354435
59 0.425301213627
60 0.425301771178
61 0.449463243853
62 0.982928786442
63 2.540104115111
64 8.888515403037
