One Electron Eigenvalues:
 1 -41.056653494287
 2 -10.390416608108
 3 -9.931556275007
 4 -8.468962045200
 5 -8.468962009500
 6 -5.555476288624
 7 -4.959922075674
 8 -4.726857643801

Example of symmetry-related two-electron integrals for indices:
Indices: i=1, j=4, k=5, l=6
two_electron_spatial_integrals[1,4,5,6] = 0.0143253051
two_electron_spatial_integrals[5,6,1,4] = 0.0143253051
two_electron_spatial_integrals[1,4,6,5] = 0.0130102823
two_electron_spatial_integrals[6,5,1,4] = 0.0130102823
two_electron_spatial_integrals[4,1,5,6] = 0.0130102823
two_electron_spatial_integrals[5,6,4,1] = 0.0130102823
two_electron_spatial_integrals[4,1,6,5] = 0.0143253051
two_electron_spatial_integrals[6,5,4,1] = 0.0143253051

Two Electron Eigenvalues:
 1 -0.017696224657
 2 -0.010573609830
 3 -0.010118555270
 4 -0.008033771184
 5 -0.008033752773
 6 -0.006934399121
 7 -0.006056367415
 8 -0.004474126000
 9 -0.003031580362
10 -0.003031580186
11 -0.002945286504
12 -0.002806408324
13 -0.002806401830
14 -0.002410998674
15 -0.001377947553
16 -0.000899591511
17 -0.000787935662
18 -0.000583814125
19 -0.000354741603
20 -0.000088624900
21 -0.000044236178
22 0.000261294847
23 0.000447629110
24 0.000695590761
25 0.000695591410
26 0.001051727048
27 0.002107246700
28 0.003149863372
29 0.003149864550
30 0.003332167296
31 0.004402308999
32 0.005065388388
33 0.006467444459
34 0.009990873677
35 0.014155862427
36 0.014155904342
37 0.015111251625
38 0.020381416425
39 0.020565669293
40 0.020565673884
41 0.021038959128
42 0.026974605347
43 0.034186035409
44 0.034186045078
45 0.041420846249
46 0.041420851525
47 0.061635395360
48 0.066775156279
49 0.075598546200
50 0.075598546250
51 0.080953922144
52 0.097782109197
53 0.097782121042
54 0.112671539315
55 0.112671581479
56 0.114713893772
57 0.266681985745
58 0.305568270453
59 0.424606133668
60 0.424606529460
61 0.449812345957
62 0.967328547505
63 2.531534239652
64 8.837506166635
