One Electron Eigenvalues:
 1 -41.038005262187
 2 -10.363817019214
 3 -9.875723713627
 4 -8.454164456300
 5 -8.454164408800
 6 -5.498064473031
 7 -4.948174781553
 8 -4.706596976887

Example of symmetry-related two-electron integrals for indices:
Indices: i=1, j=4, k=5, l=6
two_electron_spatial_integrals[1,4,5,6] = 0.0136981067
two_electron_spatial_integrals[5,6,1,4] = 0.0136981067
two_electron_spatial_integrals[1,4,6,5] = 0.0123820367
two_electron_spatial_integrals[6,5,1,4] = 0.0123820367
two_electron_spatial_integrals[4,1,5,6] = 0.0123820367
two_electron_spatial_integrals[5,6,4,1] = 0.0123820367
two_electron_spatial_integrals[4,1,6,5] = 0.0136981067
two_electron_spatial_integrals[6,5,4,1] = 0.0136981067

Two Electron Eigenvalues:
 1 -0.017810016480
 2 -0.010748123887
 3 -0.010313999153
 4 -0.008113171095
 5 -0.008113157258
 6 -0.006947486172
 7 -0.006069552448
 8 -0.004502121200
 9 -0.003061577074
10 -0.003061576682
11 -0.003020542795
12 -0.002769967002
13 -0.002769961744
14 -0.002455641929
15 -0.001398178679
16 -0.000883849926
17 -0.000790259057
18 -0.000580156409
19 -0.000281941239
20 -0.000056036747
21 -0.000052702831
22 0.000208885819
23 0.000524591051
24 0.000704162682
25 0.000704162985
26 0.001040128093
27 0.002148317942
28 0.003096510130
29 0.003096512223
30 0.003294391900
31 0.004340040381
32 0.005008131314
33 0.006408276802
34 0.009834304957
35 0.013775183871
36 0.013775224064
37 0.015017573806
38 0.019528592783
39 0.019528598409
40 0.020640410604
41 0.020984429996
42 0.027009000836
43 0.034061028927
44 0.034061036445
45 0.041378220206
46 0.041378225268
47 0.060885615809
48 0.066110182702
49 0.075536384000
50 0.075536384000
51 0.079922986510
52 0.097854587613
53 0.097854599111
54 0.112241812376
55 0.112241848230
56 0.112558900151
57 0.266409777277
58 0.302100891354
59 0.424238416627
60 0.424238711405
61 0.449990327259
62 0.957879372973
63 2.526822436260
64 8.807819905454
