One Electron Eigenvalues:
 1 -41.026208104758
 2 -10.347761794598
 3 -9.837961588681
 4 -8.444883872100
 5 -8.444883642500
 6 -5.460794636152
 7 -4.940904785307
 8 -4.691926235905

Example of symmetry-related two-electron integrals for indices:
Indices: i=1, j=4, k=5, l=6
two_electron_spatial_integrals[1,4,5,6] = 0.0132999216
two_electron_spatial_integrals[5,6,1,4] = 0.0132999216
two_electron_spatial_integrals[1,4,6,5] = 0.0119834219
two_electron_spatial_integrals[6,5,1,4] = 0.0119834219
two_electron_spatial_integrals[4,1,5,6] = 0.0119834219
two_electron_spatial_integrals[5,6,4,1] = 0.0119834219
two_electron_spatial_integrals[4,1,6,5] = 0.0132999216
two_electron_spatial_integrals[6,5,4,1] = 0.0132999216

Two Electron Eigenvalues:
 1 -0.017881690284
 2 -0.010872963609
 3 -0.010427918269
 4 -0.008167672968
 5 -0.008167324826
 6 -0.006960860184
 7 -0.006078835218
 8 -0.004521022500
 9 -0.003081311740
10 -0.003081300716
11 -0.003072468958
12 -0.002747598414
13 -0.002747502392
14 -0.002483850480
15 -0.001412189171
16 -0.000873233037
17 -0.000793300619
18 -0.000576818523
19 -0.000240224300
20 -0.000060016995
21 -0.000030917008
22 0.000172116698
23 0.000573827273
24 0.000708518755
25 0.000708524270
26 0.001052527474
27 0.002178067754
28 0.003065708222
29 0.003065719043
30 0.003263292952
31 0.004305038274
32 0.004971484701
33 0.006378329373
34 0.009740832761
35 0.013521430993
36 0.013521655872
37 0.014950627187
38 0.018851845313
39 0.018851861755
40 0.020759874045
41 0.020934586974
42 0.027062676133
43 0.033971835075
44 0.033971991757
45 0.041347097626
46 0.041347124666
47 0.060326114772
48 0.065665104722
49 0.075502228300
50 0.075502228374
51 0.079335404623
52 0.097890738595
53 0.097890852582
54 0.111148148762
55 0.111992646414
56 0.111993026911
57 0.265937545680
58 0.299925778026
59 0.424012988804
60 0.424020295603
61 0.450105752719
62 0.951516866924
63 2.523861817631
64 8.788359804624
