One Electron Eigenvalues:
 1 -41.004011958187
 2 -10.318881412400
 3 -9.763222765678
 4 -8.427637786400
 5 -8.427637775800
 6 -5.387480973003
 7 -4.927366718653
 8 -4.662089307979

Example of symmetry-related two-electron integrals for indices:
Indices: i=1, j=4, k=5, l=6
two_electron_spatial_integrals[1,4,5,6] = 0.0125499177
two_electron_spatial_integrals[5,6,1,4] = 0.0125499177
two_electron_spatial_integrals[1,4,6,5] = 0.0112334677
two_electron_spatial_integrals[6,5,1,4] = 0.0112334677
two_electron_spatial_integrals[4,1,5,6] = 0.0112334677
two_electron_spatial_integrals[5,6,4,1] = 0.0112334677
two_electron_spatial_integrals[4,1,6,5] = 0.0125499177
two_electron_spatial_integrals[6,5,4,1] = 0.0125499177

Two Electron Eigenvalues:
 1 -0.017990503305
 2 -0.011129099365
 3 -0.010630231214
 4 -0.008270527827
 5 -0.008270074864
 6 -0.006989160557
 7 -0.006097735519
 8 -0.004559415400
 9 -0.003176961901
10 -0.003119744939
11 -0.003119733494
12 -0.002707569816
13 -0.002707447342
14 -0.002539384479
15 -0.001440447936
16 -0.000851570165
17 -0.000804570567
18 -0.000569672699
19 -0.000176732608
20 -0.000080595945
21 0.000038095957
22 0.000102766961
23 0.000666266226
24 0.000722531418
25 0.000722539598
26 0.001096209460
27 0.002232903113
28 0.003011308678
29 0.003011313679
30 0.003199630981
31 0.004227893524
32 0.004905182839
33 0.006335938694
34 0.009573046801
35 0.013022688678
36 0.013022970180
37 0.014808402659
38 0.017540625138
39 0.017540654791
40 0.020839345616
41 0.020880509727
42 0.027184416078
43 0.033796245069
44 0.033796456729
45 0.041284761759
46 0.041284791521
47 0.059131577486
48 0.064662332444
49 0.075449767600
50 0.075449767634
51 0.078331766277
52 0.097941773184
53 0.097941925461
54 0.108444103213
55 0.111567537555
56 0.111568085813
57 0.264965239197
58 0.295786189754
59 0.423599858781
60 0.423609358748
61 0.450598200924
62 0.938872414293
63 2.518136733400
64 8.751139405402
