One Electron Eigenvalues:
 1 -40.894198349640
 2 -10.193631312790
 3 -9.309496782798
 4 -8.349910035300
 5 -8.349910011400
 6 -5.019158727365
 7 -4.861906942541
 8 -4.391284818265

Example of symmetry-related two-electron integrals for indices:
Indices: i=1, j=4, k=5, l=6
two_electron_spatial_integrals[1,4,5,6] = 0.0088649209
two_electron_spatial_integrals[5,6,1,4] = 0.0088649209
two_electron_spatial_integrals[1,4,6,5] = 0.0075700829
two_electron_spatial_integrals[6,5,1,4] = 0.0075700829
two_electron_spatial_integrals[4,1,5,6] = 0.0075700829
two_electron_spatial_integrals[5,6,4,1] = 0.0075700829
two_electron_spatial_integrals[4,1,6,5] = 0.0088649209
two_electron_spatial_integrals[6,5,4,1] = 0.0088649209

Two Electron Eigenvalues:
 1 -0.017897629242
 2 -0.012767944767
 3 -0.010945859720
 4 -0.008722745551
 5 -0.008722153472
 6 -0.007425353748
 7 -0.006236179826
 8 -0.004792439400
 9 -0.003846762052
10 -0.003311326392
11 -0.003311314398
12 -0.002817143333
13 -0.002583816657
14 -0.002583701718
15 -0.001610325166
16 -0.001020010674
17 -0.000679795908
18 -0.000485276558
19 -0.000258455174
20 -0.000089717217
21 0.000045229205
22 0.000692944550
23 0.000903947384
24 0.000903959701
25 0.001099528155
26 0.001402325300
27 0.002425580074
28 0.002878191109
29 0.002878253666
30 0.003029821096
31 0.003723363623
32 0.004521619813
33 0.006591715496
34 0.008923981488
35 0.010060809216
36 0.010061102312
37 0.010269421304
38 0.010269482391
39 0.013464356362
40 0.019809604762
41 0.020312526997
42 0.028533396951
43 0.032895580578
44 0.032895889362
45 0.040868152460
46 0.040868197006
47 0.051693420066
48 0.056244148234
49 0.075531867663
50 0.075531867800
51 0.075596938988
52 0.095473679752
53 0.097458362590
54 0.097458588024
55 0.110492986278
56 0.110493456397
57 0.251956597632
58 0.277767000177
59 0.422803748319
60 0.422814801391
61 0.458446980953
62 0.859813015366
63 2.486740588942
64 8.555163394841
