One Electron Eigenvalues:
 1 -40.878196972414
 2 -10.177217673674
 3 -9.231662945415
 4 -8.340265694000
 5 -8.340265675700
 6 -4.975233531655
 7 -4.851771513538
 8 -4.320801641204

Example of symmetry-related two-electron integrals for indices:
Indices: i=1, j=4, k=5, l=6
two_electron_spatial_integrals[1,4,5,6] = 0.0083519643
two_electron_spatial_integrals[5,6,1,4] = 0.0083519643
two_electron_spatial_integrals[1,4,6,5] = 0.0070641309
two_electron_spatial_integrals[6,5,1,4] = 0.0070641309
two_electron_spatial_integrals[4,1,5,6] = 0.0070641309
two_electron_spatial_integrals[5,6,4,1] = 0.0070641309
two_electron_spatial_integrals[4,1,6,5] = 0.0083519643
two_electron_spatial_integrals[6,5,4,1] = 0.0083519643

Two Electron Eigenvalues:
 1 -0.017713130890
 2 -0.013025765436
 3 -0.010883407909
 4 -0.008752854887
 5 -0.008752416344
 6 -0.007579648190
 7 -0.006262333889
 8 -0.004829691400
 9 -0.003960064036
10 -0.003332496207
11 -0.003332487501
12 -0.002855083553
13 -0.002576559856
14 -0.002576480571
15 -0.001642196533
16 -0.001064479247
17 -0.000655623604
18 -0.000463853526
19 -0.000264195464
20 -0.000097223962
21 0.000062934905
22 0.000753594898
23 0.000955241913
24 0.000955254651
25 0.001199481743
26 0.001424919582
27 0.002422872268
28 0.002891850074
29 0.002891899940
30 0.003101611449
31 0.003601795538
32 0.004469758866
33 0.006676307346
34 0.008847239453
35 0.009132996169
36 0.009133042258
37 0.009572932227
38 0.009573138661
39 0.013152748908
40 0.019513381751
41 0.020251601462
42 0.028785328526
43 0.032789389042
44 0.032789622887
45 0.040803560921
46 0.040803595499
47 0.050461609301
48 0.054752253648
49 0.075135365400
50 0.075611238600
51 0.075611238801
52 0.094069519757
53 0.097243804295
54 0.097243971615
55 0.110514112659
56 0.110514414111
57 0.248542159841
58 0.276046435213
59 0.423005941929
60 0.423013945513
61 0.460807129801
62 0.846017903456
63 2.481495880675
64 8.526416111955
