One Electron Eigenvalues:
 1 -40.837106044239
 2 -10.138054402621
 3 -9.019219065749
 4 -8.318500954600
 5 -8.318500625100
 6 -4.887918862822
 7 -4.822426022499
 8 -4.086867911469

Example of symmetry-related two-electron integrals for indices:
Indices: i=1, j=4, k=5, l=6
two_electron_spatial_integrals[1,4,5,6] = 0.0071139101
two_electron_spatial_integrals[5,6,1,4] = 0.0071139101
two_electron_spatial_integrals[1,4,6,5] = 0.0058519587
two_electron_spatial_integrals[6,5,1,4] = 0.0058519587
two_electron_spatial_integrals[4,1,5,6] = 0.0058519587
two_electron_spatial_integrals[5,6,4,1] = 0.0058519587
two_electron_spatial_integrals[4,1,6,5] = 0.0071139101
two_electron_spatial_integrals[6,5,4,1] = 0.0071139101

Two Electron Eigenvalues:
 1 -0.016913316616
 2 -0.013632310890
 3 -0.010514019421
 4 -0.008718273047
 5 -0.008717656990
 6 -0.008217435291
 7 -0.006334136140
 8 -0.004919847050
 9 -0.004234701568
10 -0.003356346919
11 -0.003356330420
12 -0.002937448541
13 -0.002550632460
14 -0.002550544101
15 -0.001724512852
16 -0.001165783493
17 -0.000600949365
18 -0.000400853759
19 -0.000243383085
20 -0.000143532161
21 0.000133744562
22 0.000745528270
23 0.001141588028
24 0.001141644084
25 0.001435368573
26 0.001444234255
27 0.002390160438
28 0.002982335193
29 0.002982410750
30 0.003271788153
31 0.003532693966
32 0.004379380374
33 0.006230684790
34 0.006230745202
35 0.006891232782
36 0.008278742394
37 0.008278993040
38 0.008655245457
39 0.012216636341
40 0.018839059683
41 0.020073367099
42 0.029287240265
43 0.032655731451
44 0.032656070986
45 0.040658365364
46 0.040658424002
47 0.047084600056
48 0.051291394124
49 0.072934197293
50 0.075930466650
51 0.075930466758
52 0.092164919039
53 0.096511641848
54 0.096511868813
55 0.110904294415
56 0.110904403860
57 0.238119730389
58 0.273173191504
59 0.424289949685
60 0.424300474034
61 0.468801258246
62 0.808857770591
63 2.467596000427
64 8.456822713237
