One Electron Eigenvalues:
 1 -40.794622091456
 2 -10.107285055362
 3 -8.793231729352
 4 -8.301355131400
 5 -8.301354007800
 6 -4.841069210968
 7 -4.780061031340
 8 -3.767535326122

Example of symmetry-related two-electron integrals for indices:
Indices: i=1, j=4, k=5, l=6
two_electron_spatial_integrals[1,4,5,6] = 0.0060449719
two_electron_spatial_integrals[5,6,1,4] = 0.0060449719
two_electron_spatial_integrals[1,4,6,5] = 0.0048341291
two_electron_spatial_integrals[6,5,1,4] = 0.0048341291
two_electron_spatial_integrals[4,1,5,6] = 0.0048341291
two_electron_spatial_integrals[5,6,4,1] = 0.0048341291
two_electron_spatial_integrals[4,1,6,5] = 0.0060449719
two_electron_spatial_integrals[6,5,4,1] = 0.0060449719

Two Electron Eigenvalues:
 1 -0.015525235107
 2 -0.014026737667
 3 -0.009735269132
 4 -0.009381699503
 5 -0.008318122128
 6 -0.008317383918
 7 -0.006407311242
 8 -0.004985881303
 9 -0.004351649267
10 -0.003285098440
11 -0.003285066326
12 -0.002989174763
13 -0.002452420629
14 -0.002452344215
15 -0.001792521542
16 -0.001242821682
17 -0.000547667664
18 -0.000348479396
19 -0.000234833929
20 -0.000169057181
21 0.000252546847
22 0.000489215798
23 0.001071524643
24 0.001444523128
25 0.001485466552
26 0.001485584961
27 0.002312382461
28 0.003167539969
29 0.003167602439
30 0.003388620637
31 0.003450265789
32 0.003450331688
33 0.004305161201
34 0.004636890719
35 0.007033576394
36 0.007033799341
37 0.007059233690
38 0.008383248989
39 0.010976847678
40 0.018503174295
41 0.019873553854
42 0.029063588005
43 0.032999429410
44 0.032999834663
45 0.040548316237
46 0.040548403549
47 0.043717096033
48 0.048444468150
49 0.069211970800
50 0.076476869900
51 0.076476870097
52 0.093405771754
53 0.095604189327
54 0.095604436860
55 0.112465022541
56 0.112465469434
57 0.227636221730
58 0.273144178255
59 0.427167015601
60 0.427179217201
61 0.480711229320
62 0.770572427931
63 2.454287347675
64 8.404761142688
