One Electron Eigenvalues:
 1 -40.785648137406
 2 -10.102855203018
 3 -8.747358154176
 4 -8.298423068500
 5 -8.298423022800
 6 -4.836438394969
 7 -4.769465065117
 8 -3.690993612714

Example of symmetry-related two-electron integrals for indices:
Indices: i=1, j=4, k=5, l=6
two_electron_spatial_integrals[1,4,5,6] = 0.0058597913
two_electron_spatial_integrals[5,6,1,4] = 0.0058597913
two_electron_spatial_integrals[1,4,6,5] = 0.004665664
two_electron_spatial_integrals[6,5,1,4] = 0.004665664
two_electron_spatial_integrals[4,1,5,6] = 0.004665664
two_electron_spatial_integrals[5,6,4,1] = 0.004665664
two_electron_spatial_integrals[4,1,6,5] = 0.0058597913
two_electron_spatial_integrals[6,5,4,1] = 0.0058597913

Two Electron Eigenvalues:
 1 -0.015173105506
 2 -0.014064720396
 3 -0.009754638726
 4 -0.009450239565
 5 -0.008156457376
 6 -0.008155163761
 7 -0.006418586172
 8 -0.004993048600
 9 -0.004323876631
10 -0.003249601937
11 -0.003249560404
12 -0.002993254440
13 -0.002412112152
14 -0.002411981125
15 -0.001801706313
16 -0.001257153190
17 -0.000536282068
18 -0.000345023759
19 -0.000257490141
20 -0.000145741883
21 0.000283371942
22 0.000389925763
23 0.000902293463
24 0.001446071522
25 0.001576396156
26 0.001576437057
27 0.002307451430
28 0.002922891890
29 0.002923019143
30 0.003230749017
31 0.003230805101
32 0.003498213862
33 0.004288726671
34 0.004993365350
35 0.006820496692
36 0.006820781381
37 0.007075345916
38 0.008300752981
39 0.010658670549
40 0.018510107696
41 0.019834408520
42 0.028850745759
43 0.033179341735
44 0.033180062783
45 0.040530417452
46 0.040530556470
47 0.043084973068
48 0.047963281399
49 0.068384099632
50 0.076624268200
51 0.076624268723
52 0.094028266102
53 0.095415727436
54 0.095416130387
55 0.113067290837
56 0.113067971906
57 0.225971432018
58 0.273699128629
59 0.428037001530
60 0.428058399980
61 0.483657492025
62 0.763181077957
63 2.452036469824
64 8.398732245189
