Begin IJ Block
1   1   -40.7915413345
1   2   0.0000377677
1   3   0.7523538152
1   6   0.0150467189
2   2   -5.6153193141
2   3   -0.0001950742
2   6   -0.0070850220
3   3   -9.1963061778
3   6   -0.0441957918
4   4   -8.1006897944
5   5   -8.1006897944
6   6   -7.7857618898

End IJ Block
Begin IA Block
1   1   -0.0028409960
1   4   -0.0259753956
2   1   0.1093385231
2   4   0.0597766560
3   1   0.0197538347
3   4   0.1311490911
4   2   0.0506167275
4   3   0.1551421042
5   2   -0.1551421042
5   3   0.0506167275
6   1   -0.1668894393
6   4   -0.2973952877

End IA Block
Begin AB Block
1   1   -1.7405946616
1   4   -0.3789947779
2   2   -1.5626782040
3   3   -1.5626782040
4   4   -1.8628438226

End AB Block
Begin IJKL Block
1   7   1   7   5.3484985747
1   7   1   8   -0.0000273419
1   7   1   9   -0.5322722800
1   7   1   12   -0.0105132156
1   7   2   7   -0.0000273419
1   7   2   8   -0.0000000656
1   7   2   9   0.0000044724
1   7   2   12   -0.0000036046
1   7   3   7   -0.5322722800
1   7   3   8   0.0000044724
1   7   3   9   0.0815932209
1   7   3   12   0.0016948729
1   7   4   10   0.0318603469
1   7   5   11   0.0318603469
1   7   6   7   -0.0105132156
1   7   6   8   -0.0000036046
1   7   6   9   0.0016948729
1   7   6   12   0.0293294971
1   8   1   7   -0.0000273419
1   8   1   8   0.1301047530
1   8   1   9   0.0000420682
1   8   1   12   -0.0002489482
1   8   2   7   0.0000003800
1   8   2   8   -0.0000001746
1   8   2   9   0.0000004641
1   8   2   12   -0.0000000131
1   8   3   7   0.0000047242
1   8   3   8   0.0000043326
1   8   3   9   -0.0000008550
1   8   3   12   0.0000006217
1   8   4   10   0.0000014030
1   8   5   11   0.0000014030
1   8   6   7   -0.0000039955
1   8   6   8   -0.0008500141
1   8   6   9   -0.0000049613
1   8   6   12   0.0000036292
1   9   1   7   -0.5322722800
1   9   1   8   0.0000420682
1   9   1   9   1.2633762096
1   9   1   12   0.0146368681
1   9   2   7   0.0000047242
1   9   2   8   -0.0000000406
1   9   2   9   -0.0000010351
1   9   2   12   -0.0000042034
1   9   3   7   0.0861568762
1   9   3   8   -0.0000010742
1   9   3   9   -0.0237399677
1   9   3   12   -0.0004601130
1   9   4   10   0.0362110246
1   9   5   11   0.0362110246
1   9   6   7   0.0016512054
1   9   6   8   -0.0000046420
1   9   6   9   -0.0005596351
1   9   6   12   0.0335290265
1   10   1   10   1.1712144424
1   10   2   10   -0.0000005753
1   10   3   10   -0.0155501068
1   10   4   7   0.0370316514
1   10   4   8   0.0000014894
1   10   4   9   0.0368389888
1   10   4   12   0.0005932061
1   10   6   10   -0.0003784472
1   11   1   11   1.1712144424
1   11   2   11   -0.0000005753
1   11   3   11   -0.0155501068
1   11   5   7   0.0370316514
1   11   5   8   0.0000014894
1   11   5   9   0.0368389888
1   11   5   12   0.0005932061
1   11   6   11   -0.0003784472
1   12   1   7   -0.0105132156
1   12   1   8   -0.0002489482
1   12   1   9   0.0146368681
1   12   1   12   1.1101222528
1   12   2   7   -0.0000039955
1   12   2   8   -0.0000003722
1   12   2   9   -0.0000046778
1   12   2   12   -0.0000005584
1   12   3   7   0.0016512054
1   12   3   8   0.0000006028
1   12   3   9   -0.0004885797
1   12   3   12   -0.0144938642
1   12   4   10   0.0005468502
1   12   5   11   0.0005468502
1   12   6   7   0.0344074427
1   12   6   8   0.0000034509
1   12   6   9   0.0344125913
1   12   6   12   0.0004452317
2   7   1   7   -0.0000273419
2   7   1   8   0.0000003800
2   7   1   9   0.0000047242
2   7   1   12   -0.0000039955
2   7   2   7   0.1301047530
2   7   2   8   -0.0000001746
2   7   2   9   0.0000043326
2   7   2   12   -0.0008500141
2   7   3   7   0.0000420682
2   7   3   8   0.0000004641
2   7   3   9   -0.0000008550
2   7   3   12   -0.0000049613
2   7   4   10   0.0000014030
2   7   5   11   0.0000014030
2   7   6   7   -0.0002489482
2   7   6   8   -0.0000000131
2   7   6   9   0.0000006217
2   7   6   12   0.0000036292
2   8   1   7   -0.0000000656
2   8   1   8   -0.0000001746
2   8   1   9   -0.0000000406
2   8   1   12   -0.0000003722
2   8   2   7   -0.0000001746
2   8   2   8   1.6357966630
2   8   2   9   -0.0000145385
2   8   2   12   0.0088994996
2   8   3   7   -0.0000000406
2   8   3   8   -0.0000145385
2   8   3   9   0.0000097500
2   8   3   12   -0.0000214864
2   8   4   10   0.0000154458
2   8   5   11   0.0000154458
2   8   6   7   -0.0000003722
2   8   6   8   0.0088994996
2   8   6   9   -0.0000214864
2   8   6   12   0.0001711269
2   9   1   7   0.0000044724
2   9   1   8   0.0000004641
2   9   1   9   -0.0000010351
2   9   1   12   -0.0000046778
2   9   2   7   0.0000043326
2   9   2   8   -0.0000145385
2   9   2   9   0.1303339611
2   9   2   12   -0.0105899011
2   9   3   7   -0.0000010742
2   9   3   8   0.0000033530
2   9   3   9   0.0000260419
2   9   3   12   -0.0000205839
2   9   4   10   0.0000049987
2   9   5   11   0.0000049987
2   9   6   7   0.0000006028
2   9   6   8   0.0000012427
2   9   6   9   -0.0002183721
2   9   6   12   0.0000292956
2   10   1   10   -0.0000005753
2   10   2   10   0.1297590544
2   10   3   10   0.0000239909
2   10   4   7   0.0000014894
2   10   4   8   -0.0000011775
2   10   4   9   0.0000054937
2   10   4   12   -0.0000053072
2   10   6   10   -0.0002069549
2   11   1   11   -0.0000005753
2   11   2   11   0.1297590544
2   11   3   11   0.0000239909
2   11   5   7   0.0000014894
2   11   5   8   -0.0000011775
2   11   5   9   0.0000054937
2   11   5   12   -0.0000053072
2   11   6   11   -0.0002069549
2   12   1   7   -0.0000036046
2   12   1   8   -0.0000000131
2   12   1   9   -0.0000042034
2   12   1   12   -0.0000005584
2   12   2   7   -0.0008500141
2   12   2   8   0.0088994996
2   12   2   9   -0.0105899011
2   12   2   12   0.1386618867
2   12   3   7   -0.0000046420
2   12   3   8   0.0000012427
2   12   3   9   -0.0000185669
2   12   3   12   0.0000240436
2   12   4   10   -0.0000044408
2   12   5   11   -0.0000044408
2   12   6   7   0.0000034509
2   12   6   8   0.0001315282
2   12   6   9   0.0000303430
2   12   6   12   -0.0002344653
3   7   1   7   -0.5322722800
3   7   1   8   0.0000047242
3   7   1   9   0.0861568762
3   7   1   12   0.0016512054
3   7   2   7   0.0000420682
3   7   2   8   -0.0000000406
3   7   2   9   -0.0000010742
3   7   2   12   -0.0000046420
3   7   3   7   1.2633762096
3   7   3   8   -0.0000010351
3   7   3   9   -0.0237399677
3   7   3   12   -0.0005596351
3   7   4   10   0.0362110246
3   7   5   11   0.0362110246
3   7   6   7   0.0146368681
3   7   6   8   -0.0000042034
3   7   6   9   -0.0004601130
3   7   6   12   0.0335290265
3   8   1   7   0.0000044724
3   8   1   8   0.0000043326
3   8   1   9   -0.0000010742
3   8   1   12   0.0000006028
3   8   2   7   0.0000004641
3   8   2   8   -0.0000145385
3   8   2   9   0.0000033530
3   8   2   12   0.0000012427
3   8   3   7   -0.0000010351
3   8   3   8   0.1303339611
3   8   3   9   0.0000260419
3   8   3   12   -0.0002183721
3   8   4   10   0.0000049987
3   8   5   11   0.0000049987
3   8   6   7   -0.0000046778
3   8   6   8   -0.0105899011
3   8   6   9   -0.0000205839
3   8   6   12   0.0000292956
3   9   1   7   0.0815932209
3   9   1   8   -0.0000008550
3   9   1   9   -0.0237399677
3   9   1   12   -0.0004885797
3   9   2   7   -0.0000008550
3   9   2   8   0.0000097500
3   9   2   9   0.0000260419
3   9   2   12   -0.0000185669
3   9   3   7   -0.0237399677
3   9   3   8   0.0000260419
3   9   3   9   0.8718717139
3   9   3   12   0.0070903047
3   9   4   10   0.1539404922
3   9   5   11   0.1539404922
3   9   6   7   -0.0004885797
3   9   6   8   -0.0000185669
3   9   6   9   0.0070903047
3   9   6   12   0.1449487009
3   10   1   10   -0.0155501068
3   10   2   10   0.0000239909
3   10   3   10   0.8193647354
3   10   4   7   0.0368389888
3   10   4   8   0.0000054937
3   10   4   9   0.1586781535
3   10   4   12   0.0015751633
3   10   6   10   0.0065719775
3   11   1   11   -0.0155501068
3   11   2   11   0.0000239909
3   11   3   11   0.8193647354
3   11   5   7   0.0368389888
3   11   5   8   0.0000054937
3   11   5   9   0.1586781535
3   11   5   12   0.0015751633
3   11   6   11   0.0065719775
3   12   1   7   0.0016948729
3   12   1   8   0.0000006217
3   12   1   9   -0.0004601130
3   12   1   12   -0.0144938642
3   12   2   7   -0.0000049613
3   12   2   8   -0.0000214864
3   12   2   9   -0.0000205839
3   12   2   12   0.0000240436
3   12   3   7   -0.0005596351
3   12   3   8   -0.0002183721
3   12   3   9   0.0070903047
3   12   3   12   0.7829811645
3   12   4   10   0.0014813118
3   12   5   11   0.0014813118
3   12   6   7   0.0344125913
3   12   6   8   0.0000303430
3   12   6   9   0.1501286261
3   12   6   12   0.0063001667
4   7   1   10   0.0370316514
4   7   2   10   0.0000014894
4   7   3   10   0.0368389888
4   7   4   7   1.1712144424
4   7   4   8   -0.0000005753
4   7   4   9   -0.0155501068
4   7   4   12   -0.0003784472
4   7   6   10   0.0005932061
4   8   1   10   0.0000014894
4   8   2   10   -0.0000011775
4   8   3   10   0.0000054937
4   8   4   7   -0.0000005753
4   8   4   8   0.1297590544
4   8   4   9   0.0000239909
4   8   4   12   -0.0002069549
4   8   6   10   -0.0000053072
4   9   1   10   0.0368389888
4   9   2   10   0.0000054937
4   9   3   10   0.1586781535
4   9   4   7   -0.0155501068
4   9   4   8   0.0000239909
4   9   4   9   0.8193647354
4   9   4   12   0.0065719775
4   9   6   10   0.0015751633
4   10   1   7   0.0318603469
4   10   1   8   0.0000014030
4   10   1   9   0.0362110246
4   10   1   12   0.0005468502
4   10   2   7   0.0000014030
4   10   2   8   0.0000154458
4   10   2   9   0.0000049987
4   10   2   12   -0.0000044408
4   10   3   7   0.0362110246
4   10   3   8   0.0000049987
4   10   3   9   0.1539404922
4   10   3   12   0.0014813118
4   10   4   10   0.8183547602
4   10   5   11   0.0320286640
4   10   6   7   0.0005468502
4   10   6   8   -0.0000044408
4   10   6   9   0.0014813118
4   10   6   12   0.0303423067
4   11   4   11   0.7481589562
4   11   5   10   0.0381671400
4   12   1   10   0.0005932061
4   12   2   10   -0.0000053072
4   12   3   10   0.0015751633
4   12   4   7   -0.0003784472
4   12   4   8   -0.0002069549
4   12   4   9   0.0065719775
4   12   4   12   0.7162806026
4   12   6   10   0.0362036066
5   7   1   11   0.0370316514
5   7   2   11   0.0000014894
5   7   3   11   0.0368389888
5   7   5   7   1.1712144424
5   7   5   8   -0.0000005753
5   7   5   9   -0.0155501068
5   7   5   12   -0.0003784472
5   7   6   11   0.0005932061
5   8   1   11   0.0000014894
5   8   2   11   -0.0000011775
5   8   3   11   0.0000054937
5   8   5   7   -0.0000005753
5   8   5   8   0.1297590544
5   8   5   9   0.0000239909
5   8   5   12   -0.0002069549
5   8   6   11   -0.0000053072
5   9   1   11   0.0368389888
5   9   2   11   0.0000054937
5   9   3   11   0.1586781535
5   9   5   7   -0.0155501068
5   9   5   8   0.0000239909
5   9   5   9   0.8193647354
5   9   5   12   0.0065719775
5   9   6   11   0.0015751633
5   10   4   11   0.0381671400
5   10   5   10   0.7481589562
5   11   1   7   0.0318603469
5   11   1   8   0.0000014030
5   11   1   9   0.0362110246
5   11   1   12   0.0005468502
5   11   2   7   0.0000014030
5   11   2   8   0.0000154458
5   11   2   9   0.0000049987
5   11   2   12   -0.0000044408
5   11   3   7   0.0362110246
5   11   3   8   0.0000049987
5   11   3   9   0.1539404922
5   11   3   12   0.0014813118
5   11   4   10   0.0320286640
5   11   5   11   0.8183547602
5   11   6   7   0.0005468502
5   11   6   8   -0.0000044408
5   11   6   9   0.0014813118
5   11   6   12   0.0303423067
5   12   1   11   0.0005932061
5   12   2   11   -0.0000053072
5   12   3   11   0.0015751633
5   12   5   7   -0.0003784472
5   12   5   8   -0.0002069549
5   12   5   9   0.0065719775
5   12   5   12   0.7162806026
5   12   6   11   0.0362036066
6   7   1   7   -0.0105132156
6   7   1   8   -0.0000039955
6   7   1   9   0.0016512054
6   7   1   12   0.0344074427
6   7   2   7   -0.0002489482
6   7   2   8   -0.0000003722
6   7   2   9   0.0000006028
6   7   2   12   0.0000034509
6   7   3   7   0.0146368681
6   7   3   8   -0.0000046778
6   7   3   9   -0.0004885797
6   7   3   12   0.0344125913
6   7   4   10   0.0005468502
6   7   5   11   0.0005468502
6   7   6   7   1.1101222528
6   7   6   8   -0.0000005584
6   7   6   9   -0.0144938642
6   7   6   12   0.0004452317
6   8   1   7   -0.0000036046
6   8   1   8   -0.0008500141
6   8   1   9   -0.0000046420
6   8   1   12   0.0000034509
6   8   2   7   -0.0000000131
6   8   2   8   0.0088994996
6   8   2   9   0.0000012427
6   8   2   12   0.0001315282
6   8   3   7   -0.0000042034
6   8   3   8   -0.0105899011
6   8   3   9   -0.0000185669
6   8   3   12   0.0000303430
6   8   4   10   -0.0000044408
6   8   5   11   -0.0000044408
6   8   6   7   -0.0000005584
6   8   6   8   0.1386618867
6   8   6   9   0.0000240436
6   8   6   12   -0.0002344653
6   9   1   7   0.0016948729
6   9   1   8   -0.0000049613
6   9   1   9   -0.0005596351
6   9   1   12   0.0344125913
6   9   2   7   0.0000006217
6   9   2   8   -0.0000214864
6   9   2   9   -0.0002183721
6   9   2   12   0.0000303430
6   9   3   7   -0.0004601130
6   9   3   8   -0.0000205839
6   9   3   9   0.0070903047
6   9   3   12   0.1501286261
6   9   4   10   0.0014813118
6   9   5   11   0.0014813118
6   9   6   7   -0.0144938642
6   9   6   8   0.0000240436
6   9   6   9   0.7829811645
6   9   6   12   0.0063001667
6   10   1   10   -0.0003784472
6   10   2   10   -0.0002069549
6   10   3   10   0.0065719775
6   10   4   7   0.0005932061
6   10   4   8   -0.0000053072
6   10   4   9   0.0015751633
6   10   4   12   0.0362036066
6   10   6   10   0.7162806026
6   11   1   11   -0.0003784472
6   11   2   11   -0.0002069549
6   11   3   11   0.0065719775
6   11   5   7   0.0005932061
6   11   5   8   -0.0000053072
6   11   5   9   0.0015751633
6   11   5   12   0.0362036066
6   11   6   11   0.7162806026
6   12   1   7   0.0293294971
6   12   1   8   0.0000036292
6   12   1   9   0.0335290265
6   12   1   12   0.0004452317
6   12   2   7   0.0000036292
6   12   2   8   0.0001711269
6   12   2   9   0.0000292956
6   12   2   12   -0.0002344653
6   12   3   7   0.0335290265
6   12   3   8   0.0000292956
6   12   3   9   0.1449487009
6   12   3   12   0.0063001667
6   12   4   10   0.0303423067
6   12   5   11   0.0303423067
6   12   6   7   0.0004452317
6   12   6   8   -0.0002344653
6   12   6   9   0.0063001667
6   12   6   12   0.7531331602

End IJKL Block
Begin IJAB Block
1   7   1   5   0.0002052404
1   7   1   8   0.0003199088
1   7   2   6   0.0000676477
1   7   3   7   0.0000676477
1   7   4   5   0.0003199088
1   7   4   8   0.0005971351
1   8   1   5   0.0000005105
1   8   1   8   -0.0000009692
1   8   2   6   -0.0000001395
1   8   3   7   -0.0000001395
1   8   4   5   0.0000006293
1   8   4   8   -0.0000011347
1   9   1   5   0.0002112612
1   9   1   8   0.0003200685
1   9   2   6   0.0000679604
1   9   3   7   0.0000679604
1   9   4   5   0.0003094341
1   9   4   8   0.0004583610
1   10   1   6   -0.0000000536
1   10   1   7   -0.0000001642
1   10   2   5   0.0000022775
1   10   2   8   0.0000180840
1   10   3   5   0.0000069807
1   10   3   8   0.0000554282
1   10   4   6   0.0000051448
1   10   4   7   0.0000157690
1   11   1   6   0.0000001642
1   11   1   7   -0.0000000536
1   11   2   5   -0.0000069807
1   11   2   8   -0.0000554282
1   11   3   5   0.0000022775
1   11   3   8   0.0000180840
1   11   4   6   -0.0000157690
1   11   4   7   0.0000051448
1   12   1   5   -0.0000206653
1   12   1   8   -0.0001250538
1   12   2   6   0.0000028129
1   12   3   7   0.0000028129
1   12   4   5   -0.0001111112
1   12   4   8   -0.0002312505
2   7   1   5   0.0000005105
2   7   1   8   0.0000006293
2   7   2   6   -0.0000001395
2   7   3   7   -0.0000001395
2   7   4   5   -0.0000009692
2   7   4   8   -0.0000011347
2   8   1   5   0.0134457392
2   8   1   8   0.0083343986
2   8   2   6   0.0022642060
2   8   3   7   0.0022642060
2   8   4   5   0.0083343986
2   8   4   8   0.0078974604
2   9   1   5   -0.0000001373
2   9   1   8   -0.0000000969
2   9   2   6   0.0000050108
2   9   3   7   0.0000050108
2   9   4   5   -0.0000066299
2   9   4   8   -0.0000000087
2   10   1   6   -0.0000031033
2   10   1   7   -0.0000095118
2   10   2   5   0.0000131119
2   10   2   8   0.0000267805
2   10   3   5   0.0000401885
2   10   3   8   0.0000820831
2   10   4   6   -0.0000029805
2   10   4   7   -0.0000091354
2   11   1   6   0.0000095118
2   11   1   7   -0.0000031033
2   11   2   5   -0.0000401885
2   11   2   8   -0.0000820831
2   11   3   5   0.0000131119
2   11   3   8   0.0000267805
2   11   4   6   0.0000091354
2   11   4   7   -0.0000029805
2   12   1   5   0.0003546805
2   12   1   8   0.0005489984
2   12   2   6   -0.0002976702
2   12   3   7   -0.0002976702
2   12   4   5   0.0001858094
2   12   4   8   -0.0002300054
3   7   1   5   0.0002112612
3   7   1   8   0.0003094341
3   7   2   6   0.0000679604
3   7   3   7   0.0000679604
3   7   4   5   0.0003200685
3   7   4   8   0.0004583610
3   8   1   5   -0.0000001373
3   8   1   8   -0.0000066299
3   8   2   6   0.0000050108
3   8   3   7   0.0000050108
3   8   4   5   -0.0000000969
3   8   4   8   -0.0000000087
3   9   1   5   0.0010738465
3   9   1   8   0.0016200538
3   9   2   6   0.0003297301
3   9   3   7   0.0003297301
3   9   4   5   0.0016200538
3   9   4   8   0.0028162419
3   10   1   6   0.0000231546
3   10   1   7   0.0000709696
3   10   2   5   0.0000124410
3   10   2   8   0.0000946295
3   10   3   5   0.0000381321
3   10   3   8   0.0002900428
3   10   4   6   0.0002171061
3   10   4   7   0.0006654379
3   11   1   6   -0.0000709696
3   11   1   7   0.0000231546
3   11   2   5   -0.0000381321
3   11   2   8   -0.0002900428
3   11   3   5   0.0000124410
3   11   3   8   0.0000946295
3   11   4   6   -0.0006654379
3   11   4   7   0.0002171061
3   12   1   5   -0.0002885760
3   12   1   8   -0.0010234108
3   12   2   6   -0.0000446535
3   12   3   7   -0.0000446535
3   12   4   5   -0.0016335278
3   12   4   8   -0.0029134941
4   7   1   6   0.0000022775
4   7   1   7   0.0000069807
4   7   2   5   -0.0000000536
4   7   2   8   0.0000051448
4   7   3   5   -0.0000001642
4   7   3   8   0.0000157690
4   7   4   6   0.0000180840
4   7   4   7   0.0000554282
4   8   1   6   0.0000131119
4   8   1   7   0.0000401885
4   8   2   5   -0.0000031033
4   8   2   8   -0.0000029805
4   8   3   5   -0.0000095118
4   8   3   8   -0.0000091354
4   8   4   6   0.0000267805
4   8   4   7   0.0000820831
4   9   1   6   0.0000124410
4   9   1   7   0.0000381321
4   9   2   5   0.0000231546
4   9   2   8   0.0002171061
4   9   3   5   0.0000709696
4   9   3   8   0.0006654379
4   9   4   6   0.0000946295
4   9   4   7   0.0002900428
4   10   1   5   0.0006852243
4   10   1   8   0.0008982019
4   10   2   6   0.0002595553
4   10   2   7   0.0002684033
4   10   3   6   0.0002684033
4   10   3   7   0.0009946518
4   10   4   5   0.0008982019
4   10   4   8   0.0015153421
4   11   1   5   0.0000000000
4   11   2   6   -0.0002684033
4   11   2   7   -0.0000590596
4   11   3   6   -0.0006760369
4   11   3   7   0.0002684033
4   12   1   6   -0.0001418531
4   12   1   7   -0.0004347848
4   12   2   5   -0.0004446085
4   12   2   8   -0.0006493210
4   12   3   5   -0.0013627413
4   12   3   8   -0.0019901925
4   12   4   6   -0.0001598454
4   12   4   7   -0.0004899320
5   7   1   6   -0.0000069807
5   7   1   7   0.0000022775
5   7   2   5   0.0000001642
5   7   2   8   -0.0000157690
5   7   3   5   -0.0000000536
5   7   3   8   0.0000051448
5   7   4   6   -0.0000554282
5   7   4   7   0.0000180840
5   8   1   6   -0.0000401885
5   8   1   7   0.0000131119
5   8   2   5   0.0000095118
5   8   2   8   0.0000091354
5   8   3   5   -0.0000031033
5   8   3   8   -0.0000029805
5   8   4   6   -0.0000820831
5   8   4   7   0.0000267805
5   9   1   6   -0.0000381321
5   9   1   7   0.0000124410
5   9   2   5   -0.0000709696
5   9   2   8   -0.0006654379
5   9   3   5   0.0000231546
5   9   3   8   0.0002171061
5   9   4   6   -0.0002900428
5   9   4   7   0.0000946295
5   10   1   5   -0.0000000000
5   10   2   6   -0.0002684033
5   10   2   7   -0.0006760369
5   10   3   6   -0.0000590596
5   10   3   7   0.0002684033
5   11   1   5   0.0006852243
5   11   1   8   0.0008982019
5   11   2   6   0.0009946518
5   11   2   7   -0.0002684033
5   11   3   6   -0.0002684033
5   11   3   7   0.0002595553
5   11   4   5   0.0008982019
5   11   4   8   0.0015153421
5   12   1   6   0.0004347848
5   12   1   7   -0.0001418531
5   12   2   5   0.0013627413
5   12   2   8   0.0019901925
5   12   3   5   -0.0004446085
5   12   3   8   -0.0006493210
5   12   4   6   0.0004899320
5   12   4   7   -0.0001598454
6   7   1   5   -0.0000206653
6   7   1   8   -0.0001111112
6   7   2   6   0.0000028129
6   7   3   7   0.0000028129
6   7   4   5   -0.0001250538
6   7   4   8   -0.0002312505
6   8   1   5   0.0003546805
6   8   1   8   0.0001858094
6   8   2   6   -0.0002976702
6   8   3   7   -0.0002976702
6   8   4   5   0.0005489984
6   8   4   8   -0.0002300054
6   9   1   5   -0.0002885760
6   9   1   8   -0.0016335278
6   9   2   6   -0.0000446535
6   9   3   7   -0.0000446535
6   9   4   5   -0.0010234108
6   9   4   8   -0.0029134941
6   10   1   6   -0.0004446085
6   10   1   7   -0.0013627413
6   10   2   5   -0.0001418531
6   10   2   8   -0.0001598454
6   10   3   5   -0.0004347848
6   10   3   8   -0.0004899320
6   10   4   6   -0.0006493210
6   10   4   7   -0.0019901925
6   11   1   6   0.0013627413
6   11   1   7   -0.0004446085
6   11   2   5   0.0004347848
6   11   2   8   0.0004899320
6   11   3   5   -0.0001418531
6   11   3   8   -0.0001598454
6   11   4   6   0.0019901925
6   11   4   7   -0.0006493210
6   12   1   5   0.0043745082
6   12   1   8   0.0064370773
6   12   2   6   0.0007903619
6   12   3   7   0.0007903619
6   12   4   5   0.0064370773
6   12   4   8   0.0095986953

End IJAB Block
Begin ABCD Block
1   5   1   5   0.2347200676
1   5   1   8   -0.0024069669
1   5   2   6   0.0374657578
1   5   3   7   0.0374657578
1   5   4   5   -0.0024069669
1   5   4   8   0.0292303542
1   6   1   6   0.1893446342
1   6   2   5   0.0374679655
1   6   2   8   0.0083026462
1   6   4   6   0.0108032670
1   7   1   7   0.1893446342
1   7   3   5   0.0374679655
1   7   3   8   0.0083026462
1   7   4   7   0.0108032670
1   8   1   5   -0.0024069669
1   8   1   8   0.1873776055
1   8   2   6   0.0083007509
1   8   3   7   0.0083007509
1   8   4   5   0.0292468412
1   8   4   8   0.0141246101
2   5   1   6   0.0374679655
2   5   2   5   0.1893446342
2   5   2   8   0.0108032670
2   5   4   6   0.0083026462
2   6   1   5   0.0374657578
2   6   1   8   0.0083007509
2   6   2   6   0.1791267784
2   6   3   7   0.0095618796
2   6   4   5   0.0083007509
2   6   4   8   0.0121414156
2   7   2   7   0.1600031634
2   7   3   6   0.0095617353
2   8   1   6   0.0083026462
2   8   2   5   0.0108032670
2   8   2   8   0.1642346259
2   8   4   6   0.0121429731
3   5   1   7   0.0374679655
3   5   3   5   0.1893446342
3   5   3   8   0.0108032670
3   5   4   7   0.0083026462
3   6   2   7   0.0095617353
3   6   3   6   0.1600031634
3   7   1   5   0.0374657578
3   7   1   8   0.0083007509
3   7   2   6   0.0095618796
3   7   3   7   0.1791267784
3   7   4   5   0.0083007509
3   7   4   8   0.0121414156
3   8   1   7   0.0083026462
3   8   3   5   0.0108032670
3   8   3   8   0.1642346259
3   8   4   7   0.0121429731
4   5   1   5   -0.0024069669
4   5   1   8   0.0292468412
4   5   2   6   0.0083007509
4   5   3   7   0.0083007509
4   5   4   5   0.1873776055
4   5   4   8   0.0141246101
4   6   1   6   0.0108032670
4   6   2   5   0.0083026462
4   6   2   8   0.0121429731
4   6   4   6   0.1642346259
4   7   1   7   0.0108032670
4   7   3   5   0.0083026462
4   7   3   8   0.0121429731
4   7   4   7   0.1642346259
4   8   1   5   0.0292303542
4   8   1   8   0.0141246101
4   8   2   6   0.0121414156
4   8   3   7   0.0121414156
4   8   4   5   0.0141246101
4   8   4   8   0.1856235041

End ABCD Block
Begin AIJB Block
1   7   1   5   0.0002311897
1   7   1   8   0.0003326779
1   7   2   5   0.0000005937
1   7   2   8   0.0000007368
1   7   3   5   0.0002328020
1   7   3   8   0.0003019011
1   7   4   6   0.0000014886
1   7   4   7   0.0000045625
1   7   5   6   -0.0000045625
1   7   5   7   0.0000014886
1   7   6   5   -0.0000068380
1   7   6   8   -0.0000198517
1   8   1   5   0.0000005937
1   8   1   8   -0.0000009485
1   8   2   5   0.0104402061
1   8   2   8   0.0063577274
1   8   3   5   0.0000023982
1   8   3   8   -0.0000062009
1   8   4   6   0.0000109585
1   8   4   7   0.0000335881
1   8   5   6   -0.0000335881
1   8   5   7   0.0000109585
1   8   6   5   0.0001744277
1   8   6   8   -0.0000063665
1   9   1   5   0.0002328020
1   9   1   8   0.0003154706
1   9   2   5   0.0000023982
1   9   2   8   0.0000033933
1   9   3   5   0.0010453772
1   9   3   8   0.0013966267
1   9   4   6   0.0000042641
1   9   4   7   0.0000130695
1   9   5   6   -0.0000130695
1   9   5   7   0.0000042641
1   9   6   5   0.0000147973
1   9   6   8   -0.0007251191
1   10   1   6   -0.0000009149
1   10   1   7   -0.0000028041
1   10   2   6   -0.0000014822
1   10   2   7   -0.0000045429
1   10   3   6   0.0000046361
1   10   3   7   0.0000142098
1   10   4   5   0.0001286267
1   10   4   8   0.0002981932
1   10   6   6   -0.0004853223
1   10   6   7   -0.0014875304
1   11   1   6   0.0000028041
1   11   1   7   -0.0000009149
1   11   2   6   0.0000045429
1   11   2   7   -0.0000014822
1   11   3   6   -0.0000142098
1   11   3   7   0.0000046361
1   11   5   5   0.0001286267
1   11   5   8   0.0002981932
1   11   6   6   0.0014875304
1   11   6   7   -0.0004853223
1   12   1   5   -0.0000068380
1   12   1   8   -0.0000644142
1   12   2   5   0.0001744277
1   12   2   8   0.0003279904
1   12   3   5   0.0000147973
1   12   3   8   -0.0001654653
1   12   4   6   -0.0000485988
1   12   4   7   -0.0001489572
1   12   5   6   0.0001489572
1   12   5   7   -0.0000485988
1   12   6   5   0.0040468083
1   12   6   8   0.0050448378
2   7   1   6   0.0000677624
2   7   2   6   -0.0000003398
2   7   3   6   0.0000625828
2   7   4   5   -0.0000009149
2   7   4   8   -0.0000026031
2   7   5   5   0.0000028041
2   7   5   8   0.0000079785
2   7   6   6   0.0000041151
2   8   1   6   -0.0000003398
2   8   2   6   0.0020016178
2   8   3   6   0.0000008786
2   8   4   5   -0.0000014822
2   8   4   8   0.0000012369
2   8   5   5   0.0000045429
2   8   5   8   -0.0000037912
2   8   6   6   -0.0002130302
2   9   1   6   0.0000625828
2   9   2   6   0.0000008786
2   9   3   6   0.0002588702
2   9   4   5   0.0000046361
2   9   4   8   0.0001387279
2   9   5   5   -0.0000142098
2   9   5   8   -0.0004252061
2   9   6   6   0.0000166073
2   10   1   5   0.0000014886
2   10   1   8   0.0000135235
2   10   2   5   0.0000109585
2   10   2   8   0.0000240747
2   10   3   5   0.0000042641
2   10   3   8   0.0000400793
2   10   4   6   0.0001574065
2   10   4   7   0.0002522101
2   10   5   6   -0.0002522101
2   10   5   7   -0.0006927585
2   10   6   5   -0.0000485988
2   10   6   8   -0.0001009649
2   11   1   5   -0.0000045625
2   11   1   8   -0.0000414500
2   11   2   5   -0.0000335881
2   11   2   8   -0.0000737899
2   11   3   5   -0.0000130695
2   11   3   8   -0.0001228445
2   11   4   6   -0.0002522101
2   11   4   7   0.0000020116
2   11   5   6   0.0008481534
2   11   5   7   -0.0002522101
2   11   6   5   0.0001489572
2   11   6   8   0.0003094610
2   12   1   6   0.0000041151
2   12   2   6   -0.0002130302
2   12   3   6   0.0000166073
2   12   4   5   -0.0004853223
2   12   4   8   -0.0006438688
2   12   5   5   0.0014875304
2   12   5   8   0.0019734813
2   12   6   6   0.0003623552
3   7   1   7   0.0000677624
3   7   2   7   -0.0000003398
3   7   3   7   0.0000625828
3   7   4   5   -0.0000028041
3   7   4   8   -0.0000079785
3   7   5   5   -0.0000009149
3   7   5   8   -0.0000026031
3   7   6   7   0.0000041151
3   8   1   7   -0.0000003398
3   8   2   7   0.0020016178
3   8   3   7   0.0000008786
3   8   4   5   -0.0000045429
3   8   4   8   0.0000037912
3   8   5   5   -0.0000014822
3   8   5   8   0.0000012369
3   8   6   7   -0.0002130302
3   9   1   7   0.0000625828
3   9   2   7   0.0000008786
3   9   3   7   0.0002588702
3   9   4   5   0.0000142098
3   9   4   8   0.0004252061
3   9   5   5   0.0000046361
3   9   5   8   0.0001387279
3   9   6   7   0.0000166073
3   10   1   5   0.0000045625
3   10   1   8   0.0000414500
3   10   2   5   0.0000335881
3   10   2   8   0.0000737899
3   10   3   5   0.0000130695
3   10   3   8   0.0001228445
3   10   4   6   0.0002522101
3   10   4   7   0.0008481534
3   10   5   6   0.0000020116
3   10   5   7   0.0002522101
3   10   6   5   -0.0001489572
3   10   6   8   -0.0003094610
3   11   1   5   0.0000014886
3   11   1   8   0.0000135235
3   11   2   5   0.0000109585
3   11   2   8   0.0000240747
3   11   3   5   0.0000042641
3   11   3   8   0.0000400793
3   11   4   6   -0.0006927585
3   11   4   7   0.0002522101
3   11   5   6   -0.0002522101
3   11   5   7   0.0001574065
3   11   6   5   -0.0000485988
3   11   6   8   -0.0001009649
3   12   1   7   0.0000041151
3   12   2   7   -0.0002130302
3   12   3   7   0.0000166073
3   12   4   5   -0.0014875304
3   12   4   8   -0.0019734813
3   12   5   5   -0.0004853223
3   12   5   8   -0.0006438688
3   12   6   7   0.0003623552
4   7   1   5   0.0003326779
4   7   1   8   0.0005936143
4   7   2   5   -0.0000009485
4   7   2   8   -0.0000013973
4   7   3   5   0.0003154706
4   7   3   8   0.0004175781
4   7   4   6   0.0000135235
4   7   4   7   0.0000414500
4   7   5   6   -0.0000414500
4   7   5   7   0.0000135235
4   7   6   5   -0.0000644142
4   7   6   8   -0.0000931345
4   8   1   5   0.0000007368
4   8   1   8   -0.0000013973
4   8   2   5   0.0063577274
4   8   2   8   0.0063105261
4   8   3   5   0.0000033933
4   8   3   8   -0.0000036355
4   8   4   6   0.0000240747
4   8   4   7   0.0000737899
4   8   5   6   -0.0000737899
4   8   5   7   0.0000240747
4   8   6   5   0.0003279904
4   8   6   8   -0.0002824728
4   9   1   5   0.0003019011
4   9   1   8   0.0004175781
4   9   2   5   -0.0000062009
4   9   2   8   -0.0000036355
4   9   3   5   0.0013966267
4   9   3   8   0.0022884284
4   9   4   6   0.0000400793
4   9   4   7   0.0001228445
4   9   5   6   -0.0001228445
4   9   5   7   0.0000400793
4   9   6   5   -0.0001654653
4   9   6   8   -0.0013940891
4   10   1   6   -0.0000026031
4   10   1   7   -0.0000079785
4   10   2   6   0.0000012369
4   10   2   7   0.0000037912
4   10   3   6   0.0001387279
4   10   3   7   0.0004252061
4   10   4   5   0.0002981932
4   10   4   8   0.0007384783
4   10   6   6   -0.0006438688
4   10   6   7   -0.0019734813
4   11   1   6   0.0000079785
4   11   1   7   -0.0000026031
4   11   2   6   -0.0000037912
4   11   2   7   0.0000012369
4   11   3   6   -0.0004252061
4   11   3   7   0.0001387279
4   11   5   5   0.0002981932
4   11   5   8   0.0007384783
4   11   6   6   0.0019734813
4   11   6   7   -0.0006438688
4   12   1   5   -0.0000198517
4   12   1   8   -0.0000931345
4   12   2   5   -0.0000063665
4   12   2   8   -0.0002824728
4   12   3   5   -0.0007251191
4   12   3   8   -0.0013940891
4   12   4   6   -0.0001009649
4   12   4   7   -0.0003094610
4   12   5   6   0.0003094610
4   12   5   7   -0.0001009649
4   12   6   5   0.0050448378
4   12   6   8   0.0078725199

1   7   7   1   -0.1111497639
1   7   7   4   -0.0327052319
1   7   8   1   0.0000001143
1   7   8   4   -0.0000001744
1   7   9   1   0.0001215062
1   7   9   4   0.0001589315
1   7   10   2   -0.0000495490
1   7   10   3   -0.0001518696
1   7   11   2   0.0001518696
1   7   11   3   -0.0000495490
1   7   12   1   0.0005425859
1   7   12   4   0.0003266059
1   8   7   1   0.0000001143
1   8   7   4   -0.0000001461
1   8   8   1   -0.2956699698
1   8   8   4   -0.0501428084
1   8   9   1   0.0000016454
1   8   9   4   0.0000017271
1   8   10   2   -0.0000073878
1   8   10   3   -0.0000226438
1   8   11   2   0.0000226438
1   8   11   3   -0.0000073878
1   8   12   1   -0.0004265532
1   8   12   4   0.0000897472
1   9   7   1   0.0001215062
1   9   7   4   0.0001581583
1   9   8   1   0.0000016454
1   9   8   4   0.0000018966
1   9   9   1   -0.1082588230
1   9   9   4   -0.0289180071
1   9   10   2   -0.0005756736
1   9   10   3   -0.0017644604
1   9   11   2   0.0017644604
1   9   11   3   -0.0005756736
1   9   12   1   0.0063561438
1   9   12   4   0.0028290044
1   10   7   2   -0.0000501437
1   10   7   3   -0.0001536922
1   10   8   2   -0.0000071929
1   10   8   3   -0.0000220465
1   10   9   2   -0.0005749721
1   10   9   3   -0.0017623103
1   10   10   1   -0.1073267472
1   10   10   4   -0.0278528901
1   10   12   2   0.0001967098
1   10   12   3   0.0006029228
1   11   7   2   0.0001536922
1   11   7   3   -0.0000501437
1   11   8   2   0.0000220465
1   11   8   3   -0.0000071929
1   11   9   2   0.0017623103
1   11   9   3   -0.0005749721
1   11   11   1   -0.1073267472
1   11   11   4   -0.0278528901
1   11   12   2   -0.0006029228
1   11   12   3   0.0001967098
1   12   7   1   0.0005425859
1   12   7   4   0.0003164866
1   12   8   1   -0.0004265532
1   12   8   4   0.0000944182
1   12   9   1   0.0063561438
1   12   9   4   0.0028356405
1   12   10   2   0.0002029658
1   12   10   3   0.0006220975
1   12   11   2   -0.0006220975
1   12   11   3   0.0002029658
1   12   12   1   -0.1110273046
1   12   12   4   -0.0292414358
2   7   7   2   -0.1093326868
2   7   8   2   0.0000000246
2   7   9   2   0.0000260219
2   7   10   1   -0.0000501437
2   7   10   4   -0.0000695281
2   7   11   1   0.0001536922
2   7   11   4   0.0002131061
2   7   12   2   0.0004961949
2   8   7   2   0.0000000246
2   8   8   2   -0.2313818150
2   8   9   2   0.0000008768
2   8   10   1   -0.0000071929
2   8   10   4   -0.0000037343
2   8   11   1   0.0000220465
2   8   11   4   0.0000114459
2   8   12   2   -0.0001199277
2   9   7   2   0.0000260219
2   9   8   2   0.0000008768
2   9   9   2   -0.1087721137
2   9   10   1   -0.0005749721
2   9   10   4   -0.0006844680
2   9   11   1   0.0017623103
2   9   11   4   0.0020979194
2   9   12   2   0.0061354035
2   10   7   1   -0.0000495490
2   10   7   4   -0.0000683768
2   10   8   1   -0.0000073878
2   10   8   4   -0.0000038813
2   10   9   1   -0.0005756736
2   10   9   4   -0.0006851249
2   10   10   2   -0.1083847098
2   10   10   3   -0.0001349112
2   10   11   2   0.0001349112
2   10   11   3   0.0001808231
2   10   12   1   0.0002029658
2   10   12   4   0.0002352126
2   11   7   1   0.0001518696
2   11   7   4   0.0002095775
2   11   8   1   0.0000226438
2   11   8   4   0.0000118963
2   11   9   1   0.0017644604
2   11   9   4   0.0020999326
2   11   10   2   0.0001349112
2   11   10   3   0.0001886685
2   11   11   2   -0.1087542014
2   11   11   3   0.0001349112
2   11   12   1   -0.0006220975
2   11   12   4   -0.0007209351
2   12   7   2   0.0004961949
2   12   8   2   -0.0001199277
2   12   9   2   0.0061354035
2   12   10   1   0.0001967098
2   12   10   4   0.0002266443
2   12   11   1   -0.0006029228
2   12   11   4   -0.0006946729
2   12   12   2   -0.1121107152
3   7   7   3   -0.1093326868
3   7   8   3   0.0000000246
3   7   9   3   0.0000260219
3   7   10   1   -0.0001536922
3   7   10   4   -0.0002131061
3   7   11   1   -0.0000501437
3   7   11   4   -0.0000695281
3   7   12   3   0.0004961949
3   8   7   3   0.0000000246
3   8   8   3   -0.2313818150
3   8   9   3   0.0000008768
3   8   10   1   -0.0000220465
3   8   10   4   -0.0000114459
3   8   11   1   -0.0000071929
3   8   11   4   -0.0000037343
3   8   12   3   -0.0001199277
3   9   7   3   0.0000260219
3   9   8   3   0.0000008768
3   9   9   3   -0.1087721137
3   9   10   1   -0.0017623103
3   9   10   4   -0.0020979194
3   9   11   1   -0.0005749721
3   9   11   4   -0.0006844680
3   9   12   3   0.0061354035
3   10   7   1   -0.0001518696
3   10   7   4   -0.0002095775
3   10   8   1   -0.0000226438
3   10   8   4   -0.0000118963
3   10   9   1   -0.0017644604
3   10   9   4   -0.0020999326
3   10   10   2   -0.0001349112
3   10   10   3   -0.1087542014
3   10   11   2   0.0001886685
3   10   11   3   -0.0001349112
3   10   12   1   0.0006220975
3   10   12   4   0.0007209351
3   11   7   1   -0.0000495490
3   11   7   4   -0.0000683768
3   11   8   1   -0.0000073878
3   11   8   4   -0.0000038813
3   11   9   1   -0.0005756736
3   11   9   4   -0.0006851249
3   11   10   2   0.0001808231
3   11   10   3   -0.0001349112
3   11   11   2   0.0001349112
3   11   11   3   -0.1083847098
3   11   12   1   0.0002029658
3   11   12   4   0.0002352126
3   12   7   3   0.0004961949
3   12   8   3   -0.0001199277
3   12   9   3   0.0061354035
3   12   10   1   0.0006029228
3   12   10   4   0.0006946729
3   12   11   1   0.0001967098
3   12   11   4   0.0002266443
3   12   12   3   -0.1121107152
4   7   7   1   -0.0327052319
4   7   7   4   -0.1431516785
4   7   8   1   -0.0000001461
4   7   8   4   -0.0000002654
4   7   9   1   0.0001581583
4   7   9   4   0.0002422158
4   7   10   2   -0.0000683768
4   7   10   3   -0.0002095775
4   7   11   2   0.0002095775
4   7   11   3   -0.0000683768
4   7   12   1   0.0003164866
4   7   12   4   0.0009836862
4   8   7   1   -0.0000001744
4   8   7   4   -0.0000002654
4   8   8   1   -0.0501428084
4   8   8   4   -0.2561528987
4   8   9   1   0.0000018966
4   8   9   4   0.0000044413
4   8   10   2   -0.0000038813
4   8   10   3   -0.0000118963
4   8   11   2   0.0000118963
4   8   11   3   -0.0000038813
4   8   12   1   0.0000944182
4   8   12   4   0.0000362434
4   9   7   1   0.0001589315
4   9   7   4   0.0002422158
4   9   8   1   0.0000017271
4   9   8   4   0.0000044413
4   9   9   1   -0.0289180071
4   9   9   4   -0.1377375448
4   9   10   2   -0.0006851249
4   9   10   3   -0.0020999326
4   9   11   2   0.0020999326
4   9   11   3   -0.0006851249
4   9   12   1   0.0028356405
4   9   12   4   0.0095551626
4   10   7   2   -0.0000695281
4   10   7   3   -0.0002131061
4   10   8   2   -0.0000037343
4   10   8   3   -0.0000114459
4   10   9   2   -0.0006844680
4   10   9   3   -0.0020979194
4   10   10   1   -0.0278528901
4   10   10   4   -0.1361436428
4   10   12   2   0.0002266443
4   10   12   3   0.0006946729
4   11   7   2   0.0002131061
4   11   7   3   -0.0000695281
4   11   8   2   0.0000114459
4   11   8   3   -0.0000037343
4   11   9   2   0.0020979194
4   11   9   3   -0.0006844680
4   11   11   1   -0.0278528901
4   11   11   4   -0.1361436428
4   11   12   2   -0.0006946729
4   11   12   3   0.0002266443
4   12   7   1   0.0003266059
4   12   7   4   0.0009836862
4   12   8   1   0.0000897472
4   12   8   4   0.0000362434
4   12   9   1   0.0028290044
4   12   9   4   0.0095551626
4   12   10   2   0.0002352126
4   12   10   3   0.0007209351
4   12   11   2   -0.0007209351
4   12   11   3   0.0002352126
4   12   12   1   -0.0292414358
4   12   12   4   -0.1416773100

End AIJB Block
Begin IJKA Block
1   7   1   5   0.0022588484
1   7   1   8   0.0202053351
1   7   2   5   -0.0000000854
1   7   2   8   -0.0000002985
1   7   3   5   -0.0003817367
1   7   3   8   -0.0034422194
1   7   4   6   -0.0004703261
1   7   4   7   -0.0014415665
1   7   5   6   0.0014415665
1   7   5   7   -0.0004703261
1   7   6   5   0.0025202940
1   7   6   8   0.0037558261
1   8   1   5   -0.0006070052
1   8   1   8   0.0011639985
1   8   2   5   -0.0000001360
1   8   2   8   0.0000001367
1   8   3   5   -0.0000002215
1   8   3   8   -0.0000013292
1   8   4   6   0.0000028883
1   8   4   7   0.0000088527
1   8   5   6   -0.0000088527
1   8   5   7   0.0000028883
1   8   6   5   0.0000079696
1   8   6   8   -0.0000149341
1   9   1   5   -0.0032713869
1   9   1   8   -0.0240077079
1   9   2   5   -0.0000001058
1   9   2   8   -0.0000001994
1   9   3   5   0.0000481181
1   9   3   8   0.0005348754
1   9   4   6   -0.0004494166
1   9   4   7   -0.0013774782
1   9   5   6   0.0013774782
1   9   5   7   -0.0004494166
1   9   6   5   0.0024239292
1   9   6   8   0.0037379519
1   10   1   6   -0.0075223889
1   10   1   7   -0.0230563945
1   10   2   6   0.0000000041
1   10   2   7   0.0000000127
1   10   3   6   -0.0000517295
1   10   3   7   -0.0001585528
1   10   4   5   -0.0001277575
1   10   4   8   -0.0010519353
1   10   6   6   -0.0000167307
1   10   6   7   -0.0000512801
1   11   1   6   0.0230563945
1   11   1   7   -0.0075223889
1   11   2   6   -0.0000000127
1   11   2   7   0.0000000041
1   11   3   6   0.0001585528
1   11   3   7   -0.0000517295
1   11   5   5   -0.0001277575
1   11   5   8   -0.0010519353
1   11   6   6   0.0000512801
1   11   6   7   -0.0000167307
1   12   1   5   0.0180921034
1   12   1   8   0.0470229146
1   12   2   5   -0.0000000052
1   12   2   8   0.0000000146
1   12   3   5   0.0016024323
1   12   3   8   0.0010294041
1   12   4   6   -0.0000289677
1   12   4   7   -0.0000887870
1   12   5   6   0.0000887870
1   12   5   7   -0.0000289677
1   12   6   5   0.0000389785
1   12   6   8   -0.0007436907
2   7   1   5   -0.0000003521
2   7   1   8   -0.0000011330
2   7   2   5   -0.0000524331
2   7   2   8   -0.0000824217
2   7   3   5   -0.0000003094
2   7   3   8   -0.0000012147
2   7   4   6   -0.0000000362
2   7   4   7   -0.0000001110
2   7   5   6   0.0000001110
2   7   5   7   -0.0000000362
2   7   6   5   0.0000004525
2   7   6   8   0.0000002323
2   8   1   5   0.0000000378
2   8   1   8   0.0000001640
2   8   2   5   -0.1056971482
2   8   2   8   -0.0731697190
2   8   3   5   0.0000130949
2   8   3   8   0.0000038912
2   8   4   6   0.0000052385
2   8   4   7   0.0000160563
2   8   5   6   -0.0000160563
2   8   5   7   0.0000052385
2   8   6   5   -0.0009615433
2   8   6   8   -0.0007833841
2   9   1   5   -0.0000002931
2   9   1   8   -0.0000010152
2   9   2   5   -0.0002664430
2   9   2   8   -0.0003826019
2   9   3   5   -0.0000017841
2   9   3   8   -0.0000059305
2   9   4   6   -0.0000001506
2   9   4   7   -0.0000004617
2   9   5   6   0.0000004617
2   9   5   7   -0.0000001506
2   9   6   5   0.0000011103
2   9   6   8   0.0000023257
2   10   1   6   -0.0000000044
2   10   1   7   -0.0000000134
2   10   2   6   0.0003494112
2   10   2   7   0.0010709578
2   10   3   6   -0.0000003818
2   10   3   7   -0.0000011703
2   10   4   5   0.0000012393
2   10   4   8   -0.0000000052
2   10   6   6   0.0000007631
2   10   6   7   0.0000023389
2   11   1   6   0.0000000134
2   11   1   7   -0.0000000044
2   11   2   6   -0.0010709578
2   11   2   7   0.0003494112
2   11   3   6   0.0000011703
2   11   3   7   -0.0000003818
2   11   5   5   0.0000012393
2   11   5   8   -0.0000000052
2   11   6   6   -0.0000023389
2   11   6   7   0.0000007631
2   12   1   5   -0.0000000145
2   12   1   8   0.0000001551
2   12   2   5   -0.0088016841
2   12   2   8   -0.0181667202
2   12   3   5   0.0000059688
2   12   3   8   0.0000016791
2   12   4   6   -0.0000026813
2   12   4   7   -0.0000082182
2   12   5   6   0.0000082182
2   12   5   7   -0.0000026813
2   12   6   5   -0.0000198739
2   12   6   8   -0.0000144816
3   7   1   5   -0.0004295220
3   7   1   8   -0.0037404660
3   7   2   5   -0.0000001487
3   7   2   8   -0.0000003431
3   7   3   5   0.0000436335
3   7   3   8   0.0006987051
3   7   4   6   -0.0005061959
3   7   4   7   -0.0015515087
3   7   5   6   0.0015515087
3   7   5   7   -0.0005061959
3   7   6   5   0.0028469235
3   7   6   8   0.0042116798
3   8   1   5   -0.0000004189
3   8   1   8   -0.0000013893
3   8   2   5   0.0000035421
3   8   2   8   -0.0000039740
3   8   3   5   -0.0006117231
3   8   3   8   0.0011559677
3   8   4   6   0.0000320615
3   8   4   7   0.0000982698
3   8   5   6   -0.0000982698
3   8   5   7   0.0000320615
3   8   6   5   0.0000919164
3   8   6   8   -0.0001741683
3   9   1   5   -0.0000047385
3   9   1   8   0.0002499531
3   9   2   5   -0.0000011755
3   9   2   8   -0.0000027382
3   9   3   5   -0.0022907342
3   9   3   8   -0.0151039602
3   9   4   6   -0.0019573655
3   9   4   7   -0.0059993962
3   9   5   6   0.0059993962
3   9   5   7   -0.0019573655
3   9   6   5   0.0116767770
3   9   6   8   0.0167075587
3   10   1   6   -0.0001251842
3   10   1   7   -0.0003836941
3   10   2   6   -0.0000003430
3   10   2   7   -0.0000010513
3   10   3   6   -0.0061947174
3   10   3   7   -0.0189870334
3   10   4   5   -0.0004515964
3   10   4   8   -0.0031364060
3   10   6   6   -0.0001871597
3   10   6   7   -0.0005736512
3   11   1   6   0.0003836941
3   11   1   7   -0.0001251842
3   11   2   6   0.0000010513
3   11   2   7   -0.0000003430
3   11   3   6   0.0189870334
3   11   3   7   -0.0061947174
3   11   5   5   -0.0004515964
3   11   5   8   -0.0031364060
3   11   6   6   0.0005736512
3   11   6   7   -0.0001871597
3   12   1   5   0.0023879588
3   12   1   8   0.0017814132
3   12   2   5   0.0000070815
3   12   2   8   0.0000021968
3   12   3   5   0.0271441654
3   12   3   8   0.0429169816
3   12   4   6   -0.0002018639
3   12   4   7   -0.0006187203
3   12   5   6   0.0006187203
3   12   5   7   -0.0002018639
3   12   6   5   0.0003659829
3   12   6   8   -0.0011584271
4   7   1   6   -0.0005648596
4   7   1   7   -0.0017313153
4   7   2   6   -0.0000000178
4   7   2   7   -0.0000000547
4   7   3   6   -0.0005251971
4   7   3   7   -0.0016097481
4   7   4   5   0.0000478197
4   7   4   8   0.0003945483
4   7   6   6   -0.0000070001
4   7   6   7   -0.0000214556
4   8   1   6   0.0000025298
4   8   1   7   0.0000077538
4   8   2   6   0.0000017299
4   8   2   7   0.0000053024
4   8   3   6   0.0000307409
4   8   3   7   0.0000942220
4   8   4   5   -0.0006018372
4   8   4   8   0.0011376435
4   8   6   6   -0.0000130934
4   8   6   7   -0.0000401316
4   9   1   6   -0.0004766703
4   9   1   7   -0.0014610117
4   9   2   6   0.0000000538
4   9   2   7   0.0000001648
4   9   3   6   -0.0019251639
4   9   3   7   -0.0059006970
4   9   4   5   -0.0019095041
4   9   4   8   -0.0135440940
4   9   6   6   -0.0000366018
4   9   6   7   -0.0001121859
4   10   1   5   -0.0001011851
4   10   1   8   -0.0009806681
4   10   2   5   0.0000031384
4   10   2   8   0.0000000076
4   10   3   5   -0.0004446666
4   10   3   8   -0.0030727308
4   10   4   6   -0.0067333960
4   10   4   7   -0.0206381029
4   10   5   6   0.0018278587
4   10   5   7   -0.0005963579
4   10   6   5   0.0046612922
4   10   6   8   0.0056103923
4   11   4   6   0.0169735145
4   11   4   7   -0.0055377859
4   11   5   6   -0.0005992522
4   11   5   7   -0.0018367297
4   12   1   6   -0.0000276649
4   12   1   7   -0.0000847940
4   12   2   6   -0.0000043705
4   12   2   7   -0.0000133956
4   12   3   6   -0.0001564994
4   12   3   7   -0.0004796763
4   12   4   5   0.0243569406
4   12   4   8   0.0376639061
4   12   6   6   -0.0006147687
4   12   6   7   -0.0018842884
5   7   1   6   0.0017313153
5   7   1   7   -0.0005648596
5   7   2   6   0.0000000547
5   7   2   7   -0.0000000178
5   7   3   6   0.0016097481
5   7   3   7   -0.0005251971
5   7   5   5   0.0000478197
5   7   5   8   0.0003945483
5   7   6   6   0.0000214556
5   7   6   7   -0.0000070001
5   8   1   6   -0.0000077538
5   8   1   7   0.0000025298
5   8   2   6   -0.0000053024
5   8   2   7   0.0000017299
5   8   3   6   -0.0000942220
5   8   3   7   0.0000307409
5   8   5   5   -0.0006018372
5   8   5   8   0.0011376435
5   8   6   6   0.0000401316
5   8   6   7   -0.0000130934
5   9   1   6   0.0014610117
5   9   1   7   -0.0004766703
5   9   2   6   -0.0000001648
5   9   2   7   0.0000000538
5   9   3   6   0.0059006970
5   9   3   7   -0.0019251639
5   9   5   5   -0.0019095041
5   9   5   8   -0.0135440940
5   9   6   6   0.0001121859
5   9   6   7   -0.0000366018
5   10   4   6   0.0018367297
5   10   4   7   -0.0005992522
5   10   5   6   -0.0055377859
5   10   5   7   -0.0169735145
5   11   1   5   -0.0001011851
5   11   1   8   -0.0009806681
5   11   2   5   0.0000031384
5   11   2   8   0.0000000076
5   11   3   5   -0.0004446666
5   11   3   8   -0.0030727308
5   11   4   6   -0.0005963579
5   11   4   7   -0.0018278587
5   11   5   6   0.0206381029
5   11   5   7   -0.0067333960
5   11   6   5   0.0046612922
5   11   6   8   0.0056103923
5   12   1   6   0.0000847940
5   12   1   7   -0.0000276649
5   12   2   6   0.0000133956
5   12   2   7   -0.0000043705
5   12   3   6   0.0004796763
5   12   3   7   -0.0001564994
5   12   5   5   0.0243569406
5   12   5   8   0.0376639061
5   12   6   6   0.0018842884
5   12   6   7   -0.0006147687
6   7   1   5   0.0035284864
6   7   1   8   0.0048133617
6   7   2   5   0.0000000577
6   7   2   8   0.0000001491
6   7   3   5   0.0031546833
6   7   3   8   0.0045346194
6   7   4   6   -0.0000070975
6   7   4   7   -0.0000217541
6   7   5   6   0.0000217541
6   7   5   7   -0.0000070975
6   7   6   5   0.0001053547
6   7   6   8   0.0004549706
6   8   1   5   0.0000065700
6   8   1   8   -0.0000130225
6   8   2   5   -0.0009912392
6   8   2   8   -0.0008170707
6   8   3   5   0.0000917074
6   8   3   8   -0.0001648736
6   8   4   6   -0.0000133242
6   8   4   7   -0.0000408392
6   8   5   6   0.0000408392
6   8   5   7   -0.0000133242
6   8   6   5   -0.0007226486
6   8   6   8   0.0012424590
6   9   1   5   0.0029011776
6   9   1   8   0.0041773204
6   9   2   5   0.0000041714
6   9   2   8   0.0000047386
6   9   3   5   0.0114873773
6   9   3   8   0.0166924004
6   9   4   6   -0.0000446057
6   9   4   7   -0.0001367182
6   9   5   6   0.0001367182
6   9   5   7   -0.0000446057
6   9   6   5   -0.0016936613
6   9   6   8   -0.0127111827
6   10   1   6   -0.0000168166
6   10   1   7   -0.0000515435
6   10   2   6   0.0000004349
6   10   2   7   0.0000013331
6   10   3   6   -0.0001375835
6   10   3   7   -0.0004216984
6   10   4   5   0.0042825789
6   10   4   8   0.0054585523
6   10   6   6   -0.0054167056
6   10   6   7   -0.0166023990
6   11   1   6   0.0000515435
6   11   1   7   -0.0000168166
6   11   2   6   -0.0000013331
6   11   2   7   0.0000004349
6   11   3   6   0.0004216984
6   11   3   7   -0.0001375835
6   11   5   5   0.0042825789
6   11   5   8   0.0054585523
6   11   6   6   0.0166023990
6   11   6   7   -0.0054167056
6   12   1   5   0.0000893388
6   12   1   8   -0.0006538456
6   12   2   5   -0.0000245728
6   12   2   8   -0.0000255875
6   12   3   5   -0.0002908728
6   12   3   8   -0.0017375212
6   12   4   6   -0.0005899231
6   12   4   7   -0.0018081357
6   12   5   6   0.0018081357
6   12   5   7   -0.0005899231
6   12   6   5   0.0355946388
6   12   6   8   0.0495593273

End IJKA Block
Begin IABC Block
1   5   1   5   -0.0000330472
1   5   1   8   -0.0000209800
1   5   2   6   -0.0000059150
1   5   3   7   -0.0000059150
1   5   4   5   -0.0000495471
1   5   4   8   -0.0000297561
1   6   1   6   -0.0000306245
1   6   2   5   -0.0000059835
1   6   2   8   -0.0000088486
1   6   4   6   -0.0000485208
1   7   1   7   -0.0000306245
1   7   3   5   -0.0000059835
1   7   3   8   -0.0000088486
1   7   4   7   -0.0000485208
1   8   1   5   -0.0000197474
1   8   1   8   -0.0000637699
1   8   2   6   -0.0000086859
1   8   3   7   -0.0000086859
1   8   4   5   -0.0000286801
1   8   4   8   -0.0000931869
2   5   1   5   -0.0006819988
2   5   1   8   -0.0019657311
2   5   2   6   0.0032804570
2   5   3   7   0.0032804570
2   5   4   5   -0.0034563708
2   5   4   8   0.0010993330
2   6   1   6   -0.0003027569
2   6   2   5   0.0033033075
2   6   2   8   0.0016598631
2   6   4   6   -0.0007441001
2   7   1   7   -0.0003027569
2   7   3   5   0.0033033075
2   7   3   8   0.0016598631
2   7   4   7   -0.0007441001
2   8   1   5   -0.0019806270
2   8   1   8   -0.0019758119
2   8   2   6   0.0016475607
2   8   3   7   0.0016475607
2   8   4   5   0.0011181589
2   8   4   8   0.0005997110
3   5   1   5   -0.0001558097
3   5   1   8   -0.0001428368
3   5   2   6   0.0000074173
3   5   3   7   0.0000074173
3   5   4   5   -0.0004309319
3   5   4   8   -0.0002304498
3   6   1   6   -0.0001687982
3   6   2   5   0.0000059193
3   6   2   8   0.0000109097
3   6   4   6   -0.0002729323
3   7   1   7   -0.0001687982
3   7   3   5   0.0000059193
3   7   3   8   0.0000109097
3   7   4   7   -0.0002729323
3   8   1   5   -0.0001514102
3   8   1   8   -0.0002935981
3   8   2   6   0.0000132047
3   8   3   7   0.0000132047
3   8   4   5   -0.0002378237
3   8   4   8   -0.0006850977
4   5   1   6   0.0000976116
4   5   1   7   0.0002991832
4   5   2   5   0.0001930917
4   5   2   8   -0.0000063713
4   5   3   5   0.0005918332
4   5   3   8   -0.0000195283
4   5   4   6   0.0003003922
4   5   4   7   0.0009207131
4   6   1   5   0.0000964227
4   6   1   8   0.0001107804
4   6   2   6   0.0003211181
4   6   2   7   0.0001869225
4   6   3   6   0.0006101016
4   6   3   7   0.0000610807
4   6   4   5   0.0003017166
4   6   4   8   0.0002283825
4   7   1   5   0.0002955391
4   7   1   8   0.0003395460
4   7   2   6   0.0001872145
4   7   2   7   0.0001990520
4   7   3   6   0.0000609854
4   7   3   7   0.0009842386
4   7   4   5   0.0009247724
4   7   4   8   0.0007000005
4   8   1   6   0.0001114076
4   8   1   7   0.0003414682
4   8   2   5   -0.0000034194
4   8   2   8   0.0000566209
4   8   3   5   -0.0000104805
4   8   3   8   0.0001735452
4   8   4   6   0.0002288886
4   8   4   7   0.0007015518
5   5   1   6   -0.0002991832
5   5   1   7   0.0000976116
5   5   2   5   -0.0005918332
5   5   2   8   0.0000195283
5   5   3   5   0.0001930917
5   5   3   8   -0.0000063713
5   5   4   6   -0.0009207131
5   5   4   7   0.0003003922
5   6   1   5   -0.0002955391
5   6   1   8   -0.0003395460
5   6   2   6   -0.0009842386
5   6   2   7   0.0000609854
5   6   3   6   0.0001990520
5   6   3   7   -0.0001872145
5   6   4   5   -0.0009247724
5   6   4   8   -0.0007000005
5   7   1   5   0.0000964227
5   7   1   8   0.0001107804
5   7   2   6   0.0000610807
5   7   2   7   -0.0006101016
5   7   3   6   -0.0001869225
5   7   3   7   0.0003211181
5   7   4   5   0.0003017166
5   7   4   8   0.0002283825
5   8   1   6   -0.0003414682
5   8   1   7   0.0001114076
5   8   2   5   0.0000104805
5   8   2   8   -0.0001735452
5   8   3   5   -0.0000034194
5   8   3   8   0.0000566209
5   8   4   6   -0.0007015518
5   8   4   7   0.0002288886
6   5   1   5   -0.0042952872
6   5   1   8   -0.0000354942
6   5   2   6   -0.0018053819
6   5   3   7   -0.0018053819
6   5   4   5   -0.0067998732
6   5   4   8   -0.0036725832
6   6   1   6   -0.0034086054
6   6   2   5   -0.0018111912
6   6   2   8   -0.0012412050
6   6   4   6   -0.0066974705
6   7   1   7   -0.0034086054
6   7   3   5   -0.0018111912
6   7   3   8   -0.0012412050
6   7   4   7   -0.0066974705
6   8   1   5   -0.0000273922
6   8   1   8   -0.0035623603
6   8   2   6   -0.0012412238
6   8   3   7   -0.0012412238
6   8   4   5   -0.0037635090
6   8   4   8   -0.0083571656

End IABC Block
